 time time power_switching
 0.0000000000e+00 0.0000000000e+00 1.4520199792e-12
 2.4437420077e-13 2.4437420077e-13 -3.0302251923e-06
 4.5481323278e-13 4.5481323278e-13 -3.1427045762e-06
 8.7569129681e-13 8.7569129681e-13 -3.3201151778e-06
 1.2007578754e-12 1.2007578754e-12 -3.4487032675e-06
 1.8508910325e-12 1.8508910325e-12 -3.6927251047e-06
 3.1511573468e-12 3.1511573468e-12 -4.1272977039e-06
 5.4298382497e-12 5.4298382497e-12 -4.7440478645e-06
 7.7756244019e-12 7.7756244019e-12 -5.2236003185e-06
 1.0246028344e-11 1.0246028344e-11 -5.5982904760e-06
 1.2929940030e-11 1.2929940030e-11 -5.8932723753e-06
 1.5861059255e-11 1.5861059255e-11 -6.1193919183e-06
 1.9142209255e-11 1.9142209255e-11 -6.2896848029e-06
 2.2882213286e-11 2.2882213286e-11 -6.4123255981e-06
 2.7215992746e-11 2.7215992746e-11 -6.4936956132e-06
 3.2215969605e-11 3.2215969605e-11 -6.5386647194e-06
 3.8354397336e-11 3.8354397336e-11 -6.5540711951e-06
 4.2715222982e-11 4.2715222982e-11 -6.5487235168e-06
 5.1436874274e-11 5.1436874274e-11 -6.5205547867e-06
 5.6709995255e-11 5.6709995255e-11 -6.4960278584e-06
 6.2567820897e-11 6.2567820897e-11 -6.4652308291e-06
 6.7555432495e-11 6.7555432495e-11 -6.4368239637e-06
 7.7530655691e-11 7.7530655691e-11 -6.3758211513e-06
 8.1177865458e-11 8.1177865458e-11 -6.3514898850e-06
 8.8472284992e-11 8.8472284992e-11 -6.3010439842e-06
 9.1402251336e-11 9.1402251336e-11 -6.2795938263e-06
 9.7262184026e-11 9.7262184026e-11 -6.2353999508e-06
 9.9813666079e-11 9.9813666079e-11 -6.2152821458e-06
 1.0491663018e-10 1.0491663018e-10 -6.1739520637e-06
 1.0718626425e-10 1.0718626425e-10 -6.1548534050e-06
 1.1172553238e-10 1.1172553238e-10 -6.1157254329e-06
 1.2080406863e-10 1.2080406863e-10 -6.0331619407e-06
 1.2307370269e-10 1.2307370269e-10 -6.0109950969e-06
 1.2761297082e-10 1.2761297082e-10 -5.9660772812e-06
 1.3669150708e-10 1.3669150708e-10 -5.8714861326e-06
 1.3896114114e-10 1.3896114114e-10 -5.8461937567e-06
 1.4350040927e-10 1.4350040927e-10 -5.7949240331e-06
 1.5257894552e-10 1.5257894552e-10 -5.6871623525e-06
 1.5484857959e-10 1.5484857959e-10 -5.6584892777e-06
 1.5938784771e-10 1.5938784771e-10 -5.6003478186e-06
 1.6846638397e-10 1.6846638397e-10 -5.4784403851e-06
 1.7073601803e-10 1.7073601803e-10 -5.4461835337e-06
 1.7527528616e-10 1.7527528616e-10 -5.3807673930e-06
 1.8435382241e-10 1.8435382241e-10 -5.2440364647e-06
 1.8674962728e-10 1.8674962728e-10 -5.2060898947e-06
 1.9154123702e-10 1.9154123702e-10 -5.1290268947e-06
 2.0112445650e-10 2.0112445650e-10 -4.9682726442e-06
 2.0397082207e-10 2.0397082207e-10 -4.9183010823e-06
 2.0966355320e-10 2.0966355320e-10 -4.8165411883e-06
 2.1248631000e-10 2.1248631000e-10 -4.7648290315e-06
 2.1813182358e-10 2.1813182358e-10 -4.6593781724e-06
 2.2111979623e-10 2.2111979623e-10 -4.6023375901e-06
 2.2709574151e-10 2.2709574151e-10 -4.4861905190e-06
 2.2989501171e-10 2.2989501171e-10 -4.4307622212e-06
 2.3549355210e-10 2.3549355210e-10 -4.3184151347e-06
 2.3813778479e-10 2.3813778479e-10 -4.2646575751e-06
 2.4342625018e-10 2.4342625018e-10 -4.1561416337e-06
 2.4593743805e-10 2.4593743805e-10 -4.1042285490e-06
 2.5095981378e-10 2.5095981378e-10 -3.9998528752e-06
 2.5335578001e-10 2.5335578001e-10 -3.9499669829e-06
 2.5814771246e-10 2.5814771246e-10 -3.8500525827e-06
 2.6773157736e-10 2.6773157736e-10 -3.6512012037e-06
 2.7037541392e-10 2.7037541392e-10 -3.5976994112e-06
 2.7566308705e-10 2.7566308705e-10 -3.4909828872e-06
 2.7819376226e-10 2.7819376226e-10 -3.4409165272e-06
 2.8325511267e-10 2.8325511267e-10 -3.3421618229e-06
 2.8593505059e-10 2.8593505059e-10 -3.2912633428e-06
 2.9129492644e-10 2.9129492644e-10 -3.1916414617e-06
 2.9415869071e-10 2.9415869071e-10 -3.1388618057e-06
 2.9988621926e-10 2.9988621926e-10 -3.0232680629e-06
 3.0722637135e-10 3.0722637135e-10 -2.8522712348e-06
 3.1456021532e-10 3.1456021532e-10 -2.6522504243e-06
 3.2310227767e-10 3.2310227767e-10 -2.3782502875e-06
 3.3175411946e-10 3.3175411946e-10 -2.0511773108e-06
 3.3582905574e-10 3.3582905574e-10 -1.8738782661e-06
 3.4397892830e-10 3.4397892830e-10 -1.4891017454e-06
 3.4767959124e-10 3.4767959124e-10 -1.2876530625e-06
 3.5508091713e-10 3.5508091713e-10 -8.5297463109e-07
 3.5847450342e-10 3.5847450342e-10 -6.2120385203e-07
 3.6526167599e-10 3.6526167599e-10 -1.1527733624e-07
 3.7504441387e-10 3.7504441387e-10 8.9726091314e-07
 3.8354692222e-10 3.8354692222e-10 1.9520275967e-06
 3.8536179910e-10 3.8536179910e-10 1.9229259125e-06
 3.8854579259e-10 3.8854579259e-10 2.1688553796e-06
 3.9159107712e-10 3.9159107712e-10 2.4187591884e-06
 3.9619294982e-10 3.9619294982e-10 2.8053791431e-06
 4.0198445412e-10 4.0198445412e-10 3.3093098117e-06
 4.0503939328e-10 4.0503939328e-10 3.5795069869e-06
 4.1114927161e-10 4.1114927161e-10 4.1372441933e-06
 4.1787179471e-10 4.1787179471e-10 4.7680971394e-06
 4.2392062031e-10 4.2392062031e-10 5.3465665441e-06
 4.2978645083e-10 4.2978645083e-10 5.9179276340e-06
 4.3573929761e-10 4.3573929761e-10 6.5073899959e-06
 4.4241600124e-10 4.4241600124e-10 7.1789860405e-06
 4.4434718625e-10 4.4434718625e-10 7.3689017420e-06
 4.4820955627e-10 4.4820955627e-10 7.7625159247e-06
 4.5279755393e-10 4.5279755393e-10 8.2343450426e-06
 4.5647161796e-10 4.5647161796e-10 8.5775308912e-06
 4.5978233332e-10 4.5978233332e-10 8.4171681909e-06
 4.6280353160e-10 4.6280353160e-10 7.7967317476e-06
 4.6556252743e-10 4.6556252743e-10 6.9259737938e-06
 4.6787312112e-10 4.6787312112e-10 6.0532488957e-06
 4.6975756328e-10 4.6975756328e-10 5.2929183356e-06
 4.7169311331e-10 4.7169311331e-10 4.5027094694e-06
 4.7377808958e-10 4.7377808958e-10 3.6744227534e-06
 4.7564987702e-10 4.7564987702e-10 2.9735502547e-06
 4.7734542943e-10 4.7734542943e-10 2.3850055630e-06
 4.7985920120e-10 4.7985920120e-10 1.6023893984e-06
 4.8206478993e-10 4.8206478993e-10 1.0110553287e-06
 4.8418689719e-10 4.8418689719e-10 5.2463094860e-07
 4.8630880966e-10 4.8630880966e-10 1.1333851703e-07
 4.8837600445e-10 4.8837600445e-10 -2.2202396981e-07
 4.9031642962e-10 4.9031642962e-10 -4.8483218335e-07
 4.9222319983e-10 4.9222319983e-10 -7.0050837291e-07
 4.9417948243e-10 4.9417948243e-10 -8.8422728740e-07
 4.9629318805e-10 4.9629318805e-10 -1.0467289532e-06
 4.9814659402e-10 4.9814659402e-10 -1.1630284785e-06
 5.0000000000e-10 5.0000000000e-10 -1.2589761150e-06
 5.0063910752e-10 5.0063910752e-10 7.8500320345e-07
 5.0155943212e-10 5.0155943212e-10 7.3610308431e-07
 5.0237779877e-10 5.0237779877e-10 6.6047371828e-07
 5.0317645899e-10 5.0317645899e-10 6.0184894036e-07
 5.0477377941e-10 5.0477377941e-10 5.0042200359e-07
 5.0796842027e-10 5.0796842027e-10 3.4425804844e-07
 5.1148954119e-10 5.1148954119e-10 2.2690851313e-07
 5.1503016137e-10 5.1503016137e-10 1.4990003711e-07
 5.1877756024e-10 5.1877756024e-10 9.8147136204e-08
 5.2275406547e-10 5.2275406547e-10 6.4561321621e-08
 5.2707802910e-10 5.2707802910e-10 4.3209535032e-08
 5.3172871209e-10 5.3172871209e-10 3.0527996962e-08
 5.3618483287e-10 5.3618483287e-10 2.4119233996e-08
 5.4013802327e-10 5.4013802327e-10 2.1107015793e-08
 5.4361932380e-10 5.4361932380e-10 1.9630514970e-08
 5.4673726156e-10 5.4673726156e-10 1.8844017004e-08
 5.4994188864e-10 5.4994188864e-10 1.8338128945e-08
 5.5356230007e-10 5.5356230007e-10 1.7981530697e-08
 5.5799317855e-10 5.5799317855e-10 1.7723919655e-08
 5.6377806828e-10 5.6377806828e-10 1.7547996163e-08
 5.6831684057e-10 5.6831684057e-10 1.7483863005e-08
 5.7273021998e-10 5.7273021998e-10 1.7453491186e-08
 5.7760908723e-10 5.7760908723e-10 1.7437513760e-08
 5.8240254428e-10 5.8240254428e-10 1.7430570371e-08
 5.8833418113e-10 5.8833418113e-10 1.7427054845e-08
 5.9342819875e-10 5.9342819875e-10 1.7426090346e-08
 5.9948399019e-10 5.9948399019e-10 1.7425808473e-08
 6.0632502131e-10 6.0632502131e-10 1.7425826825e-08
 6.1167054353e-10 6.1167054353e-10 1.7425903725e-08
 6.1491710784e-10 6.1491710784e-10 1.7425949510e-08
 6.1847843048e-10 6.1847843048e-10 1.7425988491e-08
 6.2172531386e-10 6.2172531386e-10 1.7426013711e-08
 6.2521510764e-10 6.2521510764e-10 1.7426032204e-08
 6.2988197716e-10 6.2988197716e-10 1.7426047619e-08
 6.3432113124e-10 6.3432113124e-10 1.7426055895e-08
 6.3883973903e-10 6.3883973903e-10 1.7426060532e-08
 6.4309232530e-10 6.4309232530e-10 1.7426062876e-08
 6.4737422884e-10 6.4737422884e-10 1.7426064143e-08
 6.5196698723e-10 6.5196698723e-10 1.7426064854e-08
 6.5710226411e-10 6.5710226411e-10 1.7426065246e-08
 6.6307152656e-10 6.6307152656e-10 1.7426065446e-08
 6.7023068120e-10 6.7023068120e-10 1.7426065533e-08
 6.7908786385e-10 6.7908786385e-10 1.7426065556e-08
 6.8651456030e-10 6.8651456030e-10 1.7426065551e-08
 6.9642388263e-10 6.9642388263e-10 1.7426065543e-08
 7.1358299969e-10 7.1358299969e-10 1.7426065536e-08
 7.2585145130e-10 7.2585145130e-10 1.7426065534e-08
 7.3836228078e-10 7.3836228078e-10 1.7426065534e-08
 7.5224805073e-10 7.5224805073e-10 1.7426065534e-08
 7.6623532762e-10 7.6623532762e-10 1.7426065534e-08
 7.8049454548e-10 7.8049454548e-10 1.7426065534e-08
 7.9528868739e-10 7.9528868739e-10 1.7426065534e-08
 8.1055252747e-10 8.1055252747e-10 1.7426065534e-08
 8.2628987086e-10 8.2628987086e-10 1.7426065534e-08
 8.4255620355e-10 8.4255620355e-10 1.7426065534e-08
 8.5938211713e-10 8.5938211713e-10 1.7426065534e-08
 8.7679916323e-10 8.7679916323e-10 1.7426065534e-08
 8.9485019893e-10 8.9485019893e-10 1.7426065534e-08
 9.1358265005e-10 9.1358265005e-10 1.7426065534e-08
 9.3304995890e-10 9.3304995890e-10 1.7426065534e-08
 9.5331483228e-10 9.5331483228e-10 1.7426065534e-08
 9.7445092429e-10 9.7445092429e-10 1.7426065534e-08
 9.8722546214e-10 9.8722546214e-10 1.7426065534e-08
 1.0000000000e-09 1.0000000000e-09 1.7426065534e-08
 1.0026213337e-09 1.0026213337e-09 1.7426065534e-08
 1.0063316811e-09 1.0063316811e-09 1.7426065534e-08
 1.0111880766e-09 1.0111880766e-09 1.7426065534e-08
 1.0157035936e-09 1.0157035936e-09 1.7426065534e-08
 1.0247346277e-09 1.0247346277e-09 1.7426065534e-08
 1.0427966959e-09 1.0427966959e-09 1.7426065534e-08
 1.0776997927e-09 1.0776997927e-09 1.7426065534e-08
 1.1209854715e-09 1.1209854715e-09 1.7426065534e-08
 1.1679041546e-09 1.1679041546e-09 1.7426065534e-08
 1.2175059169e-09 1.2175059169e-09 1.7426065534e-08
 1.2681194599e-09 1.2681194599e-09 1.7426065534e-08
 1.3190700202e-09 1.3190700202e-09 1.7426065534e-08
 1.3705530791e-09 1.3705530791e-09 1.7426065534e-08
 1.4224562295e-09 1.4224562295e-09 1.7426065534e-08
 1.4746532758e-09 1.4746532758e-09 1.7426065534e-08
 1.5271257809e-09 1.5271257809e-09 1.7426065534e-08
 1.5798521058e-09 1.5798521058e-09 1.7426065534e-08
 1.6328036177e-09 1.6328036177e-09 1.7426065534e-08
 1.6859621661e-09 1.6859621661e-09 1.7426065534e-08
 1.7393128428e-09 1.7393128428e-09 1.7426065534e-08
 1.7928407331e-09 1.7928407331e-09 1.7426065534e-08
 1.8465322774e-09 1.8465322774e-09 1.7426065534e-08
 1.9003750046e-09 1.9003750046e-09 1.7426065534e-08
 1.9543570363e-09 1.9543570363e-09 1.7426065534e-08
 2.0084671124e-09 2.0084671124e-09 1.7426065534e-08
 2.0626945926e-09 2.0626945926e-09 1.7426065534e-08
 2.1170294027e-09 2.1170294027e-09 1.7426065534e-08
 2.1714620220e-09 2.1714620220e-09 1.7426065534e-08
 2.2259834835e-09 2.2259834835e-09 1.7426065534e-08
 2.2805853689e-09 2.2805853689e-09 1.7426065534e-08
 2.3352598051e-09 2.3352598051e-09 1.7426065534e-08
 2.3899994640e-09 2.3899994640e-09 1.7426065534e-08
 2.4447975608e-09 2.4447975608e-09 1.7426065534e-08
 2.4996478529e-09 2.4996478529e-09 1.7426065534e-08
 2.5545446380e-09 2.5545446380e-09 1.7426065534e-08
 2.6094827529e-09 2.6094827529e-09 1.7426065534e-08
 2.6644575710e-09 2.6644575710e-09 1.7426065534e-08
 2.7194649998e-09 2.7194649998e-09 1.7426065534e-08
 2.7745014788e-09 2.7745014788e-09 1.7426065534e-08
 2.8295639761e-09 2.8295639761e-09 1.7426065534e-08
 2.8846499850e-09 2.8846499850e-09 1.7426065534e-08
 2.9397575207e-09 2.9397575207e-09 1.7426065534e-08
 2.9948851166e-09 2.9948851166e-09 1.7426065534e-08
 3.0500318202e-09 3.0500318202e-09 1.7426065534e-08
 3.1051971888e-09 3.1051971888e-09 1.7426065534e-08
 3.1603812856e-09 3.1603812856e-09 1.7426065534e-08
 3.2155846748e-09 3.2155846748e-09 1.7426065534e-08
 3.2708084178e-09 3.2708084178e-09 1.7426065534e-08
 3.3260540680e-09 3.3260540680e-09 1.7426065534e-08
 3.3813236668e-09 3.3813236668e-09 1.7426065534e-08
 3.4366197388e-09 3.4366197388e-09 1.7426065534e-08
 3.4919452879e-09 3.4919452879e-09 1.7426065534e-08
 3.5473037929e-09 3.5473037929e-09 1.7426065534e-08
 3.6026992033e-09 3.6026992033e-09 1.7426065534e-08
 3.6581359358e-09 3.6581359358e-09 1.7426065534e-08
 3.7136188707e-09 3.7136188707e-09 1.7426065534e-08
 3.7691533486e-09 3.7691533486e-09 1.7426065534e-08
 3.8247451677e-09 3.8247451677e-09 1.7426065534e-08
 3.8804005816e-09 3.8804005816e-09 1.7426065534e-08
 3.9361262967e-09 3.9361262967e-09 1.7426065534e-08
 3.9919294714e-09 3.9919294714e-09 1.7426065534e-08
 4.0478177147e-09 4.0478177147e-09 1.7426065534e-08
 4.1037990859e-09 4.1037990859e-09 1.7426065534e-08
 4.1598820949e-09 4.1598820949e-09 1.7426065534e-08
 4.2160757033e-09 4.2160757033e-09 1.7426065534e-08
 4.2723893254e-09 4.2723893254e-09 1.7426065534e-08
 4.3288328309e-09 4.3288328309e-09 1.7426065534e-08
 4.3854165479e-09 4.3854165479e-09 1.7426065534e-08
 4.4421512667e-09 4.4421512667e-09 1.7426065534e-08
 4.4990482444e-09 4.4990482444e-09 1.7426065534e-08
 4.5561192105e-09 4.5561192105e-09 1.7426065534e-08
 4.6133763734e-09 4.6133763734e-09 1.7426065534e-08
 4.6708324274e-09 4.6708324274e-09 1.7426065534e-08
 4.7285005616e-09 4.7285005616e-09 1.7426065534e-08
 4.7863944688e-09 4.7863944688e-09 1.7426065534e-08
 4.8445283559e-09 4.8445283559e-09 1.7426065534e-08
 4.9029169553e-09 4.9029169553e-09 1.7426065534e-08
 4.9615755375e-09 4.9615755375e-09 1.7426065534e-08
 5.0205199246e-09 5.0205199246e-09 1.7426065534e-08
 5.0797665051e-09 5.0797665051e-09 1.7426065534e-08
 5.1393322499e-09 5.1393322499e-09 1.7426065534e-08
 5.1992347292e-09 5.1992347292e-09 1.7426065534e-08
 5.2594921313e-09 5.2594921313e-09 1.7426065534e-08
 5.3201232821e-09 5.3201232821e-09 1.7426065534e-08
 5.3811476661e-09 5.3811476661e-09 1.7426065534e-08
 5.4425854487e-09 5.4425854487e-09 1.7426065534e-08
 5.5044575002e-09 5.5044575002e-09 1.7426065534e-08
 5.5667854205e-09 5.5667854205e-09 1.7426065534e-08
 5.6295915660e-09 5.6295915660e-09 1.7426065534e-08
 5.6928990775e-09 5.6928990775e-09 1.7426065534e-08
 5.7567319100e-09 5.7567319100e-09 1.7426065534e-08
 5.8211148631e-09 5.8211148631e-09 1.7426065534e-08
 5.8860736143e-09 5.8860736143e-09 1.7426065534e-08
 5.9516347525e-09 5.9516347525e-09 1.7426065534e-08
 6.0178258143e-09 6.0178258143e-09 1.7426065534e-08
 6.0846753207e-09 6.0846753207e-09 1.7426065534e-08
 6.1522128163e-09 6.1522128163e-09 1.7426065534e-08
 6.2204689097e-09 6.2204689097e-09 1.7426065534e-08
 6.2894753155e-09 6.2894753155e-09 1.7426065534e-08
 6.3592648979e-09 6.3592648979e-09 1.7426065534e-08
 6.4298717156e-09 6.4298717156e-09 1.7426065534e-08
 6.5013310690e-09 6.5013310690e-09 1.7426065534e-08
 6.5736795475e-09 6.5736795475e-09 1.7426065534e-08
 6.6469550796e-09 6.6469550796e-09 1.7426065534e-08
 6.7211969834e-09 6.7211969834e-09 1.7426065534e-08
 6.7964460185e-09 6.7964460185e-09 1.7426065534e-08
 6.8727444395e-09 6.8727444395e-09 1.7426065534e-08
 6.9501360495e-09 6.9501360495e-09 1.7426065534e-08
 7.0286662557e-09 7.0286662557e-09 1.7426065534e-08
 7.1083821245e-09 7.1083821245e-09 1.7426065534e-08
 7.1893324377e-09 7.1893324377e-09 1.7426065534e-08
 7.2715677488e-09 7.2715677488e-09 1.7426065534e-08
 7.3551404396e-09 7.3551404396e-09 1.7426065534e-08
 7.4401047757e-09 7.4401047757e-09 1.7426065534e-08
 7.5265169626e-09 7.5265169626e-09 1.7426065534e-08
 7.6144352001e-09 7.6144352001e-09 1.7426065534e-08
 7.7039197356e-09 7.7039197356e-09 1.7426065534e-08
 7.7950329167e-09 7.7950329167e-09 1.7426065534e-08
 7.8878392406e-09 7.8878392406e-09 1.7426065534e-08
 7.9824054026e-09 7.9824054026e-09 1.7426065534e-08
 8.0788003411e-09 8.0788003411e-09 1.7426065534e-08
 8.1770952797e-09 8.1770952797e-09 1.7426065534e-08
 8.2773637671e-09 8.2773637671e-09 1.7426065534e-08
 8.3796817121e-09 8.3796817121e-09 1.7426065534e-08
 8.4841274158e-09 8.4841274158e-09 1.7426065534e-08
 8.5907815994e-09 8.5907815994e-09 1.7426065534e-08
 8.6997274287e-09 8.6997274287e-09 1.7426065534e-08
 8.8110505339e-09 8.8110505339e-09 1.7426065534e-08
 8.9248390267e-09 8.9248390267e-09 1.7426065534e-08
 9.0411835131e-09 9.0411835131e-09 1.7426065534e-08
 9.1601771045e-09 9.1601771045e-09 1.7426065534e-08
 9.2819154263e-09 9.2819154263e-09 1.7426065534e-08
 9.4064966258e-09 9.4064966258e-09 1.7426065534e-08
 9.5340213985e-09 9.5340213985e-09 1.7426065534e-08
 9.6645932098e-09 9.6645932098e-09 1.7426065534e-08
 9.7983177829e-09 9.7983177829e-09 1.7426065534e-08
 9.9353033605e-09 9.9353033605e-09 1.7426065534e-08
 1.0075660904e-08 1.0075660904e-08 1.7426065534e-08
 1.0219504031e-08 1.0219504031e-08 1.7426065534e-08
 1.0366949052e-08 1.0366949052e-08 1.7426065534e-08
 1.0500000000e-08 1.0500000000e-08 1.7426065534e-08
 1.0502332200e-08 1.0502332200e-08 2.0469609990e-06
 1.0506996599e-08 1.0506996599e-08 1.9259922080e-06
 1.0510456572e-08 1.0510456572e-08 1.8627727854e-06
 1.0513625005e-08 1.0513625005e-08 1.8287367667e-06
 1.0519961872e-08 1.0519961872e-08 1.7950196511e-06
 1.0525828699e-08 1.0525828699e-08 1.7893232006e-06
 1.0537562353e-08 1.0537562353e-08 1.8109153266e-06
 1.0545943558e-08 1.0545943558e-08 1.8451898618e-06
 1.0562705967e-08 1.0562705967e-08 1.9413081602e-06
 1.0575646154e-08 1.0575646154e-08 2.0499928137e-06
 1.0585936600e-08 1.0585936600e-08 2.1635364521e-06
 1.0595663700e-08 1.0595663700e-08 2.2973556632e-06
 1.0603362710e-08 1.0603362710e-08 2.4272059272e-06
 1.0610621217e-08 1.0610621217e-08 2.5728684793e-06
 1.0617099554e-08 1.0617099554e-08 2.7257178519e-06
 1.0623181058e-08 1.0623181058e-08 2.8919766319e-06
 1.0628853569e-08 1.0628853569e-08 3.0696898276e-06
 1.0634238253e-08 1.0634238253e-08 3.2609746198e-06
 1.0639373438e-08 1.0639373438e-08 3.4659238138e-06
 1.0644316862e-08 1.0644316862e-08 3.6857086089e-06
 1.0654203710e-08 1.0654203710e-08 4.1976984440e-06
 1.0658489714e-08 1.0658489714e-08 4.4508855457e-06
 1.0667061723e-08 1.0667061723e-08 5.0170334294e-06
 1.0671439262e-08 1.0671439262e-08 5.3357667504e-06
 1.0680194341e-08 1.0680194341e-08 6.0312744511e-06
 1.0685587728e-08 1.0685587728e-08 6.4912327377e-06
 1.0692813685e-08 1.0692813685e-08 7.1335496684e-06
 1.0700233859e-08 1.0700233859e-08 7.7975700188e-06
 1.0706067640e-08 1.0706067640e-08 8.3334674558e-06
 1.0710807592e-08 1.0710807592e-08 8.8053499448e-06
 1.0720287496e-08 1.0720287496e-08 9.7959483740e-06
 1.0728390883e-08 1.0728390883e-08 1.0674512118e-05
 1.0739107792e-08 1.0739107792e-08 1.1868329776e-05
 1.0748507355e-08 1.0748507355e-08 1.2928206661e-05
 1.0767306482e-08 1.0767306482e-08 1.5038412543e-05
 1.0780568973e-08 1.0780568973e-08 1.6461992499e-05
 1.0791384843e-08 1.0791384843e-08 1.7558676235e-05
 1.0801182725e-08 1.0801182725e-08 1.8489414202e-05
 1.0809491060e-08 1.0809491060e-08 1.9220060053e-05
 1.0817289546e-08 1.0817289546e-08 1.9848688402e-05
 1.0824367607e-08 1.0824367607e-08 2.0362488903e-05
 1.0830785298e-08 1.0830785298e-08 2.0772074309e-05
 1.0836359731e-08 1.0836359731e-08 2.1072853209e-05
 1.0841033234e-08 1.0841033234e-08 2.1271519913e-05
 1.0850380240e-08 1.0850380240e-08 2.1405284757e-05
 1.0852625236e-08 1.0852625236e-08 2.1331390681e-05
 1.0857115229e-08 1.0857115229e-08 2.0982640064e-05
 1.0864786307e-08 1.0864786307e-08 1.9641848003e-05
 1.0871260890e-08 1.0871260890e-08 1.7924623776e-05
 1.0877549679e-08 1.0877549679e-08 1.6107790486e-05
 1.0885014327e-08 1.0885014327e-08 1.4101654315e-05
 1.0892311983e-08 1.0892311983e-08 1.2398724106e-05
 1.0898788086e-08 1.0898788086e-08 1.1113196173e-05
 1.0905246001e-08 1.0905246001e-08 1.0050632637e-05
 1.0912148789e-08 1.0912148789e-08 9.1470814765e-06
 1.0919936320e-08 1.0919936320e-08 8.3820549554e-06
 1.0923780128e-08 1.0923780128e-08 8.0977725271e-06
 1.0931467742e-08 1.0931467742e-08 7.6663825165e-06
 1.0935317691e-08 1.0935317691e-08 7.5104123183e-06
 1.0941869885e-08 1.0941869885e-08 7.3122082130e-06
 1.0949244226e-08 1.0949244226e-08 7.1645386980e-06
 1.0956770804e-08 1.0956770804e-08 7.0733008353e-06
 1.0964690650e-08 1.0964690650e-08 7.0207796038e-06
 1.0973321236e-08 1.0973321236e-08 6.9947587674e-06
 1.0977819634e-08 1.0977819634e-08 6.9901581371e-06
 1.0982224068e-08 1.0982224068e-08 6.9893258580e-06
 1.0986745118e-08 1.0986745118e-08 6.9905986400e-06
 1.0991734002e-08 1.0991734002e-08 6.9934511729e-06
 1.0995867001e-08 1.0995867001e-08 6.9965180762e-06
 1.1000000000e-08 1.1000000000e-08 7.0000139125e-06
 1.1001702874e-08 1.1001702874e-08 2.4479827726e-06
 1.1003506897e-08 1.1003506897e-08 2.0493359178e-06
 1.1005403391e-08 1.1005403391e-08 1.7072496740e-06
 1.1007390015e-08 1.1007390015e-08 1.4036743632e-06
 1.1011363263e-08 1.1011363263e-08 9.4025135522e-07
 1.1017634629e-08 1.1017634629e-08 4.7861737543e-07
 1.1022683901e-08 1.1022683901e-08 2.7053405715e-07
 1.1027257254e-08 1.1027257254e-08 1.6062238243e-07
 1.1031536176e-08 1.1031536176e-08 9.8926450716e-08
 1.1035198029e-08 1.1035198029e-08 6.5940618090e-08
 1.1038392233e-08 1.1038392233e-08 4.6737619605e-08
 1.1041478547e-08 1.1041478547e-08 3.3730139262e-08
 1.1045071034e-08 1.1045071034e-08 2.3103899445e-08
 1.1048920815e-08 1.1048920815e-08 1.5369828811e-08
 1.1052614176e-08 1.1052614176e-08 1.0387300941e-08
 1.1056415198e-08 1.1056415198e-08 6.9345506482e-09
 1.1060669363e-08 1.1060669363e-08 4.3916714794e-09
 1.1065409812e-08 1.1065409812e-08 2.6128841062e-09
 1.1070652297e-08 1.1070652297e-08 1.4452726726e-09
 1.1076475545e-08 1.1076475545e-08 7.2527255295e-10
 1.1083013417e-08 1.1083013417e-08 3.1372080460e-10
 1.1090487275e-08 1.1090487275e-08 1.0176561373e-10
 1.1099236260e-08 1.1099236260e-08 1.0023769471e-11
 1.1104782950e-08 1.1104782950e-08 -4.0593157627e-12
 1.1111679933e-08 1.1111679933e-08 -1.1703217232e-11
 1.1119199197e-08 1.1119199197e-08 -9.0551749935e-12
 1.1128241831e-08 1.1128241831e-08 -2.4339018607e-12
 1.1139202238e-08 1.1139202238e-08 9.4679893846e-13
 1.1148752721e-08 1.1148752721e-08 1.5331007277e-12
 1.1167853687e-08 1.1167853687e-08 1.2527229222e-12
 1.1184170713e-08 1.1184170713e-08 1.5871622701e-12
 1.1202364486e-08 1.1202364486e-08 1.5024286718e-12
 1.1223416934e-08 1.1223416934e-08 1.4587199797e-12
 1.1244789686e-08 1.1244789686e-08 1.4486336442e-12
 1.1266292172e-08 1.1266292172e-08 1.4492059037e-12
 1.1288115325e-08 1.1288115325e-08 1.4509355513e-12
 1.1310043364e-08 1.1310043364e-08 1.4518054714e-12
 1.1331999809e-08 1.1331999809e-08 1.4520428919e-12
 1.1354012172e-08 1.1354012172e-08 1.4520537010e-12
 1.1376082982e-08 1.1376082982e-08 1.4520270788e-12
 1.1398216972e-08 1.1398216972e-08 1.4520110253e-12
 1.1420430641e-08 1.1420430641e-08 1.4520059879e-12
 1.1442738050e-08 1.1442738050e-08 1.4520054472e-12
 1.1465155905e-08 1.1465155905e-08 1.4520058532e-12
 1.1487704251e-08 1.1487704251e-08 1.4520061563e-12
 1.1510406148e-08 1.1510406148e-08 1.4520062232e-12
 1.1533290219e-08 1.1533290219e-08 1.4520061947e-12
 1.1556394710e-08 1.1556394710e-08 1.4520061800e-12
 1.1579773266e-08 1.1579773266e-08 1.4520062197e-12
 1.1603503946e-08 1.1603503946e-08 1.4520063037e-12
 1.1627702360e-08 1.1627702360e-08 1.4520062884e-12
 1.1652541032e-08 1.1652541032e-08 1.4520062480e-12
 1.1678278505e-08 1.1678278505e-08 1.4520061505e-12
 1.1705304077e-08 1.1705304077e-08 1.4520062776e-12
 1.1734187332e-08 1.1734187332e-08 1.4520062328e-12
 1.1761400841e-08 1.1761400841e-08 1.4520061974e-12
 1.1785639083e-08 1.1785639083e-08 1.4520062298e-12
 1.1807912156e-08 1.1807912156e-08 1.4520062141e-12
 1.1829178367e-08 1.1829178367e-08 1.4520062118e-12
 1.1849572197e-08 1.1849572197e-08 1.4520061563e-12
 1.1869066917e-08 1.1869066917e-08 1.4520062169e-12
 1.1887880053e-08 1.1887880053e-08 1.4520062863e-12
 1.1906231141e-08 1.1906231141e-08 1.4520062277e-12
 1.1924171684e-08 1.1924171684e-08 1.4520062489e-12
 1.1941686599e-08 1.1941686599e-08 1.4520062458e-12
 1.1958784727e-08 1.1958784727e-08 1.4520061540e-12
 1.1975470613e-08 1.1975470613e-08 1.4520062760e-12
 1.1987735307e-08 1.1987735307e-08 1.4520062565e-12
 1.2000000000e-08 1.2000000000e-08 1.4520062489e-12
 1.2001922773e-08 1.2001922773e-08 1.4520062350e-12
 1.2005199491e-08 1.2005199491e-08 1.4520057839e-12
 1.2009412437e-08 1.2009412437e-08 1.4520063352e-12
 1.2013085363e-08 1.2013085363e-08 1.4520061301e-12
 1.2020431217e-08 1.2020431217e-08 1.4520061349e-12
 1.2035122924e-08 1.2035122924e-08 1.4520061704e-12
 1.2064506339e-08 1.2064506339e-08 1.4520061991e-12
 1.2123273168e-08 1.2123273168e-08 1.4520062117e-12
 1.2240806825e-08 1.2240806825e-08 1.4520062194e-12
 1.2396974290e-08 1.2396974290e-08 1.4520062261e-12
 1.2573492980e-08 1.2573492980e-08 1.4520062253e-12
 1.2767127714e-08 1.2767127714e-08 1.4520062310e-12
 1.2973594136e-08 1.2973594136e-08 1.4520062287e-12
 1.3189227310e-08 1.3189227310e-08 1.4520062297e-12
 1.3412871098e-08 1.3412871098e-08 1.4520062265e-12
 1.3644014756e-08 1.3644014756e-08 1.4520062262e-12
 1.3882304607e-08 1.3882304607e-08 1.4520062322e-12
 1.4127706891e-08 1.4127706891e-08 1.4520062293e-12
 1.4380357956e-08 1.4380357956e-08 1.4520062289e-12
 1.4640456759e-08 1.4640456759e-08 1.4520062291e-12
 1.4908263699e-08 1.4908263699e-08 1.4520062268e-12
 1.5184091572e-08 1.5184091572e-08 1.4520062265e-12
 1.5468293630e-08 1.5468293630e-08 1.4520062247e-12
 1.5761264044e-08 1.5761264044e-08 1.4520062288e-12
 1.6063441704e-08 1.6063441704e-08 1.4520062277e-12
 1.6375314717e-08 1.6375314717e-08 1.4520062281e-12
 1.6697427297e-08 1.6697427297e-08 1.4520062317e-12
 1.7030388948e-08 1.7030388948e-08 1.4520062270e-12
 1.7374885826e-08 1.7374885826e-08 1.4520062245e-12
 1.7731694974e-08 1.7731694974e-08 1.4520062294e-12
 1.8101702244e-08 1.8101702244e-08 1.4520062331e-12
 1.8485925063e-08 1.8485925063e-08 1.4520062296e-12
 1.8885541670e-08 1.8885541670e-08 1.4520062307e-12
 1.9301929285e-08 1.9301929285e-08 1.4520062286e-12
 1.9650964643e-08 1.9650964643e-08 1.4520062266e-12
 2.0000000000e-08 2.0000000000e-08 1.4520062283e-12
 2.0003906250e-08 2.0003906250e-08 -4.1485248970e-06
 2.0011718750e-08 2.0011718750e-08 -5.6507708626e-06
 2.0013856241e-08 2.0013856241e-08 -5.8799053404e-06
 2.0017826328e-08 2.0017826328e-08 -6.1731950619e-06
 2.0025766500e-08 2.0025766500e-08 -6.4724897338e-06
 2.0029981351e-08 2.0029981351e-08 -6.5306550559e-06
 2.0038411051e-08 2.0038411051e-08 -6.5652066006e-06
 2.0046995886e-08 2.0046995886e-08 -6.5482015884e-06
 2.0057491949e-08 2.0057491949e-08 -6.5003599287e-06
 2.0066522424e-08 2.0066522424e-08 -6.4485181484e-06
 2.0078400985e-08 2.0078400985e-08 -6.3733746493e-06
 2.0088736898e-08 2.0088736898e-08 -6.3015279930e-06
 2.0097695551e-08 2.0097695551e-08 -6.2338788682e-06
 2.0115612856e-08 2.0115612856e-08 -6.0846771455e-06
 2.0128753613e-08 2.0128753613e-08 -5.9584136620e-06
 2.0138548515e-08 2.0138548515e-08 -5.8537002463e-06
 2.0158138319e-08 2.0158138319e-08 -5.6218920715e-06
 2.0176155915e-08 2.0176155915e-08 -5.3748946275e-06
 2.0189985644e-08 2.0189985644e-08 -5.1603766050e-06
 2.0204141423e-08 2.0204141423e-08 -4.9206206785e-06
 2.0217868914e-08 2.0217868914e-08 -4.6691323143e-06
 2.0230669281e-08 2.0230669281e-08 -4.4193973372e-06
 2.0243031231e-08 2.0243031231e-08 -4.1674205061e-06
 2.0255115765e-08 2.0255115765e-08 -3.9153015414e-06
 2.0266933321e-08 2.0266933321e-08 -3.6689651725e-06
 2.0278556268e-08 2.0278556268e-08 -3.4333797508e-06
 2.0290039292e-08 2.0290039292e-08 -3.2134664530e-06
 2.0301407046e-08 2.0301407046e-08 -2.9856561470e-06
 2.0309808517e-08 2.0309808517e-08 -2.7811487211e-06
 2.0315703241e-08 2.0315703241e-08 -2.6144298833e-06
 2.0321699413e-08 2.0321699413e-08 -2.4229567072e-06
 2.0327561739e-08 2.0327561739e-08 -2.2128413848e-06
 2.0333698840e-08 2.0333698840e-08 -1.9668232398e-06
 2.0340165253e-08 2.0340165253e-08 -1.6760032576e-06
 2.0347312493e-08 2.0347312493e-08 -1.3121195460e-06
 2.0354812448e-08 2.0354812448e-08 -8.7212254144e-07
 2.0361389055e-08 2.0361389055e-08 -4.2011270923e-07
 2.0366664065e-08 2.0366664065e-08 8.3375256377e-09
 2.0370395282e-08 2.0370395282e-08 3.7976812174e-07
 2.0377857715e-08 2.0377857715e-08 1.4000800820e-06
 2.0380802512e-08 2.0380802512e-08 1.6129204726e-06
 2.0386692107e-08 2.0386692107e-08 2.0258035256e-06
 2.0394145812e-08 2.0394145812e-08 2.6322490625e-06
 2.0401056377e-08 2.0401056377e-08 3.2288348045e-06
 2.0406922123e-08 2.0406922123e-08 3.7516357221e-06
 2.0413809568e-08 2.0413809568e-08 4.3859060019e-06
 2.0420256287e-08 2.0420256287e-08 4.9947404095e-06
 2.0426926675e-08 2.0426926675e-08 5.6390035249e-06
 2.0432756179e-08 2.0432756179e-08 6.2108878109e-06
 2.0437819920e-08 2.0437819920e-08 6.7138147010e-06
 2.0442272974e-08 2.0442272974e-08 7.1607978601e-06
 2.0451179082e-08 2.0451179082e-08 8.0744823874e-06
 2.0452862872e-08 2.0452862872e-08 8.2390150410e-06
 2.0456230452e-08 2.0456230452e-08 8.5637797309e-06
 2.0459357089e-08 2.0459357089e-08 8.4654801484e-06
 2.0462976552e-08 2.0462976552e-08 7.7447355412e-06
 2.0466278784e-08 2.0466278784e-08 6.6653490216e-06
 2.0469611209e-08 2.0469611209e-08 5.3588633215e-06
 2.0473373611e-08 2.0473373611e-08 3.8424353238e-06
 2.0478312341e-08 2.0478312341e-08 2.0645113954e-06
 2.0484246952e-08 2.0484246952e-08 4.5858494621e-07
 2.0489224170e-08 2.0489224170e-08 -4.2406105917e-07
 2.0493801563e-08 2.0493801563e-08 -9.3855054764e-07
 2.0496900781e-08 2.0496900781e-08 -1.1631813054e-06
 2.0500000000e-08 2.0500000000e-08 -1.3202373435e-06
 2.0501978801e-08 2.0501978801e-08 6.4797270406e-07
 2.0503754226e-08 2.0503754226e-08 5.4019735227e-07
 2.0505539731e-08 2.0505539731e-08 4.3820935658e-07
 2.0507631243e-08 2.0507631243e-08 3.4436678270e-07
 2.0511814266e-08 2.0511814266e-08 2.1097371446e-07
 2.0519058879e-08 2.0519058879e-08 8.5031470479e-08
 2.0525345093e-08 2.0525345093e-08 3.9050496903e-08
 2.0531738743e-08 2.0531738743e-08 2.1346592068e-08
 2.0537977870e-08 2.0537977870e-08 1.6229320190e-08
 2.0542976339e-08 2.0542976339e-08 1.5690519064e-08
 2.0546926848e-08 2.0546926848e-08 1.6024120508e-08
 2.0550421992e-08 2.0550421992e-08 1.6410028852e-08
 2.0553993015e-08 2.0553993015e-08 1.6739012906e-08
 2.0558239104e-08 2.0558239104e-08 1.7013606169e-08
 2.0564777983e-08 2.0564777983e-08 1.7256489395e-08
 2.0569750363e-08 2.0569750363e-08 1.7345818174e-08
 2.0574507275e-08 2.0574507275e-08 1.7388397570e-08
 2.0579538545e-08 2.0579538545e-08 1.7410090966e-08
 2.0585050941e-08 2.0585050941e-08 1.7420626183e-08
 2.0589999991e-08 2.0589999991e-08 1.7424356440e-08
 2.0595471355e-08 2.0595471355e-08 1.7425863643e-08
 2.0601774165e-08 2.0601774165e-08 1.7426335378e-08
 2.0608899272e-08 2.0608899272e-08 1.7426356731e-08
 2.0612596411e-08 2.0612596411e-08 1.7426286199e-08
 2.0617514749e-08 2.0617514749e-08 1.7426200953e-08
 2.0621000524e-08 2.0621000524e-08 1.7426156272e-08
 2.0624326461e-08 2.0624326461e-08 1.7426125987e-08
 2.0628365011e-08 2.0628365011e-08 1.7426101613e-08
 2.0632946346e-08 2.0632946346e-08 1.7426084994e-08
 2.0637869112e-08 2.0637869112e-08 1.7426075142e-08
 2.0642185106e-08 2.0642185106e-08 1.7426070596e-08
 2.0646434409e-08 2.0646434409e-08 1.7426068199e-08
 2.0650916248e-08 2.0650916248e-08 1.7426066866e-08
 2.0655857784e-08 2.0655857784e-08 1.7426066128e-08
 2.0661566532e-08 2.0661566532e-08 1.7426065739e-08
 2.0668376546e-08 2.0668376546e-08 1.7426065561e-08
 2.0676746765e-08 2.0676746765e-08 1.7426065504e-08
 2.0687390172e-08 2.0687390172e-08 1.7426065503e-08
 2.0695028854e-08 2.0695028854e-08 1.7426065515e-08
 2.0710306218e-08 2.0710306218e-08 1.7426065530e-08
 2.0723269652e-08 2.0723269652e-08 1.7426065534e-08
 2.0737311059e-08 2.0737311059e-08 1.7426065535e-08
 2.0756520989e-08 2.0756520989e-08 1.7426065535e-08
 2.0777022036e-08 2.0777022036e-08 1.7426065534e-08
 2.0797802166e-08 2.0797802166e-08 1.7426065534e-08
 2.0819267046e-08 2.0819267046e-08 1.7426065534e-08
 2.0841113684e-08 2.0841113684e-08 1.7426065534e-08
 2.0863132055e-08 2.0863132055e-08 1.7426065534e-08
 2.0885348462e-08 2.0885348462e-08 1.7426065534e-08
 2.0907772011e-08 2.0907772011e-08 1.7426065534e-08
 2.0930407316e-08 2.0930407316e-08 1.7426065534e-08
 2.0953288825e-08 2.0953288825e-08 1.7426065534e-08
 2.0976461721e-08 2.0976461721e-08 1.7426065534e-08
 2.0988230861e-08 2.0988230861e-08 1.7426065534e-08
 2.1000000000e-08 2.1000000000e-08 1.7426065534e-08
 2.1002630122e-08 2.1002630122e-08 1.7426065534e-08
 2.1006254446e-08 2.1006254446e-08 1.7426065534e-08
 2.1010957529e-08 2.1010957529e-08 1.7426065534e-08
 2.1015423255e-08 2.1015423255e-08 1.7426065534e-08
 2.1024354707e-08 2.1024354707e-08 1.7426065534e-08
 2.1042217611e-08 2.1042217611e-08 1.7426065534e-08
 2.1077943419e-08 2.1077943419e-08 1.7426065534e-08
 2.1149395035e-08 2.1149395035e-08 1.7426065534e-08
 2.1292298267e-08 2.1292298267e-08 1.7426065534e-08
 2.1578104732e-08 2.1578104732e-08 1.7426065534e-08
 2.2149717660e-08 2.2149717660e-08 1.7426065534e-08
 2.3149717660e-08 2.3149717660e-08 1.7426065534e-08
 2.4149717660e-08 2.4149717660e-08 1.7426065534e-08
 2.5149717660e-08 2.5149717660e-08 1.7426065534e-08
 2.6149717660e-08 2.6149717660e-08 1.7426065534e-08
 2.7149717660e-08 2.7149717660e-08 1.7426065534e-08
 2.8149717660e-08 2.8149717660e-08 1.7426065534e-08
 2.9149717660e-08 2.9149717660e-08 1.7426065534e-08
 2.9824858830e-08 2.9824858830e-08 1.7426065534e-08
 3.0500000000e-08 3.0500000000e-08 1.7426065534e-08
 3.0503258056e-08 3.0503258056e-08 2.0231085373e-06
 3.0509774169e-08 3.0509774169e-08 1.8806928429e-06
 3.0513665025e-08 3.0513665025e-08 1.8314553001e-06
 3.0517805675e-08 3.0517805675e-08 1.8049568045e-06
 3.0526086976e-08 3.0526086976e-08 1.7893277012e-06
 3.0538576936e-08 3.0538576936e-08 1.8123488251e-06
 3.0549225340e-08 3.0549225340e-08 1.8590072081e-06
 3.0560159118e-08 3.0560159118e-08 1.9248043431e-06
 3.0571656374e-08 3.0571656374e-08 2.0142237273e-06
 3.0583003350e-08 3.0583003350e-08 2.1286196405e-06
 3.0594241987e-08 3.0594241987e-08 2.2754291434e-06
 3.0605464575e-08 3.0605464575e-08 2.4660457186e-06
 3.0616628627e-08 3.0616628627e-08 2.7132193441e-06
 3.0626856397e-08 3.0626856397e-08 3.0044741768e-06
 3.0636035593e-08 3.0636035593e-08 3.3306764853e-06
 3.0644022907e-08 3.0644022907e-08 3.6728991725e-06
 3.0651671229e-08 3.0651671229e-08 4.0577201482e-06
 3.0658986587e-08 3.0658986587e-08 4.4822449790e-06
 3.0666225139e-08 3.0666225139e-08 4.9587026701e-06
 3.0673549063e-08 3.0673549063e-08 5.4972611616e-06
 3.0681318724e-08 3.0681318724e-08 6.1256516510e-06
 3.0689935391e-08 3.0689935391e-08 6.8758628913e-06
 3.0697465555e-08 3.0697465555e-08 7.5511038432e-06
 3.0709961412e-08 3.0709961412e-08 8.7216039783e-06
 3.0719448676e-08 3.0719448676e-08 9.7055466264e-06
 3.0731114531e-08 3.0731114531e-08 1.0973896002e-05
 3.0741594084e-08 3.0741594084e-08 1.2145249708e-05
 3.0752498103e-08 3.0752498103e-08 1.3375984219e-05
 3.0763907243e-08 3.0763907243e-08 1.4654088816e-05
 3.0775371455e-08 3.0775371455e-08 1.5904931156e-05
 3.0786964909e-08 3.0786964909e-08 1.7113761236e-05
 3.0797629615e-08 3.0797629615e-08 1.8156696103e-05
 3.0806974353e-08 3.0806974353e-08 1.9002267620e-05
 3.0815090854e-08 3.0815090854e-08 1.9674938187e-05
 3.0822536929e-08 3.0822536929e-08 2.0232758662e-05
 3.0829179430e-08 3.0829179430e-08 2.0672783553e-05
 3.0835008486e-08 3.0835008486e-08 2.1003051683e-05
 3.0839911976e-08 3.0839911976e-08 2.1226958061e-05
 3.0849718955e-08 3.0849718955e-08 2.1414130579e-05
 3.0852035737e-08 3.0852035737e-08 2.1353691929e-05
 3.0856669302e-08 3.0856669302e-08 2.1029382773e-05
 3.0864527852e-08 3.0864527852e-08 1.9702442261e-05
 3.0871048455e-08 3.0871048455e-08 1.7987476934e-05
 3.0877321525e-08 3.0877321525e-08 1.6174771768e-05
 3.0884665574e-08 3.0884665574e-08 1.4191886418e-05
 3.0892033864e-08 3.0892033864e-08 1.2460370882e-05
 3.0898527312e-08 3.0898527312e-08 1.1161981622e-05
 3.0904975495e-08 3.0904975495e-08 1.0091755619e-05
 3.0911852216e-08 3.0911852216e-08 9.1819790307e-06
 3.0919598615e-08 3.0919598615e-08 8.4106911239e-06
 3.0923592322e-08 3.0923592322e-08 8.1112167787e-06
 3.0931579737e-08 3.0931579737e-08 7.6606321979e-06
 3.0941147043e-08 3.0941147043e-08 7.3148563303e-06
 3.0948492396e-08 3.0948492396e-08 7.1596630739e-06
 3.0955652092e-08 3.0955652092e-08 7.0712326349e-06
 3.0963305676e-08 3.0963305676e-08 7.0198195881e-06
 3.0971623859e-08 3.0971623859e-08 6.9941220097e-06
 3.0976215990e-08 3.0976215990e-08 6.9891171184e-06
 3.0980894765e-08 3.0980894765e-08 6.9880694190e-06
 3.0985285748e-08 3.0985285748e-08 6.9892300520e-06
 3.0990141556e-08 3.0990141556e-08 6.9919386617e-06
 3.0995806884e-08 3.0995806884e-08 6.9962089926e-06
 3.1000000000e-08 3.1000000000e-08 6.9997978020e-06
 3.1001705900e-08 3.1001705900e-08 2.4471499848e-06
 3.1003602567e-08 3.1003602567e-08 2.0306021340e-06
 3.1005541017e-08 3.1005541017e-08 1.6846724886e-06
 3.1007553709e-08 3.1007553709e-08 1.3813946694e-06
 3.1011579093e-08 3.1011579093e-08 9.2008259288e-07
 3.1017789423e-08 3.1017789423e-08 4.7138131394e-07
 3.1022819130e-08 3.1022819130e-08 2.6720484034e-07
 3.1027387426e-08 3.1027387426e-08 1.5883379362e-07
 3.1031655321e-08 3.1031655321e-08 9.8001691317e-08
 3.1035305189e-08 3.1035305189e-08 6.5439932763e-08
 3.1038494046e-08 3.1038494046e-08 4.6422082401e-08
 3.1041582110e-08 3.1041582110e-08 3.3500859097e-08
 3.1045201043e-08 3.1045201043e-08 2.2881512206e-08
 3.1050700329e-08 3.1050700329e-08 1.2556187248e-08
 3.1054566567e-08 3.1054566567e-08 8.2148082384e-09
 3.1058305833e-08 3.1058305833e-08 5.4753634113e-09
 3.1062698054e-08 3.1062698054e-08 3.3917438084e-09
 3.1067597577e-08 3.1067597577e-08 1.9665500517e-09
 3.1073054050e-08 3.1073054050e-08 1.0490324653e-09
 3.1079171326e-08 3.1079171326e-08 4.9731277539e-10
 3.1086092293e-08 3.1086092293e-08 1.9460180479e-10
 3.1094077905e-08 3.1094077905e-08 4.8562028901e-11
 3.1103526821e-08 3.1103526821e-08 -7.0355909363e-12
 3.1109606610e-08 3.1109606610e-08 -1.8387071045e-11
 3.1117271523e-08 3.1117271523e-08 -1.6429429496e-11
 3.1125789869e-08 3.1125789869e-08 -5.8862219597e-12
 3.1136264293e-08 3.1136264293e-08 8.6021059825e-14
 3.1145415894e-08 3.1145415894e-08 1.2366212971e-12
 3.1163719097e-08 3.1163719097e-08 1.3325835224e-12
 3.1179056938e-08 3.1179056938e-08 1.6866350884e-12
 3.1195884615e-08 3.1195884615e-08 1.5432464582e-12
 3.1216482194e-08 3.1216482194e-08 1.4643144119e-12
 3.1237686702e-08 3.1237686702e-08 1.4457364066e-12
 3.1259013512e-08 3.1259013512e-08 1.4468006571e-12
 3.1280752656e-08 3.1280752656e-08 1.4500112816e-12
 3.1302650812e-08 3.1302650812e-08 1.4516316213e-12
 3.1324581272e-08 3.1324581272e-08 1.4520742941e-12
 3.1346570937e-08 3.1346570937e-08 1.4520945367e-12
 3.1368620867e-08 3.1368620867e-08 1.4520450577e-12
 3.1390730051e-08 3.1390730051e-08 1.4520153172e-12
 3.1412914810e-08 3.1412914810e-08 1.4520057567e-12
 3.1435188613e-08 3.1435188613e-08 1.4520047618e-12
 3.1457566810e-08 3.1457566810e-08 1.4520055295e-12
 3.1480068573e-08 3.1480068573e-08 1.4520060517e-12
 3.1502715688e-08 3.1502715688e-08 1.4520062693e-12
 3.1525534464e-08 3.1525534464e-08 1.4520062034e-12
 3.1548559366e-08 3.1548559366e-08 1.4520062632e-12
 3.1571838019e-08 3.1571838019e-08 1.4520062265e-12
 3.1595438965e-08 3.1595438965e-08 1.4520062964e-12
 3.1619463345e-08 3.1619463345e-08 1.4520062346e-12
 3.1644061761e-08 3.1644061761e-08 1.4520062095e-12
 3.1669459634e-08 3.1669459634e-08 1.4520062554e-12
 3.1695995705e-08 3.1695995705e-08 1.4520062381e-12
 3.1724170997e-08 3.1724170997e-08 1.4520062434e-12
 3.1752055461e-08 3.1752055461e-08 1.4520062387e-12
 3.1777275115e-08 3.1777275115e-08 1.4520062591e-12
 3.1800117248e-08 3.1800117248e-08 1.4520061760e-12
 3.1821659148e-08 3.1821659148e-08 1.4520062513e-12
 3.1842343267e-08 3.1842343267e-08 1.4520062495e-12
 3.1862142827e-08 3.1862142827e-08 1.4520062113e-12
 3.1881174513e-08 3.1881174513e-08 1.4520062266e-12
 3.1899674802e-08 3.1899674802e-08 1.4520062650e-12
 3.1917759765e-08 3.1917759765e-08 1.4520062511e-12
 3.1935428257e-08 3.1935428257e-08 1.4520062484e-12
 3.1952676501e-08 3.1952676501e-08 1.4520061253e-12
 3.1969513034e-08 3.1969513034e-08 1.4520062357e-12
 3.1985921411e-08 3.1985921411e-08 1.4520062244e-12
 3.2000000000e-08 3.2000000000e-08 1.4520061981e-12
 3.2001824388e-08 3.2001824388e-08 1.4520061869e-12
 3.2005266303e-08 3.2005266303e-08 1.4520062759e-12
 3.2009659600e-08 3.2009659600e-08 1.4520063632e-12
 3.2013311774e-08 3.2013311774e-08 1.4520064291e-12
 3.2020616121e-08 3.2020616121e-08 1.4520061164e-12
 3.2035224816e-08 3.2035224816e-08 1.4520062131e-12
 3.2064442205e-08 3.2064442205e-08 1.4520062256e-12
 3.2122876984e-08 3.2122876984e-08 1.4520062257e-12
 3.2239746540e-08 3.2239746540e-08 1.4520062229e-12
 3.2473485654e-08 3.2473485654e-08 1.4520062234e-12
 3.2940963881e-08 3.2940963881e-08 1.4520062269e-12
 3.3875920335e-08 3.3875920335e-08 1.4520062278e-12
 3.4875920335e-08 3.4875920335e-08 1.4520062301e-12
 3.5875920335e-08 3.5875920335e-08 1.4520062286e-12
 3.6875920335e-08 3.6875920335e-08 1.4520062284e-12
 3.7875920335e-08 3.7875920335e-08 1.4520062284e-12
 3.8875920335e-08 3.8875920335e-08 1.4520062284e-12
 3.9437960168e-08 3.9437960168e-08 1.4520062291e-12
 4.0000000000e-08 4.0000000000e-08 1.4520062276e-12
 4.0003136617e-08 4.0003136617e-08 -3.9760888309e-06
 4.0009409852e-08 4.0009409852e-08 -5.3704381212e-06
 4.0011290861e-08 4.0011290861e-08 -5.6309648515e-06
 4.0014577655e-08 4.0014577655e-08 -5.9659316176e-06
 4.0021151243e-08 4.0021151243e-08 -6.3511728042e-06
 4.0030961459e-08 4.0030961459e-08 -6.5674023826e-06
 4.0036480360e-08 4.0036480360e-08 -6.5849149099e-06
 4.0047518162e-08 4.0047518162e-08 -6.5575331109e-06
 4.0056275130e-08 4.0056275130e-08 -6.5119078100e-06
 4.0067816505e-08 4.0067816505e-08 -6.4427804843e-06
 4.0077848115e-08 4.0077848115e-08 -6.3775723709e-06
 4.0086600802e-08 4.0086600802e-08 -6.3166907776e-06
 4.0104106174e-08 4.0104106174e-08 -6.1839808925e-06
 4.0116790171e-08 4.0116790171e-08 -6.0736831502e-06
 4.0126161774e-08 4.0126161774e-08 -5.9832057185e-06
 4.0144904980e-08 4.0144904980e-08 -5.7833704347e-06
 4.0161483194e-08 4.0161483194e-08 -5.5788452104e-06
 4.0173797438e-08 4.0173797438e-08 -5.4072982498e-06
 4.0187090620e-08 4.0187090620e-08 -5.2052381932e-06
 4.0201181732e-08 4.0201181732e-08 -4.9713951594e-06
 4.0214415982e-08 4.0214415982e-08 -4.7332663556e-06
 4.0227102017e-08 4.0227102017e-08 -4.4896962135e-06
 4.0239506768e-08 4.0239506768e-08 -4.2396909414e-06
 4.0251598189e-08 4.0251598189e-08 -3.9886696318e-06
 4.0263433569e-08 4.0263433569e-08 -3.7413105918e-06
 4.0275089755e-08 4.0275089755e-08 -3.5024135840e-06
 4.0286601419e-08 4.0286601419e-08 -3.2775145934e-06
 4.0297993590e-08 4.0297993590e-08 -3.0595457931e-06
 4.0303881476e-08 4.0303881476e-08 -2.9314807471e-06
 4.0309972304e-08 4.0309972304e-08 -2.7794949661e-06
 4.0315512934e-08 4.0315512934e-08 -2.6227979987e-06
 4.0321268966e-08 4.0321268966e-08 -2.4400037549e-06
 4.0327101800e-08 4.0327101800e-08 -2.2325171605e-06
 4.0333190145e-08 4.0333190145e-08 -1.9903668415e-06
 4.0339619040e-08 4.0339619040e-08 -1.7037553414e-06
 4.0346680621e-08 4.0346680621e-08 -1.3478908765e-06
 4.0354263746e-08 4.0354263746e-08 -9.0840186483e-07
 4.0360914071e-08 4.0360914071e-08 -4.5690977738e-07
 4.0366347943e-08 4.0366347943e-08 -2.1884177798e-08
 4.0370152797e-08 4.0370152797e-08 3.5016778983e-07
 4.0377762505e-08 4.0377762505e-08 1.3786252477e-06
 4.0380907881e-08 4.0380907881e-08 1.6263721070e-06
 4.0387198632e-08 4.0387198632e-08 2.0662834908e-06
 4.0394688870e-08 4.0394688870e-08 2.6783656001e-06
 4.0401734211e-08 4.0401734211e-08 3.2889137845e-06
 4.0408192503e-08 4.0408192503e-08 3.8679038624e-06
 4.0414935653e-08 4.0414935653e-08 4.4914868045e-06
 4.0421497426e-08 4.0421497426e-08 5.1138682523e-06
 4.0428149644e-08 4.0428149644e-08 5.7587233277e-06
 4.0433809620e-08 4.0433809620e-08 6.3152866020e-06
 4.0438761606e-08 4.0438761606e-08 6.8082200110e-06
 4.0448665576e-08 4.0448665576e-08 7.8195537515e-06
 4.0451169331e-08 4.0451169331e-08 8.0661829027e-06
 4.0456176840e-08 4.0456176840e-08 8.5629814363e-06
 4.0457428717e-08 4.0457428717e-08 8.5886765124e-06
 4.0459932472e-08 4.0459932472e-08 8.3875097711e-06
 4.0463556521e-08 4.0463556521e-08 7.5679539091e-06
 4.0466749473e-08 4.0466749473e-08 6.4750016699e-06
 4.0470171733e-08 4.0470171733e-08 5.1150871906e-06
 4.0474132208e-08 4.0474132208e-08 3.5336927585e-06
 4.0479638755e-08 4.0479638755e-08 1.6389727551e-06
 4.0485912443e-08 4.0485912443e-08 1.0362651525e-07
 4.0490746085e-08 4.0490746085e-08 -6.3680058565e-07
 4.0495317962e-08 4.0495317962e-08 -1.0725859435e-06
 4.0500000000e-08 4.0500000000e-08 -1.3416892778e-06
 4.0502044635e-08 4.0502044635e-08 6.2698656289e-07
 4.0504043786e-08 4.0504043786e-08 5.1030911516e-07
 4.0506178085e-08 4.0506178085e-08 3.9761737892e-07
 4.0508445649e-08 4.0508445649e-08 3.0618602685e-07
 4.0512980777e-08 4.0512980777e-08 1.7990115669e-07
 4.0520032361e-08 4.0520032361e-08 7.5033771049e-08
 4.0526306468e-08 4.0526306468e-08 3.5682842416e-08
 4.0532753402e-08 4.0532753402e-08 2.0488972662e-08
 4.0538836345e-08 4.0538836345e-08 1.6335409693e-08
 4.0543655163e-08 4.0543655163e-08 1.5929697390e-08
 4.0547511255e-08 4.0547511255e-08 1.6218905015e-08
 4.0550988440e-08 4.0550988440e-08 1.6551651380e-08
 4.0554620201e-08 4.0554620201e-08 1.6839311544e-08
 4.0559068749e-08 4.0559068749e-08 1.7083114599e-08
 4.0565001029e-08 4.0565001029e-08 1.7271658528e-08
 4.0569869163e-08 4.0569869163e-08 1.7350370640e-08
 4.0574701242e-08 4.0574701242e-08 1.7390274597e-08
 4.0579719191e-08 4.0579719191e-08 1.7410501702e-08
 4.0585313219e-08 4.0585313219e-08 1.7420669637e-08
 4.0590249488e-08 4.0590249488e-08 1.7424263721e-08
 4.0595771114e-08 4.0595771114e-08 1.7425778171e-08
 4.0602105731e-08 4.0602105731e-08 1.7426277587e-08
 4.0609265808e-08 4.0609265808e-08 1.7426326184e-08
 4.0612814318e-08 4.0612814318e-08 1.7426267306e-08
 4.0617482619e-08 4.0617482619e-08 1.7426193344e-08
 4.0620944546e-08 4.0620944546e-08 1.7426151721e-08
 4.0624269041e-08 4.0624269041e-08 1.7426123086e-08
 4.0628321804e-08 4.0628321804e-08 1.7426099874e-08
 4.0632892983e-08 4.0632892983e-08 1.7426084110e-08
 4.0637813372e-08 4.0637813372e-08 1.7426074723e-08
 4.0642129961e-08 4.0642129961e-08 1.7426070382e-08
 4.0646376949e-08 4.0646376949e-08 1.7426068090e-08
 4.0650855017e-08 4.0650855017e-08 1.7426066813e-08
 4.0655790293e-08 4.0655790293e-08 1.7426066107e-08
 4.0661489300e-08 4.0661489300e-08 1.7426065733e-08
 4.0668284956e-08 4.0668284956e-08 1.7426065561e-08
 4.0676633944e-08 4.0676633944e-08 1.7426065505e-08
 4.0687245204e-08 4.0687245204e-08 1.7426065504e-08
 4.0694859693e-08 4.0694859693e-08 1.7426065516e-08
 4.0710088672e-08 4.0710088672e-08 1.7426065530e-08
 4.0722998476e-08 4.0722998476e-08 1.7426065534e-08
 4.0736969200e-08 4.0736969200e-08 1.7426065535e-08
 4.0756150158e-08 4.0756150158e-08 1.7426065535e-08
 4.0776638544e-08 4.0776638544e-08 1.7426065534e-08
 4.0797406754e-08 4.0797406754e-08 1.7426065534e-08
 4.0818864707e-08 4.0818864707e-08 1.7426065534e-08
 4.0840707480e-08 4.0840707480e-08 1.7426065534e-08
 4.0862722278e-08 4.0862722278e-08 1.7426065534e-08
 4.0884935169e-08 4.0884935169e-08 1.7426065534e-08
 4.0907355069e-08 4.0907355069e-08 1.7426065534e-08
 4.0929986185e-08 4.0929986185e-08 1.7426065534e-08
 4.0952862765e-08 4.0952862765e-08 1.7426065534e-08
 4.0976029855e-08 4.0976029855e-08 1.7426065534e-08
 4.0988014928e-08 4.0988014928e-08 1.7426065534e-08
 4.1000000000e-08 4.1000000000e-08 1.7426065534e-08
 4.1002637730e-08 4.1002637730e-08 1.7426065534e-08
 4.1006285742e-08 4.1006285742e-08 1.7426065534e-08
 4.1011032455e-08 4.1011032455e-08 1.7426065534e-08
 4.1015521762e-08 4.1015521762e-08 1.7426065534e-08
 4.1024500374e-08 4.1024500374e-08 1.7426065534e-08
 4.1042457600e-08 4.1042457600e-08 1.7426065534e-08
 4.1078372051e-08 4.1078372051e-08 1.7426065534e-08
 4.1150200954e-08 4.1150200954e-08 1.7426065534e-08
 4.1293858759e-08 4.1293858759e-08 1.7426065534e-08
 4.1581174369e-08 4.1581174369e-08 1.7426065534e-08
 4.2155805589e-08 4.2155805589e-08 1.7426065534e-08
 4.3155805589e-08 4.3155805589e-08 1.7426065534e-08
 4.4155805589e-08 4.4155805589e-08 1.7426065534e-08
 4.5155805589e-08 4.5155805589e-08 1.7426065534e-08
 4.6155805589e-08 4.6155805589e-08 1.7426065534e-08
 4.7155805589e-08 4.7155805589e-08 1.7426065534e-08
 4.8155805589e-08 4.8155805589e-08 1.7426065534e-08
 4.9155805589e-08 4.9155805589e-08 1.7426065534e-08
 4.9827902795e-08 4.9827902795e-08 1.7426065534e-08
 5.0500000000e-08 5.0500000000e-08 1.7426065534e-08
 5.0503250877e-08 5.0503250877e-08 2.0232803524e-06
 5.0509752631e-08 5.0509752631e-08 1.8809857061e-06
 5.0513630560e-08 5.0513630560e-08 1.8317424772e-06
 5.0517760715e-08 5.0517760715e-08 1.8051496659e-06
 5.0526021026e-08 5.0526021026e-08 1.7893146504e-06
 5.0538494052e-08 5.0538494052e-08 1.8120680449e-06
 5.0549117962e-08 5.0549117962e-08 1.8584668093e-06
 5.0560043406e-08 5.0560043406e-08 1.9240286008e-06
 5.0571538795e-08 5.0571538795e-08 2.0131910611e-06
 5.0582883676e-08 5.0582883676e-08 2.1272556538e-06
 5.0594121560e-08 5.0594121560e-08 2.2736459088e-06
 5.0605344377e-08 5.0605344377e-08 2.4637249812e-06
 5.0616508704e-08 5.0616508704e-08 2.7102022968e-06
 5.0626747668e-08 5.0626747668e-08 3.0010009626e-06
 5.0635938751e-08 5.0635938751e-08 3.3268758824e-06
 5.0643932801e-08 5.0643932801e-08 3.6687088794e-06
 5.0651586783e-08 5.0651586783e-08 4.0531477689e-06
 5.0658905531e-08 5.0658905531e-08 4.4772289786e-06
 5.0666145793e-08 5.0666145793e-08 4.9531755072e-06
 5.0673468790e-08 5.0673468790e-08 5.4910625695e-06
 5.0681232248e-08 5.0681232248e-08 6.1183711356e-06
 5.0689880306e-08 5.0689880306e-08 6.8709562678e-06
 5.0697421254e-08 5.0697421254e-08 7.5471448466e-06
 5.0709927245e-08 5.0709927245e-08 8.7181242128e-06
 5.0719400824e-08 5.0719400824e-08 9.7004152301e-06
 5.0731059856e-08 5.0731059856e-08 1.0967797782e-05
 5.0741534089e-08 5.0741534089e-08 1.2138446622e-05
 5.0752435025e-08 5.0752435025e-08 1.3368828103e-05
 5.0763842465e-08 5.0763842465e-08 1.4646865658e-05
 5.0775305281e-08 5.0775305281e-08 1.5897810527e-05
 5.0786897471e-08 5.0786897471e-08 1.7106897258e-05
 5.0797571105e-08 5.0797571105e-08 1.8151152604e-05
 5.0806924367e-08 5.0806924367e-08 1.8997904849e-05
 5.0815046446e-08 5.0815046446e-08 1.9671400460e-05
 5.0822498305e-08 5.0822498305e-08 2.0230001835e-05
 5.0829146280e-08 5.0829146280e-08 2.0670715730e-05
 5.0834981146e-08 5.0834981146e-08 2.1001623073e-05
 5.0839889141e-08 5.0839889141e-08 2.1226033830e-05
 5.0849705130e-08 5.0849705130e-08 2.1414295210e-05
 5.0852023434e-08 5.0852023434e-08 2.1354137140e-05
 5.0856660043e-08 5.0856660043e-08 2.1030346283e-05
 5.0864522572e-08 5.0864522572e-08 1.9703705012e-05
 5.0871044192e-08 5.0871044192e-08 1.7988772421e-05
 5.0877316978e-08 5.0877316978e-08 1.6176140890e-05
 5.0884658667e-08 5.0884658667e-08 1.4193705678e-05
 5.0892028380e-08 5.0892028380e-08 1.2461611167e-05
 5.0898522183e-08 5.0898522183e-08 1.1162961061e-05
 5.0904970172e-08 5.0904970172e-08 1.0092580978e-05
 5.0911846375e-08 5.0911846375e-08 9.1826793190e-06
 5.0919591968e-08 5.0919591968e-08 8.4112650124e-06
 5.0923588835e-08 5.0923588835e-08 8.1114724858e-06
 5.0931582568e-08 5.0931582568e-08 7.6604907174e-06
 5.0941142439e-08 5.0941142439e-08 7.3149757934e-06
 5.0948488815e-08 5.0948488815e-08 7.1597230981e-06
 5.0955648949e-08 5.0955648949e-08 7.0712640462e-06
 5.0963302211e-08 5.0963302211e-08 7.0198373655e-06
 5.0971620108e-08 5.0971620108e-08 6.9941297067e-06
 5.0976212618e-08 5.0976212618e-08 6.9891207054e-06
 5.0980892224e-08 5.0980892224e-08 6.9880705032e-06
 5.0985283017e-08 5.0985283017e-08 6.9892297532e-06
 5.0990138545e-08 5.0990138545e-08 6.9919372203e-06
 5.0995803410e-08 5.0995803410e-08 6.9962064521e-06
 5.1000000000e-08 5.1000000000e-08 6.9997980825e-06
 5.1001705987e-08 5.1001705987e-08 2.4471320086e-06
 5.1003602855e-08 5.1003602855e-08 2.0305489560e-06
 5.1005541847e-08 5.1005541847e-08 1.6845386917e-06
 5.1007554783e-08 5.1007554783e-08 1.3812505303e-06
 5.1011580653e-08 5.1011580653e-08 9.1993794016e-07
 5.1017790558e-08 5.1017790558e-08 4.7132748659e-07
 5.1022820112e-08 5.1022820112e-08 2.6717987626e-07
 5.1027388363e-08 5.1027388363e-08 1.5882037217e-07
 5.1031656152e-08 5.1031656152e-08 9.7994972890e-08
 5.1035305896e-08 5.1035305896e-08 6.5436581443e-08
 5.1038494697e-08 5.1038494697e-08 4.6420091382e-08
 5.1041582781e-08 5.1041582781e-08 3.3499392873e-08
 5.1045201996e-08 5.1045201996e-08 2.2879811381e-08
 5.1050699773e-08 5.1050699773e-08 1.2557513112e-08
 5.1054565821e-08 5.1054565821e-08 8.2159627859e-09
 5.1058305222e-08 5.1058305222e-08 5.4760945175e-09
 5.1062697451e-08 5.1062697451e-08 3.3922119979e-09
 5.1067596965e-08 5.1067596965e-08 1.9668319985e-09
 5.1073053391e-08 5.1073053391e-08 1.0491937474e-09
 5.1079170571e-08 5.1079170571e-08 4.9739910482e-10
 5.1086091409e-08 5.1086091409e-08 1.9464287021e-10
 5.1094076850e-08 5.1094076850e-08 4.8577747623e-11
 5.1103525537e-08 5.1103525537e-08 -7.0323063793e-12
 5.1109605157e-08 5.1109605157e-08 -1.8383600374e-11
 5.1117269820e-08 5.1117269820e-08 -1.6431292721e-11
 5.1125787844e-08 5.1125787844e-08 -5.8877686528e-12
 5.1136261791e-08 5.1136261791e-08 8.5290212326e-14
 5.1145412979e-08 5.1145412979e-08 1.2366523364e-12
 5.1163715354e-08 5.1163715354e-08 1.3325417526e-12
 5.1179052254e-08 5.1179052254e-08 1.6866463408e-12
 5.1195878640e-08 5.1195878640e-08 1.5432633993e-12
 5.1216475769e-08 5.1216475769e-08 1.4643212059e-12
 5.1237680108e-08 5.1237680108e-08 1.4457375604e-12
 5.1259006748e-08 5.1259006748e-08 1.4468003743e-12
 5.1280745811e-08 5.1280745811e-08 1.4500111108e-12
 5.1302643937e-08 5.1302643937e-08 1.4516314625e-12
 5.1324574373e-08 5.1324574373e-08 1.4520742890e-12
 5.1346564017e-08 5.1346564017e-08 1.4520945970e-12
 5.1368613929e-08 5.1368613929e-08 1.4520451188e-12
 5.1390723091e-08 5.1390723091e-08 1.4520153008e-12
 5.1412907822e-08 5.1412907822e-08 1.4520058261e-12
 5.1435181595e-08 5.1435181595e-08 1.4520047787e-12
 5.1457559756e-08 5.1457559756e-08 1.4520054887e-12
 5.1480061477e-08 5.1480061477e-08 1.4520061181e-12
 5.1502708542e-08 5.1502708542e-08 1.4520062242e-12
 5.1525527260e-08 5.1525527260e-08 1.4520062154e-12
 5.1548552090e-08 5.1548552090e-08 1.4520062180e-12
 5.1571830654e-08 5.1571830654e-08 1.4520062749e-12
 5.1595431484e-08 5.1595431484e-08 1.4520062474e-12
 5.1619455711e-08 5.1619455711e-08 1.4520062585e-12
 5.1644053916e-08 5.1644053916e-08 1.4520062412e-12
 5.1669451491e-08 5.1669451491e-08 1.4520062063e-12
 5.1695987135e-08 5.1695987135e-08 1.4520062026e-12
 5.1724161811e-08 5.1724161811e-08 1.4520062023e-12
 5.1752046950e-08 5.1752046950e-08 1.4520062467e-12
 5.1777267562e-08 5.1777267562e-08 1.4520062062e-12
 5.1800110258e-08 5.1800110258e-08 1.4520061691e-12
 5.1821652437e-08 5.1821652437e-08 1.4520062847e-12
 5.1842336834e-08 5.1842336834e-08 1.4520062330e-12
 5.1862136679e-08 5.1862136679e-08 1.4520062465e-12
 5.1881168569e-08 5.1881168569e-08 1.4520062495e-12
 5.1899668996e-08 5.1899668996e-08 1.4520062455e-12
 5.1917754089e-08 5.1917754089e-08 1.4520061800e-12
 5.1935422716e-08 5.1935422716e-08 1.4520061488e-12
 5.1952671092e-08 5.1952671092e-08 1.4520062655e-12
 5.1969507756e-08 5.1969507756e-08 1.4520062007e-12
 5.1985916274e-08 5.1985916274e-08 1.4520062633e-12
 5.2000000000e-08 5.2000000000e-08 1.4520062596e-12
 5.2001824705e-08 5.2001824705e-08 1.4520062346e-12
 5.2005267018e-08 5.2005267018e-08 1.4520064384e-12
 5.2009661256e-08 5.2009661256e-08 1.4520061638e-12
 5.2013314065e-08 5.2013314065e-08 1.4520063029e-12
 5.2020619683e-08 5.2020619683e-08 1.4520062664e-12
 5.2035230919e-08 5.2035230919e-08 1.4520062952e-12
 5.2064453391e-08 5.2064453391e-08 1.4520062727e-12
 5.2122898335e-08 5.2122898335e-08 1.4520062533e-12
 5.2239788223e-08 5.2239788223e-08 1.4520062419e-12
 5.2473567999e-08 5.2473567999e-08 1.4520062355e-12
 5.2941127551e-08 5.2941127551e-08 1.4520062322e-12
 5.3876246654e-08 5.3876246654e-08 1.4520062304e-12
 5.4876246654e-08 5.4876246654e-08 1.4520062277e-12
 5.5876246654e-08 5.5876246654e-08 1.4520062278e-12
 5.6876246654e-08 5.6876246654e-08 1.4520062284e-12
 5.7876246654e-08 5.7876246654e-08 1.4520062284e-12
 5.8876246654e-08 5.8876246654e-08 1.4520062284e-12
 5.9438123327e-08 5.9438123327e-08 1.4520062289e-12
 6.0000000000e-08 6.0000000000e-08 1.4520062286e-12
 6.0003136174e-08 6.0003136174e-08 -3.9759828274e-06
 6.0009408523e-08 6.0009408523e-08 -5.3702554666e-06
 6.0011289394e-08 6.0011289394e-08 -5.6308018367e-06
 6.0014575797e-08 6.0014575797e-08 -5.9657902091e-06
 6.0021148604e-08 6.0021148604e-08 -6.3510815081e-06
 6.0030958216e-08 6.0030958216e-08 -6.5673790942e-06
 6.0036476205e-08 6.0036476205e-08 -6.5849096619e-06
 6.0047512184e-08 6.0047512184e-08 -6.5575550573e-06
 6.0056267944e-08 6.0056267944e-08 -6.5119442718e-06
 6.0067809004e-08 6.0067809004e-08 -6.4428252520e-06
 6.0077840428e-08 6.0077840428e-08 -6.3776227704e-06
 6.0086592811e-08 6.0086592811e-08 -6.3167472543e-06
 6.0104097577e-08 6.0104097577e-08 -6.1840513489e-06
 6.0116781274e-08 6.0116781274e-08 -6.0737645538e-06
 6.0126152634e-08 6.0126152634e-08 -5.9832964200e-06
 6.0144895354e-08 6.0144895354e-08 -5.7834818815e-06
 6.0161472552e-08 6.0161472552e-08 -5.5789852608e-06
 6.0173785835e-08 6.0173785835e-08 -5.4074655417e-06
 6.0187077608e-08 6.0187077608e-08 -5.2054437939e-06
 6.0201168854e-08 6.0201168854e-08 -4.9716177055e-06
 6.0214403527e-08 6.0214403527e-08 -4.7334980203e-06
 6.0227089822e-08 6.0227089822e-08 -4.4899364642e-06
 6.0239494838e-08 6.0239494838e-08 -4.2399356163e-06
 6.0251586507e-08 6.0251586507e-08 -3.9889138488e-06
 6.0263422074e-08 6.0263422074e-08 -3.7415494909e-06
 6.0275078409e-08 6.0275078409e-08 -3.5026416224e-06
 6.0286590197e-08 6.0286590197e-08 -3.2777264684e-06
 6.0297982469e-08 6.0297982469e-08 -3.0597788765e-06
 6.0303879256e-08 6.0303879256e-08 -2.9315327059e-06
 6.0309976754e-08 6.0309976754e-08 -2.7793747714e-06
 6.0315525758e-08 6.0315525758e-08 -2.6224112541e-06
 6.0321290152e-08 6.0321290152e-08 -2.4392885053e-06
 6.0327132227e-08 6.0327132227e-08 -2.2313711461e-06
 6.0333230825e-08 6.0333230825e-08 -1.9886555769e-06
 6.0339672082e-08 6.0339672082e-08 -1.7012516836e-06
 6.0346752144e-08 6.0346752144e-08 -1.3440549759e-06
 6.0354327169e-08 6.0354327169e-08 -9.0440364128e-07
 6.0360971590e-08 6.0360971590e-08 -4.5266726344e-07
 6.0366388671e-08 6.0366388671e-08 -1.8264432211e-08
 6.0370185501e-08 6.0370185501e-08 3.5375889201e-07
 6.0377779161e-08 6.0377779161e-08 1.3815280914e-06
 6.0380900346e-08 6.0380900346e-08 1.6251966660e-06
 6.0387142717e-08 6.0387142717e-08 2.0618315934e-06
 6.0394627301e-08 6.0394627301e-08 2.6731483214e-06
 6.0401656247e-08 6.0401656247e-08 3.2820140078e-06
 6.0408038172e-08 6.0408038172e-08 3.8537597575e-06
 6.0414807200e-08 6.0414807200e-08 4.4794547806e-06
 6.0421362781e-08 6.0421362781e-08 5.1009606163e-06
 6.0428027286e-08 6.0428027286e-08 5.7467707080e-06
 6.0433704396e-08 6.0433704396e-08 6.3048771736e-06
 6.0438668728e-08 6.0438668728e-08 6.7989278391e-06
 6.0448597392e-08 6.0448597392e-08 7.8126493407e-06
 6.0451138267e-08 6.0451138267e-08 8.0630485038e-06
 6.0456220019e-08 6.0456220019e-08 8.5654942845e-06
 6.0457490456e-08 6.0457490456e-08 8.5878885771e-06
 6.0460031332e-08 6.0460031332e-08 8.3730897583e-06
 6.0463649025e-08 6.0463649025e-08 7.5405048502e-06
 6.0466843155e-08 6.0466843155e-08 6.4397334901e-06
 6.0470275767e-08 6.0470275767e-08 5.0729577876e-06
 6.0474258321e-08 6.0474258321e-08 3.4856837734e-06
 6.0479860188e-08 6.0479860188e-08 1.5729071014e-06
 6.0486187292e-08 6.0486187292e-08 5.0422831391e-08
 6.0491003654e-08 6.0491003654e-08 -6.6938192531e-07
 6.0495577376e-08 6.0495577376e-08 -1.0932136672e-06
 6.0500000000e-08 6.0500000000e-08 -1.3415526675e-06
 6.0502035494e-08 6.0502035494e-08 6.2760810869e-07
 6.0504015830e-08 6.0504015830e-08 5.1187571796e-07
 6.0506107692e-08 6.0506107692e-08 4.0078809230e-07
 6.0508354370e-08 6.0508354370e-08 3.0938277050e-07
 6.0512847727e-08 6.0512847727e-08 1.8270596682e-07
 6.0519917850e-08 6.0519917850e-08 7.5973725989e-08
 6.0526192681e-08 6.0526192681e-08 3.6016173306e-08
 6.0532634044e-08 6.0532634044e-08 2.0582934526e-08
 6.0538736610e-08 6.0538736610e-08 1.6332163054e-08
 6.0543576715e-08 6.0543576715e-08 1.5911138909e-08
 6.0547442487e-08 6.0547442487e-08 1.6203074839e-08
 6.0550921203e-08 6.0550921203e-08 1.6539916189e-08
 6.0554545227e-08 6.0554545227e-08 1.6830793732e-08
 6.0558968028e-08 6.0558968028e-08 1.7076914949e-08
 6.0564956651e-08 6.0564956651e-08 1.7270123945e-08
 6.0569835392e-08 6.0569835392e-08 1.7349849901e-08
 6.0574658532e-08 6.0574658532e-08 1.7390027090e-08
 6.0579678636e-08 6.0579678636e-08 1.7410424039e-08
 6.0585259878e-08 6.0585259878e-08 1.7420638695e-08
 6.0590199751e-08 6.0590199751e-08 1.7424259608e-08
 6.0595711105e-08 6.0595711105e-08 1.7425779102e-08
 6.0602038911e-08 6.0602038911e-08 1.7426280055e-08
 6.0609191091e-08 6.0609191091e-08 1.7426328246e-08
 6.0612769079e-08 6.0612769079e-08 1.7426268559e-08
 6.0617487655e-08 6.0617487655e-08 1.7426193566e-08
 6.0620954267e-08 6.0620954267e-08 1.7426151825e-08
 6.0624278837e-08 6.0624278837e-08 1.7426123155e-08
 6.0628328053e-08 6.0628328053e-08 1.7426099932e-08
 6.0632902411e-08 6.0632902411e-08 1.7426084133e-08
 6.0637824064e-08 6.0637824064e-08 1.7426074732e-08
 6.0642140612e-08 6.0642140612e-08 1.7426070386e-08
 6.0646388036e-08 6.0646388036e-08 1.7426068092e-08
 6.0650866721e-08 6.0650866721e-08 1.7426066814e-08
 6.0655803054e-08 6.0655803054e-08 1.7426066107e-08
 6.0661503801e-08 6.0661503801e-08 1.7426065733e-08
 6.0668302090e-08 6.0668302090e-08 1.7426065561e-08
 6.0676655020e-08 6.0676655020e-08 1.7426065505e-08
 6.0687272266e-08 6.0687272266e-08 1.7426065504e-08
 6.0694891205e-08 6.0694891205e-08 1.7426065516e-08
 6.0710129083e-08 6.0710129083e-08 1.7426065530e-08
 6.0723048723e-08 6.0723048723e-08 1.7426065534e-08
 6.0737032389e-08 6.0737032389e-08 1.7426065535e-08
 6.0756218663e-08 6.0756218663e-08 1.7426065535e-08
 6.0776709375e-08 6.0776709375e-08 1.7426065534e-08
 6.0797479771e-08 6.0797479771e-08 1.7426065534e-08
 6.0818938995e-08 6.0818938995e-08 1.7426065534e-08
 6.0840782478e-08 6.0840782478e-08 1.7426065534e-08
 6.0862797933e-08 6.0862797933e-08 1.7426065534e-08
 6.0885011471e-08 6.0885011471e-08 1.7426065534e-08
 6.0907432044e-08 6.0907432044e-08 1.7426065534e-08
 6.0930063932e-08 6.0930063932e-08 1.7426065534e-08
 6.0952941420e-08 6.0952941420e-08 1.7426065534e-08
 6.0976109581e-08 6.0976109581e-08 1.7426065534e-08
 6.0988054791e-08 6.0988054791e-08 1.7426065534e-08
 6.1000000000e-08 6.1000000000e-08 1.7426065534e-08
 6.1002636329e-08 6.1002636329e-08 1.7426065534e-08
 6.1006279985e-08 6.1006279985e-08 1.7426065534e-08
 6.1011019114e-08 6.1011019114e-08 1.7426065534e-08
 6.1015504203e-08 6.1015504203e-08 1.7426065534e-08
 6.1024474382e-08 6.1024474382e-08 1.7426065534e-08
 6.1042414740e-08 6.1042414740e-08 1.7426065534e-08
 6.1078295456e-08 6.1078295456e-08 1.7426065534e-08
 6.1150056888e-08 6.1150056888e-08 1.7426065534e-08
 6.1293579752e-08 6.1293579752e-08 1.7426065534e-08
 6.1580625480e-08 6.1580625480e-08 1.7426065534e-08
 6.2154716936e-08 6.2154716936e-08 1.7426065534e-08
 6.3154716936e-08 6.3154716936e-08 1.7426065534e-08
 6.4154716936e-08 6.4154716936e-08 1.7426065534e-08
 6.5154716936e-08 6.5154716936e-08 1.7426065534e-08
 6.6154716936e-08 6.6154716936e-08 1.7426065534e-08
 6.7154716936e-08 6.7154716936e-08 1.7426065534e-08
 6.8154716936e-08 6.8154716936e-08 1.7426065534e-08
 6.9154716936e-08 6.9154716936e-08 1.7426065534e-08
 6.9827358468e-08 6.9827358468e-08 1.7426065534e-08
 7.0500000000e-08 7.0500000000e-08 1.7426065534e-08
 7.0503252163e-08 7.0503252163e-08 2.0232495550e-06
 7.0509756490e-08 7.0509756490e-08 1.8809331776e-06
 7.0513636733e-08 7.0513636733e-08 1.8316909395e-06
 7.0517768769e-08 7.0517768769e-08 1.8051150098e-06
 7.0526032839e-08 7.0526032839e-08 1.7893168756e-06
 7.0538508898e-08 7.0538508898e-08 1.8121182558e-06
 7.0549139242e-08 7.0549139242e-08 1.8585729631e-06
 7.0560066790e-08 7.0560066790e-08 1.9241846097e-06
 7.0571562542e-08 7.0571562542e-08 2.0133991936e-06
 7.0582907992e-08 7.0582907992e-08 2.1275323638e-06
 7.0594146115e-08 7.0594146115e-08 2.2740090265e-06
 7.0605368899e-08 7.0605368899e-08 2.4641978918e-06
 7.0616533185e-08 7.0616533185e-08 2.7108174943e-06
 7.0626770191e-08 7.0626770191e-08 3.0017196868e-06
 7.0635959205e-08 7.0635959205e-08 3.3276779369e-06
 7.0643952192e-08 7.0643952192e-08 3.6696100432e-06
 7.0651605326e-08 7.0651605326e-08 4.0541512542e-06
 7.0658923688e-08 7.0658923688e-08 4.4783521423e-06
 7.0666163936e-08 7.0666163936e-08 4.9544388997e-06
 7.0673487528e-08 7.0673487528e-08 5.4925091275e-06
 7.0681252860e-08 7.0681252860e-08 6.1201060956e-06
 7.0689896623e-08 7.0689896623e-08 6.8724108657e-06
 7.0697437935e-08 7.0697437935e-08 7.5486352674e-06
 7.0709940888e-08 7.0709940888e-08 8.7195081628e-06
 7.0719423729e-08 7.0719423729e-08 9.7028618005e-06
 7.0731087149e-08 7.0731087149e-08 1.0970829463e-05
 7.0741564881e-08 7.0741564881e-08 1.2141924221e-05
 7.0752467839e-08 7.0752467839e-08 1.3372536155e-05
 7.0763876331e-08 7.0763876331e-08 1.4650627208e-05
 7.0775339982e-08 7.0775339982e-08 1.5901530164e-05
 7.0786932900e-08 7.0786932900e-08 1.7110489676e-05
 7.0797602692e-08 7.0797602692e-08 1.8154132505e-05
 7.0806952408e-08 7.0806952408e-08 1.9000339978e-05
 7.0815072260e-08 7.0815072260e-08 1.9673444773e-05
 7.0822521671e-08 7.0822521671e-08 2.0231657596e-05
 7.0829167129e-08 7.0829167129e-08 2.0672004282e-05
 7.0834999051e-08 7.0834999051e-08 2.1002546577e-05
 7.0839903996e-08 7.0839903996e-08 2.1226623015e-05
 7.0849713886e-08 7.0849713886e-08 2.1414177788e-05
 7.0852031214e-08 7.0852031214e-08 2.1353842078e-05
 7.0856665870e-08 7.0856665870e-08 2.1029724486e-05
 7.0864525843e-08 7.0864525843e-08 1.9702903518e-05
 7.0871046821e-08 7.0871046821e-08 1.7987953708e-05
 7.0877319790e-08 7.0877319790e-08 1.6175276701e-05
 7.0884662968e-08 7.0884662968e-08 1.4192559034e-05
 7.0892031824e-08 7.0892031824e-08 1.2460821604e-05
 7.0898525408e-08 7.0898525408e-08 1.1162336820e-05
 7.0904973522e-08 7.0904973522e-08 1.0092055128e-05
 7.0911850057e-08 7.0911850057e-08 9.1822332304e-06
 7.0919596162e-08 7.0919596162e-08 8.4108997496e-06
 7.0923591020e-08 7.0923591020e-08 8.1113097276e-06
 7.0931580735e-08 7.0931580735e-08 7.6605807214e-06
 7.0941145354e-08 7.0941145354e-08 7.3148993106e-06
 7.0948491077e-08 7.0948491077e-08 7.1596846538e-06
 7.0955650933e-08 7.0955650933e-08 7.0712438958e-06
 7.0963304403e-08 7.0963304403e-08 7.0198259468e-06
 7.0971622486e-08 7.0971622486e-08 6.9941247436e-06
 7.0976214752e-08 7.0976214752e-08 6.9891183788e-06
 7.0980893822e-08 7.0980893822e-08 6.9880697810e-06
 7.0985284738e-08 7.0985284738e-08 6.9892299167e-06
 7.0990140447e-08 7.0990140447e-08 6.9919381160e-06
 7.0995805610e-08 7.0995805610e-08 6.9962080531e-06
 7.1000000000e-08 7.1000000000e-08 6.9997978996e-06
 7.1001705933e-08 7.1001705933e-08 2.4471432485e-06
 7.1003602674e-08 7.1003602674e-08 2.0305824086e-06
 7.1005541323e-08 7.1005541323e-08 1.6846231498e-06
 7.1007554105e-08 7.1007554105e-08 1.3813414903e-06
 7.1011579669e-08 7.1011579669e-08 9.2002919450e-07
 7.1017789833e-08 7.1017789833e-08 4.7136195277e-07
 7.1022819481e-08 7.1022819481e-08 2.6719604046e-07
 7.1027387759e-08 7.1027387759e-08 1.5882912768e-07
 7.1031655613e-08 7.1031655613e-08 9.7999426644e-08
 7.1035305432e-08 7.1035305432e-08 6.5438868462e-08
 7.1038494267e-08 7.1038494267e-08 4.6421480182e-08
 7.1041582339e-08 7.1041582339e-08 3.3500412778e-08
 7.1045201384e-08 7.1045201384e-08 2.2880930478e-08
 7.1050700072e-08 7.1050700072e-08 1.2556762495e-08
 7.1054566235e-08 7.1054566235e-08 8.2152981461e-09
 7.1058305555e-08 7.1058305555e-08 5.4756746575e-09
 7.1062697779e-08 7.1062697779e-08 3.3919426155e-09
 7.1067597298e-08 7.1067597298e-08 1.9666694346e-09
 7.1073053753e-08 7.1073053753e-08 1.0491004308e-09
 7.1079170991e-08 7.1079170991e-08 4.9734888560e-10
 7.1086091907e-08 7.1086091907e-08 1.9461880518e-10
 7.1094077452e-08 7.1094077452e-08 4.8568425817e-11
 7.1103526277e-08 7.1103526277e-08 -7.0343299150e-12
 7.1109606000e-08 7.1109606000e-08 -1.8385787349e-11
 7.1117270814e-08 7.1117270814e-08 -1.6430240333e-11
 7.1125789032e-08 7.1125789032e-08 -5.8868640856e-12
 7.1136263268e-08 7.1136263268e-08 8.5726024030e-14
 7.1145414706e-08 7.1145414706e-08 1.2366357412e-12
 7.1163717581e-08 7.1163717581e-08 1.3325675642e-12
 7.1179055050e-08 7.1179055050e-08 1.6866402227e-12
 7.1195882216e-08 7.1195882216e-08 1.5432534496e-12
 7.1216479618e-08 7.1216479618e-08 1.4643171452e-12
 7.1237684059e-08 7.1237684059e-08 1.4457370042e-12
 7.1259010802e-08 7.1259010802e-08 1.4468005410e-12
 7.1280749914e-08 7.1280749914e-08 1.4500112335e-12
 7.1302648059e-08 7.1302648059e-08 1.4516316207e-12
 7.1324578509e-08 7.1324578509e-08 1.4520743398e-12
 7.1346568166e-08 7.1346568166e-08 1.4520946940e-12
 7.1368618089e-08 7.1368618089e-08 1.4520450865e-12
 7.1390727264e-08 7.1390727264e-08 1.4520152839e-12
 7.1412912011e-08 7.1412912011e-08 1.4520057765e-12
 7.1435185802e-08 7.1435185802e-08 1.4520047687e-12
 7.1457563985e-08 7.1457563985e-08 1.4520054756e-12
 7.1480065731e-08 7.1480065731e-08 1.4520060335e-12
 7.1502712826e-08 7.1502712826e-08 1.4520062516e-12
 7.1525531579e-08 7.1525531579e-08 1.4520062472e-12
 7.1548556452e-08 7.1548556452e-08 1.4520062313e-12
 7.1571835069e-08 7.1571835069e-08 1.4520062398e-12
 7.1595435969e-08 7.1595435969e-08 1.4520062664e-12
 7.1619460288e-08 7.1619460288e-08 1.4520062617e-12
 7.1644058619e-08 7.1644058619e-08 1.4520062179e-12
 7.1669456373e-08 7.1669456373e-08 1.4520062397e-12
 7.1695992273e-08 7.1695992273e-08 1.4520062126e-12
 7.1724167318e-08 7.1724167318e-08 1.4520062057e-12
 7.1752052052e-08 7.1752052052e-08 1.4520061924e-12
 7.1777272090e-08 7.1777272090e-08 1.4520062458e-12
 7.1800114449e-08 7.1800114449e-08 1.4520061907e-12
 7.1821656461e-08 7.1821656461e-08 1.4520062025e-12
 7.1842340690e-08 7.1842340690e-08 1.4520062829e-12
 7.1862140365e-08 7.1862140365e-08 1.4520061850e-12
 7.1881172132e-08 7.1881172132e-08 1.4520062279e-12
 7.1899672476e-08 7.1899672476e-08 1.4520062376e-12
 7.1917757492e-08 7.1917757492e-08 1.4520061616e-12
 7.1935426038e-08 7.1935426038e-08 1.4520062149e-12
 7.1952674335e-08 7.1952674335e-08 1.4520061930e-12
 7.1969510920e-08 7.1969510920e-08 1.4520063129e-12
 7.1985919354e-08 7.1985919354e-08 1.4520062597e-12
 7.2000000000e-08 7.2000000000e-08 1.4520062702e-12
 7.2001824515e-08 7.2001824515e-08 1.4520060770e-12
 7.2005266589e-08 7.2005266589e-08 1.4520062952e-12
 7.2009660264e-08 7.2009660264e-08 1.4520059978e-12
 7.2013312692e-08 7.2013312692e-08 1.4520062176e-12
 7.2020617548e-08 7.2020617548e-08 1.4520058917e-12
 7.2035227261e-08 7.2035227261e-08 1.4520060894e-12
 7.2064446685e-08 7.2064446685e-08 1.4520061111e-12
 7.2122885535e-08 7.2122885535e-08 1.4520061977e-12
 7.2239763235e-08 7.2239763235e-08 1.4520062007e-12
 7.2473518635e-08 7.2473518635e-08 1.4520062160e-12
 7.2941029434e-08 7.2941029434e-08 1.4520062218e-12
 7.3876051033e-08 7.3876051033e-08 1.4520062247e-12
 7.4876051033e-08 7.4876051033e-08 1.4520062280e-12
 7.5876051033e-08 7.5876051033e-08 1.4520062286e-12
 7.6876051033e-08 7.6876051033e-08 1.4520062288e-12
 7.7876051033e-08 7.7876051033e-08 1.4520062288e-12
 7.8876051033e-08 7.8876051033e-08 1.4520062288e-12
 7.9438025516e-08 7.9438025516e-08 1.4520062274e-12
 8.0000000000e-08 8.0000000000e-08 1.4520062272e-12
 8.0003136440e-08 8.0003136440e-08 -3.9760463771e-06
 8.0009409319e-08 8.0009409319e-08 -5.3703649706e-06
 8.0011290278e-08 8.0011290278e-08 -5.6309001153e-06
 8.0014576918e-08 8.0014576918e-08 -5.9658755655e-06
 8.0021150197e-08 8.0021150197e-08 -6.3511366989e-06
 8.0030960173e-08 8.0030960173e-08 -6.5673931839e-06
 8.0036478726e-08 8.0036478726e-08 -6.5849128875e-06
 8.0047515832e-08 8.0047515832e-08 -6.5575417138e-06
 8.0056272328e-08 8.0056272328e-08 -6.5119220630e-06
 8.0067813586e-08 8.0067813586e-08 -6.4427979216e-06
 8.0077845130e-08 8.0077845130e-08 -6.3775919527e-06
 8.0086597700e-08 8.0086597700e-08 -6.3167127074e-06
 8.0104102839e-08 8.0104102839e-08 -6.1840082290e-06
 8.0116786721e-08 8.0116786721e-08 -6.0737147134e-06
 8.0126158231e-08 8.0126158231e-08 -5.9832408800e-06
 8.0144901250e-08 8.0144901250e-08 -5.7834136244e-06
 8.0161479071e-08 8.0161479071e-08 -5.5788994681e-06
 8.0173792943e-08 8.0173792943e-08 -5.4073630577e-06
 8.0187085579e-08 8.0187085579e-08 -5.2053178446e-06
 8.0201176743e-08 8.0201176743e-08 -4.9714813744e-06
 8.0214411157e-08 8.0214411157e-08 -4.7333561022e-06
 8.0227097293e-08 8.0227097293e-08 -4.4897892863e-06
 8.0239502147e-08 8.0239502147e-08 -4.2397857279e-06
 8.0251593664e-08 8.0251593664e-08 -3.9887642403e-06
 8.0263429116e-08 8.0263429116e-08 -3.7414031395e-06
 8.0275085359e-08 8.0275085359e-08 -3.5025019237e-06
 8.0286597072e-08 8.0286597072e-08 -3.2775966710e-06
 8.0297989282e-08 8.0297989282e-08 -3.0596360947e-06
 8.0303885718e-08 8.0303885718e-08 -2.9313791194e-06
 8.0309983630e-08 8.0309983630e-08 -2.7791888059e-06
 8.0315532876e-08 8.0315532876e-08 -2.6221954968e-06
 8.0321297667e-08 8.0321297667e-08 -2.4390335326e-06
 8.0327140175e-08 8.0327140175e-08 -2.2310702842e-06
 8.0333239355e-08 8.0333239355e-08 -1.9882949552e-06
 8.0339681441e-08 8.0339681441e-08 -1.7008077847e-06
 8.0346763027e-08 8.0346763027e-08 -1.3434683107e-06
 8.0354336795e-08 8.0354336795e-08 -9.0379578414e-07
 8.0360980107e-08 8.0360980107e-08 -4.5203834024e-07
 8.0366394689e-08 8.0366394689e-08 -1.7729358752e-08
 8.0370190310e-08 8.0370190310e-08 3.5428706157e-07
 8.0377781553e-08 8.0377781553e-08 1.3819466301e-06
 8.0380899225e-08 8.0380899225e-08 1.6250244432e-06
 8.0387134569e-08 8.0387134569e-08 2.0611832315e-06
 8.0394618285e-08 8.0394618285e-08 2.6723845540e-06
 8.0401644862e-08 8.0401644862e-08 3.2810067187e-06
 8.0408015607e-08 8.0408015607e-08 3.8516927299e-06
 8.0414787283e-08 8.0414787283e-08 4.4775882578e-06
 8.0421340900e-08 8.0421340900e-08 5.0988616221e-06
 8.0428005939e-08 8.0428005939e-08 5.7446829739e-06
 8.0433686014e-08 8.0433686014e-08 6.3030582700e-06
 8.0438652320e-08 8.0438652320e-08 6.7972862142e-06
 8.0448584931e-08 8.0448584931e-08 7.8113863803e-06
 8.0451132046e-08 8.0451132046e-08 8.0624191651e-06
 8.0456226275e-08 8.0456226275e-08 8.5658530582e-06
 8.0457499832e-08 8.0457499832e-08 8.5877524941e-06
 8.0460046946e-08 8.0460046946e-08 8.3707719150e-06
 8.0463663843e-08 8.0463663843e-08 7.5360891839e-06
 8.0466858186e-08 8.0466858186e-08 6.4340723297e-06
 8.0470292450e-08 8.0470292450e-08 5.0662129792e-06
 8.0474278546e-08 8.0474278546e-08 3.4780122655e-06
 8.0479896124e-08 8.0479896124e-08 1.5622676534e-06
 8.0486231775e-08 8.0486231775e-08 4.1917948262e-08
 8.0491045469e-08 8.0491045469e-08 -6.7460317084e-07
 8.0495619556e-08 8.0495619556e-08 -1.0965204064e-06
 8.0500000000e-08 8.0500000000e-08 -1.3415524560e-06
 8.0502033981e-08 8.0502033981e-08 6.2769249785e-07
 8.0504011230e-08 8.0504011230e-08 5.1211911577e-07
 8.0506096110e-08 8.0506096110e-08 4.0130043711e-07
 8.0508339339e-08 8.0508339339e-08 3.0990336301e-07
 8.0512825796e-08 8.0512825796e-08 1.8316726668e-07
 8.0519899044e-08 8.0519899044e-08 7.6127260921e-08
 8.0526174010e-08 8.0526174010e-08 3.6070486390e-08
 8.0532614431e-08 8.0532614431e-08 2.0598294616e-08
 8.0538720194e-08 8.0538720194e-08 1.6331599535e-08
 8.0543563803e-08 8.0543563803e-08 1.5908070512e-08
 8.0547431202e-08 8.0547431202e-08 1.6200466282e-08
 8.0550910186e-08 8.0550910186e-08 1.6537985486e-08
 8.0554532951e-08 8.0554532951e-08 1.6829392713e-08
 8.0558951566e-08 8.0558951566e-08 1.7075894384e-08
 8.0564949781e-08 8.0564949781e-08 1.7269883099e-08
 8.0569830310e-08 8.0569830310e-08 1.7349772057e-08
 8.0574651985e-08 8.0574651985e-08 1.7389990712e-08
 8.0579672445e-08 8.0579672445e-08 1.7410413533e-08
 8.0585251596e-08 8.0585251596e-08 1.7420634613e-08
 8.0590192049e-08 8.0590192049e-08 1.7424259392e-08
 8.0595701798e-08 8.0595701798e-08 1.7425779450e-08
 8.0602028549e-08 8.0602028549e-08 1.7426280516e-08
 8.0609179514e-08 8.0609179514e-08 1.7426328586e-08
 8.0612762131e-08 8.0612762131e-08 1.7426268762e-08
 8.0617488560e-08 8.0617488560e-08 1.7426193602e-08
 8.0620955908e-08 8.0620955908e-08 1.7426151842e-08
 8.0624280501e-08 8.0624280501e-08 1.7426123166e-08
 8.0628329195e-08 8.0628329195e-08 1.7426099940e-08
 8.0632903997e-08 8.0632903997e-08 1.7426084136e-08
 8.0637825812e-08 8.0637825812e-08 1.7426074734e-08
 8.0642142350e-08 8.0642142350e-08 1.7426070387e-08
 8.0646389843e-08 8.0646389843e-08 1.7426068092e-08
 8.0650868632e-08 8.0650868632e-08 1.7426066814e-08
 8.0655805140e-08 8.0655805140e-08 1.7426066107e-08
 8.0661506169e-08 8.0661506169e-08 1.7426065733e-08
 8.0668304882e-08 8.0668304882e-08 1.7426065561e-08
 8.0676658444e-08 8.0676658444e-08 1.7426065505e-08
 8.0687276649e-08 8.0687276649e-08 1.7426065504e-08
 8.0694896303e-08 8.0694896303e-08 1.7426065516e-08
 8.0710135610e-08 8.0710135610e-08 1.7426065530e-08
 8.0723056831e-08 8.0723056831e-08 1.7426065534e-08
 8.0737042578e-08 8.0737042578e-08 1.7426065535e-08
 8.0756229706e-08 8.0756229706e-08 1.7426065535e-08
 8.0776720792e-08 8.0776720792e-08 1.7426065534e-08
 8.0797491539e-08 8.0797491539e-08 1.7426065534e-08
 8.0818950967e-08 8.0818950967e-08 1.7426065534e-08
 8.0840794565e-08 8.0840794565e-08 1.7426065534e-08
 8.0862810126e-08 8.0862810126e-08 1.7426065534e-08
 8.0885023768e-08 8.0885023768e-08 1.7426065534e-08
 8.0907444449e-08 8.0907444449e-08 1.7426065534e-08
 8.0930076461e-08 8.0930076461e-08 1.7426065534e-08
 8.0952954096e-08 8.0952954096e-08 1.7426065534e-08
 8.0976122430e-08 8.0976122430e-08 1.7426065534e-08
 8.0988061215e-08 8.0988061215e-08 1.7426065534e-08
 8.1000000000e-08 8.1000000000e-08 1.7426065534e-08
 8.1002636103e-08 8.1002636103e-08 1.7426065534e-08
 8.1006279056e-08 8.1006279056e-08 1.7426065534e-08
 8.1011016962e-08 8.1011016962e-08 1.7426065534e-08
 8.1015501371e-08 8.1015501371e-08 1.7426065534e-08
 8.1024470190e-08 8.1024470190e-08 1.7426065534e-08
 8.1042407827e-08 8.1042407827e-08 1.7426065534e-08
 8.1078283102e-08 8.1078283102e-08 1.7426065534e-08
 8.1150033651e-08 8.1150033651e-08 1.7426065534e-08
 8.1293534749e-08 8.1293534749e-08 1.7426065534e-08
 8.1580536946e-08 8.1580536946e-08 1.7426065534e-08
 8.2154541340e-08 8.2154541340e-08 1.7426065534e-08
 8.3154541340e-08 8.3154541340e-08 1.7426065534e-08
 8.4154541340e-08 8.4154541340e-08 1.7426065534e-08
 8.5154541340e-08 8.5154541340e-08 1.7426065534e-08
 8.6154541340e-08 8.6154541340e-08 1.7426065534e-08
 8.7154541340e-08 8.7154541340e-08 1.7426065534e-08
 8.8154541340e-08 8.8154541340e-08 1.7426065534e-08
 8.9154541340e-08 8.9154541340e-08 1.7426065534e-08
 8.9827270670e-08 8.9827270670e-08 1.7426065534e-08
 9.0500000000e-08 9.0500000000e-08 1.7426065534e-08
 9.0503252371e-08 9.0503252371e-08 2.0232445893e-06
 9.0509757112e-08 9.0509757112e-08 1.8809247092e-06
 9.0513637729e-08 9.0513637729e-08 1.8316826321e-06
 9.0517770068e-08 9.0517770068e-08 1.8051094254e-06
 9.0526034745e-08 9.0526034745e-08 1.7893172391e-06
 9.0538511293e-08 9.0538511293e-08 1.8121263567e-06
 9.0549142668e-08 9.0549142668e-08 1.8585900605e-06
 9.0560070553e-08 9.0560070553e-08 1.9242097260e-06
 9.0571566364e-08 9.0571566364e-08 2.0134326998e-06
 9.0582911905e-08 9.0582911905e-08 2.1275769054e-06
 9.0594150066e-08 9.0594150066e-08 2.2740674739e-06
 9.0605372845e-08 9.0605372845e-08 2.4642740109e-06
 9.0616537124e-08 9.0616537124e-08 2.7109165145e-06
 9.0626773811e-08 9.0626773811e-08 3.0018352326e-06
 9.0635962487e-08 9.0635962487e-08 3.3278066744e-06
 9.0643955299e-08 9.0643955299e-08 3.6697544696e-06
 9.0651608292e-08 9.0651608292e-08 4.0543118229e-06
 9.0658926589e-08 9.0658926589e-08 4.4785315827e-06
 9.0666166830e-08 9.0666166830e-08 4.9546404304e-06
 9.0673490512e-08 9.0673490512e-08 5.4927395267e-06
 9.0681256137e-08 9.0681256137e-08 6.1203820335e-06
 9.0689899211e-08 9.0689899211e-08 6.8726415859e-06
 9.0697440575e-08 9.0697440575e-08 7.5488711288e-06
 9.0709943046e-08 9.0709943046e-08 8.7197270842e-06
 9.0719427353e-08 9.0719427353e-08 9.7032489329e-06
 9.0731091461e-08 9.0731091461e-08 1.0971308483e-05
 9.0741569741e-08 9.0741569741e-08 1.2142473153e-05
 9.0752473018e-08 9.0752473018e-08 1.3373121384e-05
 9.0763881675e-08 9.0763881675e-08 1.4651220820e-05
 9.0775345457e-08 9.0775345457e-08 1.5902117083e-05
 9.0786938491e-08 9.0786938491e-08 1.7111056483e-05
 9.0797607672e-08 9.0797607672e-08 1.8154602302e-05
 9.0806956824e-08 9.0806956824e-08 1.9000723449e-05
 9.0815076321e-08 9.0815076321e-08 1.9673766329e-05
 9.0822525342e-08 9.0822525342e-08 2.0231917708e-05
 9.0829170401e-08 9.0829170401e-08 2.0672206452e-05
 9.0835001857e-08 9.0835001857e-08 2.1002691281e-05
 9.0839906325e-08 9.0839906325e-08 2.1226715327e-05
 9.0849715259e-08 9.0849715259e-08 2.1414159315e-05
 9.0852032434e-08 9.0852032434e-08 2.1353795738e-05
 9.0856666785e-08 9.0856666785e-08 2.1029626888e-05
 9.0864526357e-08 9.0864526357e-08 1.9702777692e-05
 9.0871047234e-08 9.0871047234e-08 1.7987825151e-05
 9.0877320232e-08 9.0877320232e-08 1.6175140994e-05
 9.0884663643e-08 9.0884663643e-08 1.4192378959e-05
 9.0892032365e-08 9.0892032365e-08 1.2460697620e-05
 9.0898525915e-08 9.0898525915e-08 1.1162238794e-05
 9.0904974048e-08 9.0904974048e-08 1.0091972553e-05
 9.0911850636e-08 9.0911850636e-08 9.1821631787e-06
 9.0919596821e-08 9.0919596821e-08 8.4108423883e-06
 9.0923591363e-08 9.0923591363e-08 8.1112841481e-06
 9.0931580448e-08 9.0931580448e-08 7.6605948181e-06
 9.0941145815e-08 9.0941145815e-08 7.3148872212e-06
 9.0948491435e-08 9.0948491435e-08 7.1596785659e-06
 9.0955651248e-08 9.0955651248e-08 7.0712407011e-06
 9.0963304750e-08 9.0963304750e-08 7.0198241370e-06
 9.0971622862e-08 9.0971622862e-08 6.9941239568e-06
 9.0976215089e-08 9.0976215089e-08 6.9891180097e-06
 9.0980894075e-08 9.0980894075e-08 6.9880696661e-06
 9.0985285011e-08 9.0985285011e-08 6.9892299422e-06
 9.0990140748e-08 9.0990140748e-08 6.9919382575e-06
 9.0995805958e-08 9.0995805958e-08 6.9962083064e-06
 9.1000000000e-08 9.1000000000e-08 6.9997978706e-06
 9.1001705924e-08 9.1001705924e-08 2.4471450283e-06
 9.1003602645e-08 9.1003602645e-08 2.0305877053e-06
 9.1005541240e-08 9.1005541240e-08 1.6846365220e-06
 9.1007553998e-08 9.1007553998e-08 1.3813558923e-06
 9.1011579513e-08 9.1011579513e-08 9.2004364351e-07
 9.1017789719e-08 9.1017789719e-08 4.7136740824e-07
 9.1022819381e-08 9.1022819381e-08 2.6719859841e-07
 9.1027387664e-08 9.1027387664e-08 1.5883051303e-07
 9.1031655528e-08 9.1031655528e-08 9.8000131146e-08
 9.1035305359e-08 9.1035305359e-08 6.5439230046e-08
 9.1038494199e-08 9.1038494199e-08 4.6421699672e-08
 9.1041582269e-08 9.1041582269e-08 3.3500573971e-08
 9.1045201287e-08 9.1045201287e-08 2.2881107503e-08
 9.1050700119e-08 9.1050700119e-08 1.2556643314e-08
 9.1054566301e-08 9.1054566301e-08 8.2151926675e-09
 9.1058305608e-08 9.1058305608e-08 5.4756080167e-09
 9.1062697831e-08 9.1062697831e-08 3.3918998582e-09
 9.1067597351e-08 9.1067597351e-08 1.9666436325e-09
 9.1073053811e-08 9.1073053811e-08 1.0490856199e-09
 9.1079171058e-08 9.1079171058e-08 4.9734091544e-10
 9.1086091986e-08 9.1086091986e-08 1.9461498631e-10
 9.1094077547e-08 9.1094077547e-08 4.8566946762e-11
 9.1103526394e-08 9.1103526394e-08 -7.0346507319e-12
 9.1109606133e-08 9.1109606133e-08 -1.8386133994e-11
 9.1117270971e-08 9.1117270971e-08 -1.6430073113e-11
 9.1125789221e-08 9.1125789221e-08 -5.8867204006e-12
 9.1136263502e-08 9.1136263502e-08 8.5795233464e-14
 9.1145414980e-08 9.1145414980e-08 1.2366331735e-12
 9.1163717934e-08 9.1163717934e-08 1.3325715453e-12
 9.1179055494e-08 9.1179055494e-08 1.6866391972e-12
 9.1195882784e-08 9.1195882784e-08 1.5432518217e-12
 9.1216480229e-08 9.1216480229e-08 1.4643165234e-12
 9.1237684686e-08 9.1237684686e-08 1.4457367807e-12
 9.1259011445e-08 9.1259011445e-08 1.4468005916e-12
 9.1280750565e-08 9.1280750565e-08 1.4500113205e-12
 9.1302648713e-08 9.1302648713e-08 1.4516316268e-12
 9.1324579165e-08 9.1324579165e-08 1.4520742796e-12
 9.1346568824e-08 9.1346568824e-08 1.4520945957e-12
 9.1368618749e-08 9.1368618749e-08 1.4520450727e-12
 9.1390727926e-08 9.1390727926e-08 1.4520153310e-12
 9.1412912676e-08 9.1412912676e-08 1.4520057834e-12
 9.1435186470e-08 9.1435186470e-08 1.4520047546e-12
 9.1457564656e-08 9.1457564656e-08 1.4520055007e-12
 9.1480066406e-08 9.1480066406e-08 1.4520060910e-12
 9.1502713506e-08 9.1502713506e-08 1.4520063015e-12
 9.1525532264e-08 9.1525532264e-08 1.4520062347e-12
 9.1548557145e-08 9.1548557145e-08 1.4520062403e-12
 9.1571835770e-08 9.1571835770e-08 1.4520062302e-12
 9.1595436680e-08 9.1595436680e-08 1.4520062123e-12
 9.1619461014e-08 9.1619461014e-08 1.4520061854e-12
 9.1644059366e-08 9.1644059366e-08 1.4520062244e-12
 9.1669457147e-08 9.1669457147e-08 1.4520062406e-12
 9.1695993088e-08 9.1695993088e-08 1.4520062806e-12
 9.1724168192e-08 9.1724168192e-08 1.4520062420e-12
 9.1752052862e-08 9.1752052862e-08 1.4520061843e-12
 9.1777272809e-08 9.1777272809e-08 1.4520062386e-12
 9.1800115114e-08 9.1800115114e-08 1.4520062535e-12
 9.1821657099e-08 9.1821657099e-08 1.4520062179e-12
 9.1842341302e-08 9.1842341302e-08 1.4520062269e-12
 9.1862140950e-08 9.1862140950e-08 1.4520062227e-12
 9.1881172698e-08 9.1881172698e-08 1.4520062748e-12
 9.1899673029e-08 9.1899673029e-08 1.4520062326e-12
 9.1917758032e-08 9.1917758032e-08 1.4520062217e-12
 9.1935426565e-08 9.1935426565e-08 1.4520061749e-12
 9.1952674849e-08 9.1952674849e-08 1.4520061687e-12
 9.1969511422e-08 9.1969511422e-08 1.4520061996e-12
 9.1985919842e-08 9.1985919842e-08 1.4520063047e-12
 9.2000000000e-08 9.2000000000e-08 1.4520062126e-12
 9.2001824485e-08 9.2001824485e-08 1.4520060863e-12
 9.2005266521e-08 9.2005266521e-08 1.4520063119e-12
 9.2009660106e-08 9.2009660106e-08 1.4520060558e-12
 9.2013312474e-08 9.2013312474e-08 1.4520062839e-12
 9.2020617209e-08 9.2020617209e-08 1.4520062764e-12
 9.2035226680e-08 9.2035226680e-08 1.4520063315e-12
 9.2064445621e-08 9.2064445621e-08 1.4520062485e-12
 9.2122883504e-08 9.2122883504e-08 1.4520062413e-12
 9.2239759270e-08 9.2239759270e-08 1.4520062395e-12
 9.2473510801e-08 9.2473510801e-08 1.4520062342e-12
 9.2941013863e-08 9.2941013863e-08 1.4520062315e-12
 9.3876019987e-08 9.3876019987e-08 1.4520062301e-12
 9.4876019987e-08 9.4876019987e-08 1.4520062293e-12
 9.5876019987e-08 9.5876019987e-08 1.4520062288e-12
 9.6876019987e-08 9.6876019987e-08 1.4520062288e-12
 9.7876019987e-08 9.7876019987e-08 1.4520062288e-12
 9.8876019987e-08 9.8876019987e-08 1.4520062288e-12
 9.9438009993e-08 9.9438009993e-08 1.4520062285e-12
 1.0000000000e-07 1.0000000000e-07 1.4520062286e-12
