Title: * mosfet ac analysis circuit
Date: Tue Jul 28 20:29:58  2026
Command: ngspice-46+, Build Wed Apr  8 07:34:31 UTC 2026
Plotname: Transient Analysis
Flags: real
No. Variables: 6
No. Points: 576
Variables:
	0	time	time
	1	v(gate_3)	voltage
	2	i(vgq)	current
	3	i(vdq)	current
	4	i(vsq)	current
	5	i(vbq)	current
Values:
 0	0.000000000000000e+00
	0.000000000000000e+00
	0.000000000000000e+00
	-2.983601065010893e-05
	2.983601064100228e-05
	9.106652252817404e-15

 1	1.000000000000000e-13
	0.000000000000000e+00
	3.350762360679479e-19
	-2.983601065011262e-05
	2.983601064100223e-05
	9.105745930077715e-15

 2	2.000000000000000e-13
	0.000000000000000e+00
	1.820069353435881e-19
	-2.983601065010618e-05
	2.983601064099690e-05
	9.104457438165546e-15

 3	4.000000000000000e-13
	0.000000000000000e+00
	-3.930096964022489e-18
	-2.983601065010736e-05
	2.983601064099745e-05
	9.104647525412605e-15

 4	8.000000000000000e-13
	0.000000000000000e+00
	1.591868920068995e-18
	-2.983601065010709e-05
	2.983601064099699e-05
	9.106275331956528e-15

 5	1.600000000000000e-12
	0.000000000000000e+00
	-4.170328965256245e-20
	-2.983601065010801e-05
	2.983601064100011e-05
	9.107171367339669e-15

 6	3.200000000000000e-12
	0.000000000000000e+00
	-2.588482867247574e-20
	-2.983601065010810e-05
	2.983601064100101e-05
	9.106796666591723e-15

 7	6.400000000000000e-12
	0.000000000000000e+00
	-1.497671535263788e-20
	-2.983601065010814e-05
	2.983601064100181e-05
	9.106530039217349e-15

 8	1.280000000000000e-11
	0.000000000000000e+00
	-7.122667087315176e-21
	-2.983601065010870e-05
	2.983601064100199e-05
	9.106650406708740e-15

 9	2.280000000000000e-11
	0.000000000000000e+00
	-3.215248369840027e-20
	-2.983601065010885e-05
	2.983601064100213e-05
	9.106676953935695e-15

 10	3.280000000000000e-11
	0.000000000000000e+00
	1.067181039781228e-20
	-2.983601065010888e-05
	2.983601064100214e-05
	9.106662637482147e-15

 11	4.280000000000000e-11
	0.000000000000000e+00
	1.067106434828978e-20
	-2.983601065010888e-05
	2.983601064100214e-05
	9.106662404286481e-15

 12	5.279999999999999e-11
	0.000000000000000e+00
	1.067123197928772e-20
	-2.983601065010888e-05
	2.983601064100214e-05
	9.106662454967965e-15

 13	6.279999999999999e-11
	0.000000000000000e+00
	1.067123268058506e-20
	-2.983601065010888e-05
	2.983601064100214e-05
	9.106662455373787e-15

 14	7.280000000000000e-11
	0.000000000000000e+00
	1.067123260796364e-20
	-2.983601065010888e-05
	2.983601064100214e-05
	9.106662455331764e-15

 15	8.280000000000000e-11
	0.000000000000000e+00
	1.067123260602230e-20
	-2.983601065010888e-05
	2.983601064100214e-05
	9.106662455330639e-15

 16	9.280000000000001e-11
	0.000000000000000e+00
	1.067123260615172e-20
	-2.983601065010888e-05
	2.983601064100214e-05
	9.106662455330713e-15

 17	1.028000000000000e-10
	0.000000000000000e+00
	1.067123260615480e-20
	-2.983601065010888e-05
	2.983601064100214e-05
	9.106662455330716e-15

 18	1.128000000000000e-10
	0.000000000000000e+00
	1.067123260615480e-20
	-2.983601065010888e-05
	2.983601064100214e-05
	9.106662455330716e-15

 19	1.228000000000000e-10
	0.000000000000000e+00
	1.067123260615480e-20
	-2.983601065010888e-05
	2.983601064100214e-05
	9.106662455330716e-15

 20	1.328000000000000e-10
	0.000000000000000e+00
	1.067123260615480e-20
	-2.983601065010888e-05
	2.983601064100214e-05
	9.106662455330716e-15

 21	1.428000000000000e-10
	0.000000000000000e+00
	1.067123260615480e-20
	-2.983601065010888e-05
	2.983601064100214e-05
	9.106662455330716e-15

 22	1.528000000000000e-10
	0.000000000000000e+00
	1.067123260615480e-20
	-2.983601065010888e-05
	2.983601064100214e-05
	9.106662455330716e-15

 23	1.628000000000000e-10
	0.000000000000000e+00
	1.067123260615480e-20
	-2.983601065010888e-05
	2.983601064100214e-05
	9.106662455330716e-15

 24	1.728000000000000e-10
	0.000000000000000e+00
	1.067123260615480e-20
	-2.983601065010888e-05
	2.983601064100214e-05
	9.106662455330716e-15

 25	1.828000000000000e-10
	0.000000000000000e+00
	1.067123260615480e-20
	-2.983601065010888e-05
	2.983601064100214e-05
	9.106662455330716e-15

 26	1.927999999999999e-10
	0.000000000000000e+00
	1.067123260615480e-20
	-2.983601065010888e-05
	2.983601064100214e-05
	9.106662455330716e-15

 27	2.027999999999999e-10
	0.000000000000000e+00
	1.067123260615480e-20
	-2.983601065010888e-05
	2.983601064100214e-05
	9.106662455330716e-15

 28	2.127999999999999e-10
	0.000000000000000e+00
	1.067123260615480e-20
	-2.983601065010888e-05
	2.983601064100214e-05
	9.106662455330716e-15

 29	2.227999999999999e-10
	0.000000000000000e+00
	1.067123260615480e-20
	-2.983601065010888e-05
	2.983601064100214e-05
	9.106662455330716e-15

 30	2.327999999999999e-10
	0.000000000000000e+00
	1.067123260615480e-20
	-2.983601065010888e-05
	2.983601064100214e-05
	9.106662455330716e-15

 31	2.427999999999999e-10
	0.000000000000000e+00
	1.067123260615480e-20
	-2.983601065010888e-05
	2.983601064100214e-05
	9.106662455330716e-15

 32	2.527999999999999e-10
	0.000000000000000e+00
	1.067123260615480e-20
	-2.983601065010888e-05
	2.983601064100214e-05
	9.106662455330716e-15

 33	2.628000000000000e-10
	0.000000000000000e+00
	1.067123260615480e-20
	-2.983601065010888e-05
	2.983601064100214e-05
	9.106662455330716e-15

 34	2.728000000000000e-10
	0.000000000000000e+00
	1.067123260615480e-20
	-2.983601065010888e-05
	2.983601064100214e-05
	9.106662455330716e-15

 35	2.828000000000000e-10
	0.000000000000000e+00
	1.067123260615480e-20
	-2.983601065010888e-05
	2.983601064100214e-05
	9.106662455330716e-15

 36	2.928000000000000e-10
	0.000000000000000e+00
	1.067123260615480e-20
	-2.983601065010888e-05
	2.983601064100214e-05
	9.106662455330716e-15

 37	3.028000000000000e-10
	0.000000000000000e+00
	1.067123260615480e-20
	-2.983601065010888e-05
	2.983601064100214e-05
	9.106662455330716e-15

 38	3.128000000000000e-10
	0.000000000000000e+00
	1.067123260615480e-20
	-2.983601065010888e-05
	2.983601064100214e-05
	9.106662455330716e-15

 39	3.228000000000001e-10
	0.000000000000000e+00
	1.067123260615480e-20
	-2.983601065010888e-05
	2.983601064100214e-05
	9.106662455330716e-15

 40	3.328000000000001e-10
	0.000000000000000e+00
	1.067123260615480e-20
	-2.983601065010888e-05
	2.983601064100214e-05
	9.106662455330716e-15

 41	3.428000000000001e-10
	0.000000000000000e+00
	1.067123260615480e-20
	-2.983601065010888e-05
	2.983601064100214e-05
	9.106662455330716e-15

 42	3.528000000000001e-10
	0.000000000000000e+00
	1.067123260615480e-20
	-2.983601065010888e-05
	2.983601064100214e-05
	9.106662455330716e-15

 43	3.628000000000001e-10
	0.000000000000000e+00
	1.067123260615480e-20
	-2.983601065010888e-05
	2.983601064100214e-05
	9.106662455330716e-15

 44	3.728000000000001e-10
	0.000000000000000e+00
	1.067123260615480e-20
	-2.983601065010888e-05
	2.983601064100214e-05
	9.106662455330716e-15

 45	3.828000000000002e-10
	0.000000000000000e+00
	1.067123260615480e-20
	-2.983601065010888e-05
	2.983601064100214e-05
	9.106662455330716e-15

 46	3.928000000000002e-10
	0.000000000000000e+00
	1.067123260615480e-20
	-2.983601065010888e-05
	2.983601064100214e-05
	9.106662455330716e-15

 47	4.028000000000002e-10
	0.000000000000000e+00
	1.067123260615480e-20
	-2.983601065010888e-05
	2.983601064100214e-05
	9.106662455330716e-15

 48	4.128000000000002e-10
	0.000000000000000e+00
	1.067123260615480e-20
	-2.983601065010888e-05
	2.983601064100214e-05
	9.106662455330716e-15

 49	4.228000000000002e-10
	0.000000000000000e+00
	1.067123260615480e-20
	-2.983601065010888e-05
	2.983601064100214e-05
	9.106662455330716e-15

 50	4.328000000000003e-10
	0.000000000000000e+00
	1.067123260615480e-20
	-2.983601065010888e-05
	2.983601064100214e-05
	9.106662455330716e-15

 51	4.428000000000003e-10
	0.000000000000000e+00
	1.067123260615480e-20
	-2.983601065010888e-05
	2.983601064100214e-05
	9.106662455330716e-15

 52	4.528000000000003e-10
	0.000000000000000e+00
	1.067123260615480e-20
	-2.983601065010888e-05
	2.983601064100214e-05
	9.106662455330716e-15

 53	4.628000000000003e-10
	0.000000000000000e+00
	1.067123260615480e-20
	-2.983601065010888e-05
	2.983601064100214e-05
	9.106662455330716e-15

 54	4.728000000000003e-10
	0.000000000000000e+00
	1.067123260615480e-20
	-2.983601065010888e-05
	2.983601064100214e-05
	9.106662455330716e-15

 55	4.828000000000002e-10
	0.000000000000000e+00
	1.067123260615480e-20
	-2.983601065010888e-05
	2.983601064100214e-05
	9.106662455330716e-15

 56	4.928000000000002e-10
	0.000000000000000e+00
	1.067123260615480e-20
	-2.983601065010888e-05
	2.983601064100214e-05
	9.106662455330716e-15

 57	5.028000000000002e-10
	0.000000000000000e+00
	1.067123260615480e-20
	-2.983601065010888e-05
	2.983601064100214e-05
	9.106662455330716e-15

 58	5.128000000000001e-10
	0.000000000000000e+00
	1.067123260615480e-20
	-2.983601065010888e-05
	2.983601064100214e-05
	9.106662455330716e-15

 59	5.228000000000001e-10
	0.000000000000000e+00
	1.067123260615480e-20
	-2.983601065010888e-05
	2.983601064100214e-05
	9.106662455330716e-15

 60	5.328000000000001e-10
	0.000000000000000e+00
	1.067123260615480e-20
	-2.983601065010888e-05
	2.983601064100214e-05
	9.106662455330716e-15

 61	5.428000000000000e-10
	0.000000000000000e+00
	1.067123260615480e-20
	-2.983601065010888e-05
	2.983601064100214e-05
	9.106662455330716e-15

 62	5.528000000000000e-10
	0.000000000000000e+00
	1.067123260615480e-20
	-2.983601065010888e-05
	2.983601064100214e-05
	9.106662455330716e-15

 63	5.628000000000000e-10
	0.000000000000000e+00
	1.067123260615480e-20
	-2.983601065010888e-05
	2.983601064100214e-05
	9.106662455330716e-15

 64	5.727999999999999e-10
	0.000000000000000e+00
	1.067123260615480e-20
	-2.983601065010888e-05
	2.983601064100214e-05
	9.106662455330716e-15

 65	5.827999999999999e-10
	0.000000000000000e+00
	1.067123260615480e-20
	-2.983601065010888e-05
	2.983601064100214e-05
	9.106662455330716e-15

 66	5.927999999999999e-10
	0.000000000000000e+00
	1.067123260615480e-20
	-2.983601065010888e-05
	2.983601064100214e-05
	9.106662455330716e-15

 67	6.027999999999998e-10
	0.000000000000000e+00
	1.067123260615480e-20
	-2.983601065010888e-05
	2.983601064100214e-05
	9.106662455330716e-15

 68	6.127999999999998e-10
	0.000000000000000e+00
	1.067123260615480e-20
	-2.983601065010888e-05
	2.983601064100214e-05
	9.106662455330716e-15

 69	6.227999999999998e-10
	0.000000000000000e+00
	1.067123260615480e-20
	-2.983601065010888e-05
	2.983601064100214e-05
	9.106662455330716e-15

 70	6.327999999999997e-10
	0.000000000000000e+00
	1.067123260615480e-20
	-2.983601065010888e-05
	2.983601064100214e-05
	9.106662455330716e-15

 71	6.427999999999997e-10
	0.000000000000000e+00
	1.067123260615480e-20
	-2.983601065010888e-05
	2.983601064100214e-05
	9.106662455330716e-15

 72	6.527999999999996e-10
	0.000000000000000e+00
	1.067123260615480e-20
	-2.983601065010888e-05
	2.983601064100214e-05
	9.106662455330716e-15

 73	6.627999999999996e-10
	0.000000000000000e+00
	1.067123260615480e-20
	-2.983601065010888e-05
	2.983601064100214e-05
	9.106662455330716e-15

 74	6.727999999999996e-10
	0.000000000000000e+00
	1.067123260615480e-20
	-2.983601065010888e-05
	2.983601064100214e-05
	9.106662455330716e-15

 75	6.827999999999995e-10
	0.000000000000000e+00
	1.067123260615480e-20
	-2.983601065010888e-05
	2.983601064100214e-05
	9.106662455330716e-15

 76	6.927999999999995e-10
	0.000000000000000e+00
	1.067123260615480e-20
	-2.983601065010888e-05
	2.983601064100214e-05
	9.106662455330716e-15

 77	7.027999999999995e-10
	0.000000000000000e+00
	1.067123260615480e-20
	-2.983601065010888e-05
	2.983601064100214e-05
	9.106662455330716e-15

 78	7.127999999999994e-10
	0.000000000000000e+00
	1.067123260615480e-20
	-2.983601065010888e-05
	2.983601064100214e-05
	9.106662455330716e-15

 79	7.227999999999994e-10
	0.000000000000000e+00
	1.067123260615480e-20
	-2.983601065010888e-05
	2.983601064100214e-05
	9.106662455330716e-15

 80	7.327999999999994e-10
	0.000000000000000e+00
	1.067123260615480e-20
	-2.983601065010888e-05
	2.983601064100214e-05
	9.106662455330716e-15

 81	7.427999999999993e-10
	0.000000000000000e+00
	1.067123260615480e-20
	-2.983601065010888e-05
	2.983601064100214e-05
	9.106662455330716e-15

 82	7.527999999999993e-10
	0.000000000000000e+00
	1.067123260615480e-20
	-2.983601065010888e-05
	2.983601064100214e-05
	9.106662455330716e-15

 83	7.627999999999993e-10
	0.000000000000000e+00
	1.067123260615480e-20
	-2.983601065010888e-05
	2.983601064100214e-05
	9.106662455330716e-15

 84	7.727999999999992e-10
	0.000000000000000e+00
	1.067123260615480e-20
	-2.983601065010888e-05
	2.983601064100214e-05
	9.106662455330716e-15

 85	7.827999999999992e-10
	0.000000000000000e+00
	1.067123260615480e-20
	-2.983601065010888e-05
	2.983601064100214e-05
	9.106662455330716e-15

 86	7.927999999999992e-10
	0.000000000000000e+00
	1.067123260615480e-20
	-2.983601065010888e-05
	2.983601064100214e-05
	9.106662455330716e-15

 87	8.027999999999991e-10
	0.000000000000000e+00
	1.067123260615480e-20
	-2.983601065010888e-05
	2.983601064100214e-05
	9.106662455330716e-15

 88	8.127999999999991e-10
	0.000000000000000e+00
	1.067123260615480e-20
	-2.983601065010888e-05
	2.983601064100214e-05
	9.106662455330716e-15

 89	8.227999999999991e-10
	0.000000000000000e+00
	1.067123260615480e-20
	-2.983601065010888e-05
	2.983601064100214e-05
	9.106662455330716e-15

 90	8.327999999999990e-10
	0.000000000000000e+00
	1.067123260615480e-20
	-2.983601065010888e-05
	2.983601064100214e-05
	9.106662455330716e-15

 91	8.427999999999990e-10
	0.000000000000000e+00
	1.067123260615480e-20
	-2.983601065010888e-05
	2.983601064100214e-05
	9.106662455330716e-15

 92	8.527999999999990e-10
	0.000000000000000e+00
	1.067123260615480e-20
	-2.983601065010888e-05
	2.983601064100214e-05
	9.106662455330716e-15

 93	8.627999999999989e-10
	0.000000000000000e+00
	1.067123260615480e-20
	-2.983601065010888e-05
	2.983601064100214e-05
	9.106662455330716e-15

 94	8.727999999999989e-10
	0.000000000000000e+00
	1.067123260615480e-20
	-2.983601065010888e-05
	2.983601064100214e-05
	9.106662455330716e-15

 95	8.827999999999989e-10
	0.000000000000000e+00
	1.067123260615480e-20
	-2.983601065010888e-05
	2.983601064100214e-05
	9.106662455330716e-15

 96	8.927999999999988e-10
	0.000000000000000e+00
	1.067123260615480e-20
	-2.983601065010888e-05
	2.983601064100214e-05
	9.106662455330716e-15

 97	9.027999999999988e-10
	0.000000000000000e+00
	1.067123260615480e-20
	-2.983601065010888e-05
	2.983601064100214e-05
	9.106662455330716e-15

 98	9.127999999999988e-10
	0.000000000000000e+00
	1.067123260615480e-20
	-2.983601065010888e-05
	2.983601064100214e-05
	9.106662455330716e-15

 99	9.227999999999987e-10
	0.000000000000000e+00
	1.067123260615480e-20
	-2.983601065010888e-05
	2.983601064100214e-05
	9.106662455330716e-15

 100	9.327999999999987e-10
	0.000000000000000e+00
	1.067123260615480e-20
	-2.983601065010888e-05
	2.983601064100214e-05
	9.106662455330716e-15

 101	9.427999999999986e-10
	0.000000000000000e+00
	1.067123260615480e-20
	-2.983601065010888e-05
	2.983601064100214e-05
	9.106662455330716e-15

 102	9.527999999999986e-10
	0.000000000000000e+00
	1.067123260615480e-20
	-2.983601065010888e-05
	2.983601064100214e-05
	9.106662455330716e-15

 103	9.627999999999986e-10
	0.000000000000000e+00
	1.067123260615480e-20
	-2.983601065010888e-05
	2.983601064100214e-05
	9.106662455330716e-15

 104	9.727999999999985e-10
	0.000000000000000e+00
	1.067123260615480e-20
	-2.983601065010888e-05
	2.983601064100214e-05
	9.106662455330716e-15

 105	9.827999999999985e-10
	0.000000000000000e+00
	1.067123260615480e-20
	-2.983601065010888e-05
	2.983601064100214e-05
	9.106662455330716e-15

 106	9.913999999999993e-10
	0.000000000000000e+00
	3.117551929976467e-21
	-2.983601065010886e-05
	2.983601064100212e-05
	9.106650399549539e-15

 107	1.000000000000000e-09
	0.000000000000000e+00
	-2.672247228610443e-20
	-2.983601065010882e-05
	2.983601064100209e-05
	9.106638056135618e-15

 108	1.000000113418609e-09
	1.134186091283154e-07
	-1.119591507302758e-05
	-2.490178218029158e-05
	3.609603112901039e-05
	1.666123221595564e-09

 109	1.000000340255827e-09
	3.402558271781512e-07
	-1.120115355565554e-05
	-2.490048715342694e-05
	3.609664238726337e-05
	4.998323876832487e-09

 110	1.000000793930264e-09
	7.939302634846177e-07
	-1.121147449084316e-05
	-2.489799386906263e-05
	3.609780622756519e-05
	1.166213018630660e-08

 111	1.000001701279136e-09
	1.701279135890756e-06
	-1.123149664836527e-05
	-2.489339033211751e-05
	3.609990367064959e-05
	2.498330959382718e-08

 112	1.000003515976881e-09
	3.515976880703032e-06
	-1.126919248127371e-05
	-2.488561341191567e-05
	3.610323637348189e-05
	5.156951901217363e-08

 113	1.000007145372371e-09
	7.145372370534378e-06
	-1.133622600392736e-05
	-2.487499406357281e-05
	3.610691147690837e-05
	1.043085904411711e-07

 114	1.000014404163350e-09
	1.440416335019707e-05
	-1.144358056937520e-05
	-2.486850332562267e-05
	3.610525526371322e-05
	2.068286314673477e-07

 115	1.000028921745310e-09
	2.892174530952246e-05
	-1.158735742570678e-05
	-2.488895695584865e-05
	3.608146937589125e-05
	3.948450055945558e-07

 116	1.000044438204238e-09
	4.443820423748182e-05
	-1.167675011705614e-05
	-2.493327650252700e-05
	3.604275991372746e-05
	5.672667058315231e-07

 117	1.000064940390566e-09
	6.494039056571406e-05
	-1.174378916219878e-05
	-2.499736322255528e-05
	3.599035597886054e-05
	7.507964059043162e-07

 118	1.000087579526522e-09
	8.757952652173529e-05
	-1.178556967751320e-05
	-2.505948161041020e-05
	3.594207658633190e-05
	9.029747015403648e-07

 119	1.000117950974861e-09
	1.179509748608520e-04
	-1.181905499606881e-05
	-2.512298729654171e-05
	3.589753657914484e-05
	1.044505713504128e-06

 120	1.000154767853419e-09
	1.547678534187424e-04
	-1.184327207406054e-05
	-2.517652321238154e-05
	3.586903105636560e-05
	1.150764230042010e-06

 121	1.000204895025202e-09
	2.048950252017618e-04
	-1.186164902701029e-05
	-2.522553377506911e-05
	3.585878469872673e-05
	1.228398103368447e-06

 122	1.000265691497934e-09
	2.656914979335868e-04
	-1.187206623082736e-05
	-2.526693702660009e-05
	3.586992337176705e-05
	1.269079885663835e-06

 123	1.000336520178049e-09
	3.365201780485878e-04
	-1.187661725072169e-05
	-2.530488144336351e-05
	3.589728392791862e-05
	1.284214766151120e-06

 124	1.000428664894708e-09
	4.286648947076794e-04
	-1.187837782880242e-05
	-2.534909427679890e-05
	3.594042229284181e-05
	1.287049812753171e-06

 125	1.000551935343129e-09
	5.519353431292002e-04
	-1.187924114253032e-05
	-2.540653408038148e-05
	3.600078944389588e-05
	1.284985779011117e-06

 126	1.000746012701441e-09
	7.460127014408059e-04
	-1.188077371747165e-05
	-2.549736978268636e-05
	3.609562375702865e-05
	1.282519743119960e-06

 127	1.001110610562297e-09
	1.110610562297153e-03
	-1.188449949388030e-05
	-2.566958340879998e-05
	3.627273080128507e-05
	1.281352101395683e-06

 128	1.001839806284010e-09
	1.839806284009847e-03
	-1.189241879968129e-05
	-2.601649929415045e-05
	3.662794779438912e-05
	1.280970299441806e-06

 129	1.003177072022198e-09
	3.177072022197442e-03
	-1.190687954774025e-05
	-2.665914932532234e-05
	3.728584329590691e-05
	1.280185577155533e-06

 130	1.005851603498573e-09
	5.851603498572631e-03
	-1.193558457547584e-05
	-2.796943383853310e-05
	3.862663680781247e-05
	1.278381606196716e-06

 131	1.009348964357026e-09
	9.348964357025494e-03
	-1.197276187963953e-05
	-2.973304516099419e-05
	4.042975469970882e-05
	1.276052340924511e-06

 132	1.013369201540481e-09
	1.336920154048108e-02
	-1.201497043771079e-05
	-3.183014862164333e-05
	4.257167598718440e-05
	1.273443072169780e-06

 133	1.017162305849043e-09
	1.716230584904279e-02
	-1.205424229051000e-05
	-3.387661765418235e-05
	4.465981349395473e-05
	1.271046450737818e-06

 134	1.021132791750290e-09
	2.113279175029032e-02
	-1.209483179414873e-05
	-3.608855395245490e-05
	4.691478865778555e-05
	1.268597088818457e-06

 135	1.025079238488990e-09
	2.507923848898980e-02
	-1.213463019968607e-05
	-3.835695961494732e-05
	4.922536678997137e-05
	1.266223024661410e-06

 136	1.029102407957362e-09
	2.910240795736186e-02
	-1.217464523891101e-05
	-4.074019264716389e-05
	5.165097478219570e-05
	1.263863103878864e-06

 137	1.033153437483542e-09
	3.315343748354230e-02
	-1.221436206013436e-05
	-4.321103861836774e-05
	5.416385316483968e-05
	1.261547513662408e-06

 138	1.037257508615836e-09
	3.725750861583567e-02
	-1.225400882057675e-05
	-4.578587189151915e-05
	5.678061838953397e-05
	1.259262322561923e-06

 139	1.041403194506520e-09
	4.140319450651950e-02
	-1.229345126501606e-05
	-4.845882009990318e-05
	5.949525652456615e-05
	1.257014840353265e-06

 140	1.045597345935637e-09
	4.559734593563700e-02
	-1.233273327265767e-05
	-5.123539797715704e-05
	6.231332922399424e-05
	1.254802025820500e-06

 141	1.049837845452702e-09
	4.983784545270160e-02
	-1.237181239032537e-05
	-5.411534971861131e-05
	6.523453633810192e-05
	1.252625770835094e-06

 142	1.054127144663062e-09
	5.412714466306193e-02
	-1.241068923110599e-05
	-5.710142099364829e-05
	6.826162471399888e-05
	1.250485510755595e-06

 143	1.058465529796118e-09
	5.846552979611822e-02
	-1.244934406126907e-05
	-6.019488864693706e-05
	7.139585090077022e-05
	1.248381807436328e-06

 144	1.062854473690797e-09
	6.285447369079686e-02
	-1.248776782748810e-05
	-6.339785040994283e-05
	7.463930361860475e-05
	1.246314618826033e-06

 145	1.067294965231117e-09
	6.729496523111733e-02
	-1.252594691171547e-05
	-6.671206012096120e-05
	7.799372289070741e-05
	1.244284141969177e-06

 146	1.071788343013167e-09
	7.178834301316654e-02
	-1.256387057624675e-05
	-7.013952551964097e-05
	8.146110568759390e-05
	1.242290408293557e-06

 147	1.076335880054155e-09
	7.633588005415470e-02
	-1.260152728378330e-05
	-7.368220393560642e-05
	8.504339773597841e-05
	1.240333483411448e-06

 148	1.080938992680027e-09
	8.093899268002690e-02
	-1.263890647971863e-05
	-7.734215755478501e-05
	8.874265066114574e-05
	1.238413373357952e-06

 149	1.085599138092630e-09
	8.559913809262974e-02
	-1.267599769787067e-05
	-8.112147311303211e-05
	9.256094073807961e-05
	1.236530072822913e-06

 150	1.090317867919786e-09
	9.031786791978631e-02
	-1.271279098157301e-05
	-8.502230144771594e-05
	9.650040888501729e-05
	1.234683544271509e-06

 151	1.095096804408446e-09
	9.509680440844545e-02
	-1.274927666344326e-05
	-8.904683616902099e-05
	1.005632391022483e-04
	1.232873730215842e-06

 152	1.099937655653618e-09
	9.993765565361823e-02
	-1.278544546105487e-05
	-9.319732400734425e-05
	1.047516689192027e-04
	1.231100549196559e-06

 153	1.104842211831777e-09
	1.048422118317771e-01
	-1.282128842034179e-05
	-9.747606027418526e-05
	1.090679847950645e-04
	1.229363899462796e-06

 154	1.109812351487044e-09
	1.098123514870437e-01
	-1.285679693603991e-05
	-1.018853936722122e-04
	1.135145269496139e-04
	1.227663658638467e-06

 155	1.114850043136369e-09
	1.148500431363684e-01
	-1.289196273511185e-05
	-1.064277283317247e-04
	1.180936913816102e-04
	1.225999685226532e-06

 156	1.119957349989947e-09
	1.199573499899473e-01
	-1.292677788178007e-05
	-1.111055299582360e-04
	1.228079360210664e-04
	1.224371818949519e-06

 157	1.125136433366875e-09
	1.251364333668754e-01
	-1.296123477150649e-05
	-1.159213323758029e-04
	1.276597872656961e-04
	1.222779881613133e-06

 158	1.130389557588886e-09
	1.303895575888857e-01
	-1.299532613364178e-05
	-1.208777470368954e-04
	1.326518494930930e-04
	1.221223677444041e-06

 159	1.135719094589500e-09
	1.357190945894997e-01
	-1.302904503020591e-05
	-1.259774739413593e-04
	1.377868159779188e-04
	1.219702993646333e-06

 160	1.141127529391484e-09
	1.411275293914842e-01
	-1.306238485844472e-05
	-1.312233150093745e-04
	1.430674822671740e-04
	1.218217600645325e-06

 161	1.146617465787273e-09
	1.466174657872729e-01
	-1.309533935253207e-05
	-1.366181892299433e-04
	1.484967613300597e-04
	1.216767252415573e-06

 162	1.152191632670115e-09
	1.521916326701149e-01
	-1.312790258706800e-05
	-1.421651499114345e-04
	1.540777008118851e-04
	1.215351686617462e-06

 163	1.157852890877993e-09
	1.578528908779934e-01
	-1.316006898121142e-05
	-1.478674037799723e-04
	1.598135021364662e-04
	1.213970624717795e-06

 164	1.163604240542482e-09
	1.636042405424818e-01
	-1.319183330318541e-05
	-1.537283317664114e-04
	1.657075412975636e-04
	1.212623772033246e-06

 165	1.169448829223521e-09
	1.694488292235212e-01
	-1.322319067649539e-05
	-1.597515116051830e-04
	1.717633914640178e-04
	1.211310817660719e-06

 166	1.175389960542075e-09
	1.753899605420746e-01
	-1.325413658593742e-05
	-1.659407417894741e-04
	1.779848469409926e-04
	1.210031434418824e-06

 167	1.181431103789585e-09
	1.814311037895849e-01
	-1.328466688567323e-05
	-1.723000672108655e-04
	1.843759488179299e-04
	1.208785278608727e-06

 168	1.187575904121218e-09
	1.875759041212184e-01
	-1.331477780698347e-05
	-1.788338059259822e-04
	1.909410117431552e-04
	1.207571989810460e-06

 169	1.193828193843036e-09
	1.938281938430364e-01
	-1.334446596795512e-05
	-1.855465774423230e-04
	1.976846522197476e-04
	1.206391190530405e-06

 170	1.200192004589653e-09
	2.001920045896525e-01
	-1.337372838366276e-05
	-1.924433321940521e-04
	2.046118180919113e-04
	1.205242485803433e-06

 171	1.206671580589746e-09
	2.066715805897464e-01
	-1.340256247742705e-05
	-1.995293823174744e-04
	2.117278193321871e-04
	1.204125462714381e-06

 172	1.213271393229525e-09
	2.132713932295253e-01
	-1.343096609362781e-05
	-2.068104338831756e-04
	2.190383602869978e-04
	1.203039689805863e-06

 173	1.219996156778273e-09
	2.199961567782724e-01
	-1.345893751100224e-05
	-2.142926203894074e-04
	2.265495731839709e-04
	1.201984716438480e-06

 174	1.226850845796635e-09
	2.268508457966349e-01
	-1.348647545818495e-05
	-2.219825380686658e-04
	2.342680534548431e-04
	1.200960072007623e-06

 175	1.233840714024683e-09
	2.338407140246832e-01
	-1.351357912999688e-05
	-2.298872827938436e-04
	2.422008966587808e-04
	1.199965265059738e-06

 176	1.240971315239788e-09
	2.409713152397877e-01
	-1.354024820591397e-05
	-2.380144891644683e-04
	2.503557375880940e-04
	1.198999782288157e-06

 177	1.248248526051951e-09
	2.482485260519508e-01
	-1.356648286988379e-05
	-2.463723718010319e-04
	2.587407915835196e-04
	1.198063087396217e-06

 178	1.255678571171760e-09
	2.556785711717604e-01
	-1.359228383277255e-05
	-2.549697695447720e-04
	2.673648987577727e-04
	1.197154619771772e-06

 179	1.263268051141648e-09
	2.632680511416483e-01
	-1.361765235657977e-05
	-2.638161926708816e-04
	2.762375712344407e-04
	1.196273793020935e-06

 180	1.271023973173587e-09
	2.710239731735866e-01
	-1.364259028180004e-05
	-2.729218739994400e-04
	2.853690442879861e-04
	1.195419993253758e-06

 181	1.278953785236819e-09
	2.789537852368185e-01
	-1.366710005740876e-05
	-2.822978242451607e-04
	2.947703317254049e-04
	1.194592577164507e-06

 182	1.287065414101146e-09
	2.870654141011459e-01
	-1.369118477467980e-05
	-2.919558926317592e-04
	3.044532865366399e-04
	1.193790869799020e-06

 183	1.295367307704373e-09
	2.953673077043730e-01
	-1.371484820475815e-05
	-3.019088334397925e-04
	3.144306674825125e-04
	1.193014162038079e-06

 184	1.303868482713348e-09
	3.038684827133475e-01
	-1.373809484123881e-05
	-3.121703797871780e-04
	3.247162129207732e-04
	1.192261707643520e-06

 185	1.312487690937793e-09
	3.124876909377929e-01
	-1.376069164663398e-05
	-3.226445114618173e-04
	3.352136627800851e-04
	1.191540328366289e-06

 186	1.321163458378153e-09
	3.211634583781526e-01
	-1.378249719024587e-05
	-3.332568646026302e-04
	3.458485082870480e-04
	1.190853505828154e-06

 187	1.329930332005619e-09
	3.299303320056191e-01
	-1.380362893141016e-05
	-3.440497514488922e-04
	3.566631839506073e-04
	1.190196429695221e-06

 188	1.338774479355599e-09
	3.387744793555987e-01
	-1.382407437344988e-05
	-3.550064795397869e-04
	3.676409853982832e-04
	1.189568514953653e-06

 189	1.347705058305481e-09
	3.477050583054805e-01
	-1.384387777341070e-05
	-3.661386933788079e-04
	3.787936037094131e-04
	1.188967442805302e-06

 190	1.356719397728744e-09
	3.567193977287436e-01
	-1.386305505720158e-05
	-3.774434451020973e-04
	3.901181083506730e-04
	1.188391808625943e-06

 191	1.365820711984951e-09
	3.658207119849507e-01
	-1.388163533840880e-05
	-3.889251500170530e-04
	4.016189455146630e-04
	1.187839840798738e-06

 192	1.375009078533225e-09
	3.750090785332251e-01
	-1.389964063260180e-05
	-4.005843145039895e-04
	4.132966451207315e-04
	1.187310015859697e-06

 193	1.384286007190217e-09
	3.842860071902171e-01
	-1.391709574087367e-05
	-4.124232595735981e-04
	4.251535545562433e-04
	1.186800758228421e-06

 194	1.393652115730174e-09
	3.936521157301742e-01
	-1.393402345227581e-05
	-4.244431739558770e-04
	4.371908868275752e-04
	1.186310580577676e-06

 195	1.403108302104108e-09
	4.031083021041081e-01
	-1.395044689096972e-05
	-4.366455923660498e-04
	4.494102012449712e-04
	1.185838012048284e-06

 196	1.412655144431449e-09
	4.126551444314491e-01
	-1.396638838623494e-05
	-4.490316193404710e-04
	4.618126260978651e-04
	1.185381628840819e-06

 197	1.422293200299018e-09
	4.222932002990179e-01
	-1.398187003538699e-05
	-4.616023049156422e-04
	4.743992349156227e-04
	1.184940035406215e-06

 198	1.432022852340331e-09
	4.320228523403309e-01
	-1.399691344444207e-05
	-4.743584373017164e-04
	4.871708388766837e-04
	1.184511869474689e-06

 199	1.441844385469545e-09
	4.418443854695451e-01
	-1.401153987003422e-05
	-4.873006362086404e-04
	5.001280802831562e-04
	1.184095795518708e-06

 200	1.451757950178147e-09
	4.517579501781472e-01
	-1.402577016881686e-05
	-5.004292988912483e-04
	5.132713785563567e-04
	1.183690503708584e-06

 201	1.461757950178147e-09
	4.617579501781472e-01
	-1.403961703251113e-05
	-5.137371078275032e-04
	5.265934299307318e-04
	1.183294929282487e-06

 202	1.471757950178147e-09
	4.717579501781471e-01
	-1.405298595980233e-05
	-5.271082078921834e-04
	5.399782827515144e-04
	1.182911100471060e-06

 203	1.481757950178147e-09
	4.817579501781472e-01
	-1.406591059448394e-05
	-5.405409474945887e-04
	5.534243206401916e-04
	1.182537448880655e-06

 204	1.491757950178147e-09
	4.917579501781471e-01
	-1.407842179001897e-05
	-5.540336988816482e-04
	5.669299481495008e-04
	1.182172522166216e-06

 205	1.501757950178147e-09
	5.017579501781471e-01
	-1.409054798163085e-05
	-5.675848586416965e-04
	5.804935916573415e-04
	1.181814965985519e-06

 206	1.511757950178147e-09
	5.117579501781471e-01
	-1.410231603588484e-05
	-5.811928481846274e-04
	5.941137007244834e-04
	1.181463496029004e-06

 207	1.521757950178147e-09
	5.217579501781470e-01
	-1.411375134859507e-05
	-5.948561145455302e-04
	6.077887490037164e-04
	1.181116890408712e-06

 208	1.531757950178147e-09
	5.317579501781470e-01
	-1.412487793804003e-05
	-6.085731311934429e-04
	6.215172351487422e-04
	1.180773982740961e-06

 209	1.541757950178147e-09
	5.417579501781469e-01
	-1.413571853343625e-05
	-6.223423988051041e-04
	6.352976836829486e-04
	1.180433655591800e-06

 210	1.551757950178147e-09
	5.517579501781469e-01
	-1.414629465868239e-05
	-6.361624459749804e-04
	6.491286457994425e-04
	1.180094834220705e-06

 211	1.561757950178147e-09
	5.617579501781469e-01
	-1.415662671139164e-05
	-6.500318298418149e-04
	6.630087000725554e-04
	1.179756480650767e-06

 212	1.571757950178147e-09
	5.717579501781468e-01
	-1.416673403726801e-05
	-6.639491366191130e-04
	6.769364530683506e-04
	1.179417588030478e-06

 213	1.581757950178147e-09
	5.817579501781468e-01
	-1.417663499986732e-05
	-6.779129820226582e-04
	6.909105398472988e-04
	1.179077175226622e-06

 214	1.591757950178147e-09
	5.917579501781467e-01
	-1.418634704575520e-05
	-6.919220115925144e-04
	7.049296243566255e-04
	1.178734281644199e-06

 215	1.601757950178147e-09
	6.017579501781467e-01
	-1.419588676513410e-05
	-7.059749009103384e-04
	7.189923997132120e-04
	1.178387962260535e-06

 216	1.611757950178147e-09
	6.117579501781467e-01
	-1.420526994792960e-05
	-7.200703557153460e-04
	7.330975883804783e-04
	1.178037282797673e-06

 217	1.621757950178147e-09
	6.217579501781466e-01
	-1.421451163535948e-05
	-7.342071119240046e-04
	7.472439422443167e-04
	1.177681315047498e-06

 218	1.631757950178147e-09
	6.317579501781466e-01
	-1.422362616697278e-05
	-7.483839355599055e-04
	7.614302425945415e-04
	1.177319132336926e-06

 219	1.641757950178147e-09
	6.417579501781465e-01
	-1.423262722313482e-05
	-7.625996226009482e-04
	7.756553000190415e-04
	1.176949805041750e-06

 220	1.651757950178147e-09
	6.517579501781465e-01
	-1.424152786292137e-05
	-7.768529987515383e-04
	7.899179542182400e-04
	1.176572396219759e-06

 221	1.661757950178147e-09
	6.617579501781465e-01
	-1.425034055733756e-05
	-7.911429191476204e-04
	8.042170737477058e-04
	1.176185957251993e-06

 222	1.671757950178147e-09
	6.717579501781464e-01
	-1.425907721783151e-05
	-8.054682680023749e-04
	8.185515556966621e-04
	1.175789523544824e-06

 223	1.681757950178147e-09
	6.817579501781464e-01
	-1.426774921995357e-05
	-8.198279582002537e-04
	8.329203253100058e-04
	1.175382110201425e-06

 224	1.691757950178147e-09
	6.917579501781465e-01
	-1.427636742212882e-05
	-8.342209308466689e-04
	8.473223355610859e-04
	1.174962707712047e-06

 225	1.701757950178146e-09
	7.017579501781464e-01
	-1.428494217941283e-05
	-8.486461547803292e-04
	8.617565666821562e-04
	1.174530277585682e-06

 226	1.711757950178146e-09
	7.117579501781464e-01
	-1.429348335218144e-05
	-8.631026260547281e-04
	8.762220256589735e-04
	1.174083747935981e-06

 227	1.721757950178146e-09
	7.217579501781463e-01
	-1.430200030971161e-05
	-8.775893673947831e-04
	8.907177456955043e-04
	1.173622008990359e-06

 228	1.731757950178146e-09
	7.317579501781463e-01
	-1.431050192867142e-05
	-8.921054276341534e-04
	9.052427856543062e-04
	1.173143908518807e-06

 229	1.741757950178146e-09
	7.417579501781463e-01
	-1.431899658658823e-05
	-9.066498811381258e-04
	9.197962294775936e-04
	1.172648247120134e-06

 230	1.751757950178146e-09
	7.517579501781462e-01
	-1.432749215057239e-05
	-9.212218272164340e-04
	9.343771855935884e-04
	1.172133773418364e-06

 231	1.761757950178146e-09
	7.617579501781462e-01
	-1.433599596154570e-05
	-9.358203895297554e-04
	9.489847863122130e-04
	1.171599179088159e-06

 232	1.771757950178146e-09
	7.717579501781461e-01
	-1.434451481460695e-05
	-9.504447154930442e-04
	9.636181872139228e-04
	1.171043093728142e-06

 233	1.781757950178146e-09
	7.817579501781461e-01
	-1.435305493624470e-05
	-9.650939756781354e-04
	9.782765665348342e-04
	1.170464079545882e-06

 234	1.791757950178146e-09
	7.917579501781461e-01
	-1.436162195946260e-05
	-9.797673632175143e-04
	9.929591245510982e-04
	1.169860625878420e-06

 235	1.801757950178146e-09
	8.017579501781460e-01
	-1.437022089817012e-05
	-9.944640932104034e-04
	1.007665082965094e-03
	1.169231143479815e-06

 236	1.811757950178146e-09
	8.117579501781460e-01
	-1.437885612254400e-05
	-1.009183402131648e-03
	1.022393684295591e-03
	1.168573958600666e-06

 237	1.821757950178146e-09
	8.217579501781459e-01
	-1.438753133743636e-05
	-1.023924547243233e-03
	1.037144191273817e-03
	1.167887306853100e-06

 238	1.831757950178146e-09
	8.317579501781459e-01
	-1.439624956628100e-05
	-1.038686806007643e-03
	1.051915886247100e-03
	1.167169326823894e-06

 239	1.841757950178146e-09
	8.417579501781459e-01
	-1.440501314328490e-05
	-1.053469475501580e-03
	1.066708070591396e-03
	1.166418053469251e-06

 240	1.851757950178146e-09
	8.517579501781458e-01
	-1.441382371696549e-05
	-1.068271871828282e-03
	1.081520064134006e-03
	1.165631411242169e-06

 241	1.861757950178146e-09
	8.617579501781458e-01
	-1.442268226823052e-05
	-1.083093329526038e-03
	1.096351204587259e-03
	1.164807207009025e-06

 242	1.871757950178146e-09
	8.717579501781459e-01
	-1.443158914622857e-05
	-1.097933200970608e-03
	1.111200846994135e-03
	1.163943122701362e-06

 243	1.881757950178146e-09
	8.817579501781462e-01
	-1.444054412492886e-05
	-1.112790855769143e-03
	1.126068363186297e-03
	1.163036707775066e-06

 244	1.891757950178146e-09
	8.917579501781463e-01
	-1.444954648291681e-05
	-1.127665680143618e-03
	1.140953141255106e-03
	1.162085371428399e-06

 245	1.901757950178147e-09
	9.017579501781465e-01
	-1.445859510814021e-05
	-1.142557076302447e-03
	1.155854585035921e-03
	1.161086374665915e-06

 246	1.911757950178147e-09
	9.117579501781466e-01
	-1.446768862816888e-05
	-1.157464461799929e-03
	1.170772113605908e-03
	1.160036822189104e-06

 247	1.921757950178147e-09
	9.217579501781469e-01
	-1.447682556533012e-05
	-1.172387268884391e-03
	1.185705160795539e-03
	1.158933654182871e-06

 248	1.931757950178147e-09
	9.317579501781470e-01
	-1.448600451436337e-05
	-1.187324943837425e-03
	1.200653174713757e-03
	1.157773638032203e-06

 249	1.941757950178147e-09
	9.417579501781471e-01
	-1.449522433875369e-05
	-1.202276946308127e-03
	1.215615617286827e-03
	1.156553360054302e-06

 250	1.951757950178147e-09
	9.517579501781473e-01
	-1.450448438013634e-05
	-1.217242748647864e-03
	1.230591963810726e-03
	1.155269217275346e-06

 251	1.961757950178148e-09
	9.617579501781475e-01
	-1.451378467394689e-05
	-1.232221835252368e-03
	1.245581702516898e-03
	1.153917409417432e-06

 252	1.971757950178148e-09
	9.717579501781477e-01
	-1.452312616329595e-05
	-1.247213701918998e-03
	1.260584334151187e-03
	1.152493931107214e-06

 253	1.981757950178148e-09
	9.817579501781478e-01
	-1.453251090265929e-05
	-1.262217855227477e-03
	1.275599371565609e-03
	1.150994564527314e-06

 254	1.990878975089074e-09
	9.908789750890742e-01
	-1.454111326025759e-05
	-1.275913481798860e-03
	1.289305041363166e-03
	1.149553695951892e-06

 255	2.000000000000001e-09
	1.000000000000000e+00
	-1.454975681598754e-05
	-1.289618570703857e-03
	1.303020283010884e-03
	1.148044508960739e-06

 256	2.000000509767455e-09
	1.000000000000000e+00
	-3.353555287030855e-07
	-1.295903405467888e-03
	1.295097905601900e-03
	1.140855394302836e-06

 257	2.000001529302365e-09
	1.000000000000000e+00
	-3.231691821873501e-07
	-1.295904788479622e-03
	1.295101453014721e-03
	1.126504644854186e-06

 258	2.000003568372184e-09
	1.000000000000000e+00
	-3.004117876351157e-07
	-1.295906396650500e-03
	1.295108843592857e-03
	1.097964845590994e-06

 259	2.000007646511821e-09
	1.000000000000000e+00
	-2.607392449857595e-07
	-1.295905628436223e-03
	1.295124591956157e-03
	1.041775724638595e-06

 260	2.000015802791095e-09
	1.000000000000000e+00
	-1.995700108358987e-07
	-1.295893036390337e-03
	1.295158372192431e-03
	9.342342089068817e-07

 261	2.000032115349644e-09
	1.000000000000000e+00
	-1.228135459987112e-07
	-1.295847370919165e-03
	1.295227255252635e-03
	7.429292124774004e-07

 262	2.000049214228711e-09
	1.000000000000000e+00
	-8.001912918360325e-08
	-1.295791866465169e-03
	1.295294212921987e-03
	5.776726723397950e-07

 263	2.000073972077439e-09
	1.000000000000000e+00
	-4.800112882334657e-08
	-1.295721802133733e-03
	1.295374328931673e-03
	3.954743308928694e-07

 264	2.000104160034337e-09
	1.000000000000000e+00
	-2.843992495136002e-08
	-1.295660977411016e-03
	1.295445131077487e-03
	2.442862585735874e-07

 265	2.000147967432056e-09
	1.000000000000000e+00
	-1.364604578694614e-08
	-1.295609632983359e-03
	1.295508429715365e-03
	1.148493138977462e-07

 266	2.000203979554787e-09
	1.000000000000000e+00
	-4.557711152483118e-09
	-1.295579655111391e-03
	1.295548197090182e-03
	3.601573234683866e-08

 267	2.000263354528867e-09
	1.000000000000000e+00
	-7.192451053575869e-10
	-1.295568426223840e-03
	1.295564283890764e-03
	4.861578092498623e-09

 268	2.000336182270278e-09
	1.000000000000000e+00
	6.134484938587298e-10
	-1.295565042181545e-03
	1.295569518549339e-03
	-5.089816334254044e-09

 269	2.000425665649400e-09
	1.000000000000000e+00
	6.505546208874888e-10
	-1.295565147723773e-03
	1.295569558096775e-03
	-5.060927627061777e-09

 270	2.000555659185691e-09
	1.000000000000000e+00
	2.982498191487353e-10
	-1.295566176090655e-03
	1.295568151055506e-03
	-2.273214702739882e-09

 271	2.000762333486443e-09
	1.000000000000000e+00
	2.723393134314350e-11
	-1.295566927528855e-03
	1.295567102551588e-03
	-2.022566672498001e-10

 272	2.001175682087947e-09
	1.000000000000000e+00
	-4.022715829765060e-11
	-1.295567113594345e-03
	1.295566845116757e-03
	3.087047526747398e-10

 273	2.002002379290955e-09
	1.000000000000000e+00
	-1.112239995102696e-11
	-1.295567031695471e-03
	1.295566957626112e-03
	8.519175958465520e-11

 274	2.003401825359309e-09
	1.000000000000000e+00
	5.715967042448664e-13
	-1.295566998710029e-03
	1.295567002521013e-03
	-4.382577312649628e-12

 275	2.006200717496016e-09
	1.000000000000000e+00
	3.792742647531904e-13
	-1.295566999247328e-03
	1.295567001770136e-03
	-2.902082051577947e-12

 276	2.011798501769431e-09
	1.000000000000000e+00
	4.383977912657230e-15
	-1.295567000309772e-03
	1.295567000331997e-03
	-2.660900671641853e-14

 277	2.021798501769431e-09
	1.000000000000000e+00
	-2.787716412952247e-15
	-1.295567000330201e-03
	1.295567000304582e-03
	2.840564332770295e-14

 278	2.031798501769431e-09
	1.000000000000000e+00
	-5.155600922719721e-17
	-1.295567000322431e-03
	1.295567000315074e-03
	7.409031554249921e-15

 279	2.041798501769431e-09
	1.000000000000000e+00
	8.019031994771153e-18
	-1.295567000322261e-03
	1.295567000315303e-03
	6.950180845588585e-15

 280	2.051798501769431e-09
	1.000000000000000e+00
	-2.493760485684293e-19
	-1.295567000322285e-03
	1.295567000315273e-03
	7.012070674267756e-15

 281	2.061798501769432e-09
	1.000000000000000e+00
	1.344234274438364e-19
	-1.295567000322285e-03
	1.295567000315270e-03
	7.015125718807200e-15

 282	2.071798501769432e-09
	1.000000000000000e+00
	-8.290515208102611e-20
	-1.295567000322285e-03
	1.295567000315271e-03
	7.014830195476762e-15

 283	2.081798501769432e-09
	1.000000000000000e+00
	1.338583708080947e-19
	-1.295567000322285e-03
	1.295567000315271e-03
	7.014772302401453e-15

 284	2.091798501769432e-09
	1.000000000000000e+00
	1.338584936815469e-19
	-1.295567000322285e-03
	1.295567000315271e-03
	7.014772438193877e-15

 285	2.101798501769432e-09
	1.000000000000000e+00
	1.338585304303579e-19
	-1.295567000322285e-03
	1.295567000315271e-03
	7.014772478806474e-15

 286	2.111798501769432e-09
	1.000000000000000e+00
	1.338585304775794e-19
	-1.295567000322285e-03
	1.295567000315271e-03
	7.014772478858661e-15

 287	2.121798501769433e-09
	1.000000000000000e+00
	1.338585304060088e-19
	-1.295567000322285e-03
	1.295567000315271e-03
	7.014772478779566e-15

 288	2.131798501769433e-09
	1.000000000000000e+00
	1.338585304053563e-19
	-1.295567000322285e-03
	1.295567000315271e-03
	7.014772478778845e-15

 289	2.141798501769433e-09
	1.000000000000000e+00
	1.338585304054911e-19
	-1.295567000322285e-03
	1.295567000315271e-03
	7.014772478778993e-15

 290	2.151798501769433e-09
	1.000000000000000e+00
	1.338585304054942e-19
	-1.295567000322285e-03
	1.295567000315271e-03
	7.014772478778996e-15

 291	2.161798501769433e-09
	1.000000000000000e+00
	1.338585304054934e-19
	-1.295567000322285e-03
	1.295567000315271e-03
	7.014772478778995e-15

 292	2.171798501769433e-09
	1.000000000000000e+00
	1.338585304054934e-19
	-1.295567000322285e-03
	1.295567000315271e-03
	7.014772478778995e-15

 293	2.181798501769434e-09
	1.000000000000000e+00
	1.338585304054934e-19
	-1.295567000322285e-03
	1.295567000315271e-03
	7.014772478778995e-15

 294	2.191798501769434e-09
	1.000000000000000e+00
	1.338585304054934e-19
	-1.295567000322285e-03
	1.295567000315271e-03
	7.014772478778995e-15

 295	2.201798501769434e-09
	1.000000000000000e+00
	1.338585304054934e-19
	-1.295567000322285e-03
	1.295567000315271e-03
	7.014772478778995e-15

 296	2.211798501769434e-09
	1.000000000000000e+00
	1.338585304054934e-19
	-1.295567000322285e-03
	1.295567000315271e-03
	7.014772478778995e-15

 297	2.221798501769434e-09
	1.000000000000000e+00
	1.338585304054934e-19
	-1.295567000322285e-03
	1.295567000315271e-03
	7.014772478778995e-15

 298	2.231798501769434e-09
	1.000000000000000e+00
	1.338585304054934e-19
	-1.295567000322285e-03
	1.295567000315271e-03
	7.014772478778995e-15

 299	2.241798501769435e-09
	1.000000000000000e+00
	1.338585304054934e-19
	-1.295567000322285e-03
	1.295567000315271e-03
	7.014772478778995e-15

 300	2.251798501769435e-09
	1.000000000000000e+00
	1.338585304054934e-19
	-1.295567000322285e-03
	1.295567000315271e-03
	7.014772478778995e-15

 301	2.261798501769435e-09
	1.000000000000000e+00
	1.338585304054934e-19
	-1.295567000322285e-03
	1.295567000315271e-03
	7.014772478778995e-15

 302	2.271798501769435e-09
	1.000000000000000e+00
	1.338585304054934e-19
	-1.295567000322285e-03
	1.295567000315271e-03
	7.014772478778995e-15

 303	2.281798501769435e-09
	1.000000000000000e+00
	1.338585304054934e-19
	-1.295567000322285e-03
	1.295567000315271e-03
	7.014772478778995e-15

 304	2.291798501769436e-09
	1.000000000000000e+00
	1.338585304054934e-19
	-1.295567000322285e-03
	1.295567000315271e-03
	7.014772478778995e-15

 305	2.301798501769436e-09
	1.000000000000000e+00
	1.338585304054934e-19
	-1.295567000322285e-03
	1.295567000315271e-03
	7.014772478778995e-15

 306	2.311798501769436e-09
	1.000000000000000e+00
	1.338585304054934e-19
	-1.295567000322285e-03
	1.295567000315271e-03
	7.014772478778995e-15

 307	2.321798501769436e-09
	1.000000000000000e+00
	1.338585304054934e-19
	-1.295567000322285e-03
	1.295567000315271e-03
	7.014772478778995e-15

 308	2.331798501769436e-09
	1.000000000000000e+00
	1.338585304054934e-19
	-1.295567000322285e-03
	1.295567000315271e-03
	7.014772478778995e-15

 309	2.341798501769436e-09
	1.000000000000000e+00
	1.338585304054934e-19
	-1.295567000322285e-03
	1.295567000315271e-03
	7.014772478778995e-15

 310	2.351798501769437e-09
	1.000000000000000e+00
	1.338585304054934e-19
	-1.295567000322285e-03
	1.295567000315271e-03
	7.014772478778995e-15

 311	2.361798501769437e-09
	1.000000000000000e+00
	1.338585304054934e-19
	-1.295567000322285e-03
	1.295567000315271e-03
	7.014772478778995e-15

 312	2.371798501769437e-09
	1.000000000000000e+00
	1.338585304054934e-19
	-1.295567000322285e-03
	1.295567000315271e-03
	7.014772478778995e-15

 313	2.381798501769437e-09
	1.000000000000000e+00
	1.338585304054934e-19
	-1.295567000322285e-03
	1.295567000315271e-03
	7.014772478778995e-15

 314	2.391798501769437e-09
	1.000000000000000e+00
	1.338585304054934e-19
	-1.295567000322285e-03
	1.295567000315271e-03
	7.014772478778995e-15

 315	2.401798501769437e-09
	1.000000000000000e+00
	1.338585304054934e-19
	-1.295567000322285e-03
	1.295567000315271e-03
	7.014772478778995e-15

 316	2.411798501769438e-09
	1.000000000000000e+00
	1.338585304054934e-19
	-1.295567000322285e-03
	1.295567000315271e-03
	7.014772478778995e-15

 317	2.421798501769438e-09
	1.000000000000000e+00
	1.338585304054934e-19
	-1.295567000322285e-03
	1.295567000315271e-03
	7.014772478778995e-15

 318	2.431798501769438e-09
	1.000000000000000e+00
	1.338585304054934e-19
	-1.295567000322285e-03
	1.295567000315271e-03
	7.014772478778995e-15

 319	2.441798501769438e-09
	1.000000000000000e+00
	1.338585304054934e-19
	-1.295567000322285e-03
	1.295567000315271e-03
	7.014772478778995e-15

 320	2.451798501769438e-09
	1.000000000000000e+00
	1.338585304054934e-19
	-1.295567000322285e-03
	1.295567000315271e-03
	7.014772478778995e-15

 321	2.461798501769438e-09
	1.000000000000000e+00
	1.338585304054934e-19
	-1.295567000322285e-03
	1.295567000315271e-03
	7.014772478778995e-15

 322	2.471798501769439e-09
	1.000000000000000e+00
	1.338585304054934e-19
	-1.295567000322285e-03
	1.295567000315271e-03
	7.014772478778995e-15

 323	2.481798501769439e-09
	1.000000000000000e+00
	1.338585304054934e-19
	-1.295567000322285e-03
	1.295567000315271e-03
	7.014772478778995e-15

 324	2.491798501769439e-09
	1.000000000000000e+00
	1.338585304054934e-19
	-1.295567000322285e-03
	1.295567000315271e-03
	7.014772478778995e-15

 325	2.501798501769439e-09
	1.000000000000000e+00
	1.338585304054934e-19
	-1.295567000322285e-03
	1.295567000315271e-03
	7.014772478778995e-15

 326	2.511798501769439e-09
	1.000000000000000e+00
	1.338585304054934e-19
	-1.295567000322285e-03
	1.295567000315271e-03
	7.014772478778995e-15

 327	2.521798501769439e-09
	1.000000000000000e+00
	1.338585304054934e-19
	-1.295567000322285e-03
	1.295567000315271e-03
	7.014772478778995e-15

 328	2.531798501769440e-09
	1.000000000000000e+00
	1.338585304054934e-19
	-1.295567000322285e-03
	1.295567000315271e-03
	7.014772478778995e-15

 329	2.541798501769440e-09
	1.000000000000000e+00
	1.338585304054934e-19
	-1.295567000322285e-03
	1.295567000315271e-03
	7.014772478778995e-15

 330	2.551798501769440e-09
	1.000000000000000e+00
	1.338585304054934e-19
	-1.295567000322285e-03
	1.295567000315271e-03
	7.014772478778995e-15

 331	2.561798501769440e-09
	1.000000000000000e+00
	1.338585304054934e-19
	-1.295567000322285e-03
	1.295567000315271e-03
	7.014772478778995e-15

 332	2.571798501769440e-09
	1.000000000000000e+00
	1.338585304054934e-19
	-1.295567000322285e-03
	1.295567000315271e-03
	7.014772478778995e-15

 333	2.581798501769441e-09
	1.000000000000000e+00
	1.338585304054934e-19
	-1.295567000322285e-03
	1.295567000315271e-03
	7.014772478778995e-15

 334	2.591798501769441e-09
	1.000000000000000e+00
	1.338585304054934e-19
	-1.295567000322285e-03
	1.295567000315271e-03
	7.014772478778995e-15

 335	2.601798501769441e-09
	1.000000000000000e+00
	1.338585304054934e-19
	-1.295567000322285e-03
	1.295567000315271e-03
	7.014772478778995e-15

 336	2.611798501769441e-09
	1.000000000000000e+00
	1.338585304054934e-19
	-1.295567000322285e-03
	1.295567000315271e-03
	7.014772478778995e-15

 337	2.621798501769441e-09
	1.000000000000000e+00
	1.338585304054934e-19
	-1.295567000322285e-03
	1.295567000315271e-03
	7.014772478778995e-15

 338	2.631798501769441e-09
	1.000000000000000e+00
	1.338585304054934e-19
	-1.295567000322285e-03
	1.295567000315271e-03
	7.014772478778995e-15

 339	2.641798501769442e-09
	1.000000000000000e+00
	1.338585304054934e-19
	-1.295567000322285e-03
	1.295567000315271e-03
	7.014772478778995e-15

 340	2.651798501769442e-09
	1.000000000000000e+00
	1.338585304054934e-19
	-1.295567000322285e-03
	1.295567000315271e-03
	7.014772478778995e-15

 341	2.661798501769442e-09
	1.000000000000000e+00
	1.338585304054934e-19
	-1.295567000322285e-03
	1.295567000315271e-03
	7.014772478778995e-15

 342	2.671798501769442e-09
	1.000000000000000e+00
	1.338585304054934e-19
	-1.295567000322285e-03
	1.295567000315271e-03
	7.014772478778995e-15

 343	2.681798501769442e-09
	1.000000000000000e+00
	1.338585304054934e-19
	-1.295567000322285e-03
	1.295567000315271e-03
	7.014772478778995e-15

 344	2.691798501769442e-09
	1.000000000000000e+00
	1.338585304054934e-19
	-1.295567000322285e-03
	1.295567000315271e-03
	7.014772478778995e-15

 345	2.701798501769443e-09
	1.000000000000000e+00
	1.338585304054934e-19
	-1.295567000322285e-03
	1.295567000315271e-03
	7.014772478778995e-15

 346	2.711798501769443e-09
	1.000000000000000e+00
	1.338585304054934e-19
	-1.295567000322285e-03
	1.295567000315271e-03
	7.014772478778995e-15

 347	2.721798501769443e-09
	1.000000000000000e+00
	1.338585304054934e-19
	-1.295567000322285e-03
	1.295567000315271e-03
	7.014772478778995e-15

 348	2.731798501769443e-09
	1.000000000000000e+00
	1.338585304054934e-19
	-1.295567000322285e-03
	1.295567000315271e-03
	7.014772478778995e-15

 349	2.741798501769443e-09
	1.000000000000000e+00
	1.338585304054934e-19
	-1.295567000322285e-03
	1.295567000315271e-03
	7.014772478778995e-15

 350	2.751798501769443e-09
	1.000000000000000e+00
	1.338585304054934e-19
	-1.295567000322285e-03
	1.295567000315271e-03
	7.014772478778995e-15

 351	2.761798501769444e-09
	1.000000000000000e+00
	1.338585304054934e-19
	-1.295567000322285e-03
	1.295567000315271e-03
	7.014772478778995e-15

 352	2.771798501769444e-09
	1.000000000000000e+00
	1.338585304054934e-19
	-1.295567000322285e-03
	1.295567000315271e-03
	7.014772478778995e-15

 353	2.781798501769444e-09
	1.000000000000000e+00
	1.338585304054934e-19
	-1.295567000322285e-03
	1.295567000315271e-03
	7.014772478778995e-15

 354	2.791798501769444e-09
	1.000000000000000e+00
	1.338585304054934e-19
	-1.295567000322285e-03
	1.295567000315271e-03
	7.014772478778995e-15

 355	2.801798501769444e-09
	1.000000000000000e+00
	1.338585304054934e-19
	-1.295567000322285e-03
	1.295567000315271e-03
	7.014772478778995e-15

 356	2.811798501769444e-09
	1.000000000000000e+00
	1.338585304054934e-19
	-1.295567000322285e-03
	1.295567000315271e-03
	7.014772478778995e-15

 357	2.821798501769445e-09
	1.000000000000000e+00
	1.338585304054934e-19
	-1.295567000322285e-03
	1.295567000315271e-03
	7.014772478778995e-15

 358	2.831798501769445e-09
	1.000000000000000e+00
	1.338585304054934e-19
	-1.295567000322285e-03
	1.295567000315271e-03
	7.014772478778995e-15

 359	2.841798501769445e-09
	1.000000000000000e+00
	1.338585304054934e-19
	-1.295567000322285e-03
	1.295567000315271e-03
	7.014772478778995e-15

 360	2.851798501769445e-09
	1.000000000000000e+00
	1.338585304054934e-19
	-1.295567000322285e-03
	1.295567000315271e-03
	7.014772478778995e-15

 361	2.861798501769445e-09
	1.000000000000000e+00
	1.338585304054934e-19
	-1.295567000322285e-03
	1.295567000315271e-03
	7.014772478778995e-15

 362	2.871798501769446e-09
	1.000000000000000e+00
	1.338585304054934e-19
	-1.295567000322285e-03
	1.295567000315271e-03
	7.014772478778995e-15

 363	2.881798501769446e-09
	1.000000000000000e+00
	1.338585304054934e-19
	-1.295567000322285e-03
	1.295567000315271e-03
	7.014772478778995e-15

 364	2.891798501769446e-09
	1.000000000000000e+00
	1.338585304054934e-19
	-1.295567000322285e-03
	1.295567000315271e-03
	7.014772478778995e-15

 365	2.901798501769446e-09
	1.000000000000000e+00
	1.338585304054934e-19
	-1.295567000322285e-03
	1.295567000315271e-03
	7.014772478778995e-15

 366	2.911798501769446e-09
	1.000000000000000e+00
	1.338585304054934e-19
	-1.295567000322285e-03
	1.295567000315271e-03
	7.014772478778995e-15

 367	2.921798501769446e-09
	1.000000000000000e+00
	1.338585304054934e-19
	-1.295567000322285e-03
	1.295567000315271e-03
	7.014772478778995e-15

 368	2.931798501769447e-09
	1.000000000000000e+00
	1.338585304054934e-19
	-1.295567000322285e-03
	1.295567000315271e-03
	7.014772478778995e-15

 369	2.941798501769447e-09
	1.000000000000000e+00
	1.338585304054934e-19
	-1.295567000322285e-03
	1.295567000315271e-03
	7.014772478778995e-15

 370	2.951798501769447e-09
	1.000000000000000e+00
	1.338585304054934e-19
	-1.295567000322285e-03
	1.295567000315271e-03
	7.014772478778995e-15

 371	2.961798501769447e-09
	1.000000000000000e+00
	1.338585304054934e-19
	-1.295567000322285e-03
	1.295567000315271e-03
	7.014772478778995e-15

 372	2.971798501769447e-09
	1.000000000000000e+00
	1.338585304054934e-19
	-1.295567000322285e-03
	1.295567000315271e-03
	7.014772478778995e-15

 373	2.981798501769447e-09
	1.000000000000000e+00
	1.338585304054934e-19
	-1.295567000322285e-03
	1.295567000315271e-03
	7.014772478778995e-15

 374	2.991798501769448e-09
	1.000000000000000e+00
	1.338585304054934e-19
	-1.295567000322285e-03
	1.295567000315271e-03
	7.014772478778995e-15

 375	3.001798501769448e-09
	1.000000000000000e+00
	1.338585304054934e-19
	-1.295567000322285e-03
	1.295567000315271e-03
	7.014772478778995e-15

 376	3.011798501769448e-09
	1.000000000000000e+00
	1.338585304054934e-19
	-1.295567000322285e-03
	1.295567000315271e-03
	7.014772478778995e-15

 377	3.021798501769448e-09
	1.000000000000000e+00
	1.338585304054934e-19
	-1.295567000322285e-03
	1.295567000315271e-03
	7.014772478778995e-15

 378	3.031798501769448e-09
	1.000000000000000e+00
	1.338585304054934e-19
	-1.295567000322285e-03
	1.295567000315271e-03
	7.014772478778995e-15

 379	3.041798501769448e-09
	1.000000000000000e+00
	1.338585304054934e-19
	-1.295567000322285e-03
	1.295567000315271e-03
	7.014772478778995e-15

 380	3.051798501769449e-09
	1.000000000000000e+00
	1.338585304054934e-19
	-1.295567000322285e-03
	1.295567000315271e-03
	7.014772478778995e-15

 381	3.061798501769449e-09
	1.000000000000000e+00
	1.338585304054934e-19
	-1.295567000322285e-03
	1.295567000315271e-03
	7.014772478778995e-15

 382	3.071798501769449e-09
	1.000000000000000e+00
	1.338585304054934e-19
	-1.295567000322285e-03
	1.295567000315271e-03
	7.014772478778995e-15

 383	3.081798501769449e-09
	1.000000000000000e+00
	1.338585304054934e-19
	-1.295567000322285e-03
	1.295567000315271e-03
	7.014772478778995e-15

 384	3.091798501769449e-09
	1.000000000000000e+00
	1.338585304054934e-19
	-1.295567000322285e-03
	1.295567000315271e-03
	7.014772478778995e-15

 385	3.101798501769449e-09
	1.000000000000000e+00
	1.338585304054934e-19
	-1.295567000322285e-03
	1.295567000315271e-03
	7.014772478778995e-15

 386	3.111798501769450e-09
	1.000000000000000e+00
	1.338585304054934e-19
	-1.295567000322285e-03
	1.295567000315271e-03
	7.014772478778995e-15

 387	3.121798501769450e-09
	1.000000000000000e+00
	1.338585304054934e-19
	-1.295567000322285e-03
	1.295567000315271e-03
	7.014772478778995e-15

 388	3.131798501769450e-09
	1.000000000000000e+00
	1.338585304054934e-19
	-1.295567000322285e-03
	1.295567000315271e-03
	7.014772478778995e-15

 389	3.141798501769450e-09
	1.000000000000000e+00
	1.338585304054934e-19
	-1.295567000322285e-03
	1.295567000315271e-03
	7.014772478778995e-15

 390	3.151798501769450e-09
	1.000000000000000e+00
	1.338585304054934e-19
	-1.295567000322285e-03
	1.295567000315271e-03
	7.014772478778995e-15

 391	3.161798501769451e-09
	1.000000000000000e+00
	1.338585304054934e-19
	-1.295567000322285e-03
	1.295567000315271e-03
	7.014772478778995e-15

 392	3.171798501769451e-09
	1.000000000000000e+00
	1.338585304054934e-19
	-1.295567000322285e-03
	1.295567000315271e-03
	7.014772478778995e-15

 393	3.181798501769451e-09
	1.000000000000000e+00
	1.338585304054934e-19
	-1.295567000322285e-03
	1.295567000315271e-03
	7.014772478778995e-15

 394	3.191798501769451e-09
	1.000000000000000e+00
	1.338585304054934e-19
	-1.295567000322285e-03
	1.295567000315271e-03
	7.014772478778995e-15

 395	3.201798501769451e-09
	1.000000000000000e+00
	1.338585304054934e-19
	-1.295567000322285e-03
	1.295567000315271e-03
	7.014772478778995e-15

 396	3.211798501769451e-09
	1.000000000000000e+00
	1.338585304054934e-19
	-1.295567000322285e-03
	1.295567000315271e-03
	7.014772478778995e-15

 397	3.221798501769452e-09
	1.000000000000000e+00
	1.338585304054934e-19
	-1.295567000322285e-03
	1.295567000315271e-03
	7.014772478778995e-15

 398	3.231798501769452e-09
	1.000000000000000e+00
	1.338585304054934e-19
	-1.295567000322285e-03
	1.295567000315271e-03
	7.014772478778995e-15

 399	3.241798501769452e-09
	1.000000000000000e+00
	1.338585304054934e-19
	-1.295567000322285e-03
	1.295567000315271e-03
	7.014772478778995e-15

 400	3.251798501769452e-09
	1.000000000000000e+00
	1.338585304054934e-19
	-1.295567000322285e-03
	1.295567000315271e-03
	7.014772478778995e-15

 401	3.261798501769452e-09
	1.000000000000000e+00
	1.338585304054934e-19
	-1.295567000322285e-03
	1.295567000315271e-03
	7.014772478778995e-15

 402	3.271798501769452e-09
	1.000000000000000e+00
	1.338585304054934e-19
	-1.295567000322285e-03
	1.295567000315271e-03
	7.014772478778995e-15

 403	3.281798501769453e-09
	1.000000000000000e+00
	1.338585304054934e-19
	-1.295567000322285e-03
	1.295567000315271e-03
	7.014772478778995e-15

 404	3.291798501769453e-09
	1.000000000000000e+00
	1.338585304054934e-19
	-1.295567000322285e-03
	1.295567000315271e-03
	7.014772478778995e-15

 405	3.301798501769453e-09
	1.000000000000000e+00
	1.338585304054934e-19
	-1.295567000322285e-03
	1.295567000315271e-03
	7.014772478778995e-15

 406	3.311798501769453e-09
	1.000000000000000e+00
	1.338585304054934e-19
	-1.295567000322285e-03
	1.295567000315271e-03
	7.014772478778995e-15

 407	3.321798501769453e-09
	1.000000000000000e+00
	1.338585304054934e-19
	-1.295567000322285e-03
	1.295567000315271e-03
	7.014772478778995e-15

 408	3.331798501769453e-09
	1.000000000000000e+00
	1.338585304054934e-19
	-1.295567000322285e-03
	1.295567000315271e-03
	7.014772478778995e-15

 409	3.341798501769454e-09
	1.000000000000000e+00
	1.338585304054934e-19
	-1.295567000322285e-03
	1.295567000315271e-03
	7.014772478778995e-15

 410	3.351798501769454e-09
	1.000000000000000e+00
	1.338585304054934e-19
	-1.295567000322285e-03
	1.295567000315271e-03
	7.014772478778995e-15

 411	3.361798501769454e-09
	1.000000000000000e+00
	1.338585304054934e-19
	-1.295567000322285e-03
	1.295567000315271e-03
	7.014772478778995e-15

 412	3.371798501769454e-09
	1.000000000000000e+00
	1.338585304054934e-19
	-1.295567000322285e-03
	1.295567000315271e-03
	7.014772478778995e-15

 413	3.381798501769454e-09
	1.000000000000000e+00
	1.338585304054934e-19
	-1.295567000322285e-03
	1.295567000315271e-03
	7.014772478778995e-15

 414	3.391798501769454e-09
	1.000000000000000e+00
	1.338585304054934e-19
	-1.295567000322285e-03
	1.295567000315271e-03
	7.014772478778995e-15

 415	3.401798501769455e-09
	1.000000000000000e+00
	1.338585304054934e-19
	-1.295567000322285e-03
	1.295567000315271e-03
	7.014772478778995e-15

 416	3.411798501769455e-09
	1.000000000000000e+00
	1.338585304054934e-19
	-1.295567000322285e-03
	1.295567000315271e-03
	7.014772478778995e-15

 417	3.421798501769455e-09
	1.000000000000000e+00
	1.338585304054934e-19
	-1.295567000322285e-03
	1.295567000315271e-03
	7.014772478778995e-15

 418	3.431798501769455e-09
	1.000000000000000e+00
	1.338585304054934e-19
	-1.295567000322285e-03
	1.295567000315271e-03
	7.014772478778995e-15

 419	3.441798501769455e-09
	1.000000000000000e+00
	1.338585304054934e-19
	-1.295567000322285e-03
	1.295567000315271e-03
	7.014772478778995e-15

 420	3.451798501769455e-09
	1.000000000000000e+00
	1.338585304054934e-19
	-1.295567000322285e-03
	1.295567000315271e-03
	7.014772478778995e-15

 421	3.461798501769456e-09
	1.000000000000000e+00
	1.338585304054934e-19
	-1.295567000322285e-03
	1.295567000315271e-03
	7.014772478778995e-15

 422	3.471798501769456e-09
	1.000000000000000e+00
	1.338585304054934e-19
	-1.295567000322285e-03
	1.295567000315271e-03
	7.014772478778995e-15

 423	3.481798501769456e-09
	1.000000000000000e+00
	1.338585304054934e-19
	-1.295567000322285e-03
	1.295567000315271e-03
	7.014772478778995e-15

 424	3.491798501769456e-09
	1.000000000000000e+00
	1.338585304054934e-19
	-1.295567000322285e-03
	1.295567000315271e-03
	7.014772478778995e-15

 425	3.501798501769456e-09
	1.000000000000000e+00
	1.338585304054934e-19
	-1.295567000322285e-03
	1.295567000315271e-03
	7.014772478778995e-15

 426	3.511798501769457e-09
	1.000000000000000e+00
	1.338585304054934e-19
	-1.295567000322285e-03
	1.295567000315271e-03
	7.014772478778995e-15

 427	3.521798501769457e-09
	1.000000000000000e+00
	1.338585304054934e-19
	-1.295567000322285e-03
	1.295567000315271e-03
	7.014772478778995e-15

 428	3.531798501769457e-09
	1.000000000000000e+00
	1.338585304054934e-19
	-1.295567000322285e-03
	1.295567000315271e-03
	7.014772478778995e-15

 429	3.541798501769457e-09
	1.000000000000000e+00
	1.338585304054934e-19
	-1.295567000322285e-03
	1.295567000315271e-03
	7.014772478778995e-15

 430	3.551798501769457e-09
	1.000000000000000e+00
	1.338585304054934e-19
	-1.295567000322285e-03
	1.295567000315271e-03
	7.014772478778995e-15

 431	3.561798501769457e-09
	1.000000000000000e+00
	1.338585304054934e-19
	-1.295567000322285e-03
	1.295567000315271e-03
	7.014772478778995e-15

 432	3.571798501769458e-09
	1.000000000000000e+00
	1.338585304054934e-19
	-1.295567000322285e-03
	1.295567000315271e-03
	7.014772478778995e-15

 433	3.581798501769458e-09
	1.000000000000000e+00
	1.338585304054934e-19
	-1.295567000322285e-03
	1.295567000315271e-03
	7.014772478778995e-15

 434	3.591798501769458e-09
	1.000000000000000e+00
	1.338585304054934e-19
	-1.295567000322285e-03
	1.295567000315271e-03
	7.014772478778995e-15

 435	3.601798501769458e-09
	1.000000000000000e+00
	1.338585304054934e-19
	-1.295567000322285e-03
	1.295567000315271e-03
	7.014772478778995e-15

 436	3.611798501769458e-09
	1.000000000000000e+00
	1.338585304054934e-19
	-1.295567000322285e-03
	1.295567000315271e-03
	7.014772478778995e-15

 437	3.621798501769458e-09
	1.000000000000000e+00
	1.338585304054934e-19
	-1.295567000322285e-03
	1.295567000315271e-03
	7.014772478778995e-15

 438	3.631798501769459e-09
	1.000000000000000e+00
	1.338585304054934e-19
	-1.295567000322285e-03
	1.295567000315271e-03
	7.014772478778995e-15

 439	3.641798501769459e-09
	1.000000000000000e+00
	1.338585304054934e-19
	-1.295567000322285e-03
	1.295567000315271e-03
	7.014772478778995e-15

 440	3.651798501769459e-09
	1.000000000000000e+00
	1.338585304054934e-19
	-1.295567000322285e-03
	1.295567000315271e-03
	7.014772478778995e-15

 441	3.661798501769459e-09
	1.000000000000000e+00
	1.338585304054934e-19
	-1.295567000322285e-03
	1.295567000315271e-03
	7.014772478778995e-15

 442	3.671798501769459e-09
	1.000000000000000e+00
	1.338585304054934e-19
	-1.295567000322285e-03
	1.295567000315271e-03
	7.014772478778995e-15

 443	3.681798501769459e-09
	1.000000000000000e+00
	1.338585304054934e-19
	-1.295567000322285e-03
	1.295567000315271e-03
	7.014772478778995e-15

 444	3.691798501769460e-09
	1.000000000000000e+00
	1.338585304054934e-19
	-1.295567000322285e-03
	1.295567000315271e-03
	7.014772478778995e-15

 445	3.701798501769460e-09
	1.000000000000000e+00
	1.338585304054934e-19
	-1.295567000322285e-03
	1.295567000315271e-03
	7.014772478778995e-15

 446	3.711798501769460e-09
	1.000000000000000e+00
	1.338585304054934e-19
	-1.295567000322285e-03
	1.295567000315271e-03
	7.014772478778995e-15

 447	3.721798501769460e-09
	1.000000000000000e+00
	1.338585304054934e-19
	-1.295567000322285e-03
	1.295567000315271e-03
	7.014772478778995e-15

 448	3.731798501769460e-09
	1.000000000000000e+00
	1.338585304054934e-19
	-1.295567000322285e-03
	1.295567000315271e-03
	7.014772478778995e-15

 449	3.741798501769460e-09
	1.000000000000000e+00
	1.338585304054934e-19
	-1.295567000322285e-03
	1.295567000315271e-03
	7.014772478778995e-15

 450	3.751798501769460e-09
	1.000000000000000e+00
	1.338585304054934e-19
	-1.295567000322285e-03
	1.295567000315271e-03
	7.014772478778995e-15

 451	3.761798501769460e-09
	1.000000000000000e+00
	1.338585304054934e-19
	-1.295567000322285e-03
	1.295567000315271e-03
	7.014772478778995e-15

 452	3.771798501769459e-09
	1.000000000000000e+00
	1.338585304054934e-19
	-1.295567000322285e-03
	1.295567000315271e-03
	7.014772478778995e-15

 453	3.781798501769459e-09
	1.000000000000000e+00
	1.338585304054934e-19
	-1.295567000322285e-03
	1.295567000315271e-03
	7.014772478778995e-15

 454	3.791798501769459e-09
	1.000000000000000e+00
	1.338585304054934e-19
	-1.295567000322285e-03
	1.295567000315271e-03
	7.014772478778995e-15

 455	3.801798501769459e-09
	1.000000000000000e+00
	1.338585304054934e-19
	-1.295567000322285e-03
	1.295567000315271e-03
	7.014772478778995e-15

 456	3.811798501769458e-09
	1.000000000000000e+00
	1.338585304054934e-19
	-1.295567000322285e-03
	1.295567000315271e-03
	7.014772478778995e-15

 457	3.821798501769458e-09
	1.000000000000000e+00
	1.338585304054934e-19
	-1.295567000322285e-03
	1.295567000315271e-03
	7.014772478778995e-15

 458	3.831798501769458e-09
	1.000000000000000e+00
	1.338585304054934e-19
	-1.295567000322285e-03
	1.295567000315271e-03
	7.014772478778995e-15

 459	3.841798501769458e-09
	1.000000000000000e+00
	1.338585304054934e-19
	-1.295567000322285e-03
	1.295567000315271e-03
	7.014772478778995e-15

 460	3.851798501769457e-09
	1.000000000000000e+00
	1.338585304054934e-19
	-1.295567000322285e-03
	1.295567000315271e-03
	7.014772478778995e-15

 461	3.861798501769457e-09
	1.000000000000000e+00
	1.338585304054934e-19
	-1.295567000322285e-03
	1.295567000315271e-03
	7.014772478778995e-15

 462	3.871798501769457e-09
	1.000000000000000e+00
	1.338585304054934e-19
	-1.295567000322285e-03
	1.295567000315271e-03
	7.014772478778995e-15

 463	3.881798501769457e-09
	1.000000000000000e+00
	1.338585304054934e-19
	-1.295567000322285e-03
	1.295567000315271e-03
	7.014772478778995e-15

 464	3.891798501769456e-09
	1.000000000000000e+00
	1.338585304054934e-19
	-1.295567000322285e-03
	1.295567000315271e-03
	7.014772478778995e-15

 465	3.901798501769456e-09
	1.000000000000000e+00
	1.338585304054934e-19
	-1.295567000322285e-03
	1.295567000315271e-03
	7.014772478778995e-15

 466	3.911798501769456e-09
	1.000000000000000e+00
	1.338585304054934e-19
	-1.295567000322285e-03
	1.295567000315271e-03
	7.014772478778995e-15

 467	3.921798501769456e-09
	1.000000000000000e+00
	1.338585304054934e-19
	-1.295567000322285e-03
	1.295567000315271e-03
	7.014772478778995e-15

 468	3.931798501769455e-09
	1.000000000000000e+00
	1.338585304054934e-19
	-1.295567000322285e-03
	1.295567000315271e-03
	7.014772478778995e-15

 469	3.941798501769455e-09
	1.000000000000000e+00
	1.338585304054934e-19
	-1.295567000322285e-03
	1.295567000315271e-03
	7.014772478778995e-15

 470	3.951798501769455e-09
	1.000000000000000e+00
	1.338585304054934e-19
	-1.295567000322285e-03
	1.295567000315271e-03
	7.014772478778995e-15

 471	3.961798501769455e-09
	1.000000000000000e+00
	1.338585304054934e-19
	-1.295567000322285e-03
	1.295567000315271e-03
	7.014772478778995e-15

 472	3.971798501769455e-09
	1.000000000000000e+00
	1.338585304054934e-19
	-1.295567000322285e-03
	1.295567000315271e-03
	7.014772478778995e-15

 473	3.981798501769454e-09
	1.000000000000000e+00
	1.338585304054934e-19
	-1.295567000322285e-03
	1.295567000315271e-03
	7.014772478778995e-15

 474	3.991798501769454e-09
	1.000000000000000e+00
	1.338585304054934e-19
	-1.295567000322285e-03
	1.295567000315271e-03
	7.014772478778995e-15

 475	4.001798501769454e-09
	1.000000000000000e+00
	1.338585304054934e-19
	-1.295567000322285e-03
	1.295567000315271e-03
	7.014772478778995e-15

 476	4.011798501769454e-09
	1.000000000000000e+00
	1.338585304054934e-19
	-1.295567000322285e-03
	1.295567000315271e-03
	7.014772478778995e-15

 477	4.021798501769453e-09
	1.000000000000000e+00
	1.338585304054934e-19
	-1.295567000322285e-03
	1.295567000315271e-03
	7.014772478778995e-15

 478	4.031798501769453e-09
	1.000000000000000e+00
	1.338585304054934e-19
	-1.295567000322285e-03
	1.295567000315271e-03
	7.014772478778995e-15

 479	4.041798501769453e-09
	1.000000000000000e+00
	1.338585304054934e-19
	-1.295567000322285e-03
	1.295567000315271e-03
	7.014772478778995e-15

 480	4.051798501769453e-09
	1.000000000000000e+00
	1.338585304054934e-19
	-1.295567000322285e-03
	1.295567000315271e-03
	7.014772478778995e-15

 481	4.061798501769452e-09
	1.000000000000000e+00
	1.338585304054934e-19
	-1.295567000322285e-03
	1.295567000315271e-03
	7.014772478778995e-15

 482	4.071798501769452e-09
	1.000000000000000e+00
	1.338585304054934e-19
	-1.295567000322285e-03
	1.295567000315271e-03
	7.014772478778995e-15

 483	4.081798501769452e-09
	1.000000000000000e+00
	1.338585304054934e-19
	-1.295567000322285e-03
	1.295567000315271e-03
	7.014772478778995e-15

 484	4.091798501769452e-09
	1.000000000000000e+00
	1.338585304054934e-19
	-1.295567000322285e-03
	1.295567000315271e-03
	7.014772478778995e-15

 485	4.101798501769451e-09
	1.000000000000000e+00
	1.338585304054934e-19
	-1.295567000322285e-03
	1.295567000315271e-03
	7.014772478778995e-15

 486	4.111798501769451e-09
	1.000000000000000e+00
	1.338585304054934e-19
	-1.295567000322285e-03
	1.295567000315271e-03
	7.014772478778995e-15

 487	4.121798501769451e-09
	1.000000000000000e+00
	1.338585304054934e-19
	-1.295567000322285e-03
	1.295567000315271e-03
	7.014772478778995e-15

 488	4.131798501769451e-09
	1.000000000000000e+00
	1.338585304054934e-19
	-1.295567000322285e-03
	1.295567000315271e-03
	7.014772478778995e-15

 489	4.141798501769450e-09
	1.000000000000000e+00
	1.338585304054934e-19
	-1.295567000322285e-03
	1.295567000315271e-03
	7.014772478778995e-15

 490	4.151798501769450e-09
	1.000000000000000e+00
	1.338585304054934e-19
	-1.295567000322285e-03
	1.295567000315271e-03
	7.014772478778995e-15

 491	4.161798501769450e-09
	1.000000000000000e+00
	1.338585304054934e-19
	-1.295567000322285e-03
	1.295567000315271e-03
	7.014772478778995e-15

 492	4.171798501769450e-09
	1.000000000000000e+00
	1.338585304054934e-19
	-1.295567000322285e-03
	1.295567000315271e-03
	7.014772478778995e-15

 493	4.181798501769449e-09
	1.000000000000000e+00
	1.338585304054934e-19
	-1.295567000322285e-03
	1.295567000315271e-03
	7.014772478778995e-15

 494	4.191798501769449e-09
	1.000000000000000e+00
	1.338585304054934e-19
	-1.295567000322285e-03
	1.295567000315271e-03
	7.014772478778995e-15

 495	4.201798501769449e-09
	1.000000000000000e+00
	1.338585304054934e-19
	-1.295567000322285e-03
	1.295567000315271e-03
	7.014772478778995e-15

 496	4.211798501769449e-09
	1.000000000000000e+00
	1.338585304054934e-19
	-1.295567000322285e-03
	1.295567000315271e-03
	7.014772478778995e-15

 497	4.221798501769448e-09
	1.000000000000000e+00
	1.338585304054934e-19
	-1.295567000322285e-03
	1.295567000315271e-03
	7.014772478778995e-15

 498	4.231798501769448e-09
	1.000000000000000e+00
	1.338585304054934e-19
	-1.295567000322285e-03
	1.295567000315271e-03
	7.014772478778995e-15

 499	4.241798501769448e-09
	1.000000000000000e+00
	1.338585304054934e-19
	-1.295567000322285e-03
	1.295567000315271e-03
	7.014772478778995e-15

 500	4.251798501769448e-09
	1.000000000000000e+00
	1.338585304054934e-19
	-1.295567000322285e-03
	1.295567000315271e-03
	7.014772478778995e-15

 501	4.261798501769448e-09
	1.000000000000000e+00
	1.338585304054934e-19
	-1.295567000322285e-03
	1.295567000315271e-03
	7.014772478778995e-15

 502	4.271798501769447e-09
	1.000000000000000e+00
	1.338585304054934e-19
	-1.295567000322285e-03
	1.295567000315271e-03
	7.014772478778995e-15

 503	4.281798501769447e-09
	1.000000000000000e+00
	1.338585304054934e-19
	-1.295567000322285e-03
	1.295567000315271e-03
	7.014772478778995e-15

 504	4.291798501769447e-09
	1.000000000000000e+00
	1.338585304054934e-19
	-1.295567000322285e-03
	1.295567000315271e-03
	7.014772478778995e-15

 505	4.301798501769447e-09
	1.000000000000000e+00
	1.338585304054934e-19
	-1.295567000322285e-03
	1.295567000315271e-03
	7.014772478778995e-15

 506	4.311798501769446e-09
	1.000000000000000e+00
	1.338585304054934e-19
	-1.295567000322285e-03
	1.295567000315271e-03
	7.014772478778995e-15

 507	4.321798501769446e-09
	1.000000000000000e+00
	1.338585304054934e-19
	-1.295567000322285e-03
	1.295567000315271e-03
	7.014772478778995e-15

 508	4.331798501769446e-09
	1.000000000000000e+00
	1.338585304054934e-19
	-1.295567000322285e-03
	1.295567000315271e-03
	7.014772478778995e-15

 509	4.341798501769446e-09
	1.000000000000000e+00
	1.338585304054934e-19
	-1.295567000322285e-03
	1.295567000315271e-03
	7.014772478778995e-15

 510	4.351798501769445e-09
	1.000000000000000e+00
	1.338585304054934e-19
	-1.295567000322285e-03
	1.295567000315271e-03
	7.014772478778995e-15

 511	4.361798501769445e-09
	1.000000000000000e+00
	1.338585304054934e-19
	-1.295567000322285e-03
	1.295567000315271e-03
	7.014772478778995e-15

 512	4.371798501769445e-09
	1.000000000000000e+00
	1.338585304054934e-19
	-1.295567000322285e-03
	1.295567000315271e-03
	7.014772478778995e-15

 513	4.381798501769445e-09
	1.000000000000000e+00
	1.338585304054934e-19
	-1.295567000322285e-03
	1.295567000315271e-03
	7.014772478778995e-15

 514	4.391798501769444e-09
	1.000000000000000e+00
	1.338585304054934e-19
	-1.295567000322285e-03
	1.295567000315271e-03
	7.014772478778995e-15

 515	4.401798501769444e-09
	1.000000000000000e+00
	1.338585304054934e-19
	-1.295567000322285e-03
	1.295567000315271e-03
	7.014772478778995e-15

 516	4.411798501769444e-09
	1.000000000000000e+00
	1.338585304054934e-19
	-1.295567000322285e-03
	1.295567000315271e-03
	7.014772478778995e-15

 517	4.421798501769444e-09
	1.000000000000000e+00
	1.338585304054934e-19
	-1.295567000322285e-03
	1.295567000315271e-03
	7.014772478778995e-15

 518	4.431798501769443e-09
	1.000000000000000e+00
	1.338585304054934e-19
	-1.295567000322285e-03
	1.295567000315271e-03
	7.014772478778995e-15

 519	4.441798501769443e-09
	1.000000000000000e+00
	1.338585304054934e-19
	-1.295567000322285e-03
	1.295567000315271e-03
	7.014772478778995e-15

 520	4.451798501769443e-09
	1.000000000000000e+00
	1.338585304054934e-19
	-1.295567000322285e-03
	1.295567000315271e-03
	7.014772478778995e-15

 521	4.461798501769443e-09
	1.000000000000000e+00
	1.338585304054934e-19
	-1.295567000322285e-03
	1.295567000315271e-03
	7.014772478778995e-15

 522	4.471798501769442e-09
	1.000000000000000e+00
	1.338585304054934e-19
	-1.295567000322285e-03
	1.295567000315271e-03
	7.014772478778995e-15

 523	4.481798501769442e-09
	1.000000000000000e+00
	1.338585304054934e-19
	-1.295567000322285e-03
	1.295567000315271e-03
	7.014772478778995e-15

 524	4.491798501769442e-09
	1.000000000000000e+00
	1.338585304054934e-19
	-1.295567000322285e-03
	1.295567000315271e-03
	7.014772478778995e-15

 525	4.501798501769442e-09
	1.000000000000000e+00
	1.338585304054934e-19
	-1.295567000322285e-03
	1.295567000315271e-03
	7.014772478778995e-15

 526	4.511798501769441e-09
	1.000000000000000e+00
	1.338585304054934e-19
	-1.295567000322285e-03
	1.295567000315271e-03
	7.014772478778995e-15

 527	4.521798501769441e-09
	1.000000000000000e+00
	1.338585304054934e-19
	-1.295567000322285e-03
	1.295567000315271e-03
	7.014772478778995e-15

 528	4.531798501769441e-09
	1.000000000000000e+00
	1.338585304054934e-19
	-1.295567000322285e-03
	1.295567000315271e-03
	7.014772478778995e-15

 529	4.541798501769441e-09
	1.000000000000000e+00
	1.338585304054934e-19
	-1.295567000322285e-03
	1.295567000315271e-03
	7.014772478778995e-15

 530	4.551798501769441e-09
	1.000000000000000e+00
	1.338585304054934e-19
	-1.295567000322285e-03
	1.295567000315271e-03
	7.014772478778995e-15

 531	4.561798501769440e-09
	1.000000000000000e+00
	1.338585304054934e-19
	-1.295567000322285e-03
	1.295567000315271e-03
	7.014772478778995e-15

 532	4.571798501769440e-09
	1.000000000000000e+00
	1.338585304054934e-19
	-1.295567000322285e-03
	1.295567000315271e-03
	7.014772478778995e-15

 533	4.581798501769440e-09
	1.000000000000000e+00
	1.338585304054934e-19
	-1.295567000322285e-03
	1.295567000315271e-03
	7.014772478778995e-15

 534	4.591798501769440e-09
	1.000000000000000e+00
	1.338585304054934e-19
	-1.295567000322285e-03
	1.295567000315271e-03
	7.014772478778995e-15

 535	4.601798501769439e-09
	1.000000000000000e+00
	1.338585304054934e-19
	-1.295567000322285e-03
	1.295567000315271e-03
	7.014772478778995e-15

 536	4.611798501769439e-09
	1.000000000000000e+00
	1.338585304054934e-19
	-1.295567000322285e-03
	1.295567000315271e-03
	7.014772478778995e-15

 537	4.621798501769439e-09
	1.000000000000000e+00
	1.338585304054934e-19
	-1.295567000322285e-03
	1.295567000315271e-03
	7.014772478778995e-15

 538	4.631798501769439e-09
	1.000000000000000e+00
	1.338585304054934e-19
	-1.295567000322285e-03
	1.295567000315271e-03
	7.014772478778995e-15

 539	4.641798501769438e-09
	1.000000000000000e+00
	1.338585304054934e-19
	-1.295567000322285e-03
	1.295567000315271e-03
	7.014772478778995e-15

 540	4.651798501769438e-09
	1.000000000000000e+00
	1.338585304054934e-19
	-1.295567000322285e-03
	1.295567000315271e-03
	7.014772478778995e-15

 541	4.661798501769438e-09
	1.000000000000000e+00
	1.338585304054934e-19
	-1.295567000322285e-03
	1.295567000315271e-03
	7.014772478778995e-15

 542	4.671798501769438e-09
	1.000000000000000e+00
	1.338585304054934e-19
	-1.295567000322285e-03
	1.295567000315271e-03
	7.014772478778995e-15

 543	4.681798501769437e-09
	1.000000000000000e+00
	1.338585304054934e-19
	-1.295567000322285e-03
	1.295567000315271e-03
	7.014772478778995e-15

 544	4.691798501769437e-09
	1.000000000000000e+00
	1.338585304054934e-19
	-1.295567000322285e-03
	1.295567000315271e-03
	7.014772478778995e-15

 545	4.701798501769437e-09
	1.000000000000000e+00
	1.338585304054934e-19
	-1.295567000322285e-03
	1.295567000315271e-03
	7.014772478778995e-15

 546	4.711798501769437e-09
	1.000000000000000e+00
	1.338585304054934e-19
	-1.295567000322285e-03
	1.295567000315271e-03
	7.014772478778995e-15

 547	4.721798501769436e-09
	1.000000000000000e+00
	1.338585304054934e-19
	-1.295567000322285e-03
	1.295567000315271e-03
	7.014772478778995e-15

 548	4.731798501769436e-09
	1.000000000000000e+00
	1.338585304054934e-19
	-1.295567000322285e-03
	1.295567000315271e-03
	7.014772478778995e-15

 549	4.741798501769436e-09
	1.000000000000000e+00
	1.338585304054934e-19
	-1.295567000322285e-03
	1.295567000315271e-03
	7.014772478778995e-15

 550	4.751798501769436e-09
	1.000000000000000e+00
	1.338585304054934e-19
	-1.295567000322285e-03
	1.295567000315271e-03
	7.014772478778995e-15

 551	4.761798501769435e-09
	1.000000000000000e+00
	1.338585304054934e-19
	-1.295567000322285e-03
	1.295567000315271e-03
	7.014772478778995e-15

 552	4.771798501769435e-09
	1.000000000000000e+00
	1.338585304054934e-19
	-1.295567000322285e-03
	1.295567000315271e-03
	7.014772478778995e-15

 553	4.781798501769435e-09
	1.000000000000000e+00
	1.338585304054934e-19
	-1.295567000322285e-03
	1.295567000315271e-03
	7.014772478778995e-15

 554	4.791798501769435e-09
	1.000000000000000e+00
	1.338585304054934e-19
	-1.295567000322285e-03
	1.295567000315271e-03
	7.014772478778995e-15

 555	4.801798501769434e-09
	1.000000000000000e+00
	1.338585304054934e-19
	-1.295567000322285e-03
	1.295567000315271e-03
	7.014772478778995e-15

 556	4.811798501769434e-09
	1.000000000000000e+00
	1.338585304054934e-19
	-1.295567000322285e-03
	1.295567000315271e-03
	7.014772478778995e-15

 557	4.821798501769434e-09
	1.000000000000000e+00
	1.338585304054934e-19
	-1.295567000322285e-03
	1.295567000315271e-03
	7.014772478778995e-15

 558	4.831798501769434e-09
	1.000000000000000e+00
	1.338585304054934e-19
	-1.295567000322285e-03
	1.295567000315271e-03
	7.014772478778995e-15

 559	4.841798501769434e-09
	1.000000000000000e+00
	1.338585304054934e-19
	-1.295567000322285e-03
	1.295567000315271e-03
	7.014772478778995e-15

 560	4.851798501769433e-09
	1.000000000000000e+00
	1.338585304054934e-19
	-1.295567000322285e-03
	1.295567000315271e-03
	7.014772478778995e-15

 561	4.861798501769433e-09
	1.000000000000000e+00
	1.338585304054934e-19
	-1.295567000322285e-03
	1.295567000315271e-03
	7.014772478778995e-15

 562	4.871798501769433e-09
	1.000000000000000e+00
	1.338585304054934e-19
	-1.295567000322285e-03
	1.295567000315271e-03
	7.014772478778995e-15

 563	4.881798501769433e-09
	1.000000000000000e+00
	1.338585304054934e-19
	-1.295567000322285e-03
	1.295567000315271e-03
	7.014772478778995e-15

 564	4.891798501769432e-09
	1.000000000000000e+00
	1.338585304054934e-19
	-1.295567000322285e-03
	1.295567000315271e-03
	7.014772478778995e-15

 565	4.901798501769432e-09
	1.000000000000000e+00
	1.338585304054934e-19
	-1.295567000322285e-03
	1.295567000315271e-03
	7.014772478778995e-15

 566	4.911798501769432e-09
	1.000000000000000e+00
	1.338585304054934e-19
	-1.295567000322285e-03
	1.295567000315271e-03
	7.014772478778995e-15

 567	4.921798501769432e-09
	1.000000000000000e+00
	1.338585304054934e-19
	-1.295567000322285e-03
	1.295567000315271e-03
	7.014772478778995e-15

 568	4.931798501769431e-09
	1.000000000000000e+00
	1.338585304054934e-19
	-1.295567000322285e-03
	1.295567000315271e-03
	7.014772478778995e-15

 569	4.941798501769431e-09
	1.000000000000000e+00
	1.338585304054934e-19
	-1.295567000322285e-03
	1.295567000315271e-03
	7.014772478778995e-15

 570	4.951798501769431e-09
	1.000000000000000e+00
	1.338585304054934e-19
	-1.295567000322285e-03
	1.295567000315271e-03
	7.014772478778995e-15

 571	4.961798501769431e-09
	1.000000000000000e+00
	1.338585304054934e-19
	-1.295567000322285e-03
	1.295567000315271e-03
	7.014772478778995e-15

 572	4.971798501769430e-09
	1.000000000000000e+00
	1.338585304054934e-19
	-1.295567000322285e-03
	1.295567000315271e-03
	7.014772478778995e-15

 573	4.981798501769430e-09
	1.000000000000000e+00
	1.338585304054934e-19
	-1.295567000322285e-03
	1.295567000315271e-03
	7.014772478778995e-15

 574	4.990899250884715e-09
	1.000000000000000e+00
	1.111486747958868e-19
	-1.295567000322285e-03
	1.295567000315270e-03
	7.014743878221224e-15

 575	5.000000000000000e-09
	1.000000000000000e+00
	-5.010220621534655e-20
	-1.295567000322285e-03
	1.295567000315271e-03
	7.014733919316565e-15

