 time time v(in_delay) v(mid1_delay) v(mid2_delay) v(out_delay)
 0.0000000000e+00 0.0000000000e+00 0.0000000000e+00 1.1897516448e+00 5.8984319689e-03 1.1976749801e+00
 1.7074603374e-12 1.7074603374e-12 4.0979048098e-03 1.1913729604e+00 6.5120814827e-03 1.1983016360e+00
 3.1005503371e-12 3.1005503371e-12 7.4413208090e-03 1.1928844073e+00 7.0416853841e-03 1.1989140044e+00
 5.5678623038e-12 5.5678623038e-12 1.3362869529e-02 1.1956292315e+00 7.9591397682e-03 1.2000050203e+00
 7.6287464119e-12 7.6287464119e-12 1.8308991388e-02 1.1979483387e+00 8.7471207030e-03 1.2009593019e+00
 1.1589051456e-11 1.1589051456e-11 2.7813723494e-02 1.2023568341e+00 1.0325441298e-02 1.2029158572e+00
 1.5160076984e-11 1.5160076984e-11 3.6384184762e-02 1.2063565936e+00 1.1769158009e-02 1.2047170399e+00
 1.9769481421e-11 1.9769481421e-11 4.7446755410e-02 1.2115238462e+00 1.3633729588e-02 1.2070372171e+00
 2.6511412904e-11 2.6511412904e-11 6.3627390970e-02 1.2190472455e+00 1.6348394586e-02 1.2104104951e+00
 3.3441667141e-11 3.3441667141e-11 8.0260001138e-02 1.2267430734e+00 1.9128924308e-02 1.2138540619e+00
 4.7302175614e-11 4.7302175614e-11 1.1352522147e-01 1.2420093778e+00 2.4648013536e-02 1.2206651151e+00
 7.4393934503e-11 7.4393934503e-11 1.7854544281e-01 1.2713220459e+00 3.5260348311e-02 1.2336525609e+00
 1.1137416847e-10 1.1137416847e-10 2.6729800434e-01 1.3099869725e+00 4.9258560432e-02 1.2505636558e+00
 1.5558414726e-10 1.5558414726e-10 3.7340195342e-01 1.3535433258e+00 6.4967752334e-02 1.2692082134e+00
 1.9703952777e-10 1.9703952777e-10 4.7289486665e-01 1.3909020871e+00 7.8295694532e-02 1.2847043212e+00
 2.3970385339e-10 2.3970385339e-10 5.7528924815e-01 1.4258683070e+00 9.0564985137e-02 1.2986465394e+00
 2.7809165047e-10 2.7809165047e-10 6.6741996114e-01 1.4575102397e+00 1.0161546830e-01 1.3109959427e+00
 2.8547980036e-10 2.8547980036e-10 6.8515152087e-01 1.4640813913e+00 1.0393360410e-01 1.3135750977e+00
 3.0025610014e-10 3.0025610014e-10 7.2061464034e-01 1.4775423420e+00 1.0868285080e-01 1.3188657183e+00
 3.1436621012e-10 3.1436621012e-10 7.5447890428e-01 1.4906780085e+00 1.1332702619e-01 1.3240091429e+00
 3.3193867246e-10 3.3193867246e-10 7.9665281390e-01 1.5070560727e+00 1.1910014017e-01 1.3303774462e+00
 3.4857858332e-10 3.4857858332e-10 8.3658859997e-01 1.5224373241e+00 1.2450292496e-01 1.3362787309e+00
 3.6555259833e-10 3.6555259833e-10 8.7732623598e-01 1.5378252098e+00 1.2987038122e-01 1.3421011290e+00
 3.8517257587e-10 3.8517257587e-10 9.2441418209e-01 1.5550772212e+00 1.3583295786e-01 1.3484850650e+00
 4.0978917815e-10 4.0978917815e-10 9.8349402755e-01 1.5753711624e+00 1.4270737359e-01 1.3557314423e+00
 4.4543116805e-10 4.4543116805e-10 1.0690348033e+00 1.5999477716e+00 1.5054313640e-01 1.3636359162e+00
 4.7271558402e-10 4.7271558402e-10 1.1345174017e+00 1.6132485618e+00 1.5411883474e-01 1.3668231954e+00
 5.0000000000e-10 5.0000000000e-10 1.2000000000e+00 1.6234078053e+00 1.5632781389e-01 1.3683599835e+00
 5.0313889040e-10 5.0313889040e-10 1.2000000000e+00 1.6226258117e+00 1.5569956767e-01 1.3675985950e+00
 5.0871907831e-10 5.0871907831e-10 1.2000000000e+00 1.6218475855e+00 1.5490841594e-01 1.3664436898e+00
 5.1373976117e-10 5.1373976117e-10 1.2000000000e+00 1.6215059530e+00 1.5437680127e-01 1.3656286828e+00
 5.1975963215e-10 5.1975963215e-10 1.2000000000e+00 1.6210055922e+00 1.5367634652e-01 1.3645967825e+00
 5.2507807660e-10 5.2507807660e-10 1.2000000000e+00 1.6205955650e+00 1.5308881450e-01 1.3636995203e+00
 5.3272782647e-10 5.3272782647e-10 1.2000000000e+00 1.6199781814e+00 1.5222332814e-01 1.3624169945e+00
 5.4273629127e-10 5.4273629127e-10 1.2000000000e+00 1.6191925728e+00 1.5111659084e-01 1.3607425302e+00
 5.5733614990e-10 5.5733614990e-10 1.2000000000e+00 1.6180317053e+00 1.4950473099e-01 1.3583360548e+00
 5.7249895539e-10 5.7249895539e-10 1.2000000000e+00 1.6168438766e+00 1.4786230420e-01 1.3558559078e+00
 5.9306179166e-10 5.9306179166e-10 1.2000000000e+00 1.6152257904e+00 1.4565841568e-01 1.3525540672e+00
 6.1602954515e-10 6.1602954515e-10 1.2000000000e+00 1.6134398041e+00 1.4325071210e-01 1.3489185692e+00
 6.4772184408e-10 6.4772184408e-10 1.2000000000e+00 1.6109787765e+00 1.3999581188e-01 1.3440255831e+00
 6.8372946443e-10 6.8372946443e-10 1.2000000000e+00 1.6082156858e+00 1.3640931058e-01 1.3386044484e+00
 7.3294926035e-10 7.3294926035e-10 1.2000000000e+00 1.6044640317e+00 1.3167011972e-01 1.3314583088e+00
 7.8909888286e-10 7.8909888286e-10 1.2000000000e+00 1.6002449381e+00 1.2650061417e-01 1.3236333105e+00
 8.6386496378e-10 8.6386496378e-10 1.2000000000e+00 1.5946956039e+00 1.1996591439e-01 1.3137609198e+00
 9.3193248189e-10 9.3193248189e-10 1.2000000000e+00 1.5897278820e+00 1.1435372473e-01 1.3052647624e+00
 1.0000000000e-09 1.0000000000e-09 1.2000000000e+00 1.5848190372e+00 1.0902826396e-01 1.2972312090e+00
 1.0066044075e-09 1.0066044075e-09 1.2000000000e+00 1.5843492409e+00 1.0852935614e-01 1.2964735158e+00
 1.0185906475e-09 1.0185906475e-09 1.2000000000e+00 1.5834937574e+00 1.0762590452e-01 1.2951100762e+00
 1.0329429316e-09 1.0329429316e-09 1.2000000000e+00 1.5824715969e+00 1.0655470613e-01 1.2934947996e+00
 1.0524619203e-09 1.0524619203e-09 1.2000000000e+00 1.5810863190e+00 1.0511700199e-01 1.2913272735e+00
 1.0821155406e-09 1.0821155406e-09 1.2000000000e+00 1.5789911194e+00 1.0297309015e-01 1.2880984899e+00
 1.1237899948e-09 1.1237899948e-09 1.2000000000e+00 1.5760662234e+00 1.0004062369e-01 1.2836874999e+00
 1.1563465808e-09 1.1563465808e-09 1.2000000000e+00 1.5737963549e+00 9.7812748958e-02 1.2803423227e+00
 1.1722515154e-09 1.1722515154e-09 1.2000000000e+00 1.5726924132e+00 9.6744092309e-02 1.2787392094e+00
 1.1883682747e-09 1.1883682747e-09 1.2000000000e+00 1.5715766751e+00 9.5673825698e-02 1.2771355307e+00
 1.2034443624e-09 1.2034443624e-09 1.2000000000e+00 1.5705360101e+00 9.4684332279e-02 1.2756536426e+00
 1.2173811596e-09 1.2173811596e-09 1.2000000000e+00 1.5695762003e+00 9.3779208567e-02 1.2742996620e+00
 1.2296992887e-09 1.2296992887e-09 1.2000000000e+00 1.5687299324e+00 9.2987031328e-02 1.2731151214e+00
 1.2463824383e-09 1.2463824383e-09 1.2000000000e+00 1.5675863960e+00 9.1925329747e-02 1.2715294324e+00
 1.2728398260e-09 1.2728398260e-09 1.2000000000e+00 1.5657796076e+00 9.0268020186e-02 1.2690569961e+00
 1.3257546015e-09 1.3257546015e-09 1.2000000000e+00 1.5621891474e+00 8.7046808510e-02 1.2642647030e+00
 1.3786287169e-09 1.3786287169e-09 1.2000000000e+00 1.5586317166e+00 8.3948059136e-02 1.2596720760e+00
 1.4109705526e-09 1.4109705526e-09 1.2000000000e+00 1.5564699639e+00 8.2109217719e-02 1.2569563503e+00
 1.4459257699e-09 1.4459257699e-09 1.2000000000e+00 1.5541455009e+00 8.0168366364e-02 1.2540978085e+00
 1.4713646116e-09 1.4713646116e-09 1.2000000000e+00 1.5524612992e+00 7.8785348955e-02 1.2520666814e+00
 1.4935800557e-09 1.4935800557e-09 1.2000000000e+00 1.5509957103e+00 7.7597485769e-02 1.2503257274e+00
 1.5158977343e-09 1.5158977343e-09 1.2000000000e+00 1.5495279424e+00 7.6422277379e-02 1.2486073456e+00
 1.5456358727e-09 1.5456358727e-09 1.2000000000e+00 1.5475794377e+00 7.4884124361e-02 1.2463637360e+00
 1.5705616915e-09 1.5705616915e-09 1.2000000000e+00 1.5459523231e+00 7.3618663954e-02 1.2445233834e+00
 1.5940512498e-09 1.5940512498e-09 1.2000000000e+00 1.5444241176e+00 7.2445633787e-02 1.2428215854e+00
 1.6198905469e-09 1.6198905469e-09 1.2000000000e+00 1.5427484814e+00 7.1176485111e-02 1.2409856382e+00
 1.6493115629e-09 1.6493115629e-09 1.2000000000e+00 1.5408476111e+00 6.9758018749e-02 1.2389398445e+00
 1.6836497646e-09 1.6836497646e-09 1.2000000000e+00 1.5386380579e+00 6.8137197431e-02 1.2366112509e+00
 1.7240450023e-09 1.7240450023e-09 1.2000000000e+00 1.5360510830e+00 6.6277053316e-02 1.2339507601e+00
 1.7716761370e-09 1.7716761370e-09 1.2000000000e+00 1.5330170633e+00 6.4145955025e-02 1.2309201254e+00
 1.8284557048e-09 1.8284557048e-09 1.2000000000e+00 1.5294227964e+00 6.1690074870e-02 1.2274517892e+00
 1.8960941935e-09 1.8960941935e-09 1.2000000000e+00 1.5251714447e+00 5.8878551632e-02 1.2235164214e+00
 1.9774139855e-09 1.9774139855e-09 1.2000000000e+00 1.5201017466e+00 5.5653277133e-02 1.2190522999e+00
 2.0748662435e-09 2.0748662435e-09 1.2000000000e+00 1.5140822092e+00 5.1995940638e-02 1.2140634663e+00
 2.1924186511e-09 2.1924186511e-09 1.2000000000e+00 1.5068964735e+00 4.7862078848e-02 1.2085301929e+00
 2.3335099810e-09 2.3335099810e-09 1.2000000000e+00 1.4983710173e+00 4.3264454631e-02 1.2025280138e+00
 2.5034250367e-09 2.5034250367e-09 1.2000000000e+00 1.4883423434e+00 3.8566416905e-02 1.1967663448e+00
 2.7065021345e-09 2.7065021345e-09 1.2000000000e+00 1.4765592218e+00 3.3681353864e-02 1.1911639345e+00
 2.9488958988e-09 2.9488958988e-09 1.2000000000e+00 1.4626343489e+00 2.8359613699e-02 1.1853681267e+00
 3.2347292634e-09 3.2347292634e-09 1.2000000000e+00 1.4463823689e+00 2.2714238792e-02 1.1796428842e+00
 3.5692879303e-09 3.5692879303e-09 1.2000000000e+00 1.4275547779e+00 1.6840512257e-02 1.1742256005e+00
 3.9545340512e-09 3.9545340512e-09 1.2000000000e+00 1.4060847290e+00 1.0902504800e-02 1.1694260180e+00
 4.3938636909e-09 4.3938636909e-09 1.2000000000e+00 1.3818121901e+00 5.0030521255e-03 1.1654442095e+00
 4.8883846209e-09 4.8883846209e-09 1.2000000000e+00 1.3546656939e+00 -7.7710623920e-04 1.1624162722e+00
 5.4435490844e-09 5.4435490844e-09 1.2000000000e+00 1.3242257120e+00 -6.5756470705e-03 1.1602048914e+00
 6.0652487980e-09 6.0652487980e-09 1.2000000000e+00 1.2902369823e+00 -1.2172864753e-02 1.1590843811e+00
 6.7670270857e-09 6.7670270857e-09 1.2000000000e+00 1.2518906077e+00 -1.7682979441e-02 1.1589303758e+00
 7.5651780190e-09 7.5651780190e-09 1.2000000000e+00 1.2081875486e+00 -2.3229829947e-02 1.1596146735e+00
 8.4885236429e-09 8.4885236429e-09 1.2000000000e+00 1.1573665830e+00 -2.9037257140e-02 1.1609561397e+00
 9.5740894998e-09 9.5740894998e-09 1.2000000000e+00 1.0970794910e+00 -3.5381350173e-02 1.1627570459e+00
 1.0500000000e-08 1.0500000000e-08 1.2000000000e+00 1.0450630878e+00 -4.0597306218e-02 1.1641972165e+00
 1.0516476643e-08 1.0516476643e-08 1.1604560568e+00 1.0353458471e+00 -4.3536883760e-02 1.1608502354e+00
 1.0532699723e-08 1.0532699723e-08 1.1215206644e+00 1.0262133217e+00 -4.6198205080e-02 1.1577768692e+00
 1.0548670760e-08 1.0548670760e-08 1.0831901749e+00 1.0174191584e+00 -4.8730274254e-02 1.1548785910e+00
 1.0566473066e-08 1.0566473066e-08 1.0404646409e+00 1.0077024796e+00 -5.1509891785e-02 1.1516952890e+00
 1.0584196486e-08 1.0584196486e-08 9.9792843464e-01 9.9822602742e-01 -5.4184677582e-02 1.1486543340e+00
 1.0606378894e-08 1.0606378894e-08 9.4469065396e-01 9.8655602270e-01 -5.7449177555e-02 1.1449535938e+00
 1.0635072671e-08 1.0635072671e-08 8.7582559078e-01 9.7189773986e-01 -6.1477619814e-02 1.1404259685e+00
 1.0673878000e-08 1.0673878000e-08 7.8269280041e-01 9.5297126455e-01 -6.6571320371e-02 1.1347630552e+00
 1.0715528664e-08 1.0715528664e-08 6.8273120660e-01 9.3536767489e-01 -7.1100663973e-02 1.1298701041e+00
 1.0748128834e-08 1.0748128834e-08 6.0449079903e-01 9.2446772440e-01 -7.3727823117e-02 1.1271933194e+00
 1.0771033448e-08 1.0771033448e-08 5.4951972508e-01 9.1270518747e-01 -7.6850230754e-02 1.1237990667e+00
 1.0776430984e-08 1.0776430984e-08 5.3656563947e-01 9.0919562817e-01 -7.7777597262e-02 1.1227336458e+00
 1.0787226055e-08 1.0787226055e-08 5.1065746825e-01 9.0133023951e-01 -7.9918662863e-02 1.1203267754e+00
 1.0795561578e-08 1.0795561578e-08 4.9065221240e-01 8.9476362238e-01 -8.1686272839e-02 1.1182776398e+00
 1.0806626707e-08 1.0806626707e-08 4.6409590343e-01 8.8548361682e-01 -8.4198095084e-02 1.1154171794e+00
 1.0818232441e-08 1.0818232441e-08 4.3624214185e-01 8.7528800793e-01 -8.6931258247e-02 1.1122428785e+00
 1.0828805913e-08 1.0828805913e-08 4.1086580792e-01 8.6562984221e-01 -8.9512494291e-02 1.1092861912e+00
 1.0841263878e-08 1.0841263878e-08 3.8096669257e-01 8.5393054518e-01 -9.2607947676e-02 1.1056875109e+00
 1.0856177380e-08 1.0856177380e-08 3.4517428758e-01 8.3945827364e-01 -9.6403250654e-02 1.1013183864e+00
 1.0879861756e-08 1.0879861756e-08 2.8833178610e-01 8.1564592427e-01 -1.0253869230e-01 1.0941998449e+00
 1.0909330581e-08 1.0909330581e-08 2.1760660593e-01 7.8459480755e-01 -1.1033398744e-01 1.0851981781e+00
 1.0960197812e-08 1.0960197812e-08 9.5525251051e-02 7.2750688896e-01 -1.2402080453e-01 1.0693534575e+00
 1.1000000000e-08 1.1000000000e-08 0.0000000000e+00 6.8000892081e-01 -1.3497467618e-01 1.0567114958e+00
 1.1002973977e-08 1.1002973977e-08 0.0000000000e+00 6.8011850193e-01 -1.3470212441e-01 1.0570387345e+00
 1.1007785879e-08 1.1007785879e-08 0.0000000000e+00 6.8056661705e-01 -1.3438000125e-01 1.0576406957e+00
 1.1013497726e-08 1.1013497726e-08 0.0000000000e+00 6.8099693648e-01 -1.3415542005e-01 1.0581726852e+00
 1.1018328605e-08 1.1018328605e-08 0.0000000000e+00 6.8126723493e-01 -1.3393295576e-01 1.0586109248e+00
 1.1024213443e-08 1.1024213443e-08 0.0000000000e+00 6.8170811097e-01 -1.3366596936e-01 1.0592002604e+00
 1.1029861579e-08 1.1029861579e-08 0.0000000000e+00 6.8205981544e-01 -1.3341893338e-01 1.0597100754e+00
 1.1040216700e-08 1.1040216700e-08 0.0000000000e+00 6.8277797884e-01 -1.3295274202e-01 1.0607078849e+00
 1.1049496704e-08 1.1049496704e-08 0.0000000000e+00 6.8338634646e-01 -1.3254530945e-01 1.0615617378e+00
 1.1065189676e-08 1.1065189676e-08 0.0000000000e+00 6.8445177315e-01 -1.3184800590e-01 1.0630388054e+00
 1.1080366105e-08 1.1080366105e-08 0.0000000000e+00 6.8545663137e-01 -1.3118457387e-01 1.0644288323e+00
 1.1103180119e-08 1.1103180119e-08 0.0000000000e+00 6.8698659360e-01 -1.3018554182e-01 1.0665264357e+00
 1.1127403937e-08 1.1127403937e-08 0.0000000000e+00 6.8858608447e-01 -1.2913982764e-01 1.0687032837e+00
 1.1161496430e-08 1.1161496430e-08 0.0000000000e+00 6.9084317088e-01 -1.2767629690e-01 1.0717417865e+00
 1.1197776286e-08 1.1197776286e-08 0.0000000000e+00 6.9321365239e-01 -1.2614354019e-01 1.0748951315e+00
 1.1240978717e-08 1.1240978717e-08 0.0000000000e+00 6.9602827172e-01 -1.2433807863e-01 1.0785881934e+00
 1.1278342147e-08 1.1278342147e-08 0.0000000000e+00 6.9843074890e-01 -1.2280305442e-01 1.0816981320e+00
 1.1298108651e-08 1.1298108651e-08 0.0000000000e+00 6.9970272895e-01 -1.2199564201e-01 1.0833292293e+00
 1.1318603121e-08 1.1318603121e-08 0.0000000000e+00 7.0100551711e-01 -1.2116862006e-01 1.0849884213e+00
 1.1335402906e-08 1.1335402906e-08 0.0000000000e+00 7.0207728206e-01 -1.2049170835e-01 1.0863455726e+00
 1.1346527128e-08 1.1346527128e-08 0.0000000000e+00 7.0277859371e-01 -1.2004835883e-01 1.0872291221e+00
 1.1360076484e-08 1.1360076484e-08 0.0000000000e+00 7.0363760038e-01 -1.1950755653e-01 1.0883076436e+00
 1.1376546342e-08 1.1376546342e-08 0.0000000000e+00 7.0467248618e-01 -1.1885627387e-01 1.0896002024e+00
 1.1395310514e-08 1.1395310514e-08 0.0000000000e+00 7.0585189225e-01 -1.1811658608e-01 1.0910653795e+00
 1.1427400922e-08 1.1427400922e-08 0.0000000000e+00 7.0785212724e-01 -1.1686528624e-01 1.0935298209e+00
 1.1464844509e-08 1.1464844509e-08 0.0000000000e+00 7.1017218306e-01 -1.1542096680e-01 1.0963573843e+00
 1.1527641124e-08 1.1527641124e-08 0.0000000000e+00 7.1401507653e-01 -1.1304270355e-01 1.1009679050e+00
 1.1617546837e-08 1.1617546837e-08 0.0000000000e+00 7.1942683242e-01 -1.0972485896e-01 1.1073102457e+00
 1.1655587445e-08 1.1655587445e-08 0.0000000000e+00 7.2168102469e-01 -1.0835310016e-01 1.1099001234e+00
 1.1700941885e-08 1.1700941885e-08 0.0000000000e+00 7.2434639307e-01 -1.0673948213e-01 1.1129243085e+00
 1.1738928116e-08 1.1738928116e-08 0.0000000000e+00 7.2655467910e-01 -1.0540867850e-01 1.1153980660e+00
 1.1780684782e-08 1.1780684782e-08 0.0000000000e+00 7.2896283358e-01 -1.0396447444e-01 1.1180638048e+00
 1.1820360592e-08 1.1820360592e-08 0.0000000000e+00 7.3122692026e-01 -1.0261267096e-01 1.1205391389e+00
 1.1861336478e-08 1.1861336478e-08 0.0000000000e+00 7.3354603505e-01 -1.0123473056e-01 1.1230443160e+00
 1.1900621825e-08 1.1900621825e-08 0.0000000000e+00 7.3574654223e-01 -9.9932955711e-02 1.1253925100e+00
 1.1943114331e-08 1.1943114331e-08 0.0000000000e+00 7.3810667634e-01 -9.8543577846e-02 1.1278804456e+00
 1.1971557166e-08 1.1971557166e-08 0.0000000000e+00 7.3967174147e-01 -9.7625763168e-02 1.1295124630e+00
 1.2000000000e-08 1.2000000000e-08 0.0000000000e+00 7.4122863081e-01 -9.6715998561e-02 1.1311222085e+00
 1.2004423440e-08 1.2004423440e-08 0.0000000000e+00 7.4146918073e-01 -9.6575681232e-02 1.1313694699e+00
 1.2013270321e-08 1.2013270321e-08 0.0000000000e+00 7.4195048455e-01 -9.6295143201e-02 1.1318635726e+00
 1.2021449052e-08 1.2021449052e-08 0.0000000000e+00 7.4239468923e-01 -9.6036475143e-02 1.1323184926e+00
 1.2031698120e-08 1.2031698120e-08 0.0000000000e+00 7.4295005257e-01 -9.5713432655e-02 1.1328855938e+00
 1.2043800879e-08 1.2043800879e-08 0.0000000000e+00 7.4360425854e-01 -9.5333376295e-02 1.1335514158e+00
 1.2059892551e-08 1.2059892551e-08 0.0000000000e+00 7.4447120124e-01 -9.4830564270e-02 1.1344299378e+00
 1.2083283462e-08 1.2083283462e-08 0.0000000000e+00 7.4572576445e-01 -9.4104591583e-02 1.1356936866e+00
 1.2117912887e-08 1.2117912887e-08 0.0000000000e+00 7.4757075689e-01 -9.3040563144e-02 1.1375358089e+00
 1.2172013849e-08 1.2172013849e-08 0.0000000000e+00 7.5042421087e-01 -9.1403433571e-02 1.1403465363e+00
 1.2258388266e-08 1.2258388266e-08 0.0000000000e+00 7.5490791621e-01 -8.8852150191e-02 1.1446690003e+00
 1.2364067876e-08 1.2364067876e-08 0.0000000000e+00 7.6027681289e-01 -8.5832138284e-02 1.1496928308e+00
 1.2486396714e-08 1.2486396714e-08 0.0000000000e+00 7.6633657002e-01 -8.2470876214e-02 1.1551628930e+00
 1.2631253092e-08 1.2631253092e-08 0.0000000000e+00 7.7330686610e-01 -7.8669137577e-02 1.1611905437e+00
 1.2805023305e-08 1.2805023305e-08 0.0000000000e+00 7.8139023484e-01 -7.4350941857e-02 1.1678234851e+00
 1.3013882035e-08 1.3013882035e-08 0.0000000000e+00 7.9073018197e-01 -6.9489116671e-02 1.1750052907e+00
 1.3265068392e-08 1.3265068392e-08 0.0000000000e+00 8.0146137284e-01 -6.4081721135e-02 1.1826129193e+00
 1.3567171635e-08 1.3567171635e-08 0.0000000000e+00 8.1370792903e-01 -5.8157397899e-02 1.1904491295e+00
 1.3930418163e-08 1.3930418163e-08 0.0000000000e+00 8.2757894531e-01 -5.1781223578e-02 1.1982383179e+00
 1.4366420689e-08 1.4366420689e-08 0.0000000000e+00 8.4336929846e-01 -4.4384115776e-02 1.2067665638e+00
 1.4852044727e-08 1.4852044727e-08 0.0000000000e+00 8.5967846698e-01 -3.7300894981e-02 1.2139269808e+00
 1.5441643473e-08 1.5441643473e-08 0.0000000000e+00 8.7786517314e-01 -3.0317444079e-02 1.2195920267e+00
 1.6169158334e-08 1.6169158334e-08 0.0000000000e+00 8.9832291084e-01 -2.3503281112e-02 1.2234409548e+00
 1.6988655932e-08 1.6988655932e-08 0.0000000000e+00 9.1924097725e-01 -1.7528905519e-02 1.2250895490e+00
 1.7933590723e-08 1.7933590723e-08 0.0000000000e+00 9.4109261625e-01 -1.2140136540e-02 1.2249829311e+00
 1.9009589633e-08 1.9009589633e-08 0.0000000000e+00 9.6353332782e-01 -7.3261823196e-03 1.2234895306e+00
 2.0000000000e-08 2.0000000000e-08 0.0000000000e+00 9.8224199541e-01 -3.7540893023e-03 1.2215386895e+00
 2.0015233759e-08 2.0015233759e-08 3.6561021441e-02 1.0003057985e+00 2.8823355129e-03 1.2295087956e+00
 2.0030769163e-08 2.0030769163e-08 7.3845990636e-02 1.0188106211e+00 9.4846869597e-03 1.2375679004e+00
 2.0039796734e-08 2.0039796734e-08 9.5512161658e-02 1.0294431116e+00 1.3258634344e-02 1.2421518536e+00
 2.0049257418e-08 2.0049257418e-08 1.1821780285e-01 1.0405015332e+00 1.7222554268e-02 1.2469422005e+00
 2.0059216869e-08 2.0059216869e-08 1.4212048453e-01 1.0520823121e+00 2.1360762918e-02 1.2519328857e+00
 2.0070186702e-08 2.0070186702e-08 1.6844808404e-01 1.0647032184e+00 2.5892518037e-02 1.2573638120e+00
 2.0084627920e-08 2.0084627920e-08 2.0310700700e-01 1.0811738359e+00 3.1806171771e-02 1.2644237675e+00
 2.0104304737e-08 2.0104304737e-08 2.5033136983e-01 1.1032605465e+00 3.9756947510e-02 1.2738358992e+00
 2.0132804105e-08 2.0132804105e-08 3.1872985132e-01 1.1345442645e+00 5.1023881928e-02 1.2870418325e+00
 2.0177639847e-08 2.0177639847e-08 4.2633563383e-01 1.1816373117e+00 6.7959905504e-02 1.3065462582e+00
 2.0212357968e-08 2.0212357968e-08 5.0965912420e-01 1.2151263013e+00 7.9878255181e-02 1.3199838549e+00
 2.0249530418e-08 2.0249530418e-08 5.9887300301e-01 1.2447498192e+00 9.0083290231e-02 1.3311254192e+00
 2.0283814471e-08 2.0283814471e-08 6.8115473027e-01 1.2662787939e+00 9.7083507821e-02 1.3383914321e+00
 2.0292255675e-08 2.0292255675e-08 7.0141362044e-01 1.2710072504e+00 9.8565251549e-02 1.3398744895e+00
 2.0309138084e-08 2.0309138084e-08 7.4193140077e-01 1.2797075153e+00 1.0120082604e-01 1.3424520062e+00
 2.0321735873e-08 2.0321735873e-08 7.7216609492e-01 1.2856366648e+00 1.0293009893e-01 1.3440751193e+00
 2.0337077332e-08 2.0337077332e-08 8.0898559582e-01 1.2924217358e+00 1.0484521340e-01 1.3458243886e+00
 2.0353156919e-08 2.0353156919e-08 8.4757660493e-01 1.2992888946e+00 1.0674424728e-01 1.3475101241e+00
 2.0368680328e-08 2.0368680328e-08 8.8483278670e-01 1.3057891870e+00 1.0851228626e-01 1.3490611327e+00
 2.0385817203e-08 2.0385817203e-08 9.2596128759e-01 1.3129222275e+00 1.1043715277e-01 1.3507238441e+00
 2.0407334647e-08 2.0407334647e-08 9.7760315204e-01 1.3217993036e+00 1.1280244393e-01 1.3527499901e+00
 2.0435179278e-08 2.0435179278e-08 1.0444302664e+00 1.3331987869e+00 1.1580117527e-01 1.3552708685e+00
 2.0467589639e-08 2.0467589639e-08 1.1222151332e+00 1.3462474078e+00 1.1915987656e-01 1.3580369419e+00
 2.0500000000e-08 2.0500000000e-08 1.2000000000e+00 1.3590388285e+00 1.2237236645e-01 1.3605987070e+00
 2.0503659460e-08 2.0503659460e-08 1.2000000000e+00 1.3583398553e+00 1.2178983678e-01 1.3598607651e+00
 2.0509902287e-08 2.0509902287e-08 1.2000000000e+00 1.3576477829e+00 1.2106878273e-01 1.3587588464e+00
 2.0515516777e-08 2.0515516777e-08 1.2000000000e+00 1.3572654809e+00 1.2054320470e-01 1.3579255106e+00
 2.0522731294e-08 2.0522731294e-08 1.2000000000e+00 1.3566645533e+00 1.1980222388e-01 1.3567887655e+00
 2.0528672945e-08 2.0528672945e-08 1.2000000000e+00 1.3562077783e+00 1.1922457298e-01 1.3558755094e+00
 2.0538402320e-08 2.0538402320e-08 1.2000000000e+00 1.3554261081e+00 1.1825566789e-01 1.3543814822e+00
 2.0549385294e-08 2.0549385294e-08 1.2000000000e+00 1.3545657120e+00 1.1718850541e-01 1.3527071191e+00
 2.0565364842e-08 2.0565364842e-08 1.2000000000e+00 1.3532992336e+00 1.1563789587e-01 1.3503038961e+00
 2.0582138061e-08 2.0582138061e-08 1.2000000000e+00 1.3519889554e+00 1.1404435756e-01 1.3478081309e+00
 2.0605169272e-08 2.0605169272e-08 1.2000000000e+00 1.3501842780e+00 1.1188159409e-01 1.3444456210e+00
 2.0630962460e-08 2.0630962460e-08 1.2000000000e+00 1.3481869983e+00 1.0951873607e-01 1.3407456931e+00
 2.0666508116e-08 2.0666508116e-08 1.2000000000e+00 1.3454421340e+00 1.0633589742e-01 1.3357828878e+00
 2.0706978613e-08 2.0706978613e-08 1.2000000000e+00 1.3423553131e+00 1.0283391347e-01 1.3302954352e+00
 2.0762089056e-08 2.0762089056e-08 1.2000000000e+00 1.3381856766e+00 9.8241041162e-02 1.3231172291e+00
 2.0824909014e-08 2.0824909014e-08 1.2000000000e+00 1.3335036223e+00 9.3259312677e-02 1.3153064032e+00
 2.0906852964e-08 2.0906852964e-08 1.2000000000e+00 1.3274769844e+00 8.7119021547e-02 1.3057034883e+00
 2.0953426482e-08 2.0953426482e-08 1.2000000000e+00 1.3241026028e+00 8.3808415901e-02 1.3005147213e+00
 2.1000000000e-08 2.1000000000e-08 1.2000000000e+00 1.3207493500e+00 8.0609097949e-02 1.2955246398e+00
 2.1005594551e-08 2.1005594551e-08 1.2000000000e+00 1.3203512716e+00 8.0235112351e-02 1.2949360361e+00
 2.1016347600e-08 2.1016347600e-08 1.2000000000e+00 1.3195832356e+00 7.9516771517e-02 1.2938140668e+00
 2.1027777809e-08 2.1027777809e-08 1.2000000000e+00 1.3187680394e+00 7.8759256612e-02 1.2926320170e+00
 2.1044690015e-08 2.1044690015e-08 1.2000000000e+00 1.3175654238e+00 7.7650915987e-02 1.2909024677e+00
 2.1068973778e-08 2.1068973778e-08 1.2000000000e+00 1.3158445524e+00 7.6083844272e-02 1.2884595378e+00
 2.1104103725e-08 2.1104103725e-08 1.2000000000e+00 1.3133683710e+00 7.3867472636e-02 1.2850074416e+00
 2.1140745894e-08 2.1140745894e-08 1.2000000000e+00 1.3108011360e+00 7.1616861715e-02 1.2815078342e+00
 2.1159235820e-08 2.1159235820e-08 1.2000000000e+00 1.3095118904e+00 7.0504532643e-02 1.2797799509e+00
 2.1178598661e-08 2.1178598661e-08 1.2000000000e+00 1.3081657114e+00 6.9355671315e-02 1.2779975470e+00
 2.1193164750e-08 2.1193164750e-08 1.2000000000e+00 1.3071560244e+00 6.8502356168e-02 1.2766743412e+00
 2.1205230939e-08 2.1205230939e-08 1.2000000000e+00 1.3063212124e+00 6.7802207628e-02 1.2755898864e+00
 2.1217814894e-08 2.1217814894e-08 1.2000000000e+00 1.3054524901e+00 6.7078749387e-02 1.2744695862e+00
 2.1230625810e-08 2.1230625810e-08 1.2000000000e+00 1.3045696875e+00 6.6348894234e-02 1.2733406502e+00
 2.1248210518e-08 2.1248210518e-08 1.2000000000e+00 1.3033609895e+00 6.5358242872e-02 1.2718091609e+00
 2.1277497499e-08 2.1277497499e-08 1.2000000000e+00 1.3013549557e+00 6.3735899225e-02 1.2693052163e+00
 2.1327401993e-08 2.1327401993e-08 1.2000000000e+00 1.2979571329e+00 6.1048960662e-02 1.2651682225e+00
 2.1377611568e-08 2.1377611568e-08 1.2000000000e+00 1.2945632186e+00 5.8440137081e-02 1.2611660438e+00
 2.1408576103e-08 2.1408576103e-08 1.2000000000e+00 1.2924822574e+00 5.6876860276e-02 1.2587749730e+00
 2.1443607239e-08 2.1443607239e-08 1.2000000000e+00 1.2901384646e+00 5.5148427756e-02 1.2561387335e+00
 2.1469128594e-08 2.1469128594e-08 1.2000000000e+00 1.2884379614e+00 5.3915497802e-02 1.2542627771e+00
 2.1491534170e-08 2.1491534170e-08 1.2000000000e+00 1.2869496320e+00 5.2850732475e-02 1.2526464444e+00
 2.1513474092e-08 2.1513474092e-08 1.2000000000e+00 1.2854965113e+00 5.1823911423e-02 1.2510905345e+00
 2.1544470939e-08 2.1544470939e-08 1.2000000000e+00 1.2834502465e+00 5.0398996150e-02 1.2489371644e+00
 2.1570091060e-08 2.1570091060e-08 1.2000000000e+00 1.2817649591e+00 4.9243708078e-02 1.2471958098e+00
 2.1593451066e-08 2.1593451066e-08 1.2000000000e+00 1.2802328091e+00 4.8207487463e-02 1.2456380702e+00
 2.1619274873e-08 2.1619274873e-08 1.2000000000e+00 1.2785441280e+00 4.7080746784e-02 1.2439482784e+00
 2.1648368503e-08 2.1648368503e-08 1.2000000000e+00 1.2766476193e+00 4.5834227628e-02 1.2420846443e+00
 2.1682740964e-08 2.1682740964e-08 1.2000000000e+00 1.2744152162e+00 4.4392143416e-02 1.2399359080e+00
 2.1722714589e-08 2.1722714589e-08 1.2000000000e+00 1.2718296569e+00 4.2755333704e-02 1.2375077246e+00
 2.1770356103e-08 2.1770356103e-08 1.2000000000e+00 1.2687627610e+00 4.0859276283e-02 1.2347094384e+00
 2.1826568898e-08 2.1826568898e-08 1.2000000000e+00 1.2651635041e+00 3.8695338173e-02 1.2315369068e+00
 2.1894143310e-08 2.1894143310e-08 1.2000000000e+00 1.2608634640e+00 3.6194055561e-02 1.2278996105e+00
 2.1974692208e-08 2.1974692208e-08 1.2000000000e+00 1.2557734853e+00 3.3346950145e-02 1.2238028516e+00
 2.2071974939e-08 2.2071974939e-08 1.2000000000e+00 1.2496745076e+00 3.0090387628e-02 1.2191794192e+00
 2.2188473350e-08 2.2188473350e-08 1.2000000000e+00 1.2424347189e+00 2.6431901962e-02 1.2140758629e+00
 2.2329245259e-08 2.2329245259e-08 1.2000000000e+00 1.2337705958e+00 2.2329777372e-02 1.2084834350e+00
 2.2497729244e-08 2.2497729244e-08 1.2000000000e+00 1.2235078588e+00 1.7828997524e-02 1.2025323250e+00
 2.2700300105e-08 2.2700300105e-08 1.2000000000e+00 1.2114193996e+00 1.3291228665e-02 1.1969330257e+00
 2.2940823767e-08 2.2940823767e-08 1.2000000000e+00 1.1972679186e+00 8.6596356499e-03 1.1916460802e+00
 2.3225980720e-08 2.3225980720e-08 1.2000000000e+00 1.1806022084e+00 3.6843060174e-03 1.1863210670e+00
 2.3558291731e-08 2.3558291731e-08 1.2000000000e+00 1.1612722000e+00 -1.5635886599e-03 1.1811653072e+00
 2.3942789805e-08 2.3942789805e-08 1.2000000000e+00 1.1389550122e+00 -7.0910876977e-03 1.1762880821e+00
 2.4379633284e-08 2.4379633284e-08 1.2000000000e+00 1.1137159146e+00 -1.2603086022e-02 1.1721296652e+00
 2.4873355589e-08 2.4873355589e-08 1.2000000000e+00 1.0852673092e+00 -1.8074522719e-02 1.1687783677e+00
 2.5425670130e-08 2.5425670130e-08 1.2000000000e+00 1.0534564835e+00 -2.3476349984e-02 1.1662900203e+00
 2.6046286713e-08 2.6046286713e-08 1.2000000000e+00 1.0176290891e+00 -2.8903623883e-02 1.1645911867e+00
 2.6744269957e-08 2.6744269957e-08 1.2000000000e+00 9.7711204858e-01 -3.4459836481e-02 1.1635912400e+00
 2.7540598041e-08 2.7540598041e-08 1.2000000000e+00 9.3043426835e-01 -4.0385280476e-02 1.1631155984e+00
 2.8458030275e-08 2.8458030275e-08 1.2000000000e+00 8.7580130508e-01 -4.6975611226e-02 1.1629607494e+00
 2.9540172842e-08 2.9540172842e-08 1.2000000000e+00 8.0960863042e-01 -5.4803707793e-02 1.1627985675e+00
 3.0500000000e-08 3.0500000000e-08 1.2000000000e+00 7.4836109966e-01 -6.2054399120e-02 1.1623964431e+00
 3.0516740428e-08 3.0516740428e-08 1.1598229735e+00 7.3685087703e-01 -6.5089180275e-02 1.1589465734e+00
 3.0533137175e-08 3.0533137175e-08 1.1204707808e+00 7.2593994489e-01 -6.7827377489e-02 1.1557924735e+00
 3.0549292186e-08 3.0549292186e-08 1.0816987538e+00 7.1532234582e-01 -7.0439014369e-02 1.1528110273e+00
 3.0567276471e-08 3.0567276471e-08 1.0385364698e+00 7.0352009624e-01 -7.3303465699e-02 1.1495397690e+00
 3.0585255062e-08 3.0585255062e-08 9.9538785140e-01 6.9186828792e-01 -7.6079837251e-02 1.1463925730e+00
 3.0607718175e-08 3.0607718175e-08 9.4147638024e-01 6.7745816451e-01 -7.9481593816e-02 1.1425467384e+00
 3.0636736458e-08 3.0636736458e-08 8.7183250023e-01 6.5934580041e-01 -8.3723449839e-02 1.1377894567e+00
 3.0675913462e-08 3.0675913462e-08 7.7780769220e-01 6.3629398219e-01 -8.9208396883e-02 1.1316923592e+00
 3.0716986385e-08 3.0716986385e-08 6.7923267573e-01 6.1618329298e-01 -9.4138598526e-02 1.1263431050e+00
 3.0739519922e-08 3.0739519922e-08 6.2515218622e-01 6.0789703577e-01 -9.6194535364e-02 1.1242190640e+00
 3.0762595774e-08 3.0762595774e-08 5.6977014208e-01 5.9721964663e-01 -9.9118671880e-02 1.1210863290e+00
 3.0767390126e-08 3.0767390126e-08 5.5826369677e-01 5.9434224421e-01 -9.9946046875e-02 1.1201569139e+00
 3.0776978831e-08 3.0776978831e-08 5.3525080616e-01 5.8791000976e-01 -1.0185546174e-01 1.1180064884e+00
 3.0785781175e-08 3.0785781175e-08 5.1412517882e-01 5.8144788599e-01 -1.0382770168e-01 1.1157461371e+00
 3.0795216793e-08 3.0795216793e-08 4.9147969561e-01 5.7410117587e-01 -1.0614604711e-01 1.1130869455e+00
 3.0806899705e-08 3.0806899705e-08 4.6344070739e-01 5.6471757090e-01 -1.0919830607e-01 1.1095516554e+00
 3.0818276742e-08 3.0818276742e-08 4.3613582012e-01 5.5540763709e-01 -1.1233217580e-01 1.1059252480e+00
 3.0829109434e-08 3.0829109434e-08 4.1013735793e-01 5.4652187476e-01 -1.1539817837e-01 1.1023557173e+00
 3.0841316818e-08 3.0841316818e-08 3.8083963567e-01 5.3648677157e-01 -1.1894604113e-01 1.0982364630e+00
 3.0857097805e-08 3.0857097805e-08 3.4296526827e-01 5.2357551819e-01 -1.2359928612e-01 1.0928119615e+00
 3.0879458563e-08 3.0879458563e-08 2.8929944863e-01 5.0533468435e-01 -1.3029517189e-01 1.0850227842e+00
 3.0911927982e-08 3.0911927982e-08 2.1137284358e-01 4.7898654549e-01 -1.4003925860e-01 1.0736786123e+00
 3.0962295993e-08 3.0962295993e-08 9.0489617460e-02 4.3818952551e-01 -1.5495965738e-01 1.0563856218e+00
 3.1000000000e-08 3.1000000000e-08 0.0000000000e+00 4.0772082394e-01 -1.6581298426e-01 1.0438639735e+00
 3.1002875857e-08 3.1002875857e-08 0.0000000000e+00 4.0782850880e-01 -1.6558629888e-01 1.0441552758e+00
 3.1007573560e-08 3.1007573560e-08 0.0000000000e+00 4.0805844977e-01 -1.6526871383e-01 1.0447617448e+00
 3.1013121565e-08 3.1013121565e-08 0.0000000000e+00 4.0829069383e-01 -1.6499859028e-01 1.0453735654e+00
 3.1017858111e-08 3.1017858111e-08 0.0000000000e+00 4.0847545041e-01 -1.6475851124e-01 1.0458564948e+00
 3.1023597492e-08 3.1023597492e-08 0.0000000000e+00 4.0871659839e-01 -1.6445876335e-01 1.0465044274e+00
 3.1029152319e-08 3.1029152319e-08 0.0000000000e+00 4.0893874493e-01 -1.6418127764e-01 1.0470805662e+00
 3.1039300837e-08 3.1039300837e-08 0.0000000000e+00 4.0935645667e-01 -1.6366079547e-01 1.0481831594e+00
 3.1048443338e-08 3.1048443338e-08 0.0000000000e+00 4.0972667903e-01 -1.6320140774e-01 1.0491440951e+00
 3.1063667373e-08 3.1063667373e-08 0.0000000000e+00 4.1035001665e-01 -1.6243089980e-01 1.0507636449e+00
 3.1078583228e-08 3.1078583228e-08 0.0000000000e+00 4.1095585344e-01 -1.6168578933e-01 1.0523181716e+00
 3.1100769127e-08 3.1100769127e-08 0.0000000000e+00 4.1186159522e-01 -1.6057936764e-01 1.0546254280e+00
 3.1124573265e-08 3.1124573265e-08 0.0000000000e+00 4.1282860765e-01 -1.5940696740e-01 1.0570535931e+00
 3.1157826191e-08 3.1157826191e-08 0.0000000000e+00 4.1418258884e-01 -1.5778246886e-01 1.0604048399e+00
 3.1193660230e-08 3.1193660230e-08 0.0000000000e+00 4.1563643455e-01 -1.5605849285e-01 1.0639325783e+00
 3.1236681198e-08 3.1236681198e-08 0.0000000000e+00 4.1738359596e-01 -1.5401633904e-01 1.0680839013e+00
 3.1274737029e-08 3.1274737029e-08 0.0000000000e+00 4.1892431586e-01 -1.5224065873e-01 1.0716615846e+00
 3.1295195934e-08 3.1295195934e-08 0.0000000000e+00 4.1975443191e-01 -1.5129468903e-01 1.0735596140e+00
 3.1316510654e-08 3.1316510654e-08 0.0000000000e+00 4.2061574161e-01 -1.5031954495e-01 1.0755049627e+00
 3.1333374451e-08 3.1333374451e-08 0.0000000000e+00 4.2129946920e-01 -1.4955182016e-01 1.0770336142e+00
 3.1345467714e-08 3.1345467714e-08 0.0000000000e+00 4.2178730933e-01 -1.4900582616e-01 1.0781155575e+00
 3.1359345510e-08 3.1359345510e-08 0.0000000000e+00 4.2234971345e-01 -1.4838088180e-01 1.0793533216e+00
 3.1375134368e-08 3.1375134368e-08 0.0000000000e+00 4.2298681553e-01 -1.4767511936e-01 1.0807451696e+00
 3.1393648933e-08 3.1393648933e-08 0.0000000000e+00 4.2373612845e-01 -1.4685201350e-01 1.0823650397e+00
 3.1425187244e-08 3.1425187244e-08 0.0000000000e+00 4.2500896719e-01 -1.4546438386e-01 1.0850809763e+00
 3.1462046892e-08 3.1462046892e-08 0.0000000000e+00 4.2649802587e-01 -1.4386320807e-01 1.0881964171e+00
 3.1523680029e-08 3.1523680029e-08 0.0000000000e+00 4.2898323471e-01 -1.4123699137e-01 1.0932578794e+00
 3.1609906009e-08 3.1609906009e-08 0.0000000000e+00 4.3245948894e-01 -1.3766546068e-01 1.1000493766e+00
 3.1647062415e-08 3.1647062415e-08 0.0000000000e+00 4.3395510540e-01 -1.3616326435e-01 1.1028723927e+00
 3.1693835407e-08 3.1693835407e-08 0.0000000000e+00 4.3583956893e-01 -1.3430213046e-01 1.1063444951e+00
 3.1732045804e-08 3.1732045804e-08 0.0000000000e+00 4.3737686085e-01 -1.3280686743e-01 1.1091112006e+00
 3.1772025057e-08 3.1772025057e-08 0.0000000000e+00 4.3898712765e-01 -1.3126541759e-01 1.1119441624e+00
 3.1828877778e-08 3.1828877778e-08 0.0000000000e+00 4.4127441848e-01 -1.2911427567e-01 1.1158613809e+00
 3.1870675511e-08 3.1870675511e-08 0.0000000000e+00 4.4295769347e-01 -1.2756231753e-01 1.1186628862e+00
 3.1910297937e-08 3.1910297937e-08 0.0000000000e+00 4.4455158865e-01 -1.2611426880e-01 1.1212562928e+00
 3.1953392338e-08 3.1953392338e-08 0.0000000000e+00 4.4628736285e-01 -1.2456388537e-01 1.1240129818e+00
 3.2000000000e-08 3.2000000000e-08 0.0000000000e+00 4.4816307805e-01 -1.2291592502e-01 1.1269180089e+00
 3.2007494030e-08 3.2007494030e-08 0.0000000000e+00 4.4846529557e-01 -1.2265403067e-01 1.1273774258e+00
 3.2020141068e-08 3.2020141068e-08 0.0000000000e+00 4.4897465419e-01 -1.2221313995e-01 1.1281494440e+00
 3.2031375696e-08 3.2031375696e-08 0.0000000000e+00 4.4942713987e-01 -1.2182330047e-01 1.1288305225e+00
 3.2046002614e-08 3.2046002614e-08 0.0000000000e+00 4.5001633893e-01 -1.2131822419e-01 1.1297108546e+00
 3.2064448378e-08 3.2064448378e-08 0.0000000000e+00 4.5075943909e-01 -1.2068531079e-01 1.1308105908e+00
 3.2088215445e-08 3.2088215445e-08 0.0000000000e+00 4.5171711070e-01 -1.1987633430e-01 1.1322107778e+00
 3.2122180052e-08 3.2122180052e-08 0.0000000000e+00 4.5308603091e-01 -1.1873290916e-01 1.1341792040e+00
 3.2170640534e-08 3.2170640534e-08 0.0000000000e+00 4.5504008363e-01 -1.1712680517e-01 1.1369229887e+00
 3.2242007238e-08 3.2242007238e-08 0.0000000000e+00 4.5791989425e-01 -1.1481456608e-01 1.1408289883e+00
 3.2347512397e-08 3.2347512397e-08 0.0000000000e+00 4.6218293103e-01 -1.1150810403e-01 1.1463221044e+00
 3.2468117171e-08 3.2468117171e-08 0.0000000000e+00 4.6706609056e-01 -1.0788513303e-01 1.1522119190e+00
 3.2609933551e-08 3.2609933551e-08 0.0000000000e+00 4.7282487890e-01 -1.0382719697e-01 1.1586419615e+00
 3.2779091187e-08 3.2779091187e-08 0.0000000000e+00 4.7972280631e-01 -9.9254455236e-02 1.1656656848e+00
 3.2982746724e-08 3.2982746724e-08 0.0000000000e+00 4.8807856167e-01 -9.4105464135e-02 1.1732753860e+00
 3.3227589499e-08 3.3227589499e-08 0.0000000000e+00 4.9821544592e-01 -8.8382420402e-02 1.1813333078e+00
 3.3522197939e-08 3.3522197939e-08 0.0000000000e+00 5.1057918860e-01 -8.2095977876e-02 1.1896550270e+00
 3.3876343200e-08 3.3876343200e-08 0.0000000000e+00 5.2575335333e-01 -7.5288542339e-02 1.1979766235e+00
 3.4301669322e-08 3.4301669322e-08 0.0000000000e+00 5.4470542104e-01 -6.7153703408e-02 1.2073670515e+00
 3.4748773812e-08 3.4748773812e-08 0.0000000000e+00 5.6564795374e-01 -5.9586648618e-02 1.2150987728e+00
 3.5283843533e-08 3.5283843533e-08 0.0000000000e+00 5.9241477489e-01 -5.1959076830e-02 1.2215314869e+00
 3.5990100273e-08 3.5990100273e-08 0.0000000000e+00 6.3028860308e-01 -4.3566275080e-02 1.2268371020e+00
 3.6754003040e-08 3.6754003040e-08 0.0000000000e+00 6.7118440887e-01 -3.5690045354e-02 1.2302163776e+00
 3.7430280894e-08 3.7430280894e-08 0.0000000000e+00 7.0476866098e-01 -2.9201474564e-02 1.2321682841e+00
 3.8150524866e-08 3.8150524866e-08 0.0000000000e+00 7.3749261819e-01 -2.2739380082e-02 1.2334212634e+00
 3.9075262433e-08 3.9075262433e-08 0.0000000000e+00 7.7554515808e-01 -1.5271370469e-02 1.2338683717e+00
 4.0000000000e-08 4.0000000000e-08 0.0000000000e+00 8.0973137336e-01 -8.8625236623e-03 1.2331078332e+00
 4.0014735751e-08 4.0014735751e-08 3.5365802734e-02 8.2783791527e-01 -2.4375976991e-03 1.2407583352e+00
 4.0029930242e-08 4.0029930242e-08 7.1832580029e-02 8.4629458882e-01 3.9889909937e-03 1.2485410571e+00
 4.0038947020e-08 4.0038947020e-08 9.3472847954e-02 8.5700529577e-01 7.6844154152e-03 1.2529946164e+00
 4.0048495939e-08 4.0048495939e-08 1.1639025282e-01 8.6823256078e-01 1.1598295974e-02 1.2576818819e+00
 4.0059256069e-08 4.0059256069e-08 1.4221456449e-01 8.8073068070e-01 1.5956556753e-02 1.2628938797e+00
 4.0071849115e-08 4.0071849115e-08 1.7243787530e-01 8.9510697332e-01 2.0998993585e-02 1.2688785727e+00
 4.0089104123e-08 4.0089104123e-08 2.1384989628e-01 9.1441704526e-01 2.7790272777e-02 1.2769014500e+00
 4.0113754616e-08 4.0113754616e-08 2.7301107870e-01 9.4109367982e-01 3.7208852867e-02 1.2879075490e+00
 4.0150318936e-08 4.0150318936e-08 3.6076544720e-01 9.7853196481e-01 5.0438737915e-02 1.3031518511e+00
 4.0209968369e-08 4.0209968369e-08 5.0392408441e-01 1.0320829003e+00 6.9169164726e-02 1.3241291824e+00
 4.0253826373e-08 4.0253826373e-08 6.0918329590e-01 1.0575446565e+00 7.7363491666e-02 1.3326523123e+00
 4.0287013499e-08 4.0287013499e-08 6.8883239694e-01 1.0680041517e+00 8.0023321196e-02 1.3347460709e+00
 4.0295390841e-08 4.0295390841e-08 7.0893801823e-01 1.0711452075e+00 8.0910090799e-02 1.3355033023e+00
 4.0312145525e-08 4.0312145525e-08 7.4914926081e-01 1.0776917570e+00 8.2740991419e-02 1.3371499811e+00
 4.0325104853e-08 4.0325104853e-08 7.8025164635e-01 1.0832577470e+00 8.4372295355e-02 1.3386306601e+00
 4.0339534755e-08 4.0339534755e-08 8.1488341157e-01 1.0894721553e+00 8.6164408175e-02 1.3403056122e+00
 4.0354466846e-08 4.0354466846e-08 8.5072043097e-01 1.0961627552e+00 8.8134862184e-02 1.3421089337e+00
 4.0370576208e-08 4.0370576208e-08 8.8938289902e-01 1.1032939273e+00 9.0197206056e-02 1.3440362550e+00
 4.0387567663e-08 4.0387567663e-08 9.3016239026e-01 1.1109780098e+00 9.2443307354e-02 1.3460775306e+00
 4.0408678948e-08 4.0408678948e-08 9.8082947463e-01 1.1203640256e+00 9.5136133190e-02 1.3485578192e+00
 4.0432332211e-08 4.0432332211e-08 1.0375973053e+00 1.1309549980e+00 9.8176095826e-02 1.3512759654e+00
 4.0459794528e-08 4.0459794528e-08 1.1035068666e+00 1.1429762607e+00 1.0155155370e-01 1.3542993522e+00
 4.0479897264e-08 4.0479897264e-08 1.1517534333e+00 1.1517667993e+00 1.0400878372e-01 1.3564234796e+00
 4.0500000000e-08 4.0500000000e-08 1.2000000000e+00 1.1603131149e+00 1.0633928872e-01 1.3584536303e+00
 4.0502753280e-08 4.0502753280e-08 1.2000000000e+00 1.1597970836e+00 1.0591963334e-01 1.3579248870e+00
 4.0507822397e-08 4.0507822397e-08 1.2000000000e+00 1.1592146528e+00 1.0536148962e-01 1.3570573043e+00
 4.0512066536e-08 4.0512066536e-08 1.2000000000e+00 1.1589294176e+00 1.0500296499e-01 1.3564643272e+00
 4.0517693289e-08 4.0517693289e-08 1.2000000000e+00 1.1584612102e+00 1.0446696188e-01 1.3556284695e+00
 4.0522737681e-08 4.0522737681e-08 1.2000000000e+00 1.1580716045e+00 1.0401373193e-01 1.3548875809e+00
 4.0532498869e-08 4.0532498869e-08 1.2000000000e+00 1.1572879173e+00 1.0311562756e-01 1.3534692484e+00
 4.0542131218e-08 4.0542131218e-08 1.2000000000e+00 1.1565310538e+00 1.0224898272e-01 1.3520705293e+00
 4.0556609581e-08 4.0556609581e-08 1.2000000000e+00 1.1553805061e+00 1.0094680381e-01 1.3500028340e+00
 4.0571203289e-08 4.0571203289e-08 1.2000000000e+00 1.1542353538e+00 9.9658735215e-02 1.3479306352e+00
 4.0591848305e-08 4.0591848305e-08 1.2000000000e+00 1.1526095273e+00 9.7854380759e-02 1.3450555125e+00
 4.0614372149e-08 4.0614372149e-08 1.2000000000e+00 1.1508531923e+00 9.5927889624e-02 1.3419595134e+00
 4.0646090507e-08 4.0646090507e-08 1.2000000000e+00 1.1483835789e+00 9.3268019142e-02 1.3377083476e+00
 4.0681384768e-08 4.0681384768e-08 1.2000000000e+00 1.1456626254e+00 9.0394664768e-02 1.3330897218e+00
 4.0730549098e-08 4.0730549098e-08 1.2000000000e+00 1.1418947081e+00 8.6520764751e-02 1.3268830116e+00
 4.0785653046e-08 4.0785653046e-08 1.2000000000e+00 1.1377214989e+00 8.2362274469e-02 1.3201950277e+00
 4.0860514315e-08 4.0860514315e-08 1.2000000000e+00 1.1321107875e+00 7.6989100781e-02 1.3115757172e+00
 4.0941769183e-08 4.0941769183e-08 1.2000000000e+00 1.1261111646e+00 7.1504536885e-02 1.3027626866e+00
 4.1000000000e-08 4.1000000000e-08 1.2000000000e+00 1.1218555093e+00 6.7774053609e-02 1.2967925955e+00
 4.1006177048e-08 4.1006177048e-08 1.2000000000e+00 1.1214086592e+00 6.7389973697e-02 1.2961728481e+00
 4.1017649317e-08 4.1017649317e-08 1.2000000000e+00 1.1205766394e+00 6.6678064142e-02 1.2950324575e+00
 4.1030708537e-08 4.1030708537e-08 1.2000000000e+00 1.1196309824e+00 6.5874723768e-02 1.2937468672e+00
 4.1049170269e-08 4.1049170269e-08 1.2000000000e+00 1.1182977536e+00 6.4752554129e-02 1.2919510725e+00
 4.1076502934e-08 4.1076502934e-08 1.2000000000e+00 1.1163304634e+00 6.3118681944e-02 1.2893392415e+00
 4.1116114320e-08 4.1116114320e-08 1.2000000000e+00 1.1134939982e+00 6.0808345379e-02 1.2856498241e+00
 4.1150255077e-08 4.1150255077e-08 1.2000000000e+00 1.1110622189e+00 5.8869564525e-02 1.2825590911e+00
 4.1166907278e-08 4.1166907278e-08 1.2000000000e+00 1.1098806131e+00 5.7941272378e-02 1.2810805009e+00
 4.1184121217e-08 4.1184121217e-08 1.2000000000e+00 1.1086618284e+00 5.6993046048e-02 1.2795719955e+00
 4.1198399646e-08 4.1198399646e-08 1.2000000000e+00 1.1076532893e+00 5.6215470843e-02 1.2783354408e+00
 4.1210143904e-08 4.1210143904e-08 1.2000000000e+00 1.1068250614e+00 5.5581653100e-02 1.2773286633e+00
 4.1222062898e-08 4.1222062898e-08 1.2000000000e+00 1.1059860405e+00 5.4943914684e-02 1.2763158050e+00
 4.1236415133e-08 4.1236415133e-08 1.2000000000e+00 1.1049773542e+00 5.4182937772e-02 1.2751085998e+00
 4.1257255172e-08 4.1257255172e-08 1.2000000000e+00 1.1035163134e+00 5.3091685950e-02 1.2733786603e+00
 4.1295652442e-08 4.1295652442e-08 1.2000000000e+00 1.1008345997e+00 5.1122029061e-02 1.2702623124e+00
 4.1339991339e-08 4.1339991339e-08 1.2000000000e+00 1.0977543753e+00 4.8911928785e-02 1.2667744084e+00
 4.1380259198e-08 4.1380259198e-08 1.2000000000e+00 1.0949714794e+00 4.6962114555e-02 1.2637066868e+00
 4.1408813148e-08 4.1408813148e-08 1.2000000000e+00 1.0930064060e+00 4.5611596070e-02 1.2615869672e+00
 4.1440727836e-08 4.1440727836e-08 1.2000000000e+00 1.0908176955e+00 4.4132450883e-02 1.2592712176e+00
 4.1466240329e-08 4.1466240329e-08 1.2000000000e+00 1.0890739144e+00 4.2972623016e-02 1.2574593290e+00
 4.1488363374e-08 4.1488363374e-08 1.2000000000e+00 1.0875657460e+00 4.1982606712e-02 1.2559161609e+00
 4.1510284016e-08 4.1510284016e-08 1.2000000000e+00 1.0860751119e+00 4.1015892926e-02 1.2544118907e+00
 4.1544340977e-08 4.1544340977e-08 1.2000000000e+00 1.0837660564e+00 3.9541149508e-02 1.2521232872e+00
 4.1570447425e-08 4.1570447425e-08 1.2000000000e+00 1.0820017700e+00 3.8432720985e-02 1.2504077511e+00
 4.1593899461e-08 4.1593899461e-08 1.2000000000e+00 1.0804208502e+00 3.7452778195e-02 1.2488950032e+00
 4.1619680198e-08 4.1619680198e-08 1.2000000000e+00 1.0786873870e+00 3.6392511665e-02 1.2472619935e+00
 4.1648885334e-08 4.1648885334e-08 1.2000000000e+00 1.0767289477e+00 3.5212250956e-02 1.2454496079e+00
 4.1683284300e-08 4.1683284300e-08 1.2000000000e+00 1.0744294303e+00 3.3849887744e-02 1.2433643909e+00
 4.1723513968e-08 4.1723513968e-08 1.2000000000e+00 1.0717495269e+00 3.2293447653e-02 1.2409922194e+00
 4.1771295179e-08 4.1771295179e-08 1.2000000000e+00 1.0685794561e+00 3.0494776406e-02 1.2382644952e+00
 4.1827833046e-08 4.1827833046e-08 1.2000000000e+00 1.0648455255e+00 2.8433480378e-02 1.2351584487e+00
 4.1895648461e-08 4.1895648461e-08 1.2000000000e+00 1.0603902161e+00 2.6052320941e-02 1.2315985728e+00
 4.1976647448e-08 4.1976647448e-08 1.2000000000e+00 1.0551000716e+00 2.3331203751e-02 1.2275716276e+00
 4.2074314776e-08 4.2074314776e-08 1.2000000000e+00 1.0487635439e+00 2.0216279089e-02 1.2230211697e+00
 4.2191450293e-08 4.2191450293e-08 1.2000000000e+00 1.0412194576e+00 1.6701001622e-02 1.2179720227e+00
 4.2332798779e-08 4.2332798779e-08 1.2000000000e+00 1.0321883914e+00 1.2749691042e-02 1.2124205136e+00
 4.2502173417e-08 4.2502173417e-08 1.2000000000e+00 1.0214578495e+00 8.3878996937e-03 1.2064692030e+00
 4.2705559049e-08 4.2705559049e-08 1.2000000000e+00 1.0086841751e+00 3.6193637554e-03 1.2002114473e+00
 4.2947267518e-08 4.2947267518e-08 1.2000000000e+00 9.9382296070e-01 -9.1053904467e-04 1.1948503389e+00
 4.3233471003e-08 4.3233471003e-08 1.2000000000e+00 9.7623986927e-01 -5.9228081944e-03 1.1892950454e+00
 4.3521203268e-08 4.3521203268e-08 1.2000000000e+00 9.5861997640e-01 -1.0521038977e-02 1.1845570989e+00
 4.3906567561e-08 4.3906567561e-08 1.2000000000e+00 9.3506857345e-01 -1.6091337832e-02 1.1793647504e+00
 4.4337504200e-08 4.4337504200e-08 1.2000000000e+00 9.0873213782e-01 -2.1697467025e-02 1.1747845953e+00
 4.4830839204e-08 4.4830839204e-08 1.2000000000e+00 8.7849302223e-01 -2.7483466146e-02 1.1708118533e+00
 4.5376907529e-08 4.5376907529e-08 1.2000000000e+00 8.4477885574e-01 -3.3334495703e-02 1.1675486072e+00
 4.5991935098e-08 4.5991935098e-08 1.2000000000e+00 8.0629704504e-01 -3.9443049336e-02 1.1649135465e+00
 4.6682258294e-08 4.6682258294e-08 1.2000000000e+00 7.6206742706e-01 -4.5957764901e-02 1.1627772569e+00
 4.7469686324e-08 4.7469686324e-08 1.2000000000e+00 7.0942670169e-01 -5.3190787325e-02 1.1609960597e+00
 4.8375734583e-08 4.8375734583e-08 1.2000000000e+00 6.4497736236e-01 -6.1619086743e-02 1.1592445005e+00
 4.9047809721e-08 4.9047809721e-08 1.2000000000e+00 5.9742634174e-01 -6.8246432127e-02 1.1577976077e+00
 4.9778647425e-08 4.9778647425e-08 1.2000000000e+00 5.5100200756e-01 -7.5550933206e-02 1.1563883744e+00
 5.0139323712e-08 5.0139323712e-08 1.2000000000e+00 5.3001450630e-01 -7.8905401775e-02 1.1560921703e+00
 5.0500000000e-08 5.0500000000e-08 1.2000000000e+00 5.0990561141e-01 -8.1988040857e-02 1.1561346657e+00
 5.0509192760e-08 5.0509192760e-08 1.1779373753e+00 5.0449926467e-01 -8.3888124140e-02 1.1539992717e+00
 5.0520182705e-08 5.0520182705e-08 1.1515615074e+00 4.9846756978e-01 -8.5929948923e-02 1.1516382380e+00
 5.0531106566e-08 5.0531106566e-08 1.1253442420e+00 4.9265740698e-01 -8.7885956189e-02 1.1494045427e+00
 5.0543607283e-08 5.0543607283e-08 1.0953425213e+00 4.8612495208e-01 -9.0104103679e-02 1.1468624371e+00
 5.0554726515e-08 5.0554726515e-08 1.0686563632e+00 4.8047477511e-01 -9.2015740393e-02 1.1446871278e+00
 5.0570064704e-08 5.0570064704e-08 1.0318447114e+00 4.7284127315e-01 -9.4607323468e-02 1.1417417818e+00
 5.0591638015e-08 5.0591638015e-08 9.8006876481e-01 4.6248609362e-01 -9.8111584688e-02 1.1377844489e+00
 5.0621103283e-08 5.0621103283e-08 9.0935212077e-01 4.4894320988e-01 -1.0267868925e-01 1.1326669284e+00
 5.0663872179e-08 5.0663872179e-08 8.0670676991e-01 4.3059400198e-01 -1.0879467978e-01 1.1259087753e+00
 5.0709767114e-08 5.0709767114e-08 6.9655892647e-01 4.1347752241e-01 -1.1433518078e-01 1.1199623700e+00
 5.0744989925e-08 5.0744989925e-08 6.1202417954e-01 4.0365540655e-01 -1.1727509384e-01 1.1170425056e+00
 5.0769738373e-08 5.0769738373e-08 5.5262790429e-01 3.9378487797e-01 -1.2052196079e-01 1.1136007581e+00
 5.0775192289e-08 5.0775192289e-08 5.3953850599e-01 3.9100497977e-01 -1.2146017735e-01 1.1125396733e+00
 5.0786100121e-08 5.0786100121e-08 5.1335970937e-01 3.8471227393e-01 -1.2362892424e-01 1.1101293797e+00
 5.0794427352e-08 5.0794427352e-08 4.9337435631e-01 3.7958211161e-01 -1.2540780940e-01 1.1080904846e+00
 5.0805741116e-08 5.0805741116e-08 4.6622132127e-01 3.7213787190e-01 -1.2799876710e-01 1.1051666712e+00
 5.0817991692e-08 5.0817991692e-08 4.3681993977e-01 3.6380818087e-01 -1.3090944047e-01 1.1018205867e+00
 5.0828517576e-08 5.0828517576e-08 4.1155781720e-01 3.5639073404e-01 -1.3349972072e-01 1.0988805604e+00
 5.0840868575e-08 5.0840868575e-08 3.8191542037e-01 3.4759201338e-01 -1.3657917577e-01 1.0953354266e+00
 5.0855463264e-08 5.0855463264e-08 3.4688816552e-01 3.3695204878e-01 -1.4029522693e-01 1.0911006733e+00
 5.0879326358e-08 5.0879326358e-08 2.8961674136e-01 3.1936009355e-01 -1.4643590647e-01 1.0840533312e+00
 5.0908356510e-08 5.0908356510e-08 2.1994437486e-01 2.9759028443e-01 -1.5399977188e-01 1.0754255596e+00
 5.0961176184e-08 5.0961176184e-08 9.3177158559e-02 2.5769123196e-01 -1.6774684954e-01 1.0597500802e+00
 5.1000000000e-08 5.1000000000e-08 1.7097434579e-14 2.2825729924e-01 -1.7775313892e-01 1.0484364198e+00
 5.1002929004e-08 5.1002929004e-08 0.0000000000e+00 2.2843586334e-01 -1.7748119238e-01 1.0487772116e+00
 5.1007689612e-08 5.1007689612e-08 0.0000000000e+00 2.2866243374e-01 -1.7709448638e-01 1.0494665699e+00
 5.1013327848e-08 5.1013327848e-08 0.0000000000e+00 2.2886775796e-01 -1.7673937257e-01 1.0501829330e+00
 5.1018114659e-08 5.1018114659e-08 0.0000000000e+00 2.2904644725e-01 -1.7642845129e-01 1.0507520019e+00
 5.1023933535e-08 5.1023933535e-08 0.0000000000e+00 2.2926672707e-01 -1.7604149071e-01 1.0515061161e+00
 5.1029537691e-08 5.1029537691e-08 0.0000000000e+00 2.2947546792e-01 -1.7568231295e-01 1.0521804484e+00
 5.1039796029e-08 5.1039796029e-08 0.0000000000e+00 2.2986119559e-01 -1.7501045623e-01 1.0534649463e+00
 5.1049011317e-08 5.1049011317e-08 0.0000000000e+00 2.3020584870e-01 -1.7441768775e-01 1.0545845119e+00
 5.1064493528e-08 5.1064493528e-08 0.0000000000e+00 2.3078656247e-01 -1.7341608561e-01 1.0564832042e+00
 5.1079549688e-08 5.1079549688e-08 0.0000000000e+00 2.3134987705e-01 -1.7245376096e-01 1.0582936887e+00
 5.1102078343e-08 5.1102078343e-08 0.0000000000e+00 2.3219338490e-01 -1.7101690299e-01 1.0609925718e+00
 5.1126108743e-08 5.1126108743e-08 0.0000000000e+00 2.3309154592e-01 -1.6950248450e-01 1.0638160375e+00
 5.1159820693e-08 5.1159820693e-08 0.0000000000e+00 2.3435116561e-01 -1.6739521564e-01 1.0677238512e+00
 5.1195898767e-08 5.1195898767e-08 0.0000000000e+00 2.3569693714e-01 -1.6517332303e-01 1.0718062218e+00
 5.1239031499e-08 5.1239031499e-08 0.0000000000e+00 2.3730441808e-01 -1.6255155928e-01 1.0765834896e+00
 5.1276716836e-08 5.1276716836e-08 0.0000000000e+00 2.3870657538e-01 -1.6029846711e-01 1.0806472570e+00
 5.1296786283e-08 5.1296786283e-08 0.0000000000e+00 2.3945300069e-01 -1.5910890223e-01 1.0827811539e+00
 5.1317646549e-08 5.1317646549e-08 0.0000000000e+00 2.4022792433e-01 -1.5788490065e-01 1.0849634305e+00
 5.1334456599e-08 5.1334456599e-08 0.0000000000e+00 2.4085236165e-01 -1.5690308953e-01 1.0867087349e+00
 5.1345620434e-08 5.1345620434e-08 0.0000000000e+00 2.4126665477e-01 -1.5625625940e-01 1.0878531069e+00
 5.1359291049e-08 5.1359291049e-08 0.0000000000e+00 2.4177404425e-01 -1.5546579963e-01 1.0892496022e+00
 5.1375407661e-08 5.1375407661e-08 0.0000000000e+00 2.4237177797e-01 -1.5454067511e-01 1.0908769561e+00
 5.1393901872e-08 5.1393901872e-08 0.0000000000e+00 2.4305750038e-01 -1.5348455016e-01 1.0927286893e+00
 5.1425478745e-08 5.1425478745e-08 0.0000000000e+00 2.4422734214e-01 -1.5169949757e-01 1.0958394362e+00
 5.1462387770e-08 5.1462387770e-08 0.0000000000e+00 2.4559356673e-01 -1.4963836605e-01 1.0994045324e+00
 5.1523901828e-08 5.1523901828e-08 0.0000000000e+00 2.4786757652e-01 -1.4626653540e-01 1.1051714357e+00
 5.1610234119e-08 5.1610234119e-08 0.0000000000e+00 2.5105340475e-01 -1.4166119544e-01 1.1129194611e+00
 5.1647415299e-08 5.1647415299e-08 0.0000000000e+00 2.5242346721e-01 -1.3972360210e-01 1.1161334719e+00
 5.1694097845e-08 5.1694097845e-08 0.0000000000e+00 2.5414214556e-01 -1.3732749885e-01 1.1200716544e+00
 5.1732300561e-08 5.1732300561e-08 0.0000000000e+00 2.5554734448e-01 -1.3539793472e-01 1.1232122920e+00
 5.1772325807e-08 5.1772325807e-08 0.0000000000e+00 2.5701848362e-01 -1.3340467742e-01 1.1264288464e+00
 5.1829487900e-08 5.1829487900e-08 0.0000000000e+00 2.5911752458e-01 -1.3060936546e-01 1.1308899988e+00
 5.1871227942e-08 5.1871227942e-08 0.0000000000e+00 2.6064892259e-01 -1.2860469219e-01 1.1340542301e+00
 5.1910872247e-08 5.1910872247e-08 0.0000000000e+00 2.6210240183e-01 -1.2672957314e-01 1.1369863104e+00
 5.1954024068e-08 5.1954024068e-08 0.0000000000e+00 2.6368344213e-01 -1.2471885422e-01 1.1401015611e+00
 5.2000000000e-08 5.2000000000e-08 0.0000000000e+00 2.6536679219e-01 -1.2261183189e-01 1.1433325832e+00
 5.2007474619e-08 5.2007474619e-08 0.0000000000e+00 2.6564034276e-01 -1.2227298781e-01 1.1438487898e+00
 5.2020045133e-08 5.2020045133e-08 0.0000000000e+00 2.6610035340e-01 -1.2170454640e-01 1.1447132354e+00
 5.2031193390e-08 5.2031193390e-08 0.0000000000e+00 2.6650824571e-01 -1.2120263943e-01 1.1454743928e+00
 5.2045776928e-08 5.2045776928e-08 0.0000000000e+00 2.6704173687e-01 -1.2054912448e-01 1.1464625844e+00
 5.2064116706e-08 5.2064116706e-08 0.0000000000e+00 2.6771248533e-01 -1.1973224567e-01 1.1476931144e+00
 5.2087782539e-08 5.2087782539e-08 0.0000000000e+00 2.6857778873e-01 -1.1868617419e-01 1.1492613253e+00
 5.2121648414e-08 5.2121648414e-08 0.0000000000e+00 2.6981558478e-01 -1.1720489001e-01 1.1514672870e+00
 5.2169989758e-08 5.2169989758e-08 0.0000000000e+00 2.7158158337e-01 -1.1512183376e-01 1.1545400907e+00
 5.2241285921e-08 5.2241285921e-08 0.0000000000e+00 2.7418442070e-01 -1.1211559926e-01 1.1589134546e+00
 5.2346652899e-08 5.2346652899e-08 0.0000000000e+00 2.7802773682e-01 -1.0781210707e-01 1.1650457102e+00
 5.2467089303e-08 5.2467089303e-08 0.0000000000e+00 2.8241660006e-01 -1.0308884223e-01 1.1715970443e+00
 5.2608702128e-08 5.2608702128e-08 0.0000000000e+00 2.8757283039e-01 -9.7788576194e-02 1.1787177273e+00
 5.2777615781e-08 5.2777615781e-08 0.0000000000e+00 2.9371896735e-01 -9.1803580745e-02 1.1864520326e+00
 5.2980974731e-08 5.2980974731e-08 0.0000000000e+00 3.0111562860e-01 -8.5050306711e-02 1.1947686965e+00
 5.3225458445e-08 5.3225458445e-08 0.0000000000e+00 3.1002289031e-01 -7.6974668188e-02 1.2043712907e+00
 5.3519634843e-08 5.3519634843e-08 0.0000000000e+00 3.2076398669e-01 -6.7305280030e-02 1.2154193463e+00
 5.3873262586e-08 5.3873262586e-08 0.0000000000e+00 3.3368525699e-01 -5.7141236159e-02 1.2258267347e+00
 5.4225435983e-08 5.4225435983e-08 0.0000000000e+00 3.4658189490e-01 -4.8379892109e-02 1.2336142797e+00
 5.4730795971e-08 5.4730795971e-08 0.0000000000e+00 3.6517319534e-01 -3.7707753367e-02 1.2413767547e+00
 5.5326421440e-08 5.5326421440e-08 0.0000000000e+00 3.8726758736e-01 -2.7394824302e-02 1.2466995288e+00
 5.6014662909e-08 5.6014662909e-08 0.0000000000e+00 4.1313031452e-01 -1.7704819475e-02 1.2494230554e+00
 5.6762662897e-08 5.6762662897e-08 0.0000000000e+00 4.4178095817e-01 -9.0931216189e-03 1.2497891649e+00
 5.7622263083e-08 5.7622263083e-08 0.0000000000e+00 4.7569648811e-01 -8.8126671172e-04 1.2483634662e+00
 5.8613609947e-08 5.8613609947e-08 0.0000000000e+00 5.1699169548e-01 7.0089004589e-03 1.2454595087e+00
 5.9306804974e-08 5.9306804974e-08 0.0000000000e+00 5.4842678860e-01 1.1621475440e-02 1.2428818188e+00
 6.0000000000e-08 6.0000000000e-08 0.0000000000e+00 5.8383802101e-01 1.5262275951e-02 1.2396674196e+00
 6.0012826851e-08 6.0012826851e-08 3.0784442263e-02 6.0160819323e-01 1.9732969761e-02 1.2449210294e+00
 6.0026678112e-08 6.0026678112e-08 6.4027469094e-02 6.2224819738e-01 2.4075039877e-02 1.2501368361e+00
 6.0035796603e-08 6.0035796603e-08 8.5911846771e-02 6.3600343549e-01 2.6727025802e-02 1.2532851268e+00
 6.0045938584e-08 6.0045938584e-08 1.1025260239e-01 6.5121190487e-01 2.9696069300e-02 1.2568013466e+00
 6.0060124694e-08 6.0060124694e-08 1.4429926475e-01 6.7160846524e-01 3.3932633986e-02 1.2617965545e+00
 6.0075475980e-08 6.0075475980e-08 1.8114235319e-01 6.9229127979e-01 3.8764598995e-02 1.2674729803e+00
 6.0098447668e-08 6.0098447668e-08 2.3627440408e-01 7.2088334721e-01 4.6325034841e-02 1.2763190830e+00
 6.0132169788e-08 6.0132169788e-08 3.1720749084e-01 7.5913862224e-01 5.7642888832e-02 1.2894341257e+00
 6.0166166636e-08 6.0166166636e-08 3.9879992570e-01 7.9435018334e-01 6.8749650731e-02 1.3021273792e+00
 6.0209014590e-08 6.0209014590e-08 5.0163501676e-01 8.3365155730e-01 8.1450270091e-02 1.3163346814e+00
 6.0248052738e-08 6.0248052738e-08 5.9532657127e-01 8.5908816253e-01 8.9333751019e-02 1.3247180434e+00
 6.0279422549e-08 6.0279422549e-08 6.7061411719e-01 8.7008309245e-01 9.2119025236e-02 1.3271227543e+00
 6.0288257045e-08 6.0288257045e-08 6.9181690909e-01 8.7342056137e-01 9.3033850765e-02 1.3279073709e+00
 6.0305926039e-08 6.0305926039e-08 7.3422249289e-01 8.8060258294e-01 9.4975825186e-02 1.3297079332e+00
 6.0318485280e-08 6.0318485280e-08 7.6436467243e-01 8.8632561269e-01 9.6630675959e-02 1.3312481816e+00
 6.0333300246e-08 6.0333300246e-08 7.9992058930e-01 8.9317973859e-01 9.8570149439e-02 1.3331311382e+00
 6.0351257802e-08 6.0351257802e-08 8.4301872369e-01 9.0183488238e-01 1.0109721720e-01 1.3355228178e+00
 6.0366472577e-08 6.0366472577e-08 8.7953418473e-01 9.0912467597e-01 1.0318150655e-01 1.3375504991e+00
 6.0383547685e-08 6.0383547685e-08 9.2051444439e-01 9.1746206990e-01 1.0561613538e-01 1.3398382694e+00
 6.0403723418e-08 6.0403723418e-08 9.6893620242e-01 9.2717227868e-01 1.0839299685e-01 1.3425028984e+00
 6.0426772082e-08 6.0426772082e-08 1.0242529959e+00 9.3832403043e-01 1.1161319670e-01 1.3454920025e+00
 6.0453519814e-08 6.0453519814e-08 1.0884475533e+00 9.5100555916e-01 1.1519893881e-01 1.3488509877e+00
 6.0476759907e-08 6.0476759907e-08 1.1442237766e+00 9.6197398015e-01 1.1830751491e-01 1.3516596162e+00
 6.0500000000e-08 6.0500000000e-08 1.2000000000e+00 9.7266548415e-01 1.2126331274e-01 1.3543560461e+00
 6.0502945507e-08 6.0502945507e-08 1.2000000000e+00 9.7216383837e-01 1.2084077055e-01 1.3538189862e+00
 6.0508275925e-08 6.0508275925e-08 1.2000000000e+00 9.7160030779e-01 1.2028956306e-01 1.3529604483e+00
 6.0512885014e-08 6.0512885014e-08 1.2000000000e+00 9.7129758724e-01 1.1991377856e-01 1.3523451328e+00
 6.0518904478e-08 6.0518904478e-08 1.2000000000e+00 9.7081075139e-01 1.1936119136e-01 1.3514845778e+00
 6.0524201275e-08 6.0524201275e-08 1.2000000000e+00 9.7041402208e-01 1.1890493848e-01 1.3507428404e+00
 6.0534666258e-08 6.0534666258e-08 1.2000000000e+00 9.6959898564e-01 1.1797882095e-01 1.3492849455e+00
 6.0544696504e-08 6.0544696504e-08 1.2000000000e+00 9.6883279059e-01 1.1711252135e-01 1.3478927089e+00
 6.0559684566e-08 6.0559684566e-08 1.2000000000e+00 9.6767490960e-01 1.1581664822e-01 1.3458430041e+00
 6.0574908749e-08 6.0574908749e-08 1.2000000000e+00 9.6651105101e-01 1.1452634079e-01 1.3437756610e+00
 6.0596472647e-08 6.0596472647e-08 1.2000000000e+00 9.6485558562e-01 1.1271546605e-01 1.3409016212e+00
 6.0620087801e-08 6.0620087801e-08 1.2000000000e+00 9.6305617168e-01 1.1077618082e-01 1.3377978150e+00
 6.0653245192e-08 6.0653245192e-08 1.2000000000e+00 9.6052948302e-01 1.0810591132e-01 1.3335476418e+00
 6.0690266299e-08 6.0690266299e-08 1.2000000000e+00 9.5772794103e-01 1.0521304772e-01 1.3289174148e+00
 6.0741646200e-08 6.0741646200e-08 1.2000000000e+00 9.5385227954e-01 1.0132670696e-01 1.3227183519e+00
 6.0799364018e-08 6.0799364018e-08 1.2000000000e+00 9.4953340768e-01 9.7146293416e-02 1.3160266656e+00
 6.0877072194e-08 6.0877072194e-08 1.2000000000e+00 9.4375591483e-01 9.1790204595e-02 1.3074788784e+00
 6.0938536097e-08 6.0938536097e-08 1.2000000000e+00 9.3922693156e-01 8.7771153272e-02 1.3010534927e+00
 6.1000000000e-08 6.1000000000e-08 1.2000000000e+00 9.3472130975e-01 8.3921023339e-02 1.2949267393e+00
 6.1006311972e-08 6.1006311972e-08 1.2000000000e+00 9.3426217029e-01 8.3537388371e-02 1.2943113409e+00
 6.1017947830e-08 6.1017947830e-08 1.2000000000e+00 9.3341374469e-01 8.2831198686e-02 1.2931868912e+00
 6.1031439851e-08 6.1031439851e-08 1.2000000000e+00 9.3243089470e-01 8.2019212875e-02 1.2918953125e+00
 6.1050263983e-08 6.1050263983e-08 1.2000000000e+00 9.3106217114e-01 8.0899410326e-02 1.2901143669e+00
 6.1078355658e-08 6.1078355658e-08 1.2000000000e+00 9.2902402819e-01 7.9255017255e-02 1.2875023287e+00
 6.1119083830e-08 6.1119083830e-08 1.2000000000e+00 9.2607922575e-01 7.6927062902e-02 1.2838092466e+00
 6.1152668577e-08 6.1152668577e-08 1.2000000000e+00 9.2365930668e-01 7.5055367770e-02 1.2808458542e+00
 6.1168997886e-08 6.1168997886e-08 1.2000000000e+00 9.2248561324e-01 7.4160768978e-02 1.2794308835e+00
 6.1185772475e-08 6.1185772475e-08 1.2000000000e+00 9.2128154877e-01 7.3251741843e-02 1.2779949772e+00
 6.1200226736e-08 6.1200226736e-08 1.2000000000e+00 9.2024567382e-01 7.2476766114e-02 1.2767714118e+00
 6.1216275692e-08 6.1216275692e-08 1.2000000000e+00 9.1909691690e-01 7.1624809613e-02 1.2754280585e+00
 6.1228396196e-08 6.1228396196e-08 1.2000000000e+00 9.1823056935e-01 7.0987507669e-02 1.2744236136e+00
 6.1244117506e-08 6.1244117506e-08 1.2000000000e+00 9.1710806425e-01 7.0168278792e-02 1.2731340855e+00
 6.1268762786e-08 6.1268762786e-08 1.2000000000e+00 9.1535162949e-01 6.8901070428e-02 1.2711414696e+00
 6.1318053345e-08 6.1318053345e-08 1.2000000000e+00 9.1184957860e-01 6.6426523438e-02 1.2672608238e+00
 6.1371406109e-08 6.1371406109e-08 1.2000000000e+00 9.0807503467e-01 6.3835037406e-02 1.2632118357e+00
 6.1417802804e-08 6.1417802804e-08 1.2000000000e+00 9.0480549478e-01 6.1651493830e-02 1.2598142980e+00
 6.1453332199e-08 6.1453332199e-08 1.2000000000e+00 9.0230972329e-01 6.0021827224e-02 1.2572872040e+00
 6.1478914706e-08 6.1478914706e-08 1.2000000000e+00 9.0051667359e-01 5.8870321294e-02 1.2555068558e+00
 6.1500945338e-08 6.1500945338e-08 1.2000000000e+00 8.9897534038e-01 5.7893164117e-02 1.2539991132e+00
 6.1524831578e-08 6.1524831578e-08 1.2000000000e+00 8.9730681845e-01 5.6848319176e-02 1.2523908724e+00
 6.1555100805e-08 6.1555100805e-08 1.2000000000e+00 8.9519652462e-01 5.5545844293e-02 1.2503911168e+00
 6.1578780187e-08 6.1578780187e-08 1.2000000000e+00 8.9354862483e-01 5.4543233468e-02 1.2488563293e+00
 6.1602912331e-08 6.1602912331e-08 1.2000000000e+00 8.9187198256e-01 5.3535970669e-02 1.2473180195e+00
 6.1629814035e-08 6.1629814035e-08 1.2000000000e+00 8.9000594925e-01 5.2429835747e-02 1.2456337276e+00
 6.1660908106e-08 6.1660908106e-08 1.2000000000e+00 8.8785318291e-01 5.1172938259e-02 1.2437257935e+00
 6.1697235243e-08 6.1697235243e-08 1.2000000000e+00 8.8534328315e-01 4.9732896998e-02 1.2415486998e+00
 6.1740130410e-08 6.1740130410e-08 1.2000000000e+00 8.8238669585e-01 4.8070802275e-02 1.2390475747e+00
 6.1790766355e-08 6.1790766355e-08 1.2000000000e+00 8.7890587379e-01 4.6160032476e-02 1.2361893752e+00
 6.1851289783e-08 6.1851289783e-08 1.2000000000e+00 8.7475808147e-01 4.3945985061e-02 1.2329013860e+00
 6.1923441662e-08 6.1923441662e-08 1.2000000000e+00 8.6983015386e-01 4.1400723398e-02 1.2291564436e+00
 6.2010324523e-08 6.2010324523e-08 1.2000000000e+00 8.6391862547e-01 3.8463763459e-02 1.2248852227e+00
 6.2114444123e-08 6.2114444123e-08 1.2000000000e+00 8.5686339311e-01 3.5115233424e-02 1.2200883963e+00
 6.2240125659e-08 6.2240125659e-08 1.2000000000e+00 8.4838423757e-01 3.1301333127e-02 1.2147300844e+00
 6.2390850475e-08 6.2390850475e-08 1.2000000000e+00 8.3826013722e-01 2.7024475304e-02 1.2088726217e+00
 6.2572290187e-08 6.2572290187e-08 1.2000000000e+00 8.2612290544e-01 2.2257174258e-02 1.2025582768e+00
 6.2788678916e-08 6.2788678916e-08 1.2000000000e+00 8.1181848083e-01 1.7457814243e-02 1.1966507432e+00
 6.3046396092e-08 6.3046396092e-08 1.2000000000e+00 7.9485376262e-01 1.2459840872e-02 1.1909715651e+00
 6.3349057603e-08 6.3349057603e-08 1.2000000000e+00 7.7483077397e-01 7.0327482295e-03 1.1852049208e+00
 6.3701848998e-08 6.3701848998e-08 1.2000000000e+00 7.5123394432e-01 1.2344092673e-03 1.1795653434e+00
 6.4106011759e-08 6.4106011759e-08 1.2000000000e+00 7.2346710981e-01 -4.8739903728e-03 1.1742449874e+00
 6.4565195410e-08 6.4565195410e-08 1.2000000000e+00 6.9057424291e-01 -1.1074981919e-02 1.1696207179e+00
 6.5080574691e-08 6.5080574691e-08 1.2000000000e+00 6.5108010190e-01 -1.7078423563e-02 1.1660786379e+00
 6.5659000183e-08 6.5659000183e-08 1.2000000000e+00 6.0476930467e-01 -2.2794274491e-02 1.1637540522e+00
 6.6087182317e-08 6.6087182317e-08 1.2000000000e+00 5.7296571557e-01 -2.6874843234e-02 1.1624112868e+00
 6.6515011956e-08 6.6515011956e-08 1.2000000000e+00 5.4457484233e-01 -3.0986965362e-02 1.1611724217e+00
 6.7087520135e-08 6.7087520135e-08 1.2000000000e+00 5.1041611014e-01 -3.6232469315e-02 1.1600049359e+00
 6.7722312670e-08 6.7722312670e-08 1.2000000000e+00 4.7572878818e-01 -4.1294707008e-02 1.1597549554e+00
 6.8388155809e-08 6.8388155809e-08 1.2000000000e+00 4.4180586001e-01 -4.5479477788e-02 1.1608062685e+00
 6.9254577833e-08 6.9254577833e-08 1.2000000000e+00 4.0076164162e-01 -4.8958997677e-02 1.1641088691e+00
 7.0500000000e-08 7.0500000000e-08 1.2000000000e+00 3.4753385576e-01 -4.9910576539e-02 1.1720128781e+00
 7.0518815743e-08 7.0518815743e-08 1.1548422172e+00 3.3701772239e-01 -5.3905174359e-02 1.1674205879e+00
 7.0536551319e-08 7.0536551319e-08 1.1122768334e+00 3.2775646427e-01 -5.7351953072e-02 1.1634037578e+00
 7.0554087218e-08 7.0554087218e-08 1.0701906764e+00 3.1898073009e-01 -6.0576494448e-02 1.1596772786e+00
 7.0573433044e-08 7.0573433044e-08 1.0237606933e+00 3.0970833744e-01 -6.3958773858e-02 1.1557725223e+00
 7.0593433216e-08 7.0593433216e-08 9.7576028194e-01 3.0055970426e-01 -6.7246426233e-02 1.1520106492e+00
 7.0618139571e-08 7.0618139571e-08 9.1646502979e-01 2.8980856727e-01 -7.1061116677e-02 1.1476662479e+00
 7.0649841837e-08 7.0649841837e-08 8.4037959035e-01 2.7683708149e-01 -7.5562408202e-02 1.1426029455e+00
 7.0692222059e-08 7.0692222059e-08 7.3866705892e-01 2.6109134631e-01 -8.0847258362e-02 1.1367558723e+00
 7.0729550081e-08 7.0729550081e-08 6.4907980629e-01 2.5027240427e-01 -8.4151881979e-02 1.1332877354e+00
 7.0758332412e-08 7.0758332412e-08 5.8000221214e-01 2.4208710490e-01 -8.6623342317e-02 1.1307453302e+00
 7.0778621002e-08 7.0778621002e-08 5.3130959504e-01 2.3287828970e-01 -8.9804174996e-02 1.1272208889e+00
 7.0783709078e-08 7.0783709078e-08 5.1909821169e-01 2.3021316345e-01 -9.0741297714e-02 1.1261432684e+00
 7.0793885231e-08 7.0793885231e-08 4.9467544498e-01 2.2435125441e-01 -9.2837763770e-02 1.1237751780e+00
 7.0803501445e-08 7.0803501445e-08 4.7159653242e-01 2.1858045053e-01 -9.4910359937e-02 1.1213808911e+00
 7.0815139809e-08 7.0815139809e-08 4.4366445889e-01 2.1118067735e-01 -9.7576253537e-02 1.1183424036e+00
 7.0825587566e-08 7.0825587566e-08 4.1858984246e-01 2.0442926165e-01 -1.0001120331e-01 1.1155203685e+00
 7.0837196965e-08 7.0837196965e-08 3.9072728395e-01 1.9665752108e-01 -1.0281014317e-01 1.1123212083e+00
 7.0851583791e-08 7.0851583791e-08 3.5619890069e-01 1.8695092323e-01 -1.0630217305e-01 1.1082794690e+00
 7.0870546948e-08 7.0870546948e-08 3.1068732401e-01 1.7381397133e-01 -1.1100824675e-01 1.1028839702e+00
 7.0900318822e-08 7.0900318822e-08 2.3923482818e-01 1.5294337978e-01 -1.1843753208e-01 1.0943199753e+00
 7.0940102073e-08 7.0940102073e-08 1.4375502471e-01 1.2452060523e-01 -1.2843146637e-01 1.0828786848e+00
 7.0970051037e-08 7.0970051037e-08 7.1877512356e-02 1.0304383237e-01 -1.3587971645e-01 1.0743463629e+00
 7.1000000000e-08 7.1000000000e-08 1.7097434579e-14 8.1430300901e-02 -1.4327280286e-01 1.0659528652e+00
 7.1002504952e-08 7.1002504952e-08 0.0000000000e+00 8.1614686373e-02 -1.4300120617e-01 1.0662588521e+00
 7.1006769087e-08 7.1006769087e-08 0.0000000000e+00 8.1824998877e-02 -1.4259113578e-01 1.0669266937e+00
 7.1011691553e-08 7.1011691553e-08 0.0000000000e+00 8.1994634783e-02 -1.4221693288e-01 1.0676109962e+00
 7.1016046702e-08 7.1016046702e-08 0.0000000000e+00 8.2154407171e-02 -1.4188320528e-01 1.0681620542e+00
 7.1021230603e-08 7.1021230603e-08 0.0000000000e+00 8.2343041636e-02 -1.4147214629e-01 1.0688872054e+00
 7.1026417471e-08 7.1026417471e-08 0.0000000000e+00 8.2531248109e-02 -1.4107546590e-01 1.0695608345e+00
 7.1035665211e-08 7.1035665211e-08 0.0000000000e+00 8.2867364891e-02 -1.4035447842e-01 1.0708070389e+00
 7.1044267925e-08 7.1044267925e-08 0.0000000000e+00 8.3179566695e-02 -1.3969355998e-01 1.0719359094e+00
 7.1057786592e-08 7.1057786592e-08 0.0000000000e+00 8.3670173616e-02 -1.3865042197e-01 1.0737233821e+00
 7.1071677705e-08 7.1071677705e-08 0.0000000000e+00 8.4173791220e-02 -1.3758869488e-01 1.0755291764e+00
 7.1091519689e-08 7.1091519689e-08 0.0000000000e+00 8.4892614477e-02 -1.3607530362e-01 1.0780980710e+00
 7.1113637967e-08 7.1113637967e-08 0.0000000000e+00 8.5692980796e-02 -1.3440411741e-01 1.0809136546e+00
 7.1143678598e-08 7.1143678598e-08 0.0000000000e+00 8.6778577766e-02 -1.3215004608e-01 1.0846894420e+00
 7.1177500614e-08 7.1177500614e-08 0.0000000000e+00 8.7998862511e-02 -1.2964249292e-01 1.0888497535e+00
 7.1219044585e-08 7.1219044585e-08 0.0000000000e+00 8.9494928350e-02 -1.2659780503e-01 1.0938543010e+00
 7.1259159419e-08 7.1259159419e-08 0.0000000000e+00 9.0936724631e-02 -1.2370035506e-01 1.0985619414e+00
 7.1293454197e-08 7.1293454197e-08 0.0000000000e+00 9.2167126815e-02 -1.2125159266e-01 1.1025042217e+00
 7.1317619380e-08 7.1317619380e-08 0.0000000000e+00 9.3033000276e-02 -1.1954484918e-01 1.1052282980e+00
 7.1335382994e-08 7.1335382994e-08 0.0000000000e+00 9.3668816393e-02 -1.1829721223e-01 1.1072107881e+00
 7.1348538485e-08 7.1348538485e-08 0.0000000000e+00 9.4139458599e-02 -1.1737950697e-01 1.1086612068e+00
 7.1362635717e-08 7.1362635717e-08 0.0000000000e+00 9.4643362423e-02 -1.1639904405e-01 1.1102071362e+00
 7.1378721967e-08 7.1378721967e-08 0.0000000000e+00 9.5218128218e-02 -1.1528714359e-01 1.1119517682e+00
 7.1399068736e-08 7.1399068736e-08 0.0000000000e+00 9.5944383825e-02 -1.1388811125e-01 1.1141378742e+00
 7.1438625720e-08 7.1438625720e-08 0.0000000000e+00 9.7354753728e-02 -1.1119640803e-01 1.1183094242e+00
 7.1481021845e-08 7.1481021845e-08 0.0000000000e+00 9.8863611511e-02 -1.0834970055e-01 1.1226751699e+00
 7.1556888722e-08 7.1556888722e-08 0.0000000000e+00 1.0155752024e-01 -1.0335517407e-01 1.1302166167e+00
 7.1631780792e-08 7.1631780792e-08 0.0000000000e+00 1.0420898886e-01 -9.8545523146e-02 1.1373383124e+00
 7.1672002250e-08 7.1672002250e-08 0.0000000000e+00 1.0563011919e-01 -9.6011715647e-02 1.1410332358e+00
 7.1713658901e-08 7.1713658901e-08 0.0000000000e+00 1.0709967070e-01 -9.3421916237e-02 1.1447705300e+00
 7.1751536531e-08 7.1751536531e-08 0.0000000000e+00 1.0843426480e-01 -9.1098149733e-02 1.1480884453e+00
 7.1799239741e-08 7.1799239741e-08 0.0000000000e+00 1.1011249048e-01 -8.8211596296e-02 1.1521649277e+00
 7.1849319070e-08 7.1849319070e-08 0.0000000000e+00 1.1187175557e-01 -8.5229718394e-02 1.1563216278e+00
 7.1888804918e-08 7.1888804918e-08 0.0000000000e+00 1.1325681011e-01 -8.2912205158e-02 1.1595149231e+00
 7.1929735051e-08 7.1929735051e-08 0.0000000000e+00 1.1469100461e-01 -8.0541485877e-02 1.1627463982e+00
 7.1964867525e-08 7.1964867525e-08 0.0000000000e+00 1.1592053487e-01 -7.8531067400e-02 1.1654598552e+00
 7.2000000000e-08 7.2000000000e-08 0.0000000000e+00 1.1714905079e-01 -7.6543671027e-02 1.1681167615e+00
 7.2004834067e-08 7.2004834067e-08 0.0000000000e+00 1.1731793019e-01 -7.6272101622e-02 1.1684778472e+00
 7.2014497321e-08 7.2014497321e-08 0.0000000000e+00 1.1765556125e-01 -7.5730167534e-02 1.1691972039e+00
 7.2023735387e-08 7.2023735387e-08 0.0000000000e+00 1.1797825353e-01 -7.5213689130e-02 1.1698809953e+00
 7.2034600958e-08 7.2034600958e-08 0.0000000000e+00 1.1835769618e-01 -7.4608142525e-02 1.1706806020e+00
 7.2047931561e-08 7.2047931561e-08 0.0000000000e+00 1.1882307307e-01 -7.3868119177e-02 1.1716545963e+00
 7.2065258805e-08 7.2065258805e-08 0.0000000000e+00 1.1942773529e-01 -7.2910915616e-02 1.1729093079e+00
 7.2089807540e-08 7.2089807540e-08 0.0000000000e+00 1.2028394569e-01 -7.1563837923e-02 1.1746651727e+00
 7.2125701198e-08 7.2125701198e-08 0.0000000000e+00 1.2153490340e-01 -6.9613081553e-02 1.1771873887e+00
 7.2180161058e-08 7.2180161058e-08 0.0000000000e+00 1.2343086337e-01 -6.6695434475e-02 1.1809141098e+00
 7.2264968360e-08 7.2264968360e-08 0.0000000000e+00 1.2637864747e-01 -6.2250616079e-02 1.1864855207e+00
 7.2372417383e-08 7.2372417383e-08 0.0000000000e+00 1.3010583127e-01 -5.6786233922e-02 1.1931569592e+00
 7.2496702233e-08 7.2496702233e-08 0.0000000000e+00 1.3440858052e-01 -5.0630841087e-02 1.2004586144e+00
 7.2643705942e-08 7.2643705942e-08 0.0000000000e+00 1.3950719771e-01 -4.2430399332e-02 1.2103849643e+00
 7.2798463347e-08 7.2798463347e-08 0.0000000000e+00 1.4485618034e-01 -3.4233094321e-02 1.2199000523e+00
 7.2953452803e-08 7.2953452803e-08 0.0000000000e+00 1.5019598844e-01 -2.6509085854e-02 1.2284107110e+00
 7.3202654918e-08 7.3202654918e-08 0.0000000000e+00 1.5875462713e-01 -1.4937544302e-02 1.2403766672e+00
 7.3497439182e-08 7.3497439182e-08 0.0000000000e+00 1.6884737452e-01 -2.5719366875e-03 1.2519322444e+00
 7.3848948222e-08 7.3848948222e-08 0.0000000000e+00 1.8087407019e-01 1.0613759800e-02 1.2627760640e+00
 7.4267157949e-08 7.4267157949e-08 0.0000000000e+00 1.9522540537e-01 2.4381280267e-02 1.2722113238e+00
 7.4769336158e-08 7.4769336158e-08 0.0000000000e+00 2.1252741757e-01 3.8727245502e-02 1.2798489645e+00
 7.5363127475e-08 7.5363127475e-08 0.0000000000e+00 2.3309343766e-01 5.3205957878e-02 1.2849817962e+00
 7.6065696064e-08 7.6065696064e-08 0.0000000000e+00 2.5759517867e-01 6.7762032769e-02 1.2874681855e+00
 7.6803170717e-08 7.6803170717e-08 0.0000000000e+00 2.8353443503e-01 8.0730131635e-02 1.2872754322e+00
 7.7697974535e-08 7.7697974535e-08 0.0000000000e+00 3.1535391319e-01 9.4168400811e-02 1.2848712978e+00
 7.8672851127e-08 7.8672851127e-08 0.0000000000e+00 3.5052721084e-01 1.0655756694e-01 1.2806278657e+00
 7.9336425564e-08 7.9336425564e-08 0.0000000000e+00 3.7482728715e-01 1.1394235958e-01 1.2772696765e+00
 8.0000000000e-08 8.0000000000e-08 0.0000000000e+00 3.9947515095e-01 1.2058585094e-01 1.2736636545e+00
 8.0012561782e-08 8.0012561782e-08 3.0148276014e-02 4.1069796739e-01 1.2639251869e-01 1.2803107174e+00
 8.0026223437e-08 8.0026223437e-08 6.2936248906e-02 4.2287561840e-01 1.3266748122e-01 1.2876243529e+00
 8.0035380309e-08 8.0035380309e-08 8.4912740786e-02 4.3101288846e-01 1.3680810183e-01 1.2924316096e+00
 8.0045660805e-08 8.0045660805e-08 1.0958593222e-01 4.4016839863e-01 1.4144033670e-01 1.2977666789e+00
 8.0061039779e-08 8.0061039779e-08 1.4649547049e-01 4.5387446961e-01 1.4828729585e-01 1.3056192247e+00
 8.0075210394e-08 8.0075210394e-08 1.8050494548e-01 4.6653352154e-01 1.5450551562e-01 1.3126798175e+00
 8.0096299478e-08 8.0096299478e-08 2.3111874733e-01 4.8546772369e-01 1.6357662807e-01 1.3228979206e+00
 8.0125426649e-08 8.0125426649e-08 3.0102395674e-01 5.1194839214e-01 1.7563294035e-01 1.3362693288e+00
 8.0166143288e-08 8.0166143288e-08 3.9874389060e-01 5.5031472840e-01 1.9109436383e-01 1.3530532377e+00
 8.0218099275e-08 8.0218099275e-08 5.2343825955e-01 6.0243377017e-01 2.0606340587e-01 1.3685863395e+00
 8.0243622392e-08 8.0243622392e-08 5.8469374148e-01 6.2408016037e-01 2.0988327808e-01 1.3721004960e+00
 8.0270924431e-08 8.0270924431e-08 6.5021863499e-01 6.3845907060e-01 2.1147047722e-01 1.3729417176e+00
 8.0293307735e-08 8.0293307735e-08 7.0393856347e-01 6.4995081561e-01 2.1268614801e-01 1.3735159422e+00
 8.0311337643e-08 8.0311337643e-08 7.4721034226e-01 6.6068760807e-01 2.1399934606e-01 1.3743578062e+00
 8.0325623720e-08 8.0325623720e-08 7.8149692893e-01 6.6977548712e-01 2.1523021161e-01 1.3752396494e+00
 8.0341173047e-08 8.0341173047e-08 8.1881531330e-01 6.7972607574e-01 2.1665577995e-01 1.3762975952e+00
 8.0356912947e-08 8.0356912947e-08 8.5659107221e-01 6.8979997053e-01 2.1820686444e-01 1.3774832254e+00
 8.0372588754e-08 8.0372588754e-08 8.9421301048e-01 6.9966120347e-01 2.1980328989e-01 1.3787240722e+00
 8.0390656639e-08 8.0390656639e-08 9.3757593292e-01 7.1086171918e-01 2.2171947236e-01 1.3802281533e+00
 8.0413692607e-08 8.0413692607e-08 9.9286225728e-01 7.2478578310e-01 2.2421145160e-01 1.3821994355e+00
 8.0444213489e-08 8.0444213489e-08 1.0661123733e+00 7.4273234692e-01 2.2756721114e-01 1.3848471395e+00
 8.0472106744e-08 8.0472106744e-08 1.1330561866e+00 7.5862038553e-01 2.3061414277e-01 1.3872339675e+00
 8.0500000000e-08 8.0500000000e-08 1.2000000000e+00 7.7409728663e-01 2.3361377846e-01 1.3895440915e+00
 8.0503404416e-08 8.0503404416e-08 1.2000000000e+00 7.7353423748e-01 2.3308859163e-01 1.3888982502e+00
 8.0509327907e-08 8.0509327907e-08 1.2000000000e+00 7.7294148578e-01 2.3245248751e-01 1.3879411363e+00
 8.0514496680e-08 8.0514496680e-08 1.2000000000e+00 7.7262377090e-01 2.3198808195e-01 1.3872243117e+00
 8.0521297532e-08 8.0521297532e-08 1.2000000000e+00 7.7209266743e-01 2.3131126786e-01 1.3862076167e+00
 8.0527090578e-08 8.0527090578e-08 1.2000000000e+00 7.7167727408e-01 2.3077154610e-01 1.3853742892e+00
 8.0538137427e-08 8.0538137427e-08 1.2000000000e+00 7.7085197838e-01 2.2971037587e-01 1.3837701242e+00
 8.0548852894e-08 8.0548852894e-08 1.2000000000e+00 7.7006225491e-01 2.2870945096e-01 1.3822327641e+00
 8.0564732831e-08 8.0564732831e-08 1.2000000000e+00 7.6888150988e-01 2.2722212254e-01 1.3799728449e+00
 8.0581075426e-08 8.0581075426e-08 1.2000000000e+00 7.6767047395e-01 2.2572562013e-01 1.3776736281e+00
 8.0604155042e-08 8.0604155042e-08 1.2000000000e+00 7.6595399706e-01 2.2363135173e-01 1.3744745788e+00
 8.0629556878e-08 8.0629556878e-08 1.2000000000e+00 7.6406499480e-01 2.2138312606e-01 1.3710111790e+00
 8.0665125172e-08 8.0665125172e-08 1.2000000000e+00 7.6141304332e-01 2.1829964258e-01 1.3662710166e+00
 8.0704965612e-08 8.0704965612e-08 1.2000000000e+00 7.5843728947e-01 2.1495917819e-01 1.3610982515e+00
 8.0760079247e-08 8.0760079247e-08 1.2000000000e+00 7.5430702523e-01 2.1049845411e-01 1.3541861789e+00
 8.0821976299e-08 8.0821976299e-08 1.2000000000e+00 7.4965036677e-01 2.0572363011e-01 1.3467348698e+00
 8.0904142819e-08 8.0904142819e-08 1.2000000000e+00 7.4343447474e-01 1.9971950362e-01 1.3373415397e+00
 8.0952071409e-08 8.0952071409e-08 1.2000000000e+00 7.3978907969e-01 1.9639548038e-01 1.3321064764e+00
 8.1000000000e-08 8.1000000000e-08 1.2000000000e+00 7.3612813019e-01 1.9318208768e-01 1.3270514971e+00
 8.1005663488e-08 8.1005663488e-08 1.2000000000e+00 7.3569420236e-01 1.9281301594e-01 1.3264646845e+00
 8.1016502905e-08 8.1016502905e-08 1.2000000000e+00 7.3486356977e-01 1.9210652501e-01 1.3253491031e+00
 8.1028128961e-08 8.1028128961e-08 1.2000000000e+00 7.3397144437e-01 1.9135464813e-01 1.3241618375e+00
 8.1045225355e-08 8.1045225355e-08 1.2000000000e+00 7.3265782956e-01 1.9026134417e-01 1.3224336795e+00
 8.1069870457e-08 8.1069870457e-08 1.2000000000e+00 7.3076001738e-01 1.8870929342e-01 1.3199788978e+00
 8.1105528763e-08 8.1105528763e-08 1.2000000000e+00 7.2800535054e-01 1.8651396556e-01 1.3165019445e+00
 8.1141846887e-08 8.1141846887e-08 1.2000000000e+00 7.2518838772e-01 1.8433672406e-01 1.3130496729e+00
 8.1160073650e-08 8.1160073650e-08 1.2000000000e+00 7.2377019016e-01 1.8326616258e-01 1.3113502616e+00
 8.1179144986e-08 8.1179144986e-08 1.2000000000e+00 7.2228295120e-01 1.8216104563e-01 1.3095954855e+00
 8.1193617702e-08 8.1193617702e-08 1.2000000000e+00 7.2115198863e-01 1.8133292257e-01 1.3082794746e+00
 8.1205084082e-08 8.1205084082e-08 1.2000000000e+00 7.2025452984e-01 1.8068286958e-01 1.3072464734e+00
 8.1217519656e-08 8.1217519656e-08 1.2000000000e+00 7.1927968543e-01 1.7998422912e-01 1.3061354556e+00
 8.1230389618e-08 8.1230389618e-08 1.2000000000e+00 7.1826919695e-01 1.7926770748e-01 1.3049960413e+00
 8.1248031418e-08 8.1248031418e-08 1.2000000000e+00 7.1688119022e-01 1.7829660955e-01 1.3034507604e+00
 8.1277232642e-08 8.1277232642e-08 1.2000000000e+00 7.1457654441e-01 1.7671633003e-01 1.3009352320e+00
 8.1327251885e-08 8.1327251885e-08 1.2000000000e+00 7.1060678838e-01 1.7408657600e-01 1.2967452259e+00
 8.1377458380e-08 8.1377458380e-08 1.2000000000e+00 7.0659267149e-01 1.7154146711e-01 1.2926869462e+00
 8.1408481476e-08 8.1408481476e-08 1.2000000000e+00 7.0409658702e-01 1.7001477456e-01 1.2902509298e+00
 8.1443524323e-08 8.1443524323e-08 1.2000000000e+00 7.0126208942e-01 1.6833094747e-01 1.2875635523e+00
 8.1469043632e-08 8.1469043632e-08 1.2000000000e+00 6.9918741546e-01 1.6713147394e-01 1.2856483909e+00
 8.1491448454e-08 8.1491448454e-08 1.2000000000e+00 6.9735856124e-01 1.6609640573e-01 1.2839957477e+00
 8.1513392155e-08 8.1513392155e-08 1.2000000000e+00 6.9556031988e-01 1.6509887224e-01 1.2824025236e+00
 8.1544350689e-08 8.1544350689e-08 1.2000000000e+00 6.9301148165e-01 1.6371803567e-01 1.2801972238e+00
 8.1569961469e-08 8.1569961469e-08 1.2000000000e+00 6.9089199899e-01 1.6259892412e-01 1.2784095324e+00
 8.1593321029e-08 8.1593321029e-08 1.2000000000e+00 6.8895016410e-01 1.6159598081e-01 1.2768076580e+00
 8.1619146466e-08 8.1619146466e-08 1.2000000000e+00 6.8679333807e-01 1.6050673081e-01 1.2750676857e+00
 8.1648240140e-08 8.1648240140e-08 1.2000000000e+00 6.8435100312e-01 1.5930355898e-01 1.2731461588e+00
 8.1682614633e-08 8.1682614633e-08 1.2000000000e+00 6.8144767145e-01 1.5791411332e-01 1.2709271861e+00
 8.1722586804e-08 8.1722586804e-08 1.2000000000e+00 6.7804741943e-01 1.5634076322e-01 1.2684154513e+00
 8.1770230395e-08 8.1770230395e-08 1.2000000000e+00 6.7396020542e-01 1.5452317171e-01 1.2655148228e+00
 8.1826441662e-08 8.1826441662e-08 1.2000000000e+00 6.6909056073e-01 1.5245590943e-01 1.2622184591e+00
 8.1894018771e-08 8.1894018771e-08 1.2000000000e+00 6.6317041966e-01 1.5007551977e-01 1.2584272034e+00
 8.1974565920e-08 8.1974565920e-08 1.2000000000e+00 6.5602899313e-01 1.4737689101e-01 1.2541383348e+00
 8.2071852139e-08 8.2071852139e-08 1.2000000000e+00 6.4730562216e-01 1.4429816939e-01 1.2492630167e+00
 8.2188348447e-08 8.2188348447e-08 1.2000000000e+00 6.3678777924e-01 1.4083247425e-01 1.2438110509e+00
 8.2329124969e-08 8.2329124969e-08 1.2000000000e+00 6.2413312578e-01 1.3689373264e-01 1.2376867783e+00
 8.2497606369e-08 8.2497606369e-08 1.2000000000e+00 6.0936631506e-01 1.3242413629e-01 1.2308726170e+00
 8.2700183301e-08 8.2700183301e-08 1.2000000000e+00 5.9254059226e-01 1.2727059139e-01 1.2232428227e+00
 8.2940703750e-08 8.2940703750e-08 1.2000000000e+00 5.7409435296e-01 1.2139045734e-01 1.2148674800e+00
 8.3225868369e-08 8.3225868369e-08 1.2000000000e+00 5.5414490906e-01 1.1479345542e-01 1.2059073709e+00
 8.3558175433e-08 8.3558175433e-08 1.2000000000e+00 5.3287198932e-01 1.0809116132e-01 1.1974394943e+00
 8.3942682487e-08 8.3942682487e-08 1.2000000000e+00 5.1008310907e-01 1.0176428295e-01 1.1902882481e+00
 8.4379521313e-08 8.4379521313e-08 1.2000000000e+00 4.8581191338e-01 9.5383685183e-02 1.1837203959e+00
 8.4844110360e-08 8.4844110360e-08 1.2000000000e+00 4.6137310960e-01 8.9588143977e-02 1.1784731381e+00
 8.5396626180e-08 8.5396626180e-08 1.2000000000e+00 4.3378604431e-01 8.4031266777e-02 1.1743800714e+00
 8.6011851793e-08 8.6011851793e-08 1.2000000000e+00 4.0473544265e-01 7.9505184922e-02 1.1722380499e+00
 8.6709538601e-08 8.6709538601e-08 1.2000000000e+00 3.7380841115e-01 7.6399588082e-02 1.1724191631e+00
 8.7499531653e-08 8.7499531653e-08 1.2000000000e+00 3.4131866466e-01 7.5306224450e-02 1.1752946156e+00
 8.8410897591e-08 8.8410897591e-08 1.2000000000e+00 3.0706589551e-01 7.6943823026e-02 1.1812247433e+00
 8.9483124364e-08 8.9483124364e-08 1.2000000000e+00 2.7090702607e-01 8.2339847223e-02 1.1905377026e+00
 9.0500000000e-08 9.0500000000e-08 1.2000000000e+00 2.4036607032e-01 9.0534633453e-02 1.2008582232e+00
 9.0517174933e-08 9.0517174933e-08 1.1587801612e+00 2.3014515805e-01 8.6192446809e-02 1.1957556092e+00
 9.0533856024e-08 9.0533856024e-08 1.1187455419e+00 2.2069654042e-01 8.2337390484e-02 1.1911781243e+00
 9.0550301394e-08 9.0550301394e-08 1.0792766543e+00 2.1163051067e-01 7.8705596674e-02 1.1868962257e+00
 9.0568573614e-08 9.0568573614e-08 1.0354233256e+00 2.0182887212e-01 7.4793963058e-02 1.1822638856e+00
 9.0586967621e-08 9.0586967621e-08 9.9127771066e-01 1.9234451450e-01 7.1077984070e-02 1.1778845698e+00
 9.0609886997e-08 9.0609886997e-08 9.3627120816e-01 1.8109947839e-01 6.6728017262e-02 1.1727546484e+00
 9.0639441649e-08 9.0639441649e-08 8.6534004252e-01 1.6774243302e-01 6.1711321365e-02 1.1668734547e+00
 9.0679244081e-08 9.0679244081e-08 7.6981420538e-01 1.5189645315e-01 5.6007880971e-02 1.1602398409e+00
 9.0719434768e-08 9.0719434768e-08 6.7335655653e-01 1.3919735482e-01 5.1850637020e-02 1.1555184626e+00
 9.0741339671e-08 9.0741339671e-08 6.2078478908e-01 1.3392517591e-01 5.0357480139e-02 1.1538969664e+00
 9.0763698757e-08 9.0763698757e-08 5.6712298366e-01 1.2680651212e-01 4.8052610294e-02 1.1513314026e+00
 9.0768591446e-08 9.0768591446e-08 5.5538053072e-01 1.2478944677e-01 4.7340013809e-02 1.1505057575e+00
 9.0778376823e-08 9.0778376823e-08 5.3189562482e-01 1.2020470628e-01 4.5678791372e-02 1.1485889380e+00
 9.0786996868e-08 9.0786996868e-08 5.1120751732e-01 1.1575360153e-01 4.4032302924e-02 1.1466592435e+00
 9.0796764866e-08 9.0796764866e-08 4.8776432095e-01 1.1029330006e-01 4.1992215314e-02 1.1442747055e+00
 9.0808534641e-08 9.0808534641e-08 4.5951686232e-01 1.0338284369e-01 3.9393265675e-02 1.1412089863e+00
 9.0819542675e-08 9.0819542675e-08 4.3309757948e-01 9.6624115153e-02 3.6847277548e-02 1.1382145011e+00
 9.0830493713e-08 9.0830493713e-08 4.0681508872e-01 8.9760559128e-02 3.4260504717e-02 1.1351522001e+00
 9.0842955024e-08 9.0842955024e-08 3.7690794216e-01 8.1747367307e-02 3.1247015410e-02 1.1315976391e+00
 9.0859527607e-08 9.0859527607e-08 3.3713374271e-01 7.0932780686e-02 2.7191640902e-02 1.1267916521e+00
 9.0882660391e-08 9.0882660391e-08 2.8161506086e-01 5.5511209533e-02 2.1445342068e-02 1.1199944881e+00
 9.0917108220e-08 9.0917108220e-08 1.9894027236e-01 3.2194469938e-02 1.2849151541e-02 1.1098009164e+00
 9.0958554110e-08 9.0958554110e-08 9.9470136178e-02 3.7489458783e-03 2.5386178540e-03 1.0975922947e+00
 9.1000000000e-08 9.1000000000e-08 1.7097434579e-14 -2.4806279703e-02 -7.5985571809e-03 1.0855887020e+00
 9.1003047782e-08 9.1003047782e-08 0.0000000000e+00 -2.4608093145e-02 -7.2618630778e-03 1.0859912309e+00
 9.1007941576e-08 9.1007941576e-08 0.0000000000e+00 -2.4384673354e-02 -6.7679036845e-03 1.0867614095e+00
 9.1013770206e-08 9.1013770206e-08 0.0000000000e+00 -2.4210666127e-02 -6.2827691678e-03 1.0875704541e+00
 9.1018676534e-08 9.1018676534e-08 0.0000000000e+00 -2.4040895260e-02 -5.8619983118e-03 1.0882201025e+00
 9.1024677298e-08 9.1024677298e-08 0.0000000000e+00 -2.3844253361e-02 -5.3412209860e-03 1.0890713339e+00
 9.1030399845e-08 9.1030399845e-08 0.0000000000e+00 -2.3653742797e-02 -4.8568907183e-03 1.0898324602e+00
 9.1040973708e-08 9.1040973708e-08 0.0000000000e+00 -2.3303821135e-02 -3.9481390151e-03 1.0912890597e+00
 9.1050367015e-08 9.1050367015e-08 0.0000000000e+00 -2.2992767392e-02 -3.1517170697e-03 1.0925468941e+00
 9.1066429883e-08 9.1066429883e-08 0.0000000000e+00 -2.2461571984e-02 -1.7837695047e-03 1.0947162224e+00
 9.1081813905e-08 9.1081813905e-08 0.0000000000e+00 -2.1953353658e-02 -4.8585576659e-04 1.0967544822e+00
 9.1105143183e-08 9.1105143183e-08 0.0000000000e+00 -2.1183247929e-02 1.4797084846e-03 1.0998339220e+00
 9.1129709596e-08 9.1129709596e-08 0.0000000000e+00 -2.0372433584e-02 3.5310164793e-03 1.1030160786e+00
 9.1164481205e-08 9.1164481205e-08 0.0000000000e+00 -1.9224515136e-02 6.4180738959e-03 1.1074625592e+00
 9.1201103159e-08 9.1201103159e-08 0.0000000000e+00 -1.8015587610e-02 9.4257529863e-03 1.1120382297e+00
 9.1244383958e-08 9.1244383958e-08 0.0000000000e+00 -1.6586472076e-02 1.2948240784e-02 1.1173395043e+00
 9.1281149441e-08 9.1281149441e-08 0.0000000000e+00 -1.5372558527e-02 1.5905515251e-02 1.1217321195e+00
 9.1300429768e-08 9.1300429768e-08 0.0000000000e+00 -1.4735738834e-02 1.7447982175e-02 1.1240081212e+00
 9.1320309686e-08 9.1320309686e-08 0.0000000000e+00 -1.4079328844e-02 1.9026740631e-02 1.1263196508e+00
 9.1337181890e-08 9.1337181890e-08 0.0000000000e+00 -1.3521960634e-02 2.0363131202e-02 1.1282694169e+00
 9.1349482621e-08 9.1349482621e-08 0.0000000000e+00 -1.3115827533e-02 2.1331418965e-02 1.1296732932e+00
 9.1362945948e-08 9.1362945948e-08 0.0000000000e+00 -1.2671000719e-02 2.2390091416e-02 1.1312052837e+00
 9.1380197077e-08 9.1380197077e-08 0.0000000000e+00 -1.2101323917e-02 2.3738994789e-02 1.1331460831e+00
 9.1399997082e-08 9.1399997082e-08 0.0000000000e+00 -1.1447134678e-02 2.5281579286e-02 1.1353555991e+00
 9.1433879992e-08 9.1433879992e-08 0.0000000000e+00 -1.0327949476e-02 2.7901015649e-02 1.1390765042e+00
 9.1473055151e-08 9.1473055151e-08 0.0000000000e+00 -9.0335073973e-03 3.0902592897e-02 1.1432972601e+00
 9.1540611494e-08 9.1540611494e-08 0.0000000000e+00 -6.8013147223e-03 3.6006308832e-02 1.1503641972e+00
 9.1621832346e-08 9.1621832346e-08 0.0000000000e+00 -4.1166882666e-03 4.2027558307e-02 1.1585296285e+00
 9.1660778932e-08 9.1660778932e-08 0.0000000000e+00 -2.8293404764e-03 4.4869611372e-02 1.1623180061e+00
 9.1704355220e-08 9.1704355220e-08 0.0000000000e+00 -1.3884655093e-03 4.8017431139e-02 1.1664671023e+00
 9.1742213673e-08 9.1742213673e-08 0.0000000000e+00 -1.3675556391e-04 5.0722945736e-02 1.1699919854e+00
 9.1785012741e-08 9.1785012741e-08 0.0000000000e+00 1.2788002556e-03 5.3751511533e-02 1.1738949109e+00
 9.1823228504e-08 9.1823228504e-08 0.0000000000e+00 2.5426677510e-03 5.6427205689e-02 1.1773037459e+00
 9.1863871422e-08 9.1863871422e-08 0.0000000000e+00 3.8872815219e-03 5.9245643139e-02 1.1808564296e+00
 9.1903169112e-08 9.1903169112e-08 0.0000000000e+00 5.1872910037e-03 6.1942646080e-02 1.1842180031e+00
 9.1946106863e-08 9.1946106863e-08 0.0000000000e+00 6.6082200945e-03 6.4860141650e-02 1.1878142634e+00
 9.1973053431e-08 9.1973053431e-08 0.0000000000e+00 7.4998378545e-03 6.6674487361e-02 1.1900287529e+00
 9.2000000000e-08 9.2000000000e-08 0.0000000000e+00 8.3918234900e-03 6.8477433296e-02 1.1922137089e+00
 9.2004306987e-08 9.2004306987e-08 0.0000000000e+00 8.5343082018e-03 6.8764095119e-02 1.1925593015e+00
 9.2012920960e-08 9.2012920960e-08 0.0000000000e+00 8.8194247335e-03 6.9337133285e-02 1.1932494210e+00
 9.2020845708e-08 9.2020845708e-08 0.0000000000e+00 9.0817389418e-03 6.9863290363e-02 1.1938817095e+00
 9.2030912912e-08 9.2030912912e-08 0.0000000000e+00 9.4149777522e-03 7.0530157567e-02 1.1946810601e+00
 9.2042689177e-08 9.2042689177e-08 0.0000000000e+00 9.8048073822e-03 7.1308159502e-02 1.1956108752e+00
 9.2058453067e-08 9.2058453067e-08 0.0000000000e+00 1.0326662975e-02 7.2346030885e-02 1.1968465640e+00
 9.2081523881e-08 9.2081523881e-08 0.0000000000e+00 1.1090468743e-02 7.3857733730e-02 1.1986368806e+00
 9.2115822118e-08 9.2115822118e-08 0.0000000000e+00 1.2227264691e-02 7.6275251154e-02 1.2015557804e+00
 9.2169863587e-08 9.2169863587e-08 0.0000000000e+00 1.4020770926e-02 8.0388856128e-02 1.2066170446e+00
 9.2256774485e-08 9.2256774485e-08 0.0000000000e+00 1.6905791332e-02 8.6887632645e-02 1.2144680641e+00
 9.2344114259e-08 9.2344114259e-08 0.0000000000e+00 1.9805857814e-02 9.3262871507e-02 1.2219834893e+00
 9.2465137108e-08 9.2465137108e-08 0.0000000000e+00 2.3825731808e-02 1.0185332639e-01 1.2318253584e+00
 9.2607159894e-08 9.2607159894e-08 0.0000000000e+00 2.8545204870e-02 1.1156752472e-01 1.2425415704e+00
 9.2776995860e-08 9.2776995860e-08 0.0000000000e+00 3.4191987930e-02 1.2268902285e-01 1.2542663152e+00
 9.2979806371e-08 9.2979806371e-08 0.0000000000e+00 4.0939709649e-02 1.3528252381e-01 1.2668101155e+00
 9.3224014077e-08 9.3224014077e-08 0.0000000000e+00 4.9071859084e-02 1.4952112739e-01 1.2800278777e+00
 9.3517743693e-08 9.3517743693e-08 0.0000000000e+00 5.8864213346e-02 1.6540340002e-01 1.2935016819e+00
 9.3871046275e-08 9.3871046275e-08 0.0000000000e+00 7.0660291877e-02 1.8290135135e-01 1.3067315024e+00
 9.4295217737e-08 9.4295217737e-08 0.0000000000e+00 8.4850792574e-02 2.0188548475e-01 1.3190726063e+00
 9.4803107258e-08 9.4803107258e-08 0.0000000000e+00 1.0188726326e-01 2.2218113925e-01 1.3298698394e+00
 9.5408197625e-08 9.5408197625e-08 0.0000000000e+00 1.2225603804e-01 2.4353428628e-01 1.3384877383e+00
 9.6102421631e-08 9.6102421631e-08 0.0000000000e+00 1.4573270078e-01 2.6503642199e-01 1.3443367703e+00
 9.6870169823e-08 9.6870169823e-08 0.0000000000e+00 1.7184485484e-01 2.8588300796e-01 1.3473623275e+00
 9.7745647890e-08 9.7745647890e-08 0.0000000000e+00 2.0183486907e-01 3.0670175325e-01 1.3479211038e+00
 9.8749418537e-08 9.8749418537e-08 0.0000000000e+00 2.3653619464e-01 3.2744368988e-01 1.3461074238e+00
 9.9374709268e-08 9.9374709268e-08 0.0000000000e+00 2.5834486013e-01 3.3891513533e-01 1.3440624932e+00
 1.0000000000e-07 1.0000000000e-07 0.0000000000e+00 2.8031790148e-01 3.4940587129e-01 1.3415196473e+00
