v-sweep v(drain_iv) v(gate_iv) id is ib ig kcl
0.000000e+00 0.000000e+00 0.000000e+00 0.000000e+00 0.000000e+00 0.000000e+00 0.000000e+00 0.000000e+00
1.000000e-02 1.000000e-02 0.000000e+00 -5.954100e-12 5.944100e-12 1.000000e-14 0.000000e+00 9.655657e-28
2.000000e-02 2.000000e-02 0.000000e+00 -1.015670e-11 1.013670e-11 2.000000e-14 0.000000e+00 3.155444e-28
3.000000e-02 3.000000e-02 0.000000e+00 -1.290870e-11 1.287870e-11 3.000000e-14 0.000000e+00 4.733165e-28
4.000000e-02 4.000000e-02 0.000000e+00 -1.459480e-11 1.455480e-11 4.000000e-14 0.000000e+00 6.310887e-28
5.000000e-02 5.000000e-02 0.000000e+00 -1.559320e-11 1.554320e-11 5.000000e-14 0.000000e+00 8.204153e-28
6.000000e-02 6.000000e-02 0.000000e+00 -1.619050e-11 1.613050e-11 6.000000e-14 0.000000e+00 2.284541e-27
7.000000e-02 7.000000e-02 0.000000e+00 -1.656440e-11 1.649440e-11 7.000000e-14 0.000000e+00 5.048710e-28
8.000000e-02 8.000000e-02 0.000000e+00 -1.681370e-11 1.673370e-11 8.000000e-14 0.000000e+00 1.262177e-27
9.000000e-02 9.000000e-02 0.000000e+00 -1.699180e-11 1.690180e-11 9.000000e-14 0.000000e+00 1.893266e-28
1.000000e-01 1.000000e-01 0.000000e+00 -1.712730e-11 1.702730e-11 1.000000e-13 0.000000e+00 1.590344e-27
1.100000e-01 1.100000e-01 0.000000e+00 -1.723640e-11 1.712640e-11 1.100000e-13 0.000000e+00 1.262177e-28
1.200000e-01 1.200000e-01 0.000000e+00 -1.732840e-11 1.720840e-11 1.200000e-13 0.000000e+00 4.569082e-27
1.300000e-01 1.300000e-01 0.000000e+00 -1.740890e-11 1.727890e-11 1.300000e-13 0.000000e+00 4.543839e-28
1.400000e-01 1.400000e-01 0.000000e+00 -1.748150e-11 1.734150e-11 1.400000e-13 0.000000e+00 2.221432e-27
1.500000e-01 1.500000e-01 0.000000e+00 -1.754850e-11 1.739850e-11 1.500000e-13 0.000000e+00 7.573065e-28
1.600000e-01 1.600000e-01 0.000000e+00 -1.761140e-11 1.745140e-11 1.600000e-13 0.000000e+00 7.068194e-28
1.700000e-01 1.700000e-01 0.000000e+00 -1.767130e-11 1.750130e-11 1.700000e-13 0.000000e+00 2.145702e-27
1.800000e-01 1.800000e-01 0.000000e+00 -1.772880e-11 1.754880e-11 1.800000e-13 0.000000e+00 3.786532e-28
1.900000e-01 1.900000e-01 0.000000e+00 -1.778460e-11 1.759460e-11 1.900000e-13 0.000000e+00 1.388395e-27
2.000000e-01 2.000000e-01 0.000000e+00 -1.783900e-11 1.763900e-11 2.000000e-13 0.000000e+00 5.048710e-29
2.100000e-01 2.100000e-01 0.000000e+00 -1.789220e-11 1.768220e-11 2.100000e-13 0.000000e+00 1.514613e-27
2.200000e-01 2.200000e-01 0.000000e+00 -1.794460e-11 1.772460e-11 2.200000e-13 0.000000e+00 3.483610e-27
2.300000e-01 2.300000e-01 0.000000e+00 -1.799630e-11 1.776630e-11 2.300000e-13 0.000000e+00 2.019484e-27
2.400000e-01 2.400000e-01 0.000000e+00 -1.804730e-11 1.780730e-11 2.400000e-13 0.000000e+00 5.553581e-28
2.500000e-01 2.500000e-01 0.000000e+00 -1.809790e-11 1.784790e-11 2.500000e-13 0.000000e+00 2.372894e-27
2.600000e-01 2.600000e-01 0.000000e+00 -1.814810e-11 1.788810e-11 2.600000e-13 0.000000e+00 2.322407e-27
2.700000e-01 2.700000e-01 0.000000e+00 -1.819790e-11 1.792790e-11 2.700000e-13 0.000000e+00 2.675816e-27
2.800000e-01 2.800000e-01 0.000000e+00 -1.824740e-11 1.796740e-11 2.800000e-13 0.000000e+00 2.019484e-27
2.900000e-01 2.900000e-01 0.000000e+00 -1.829670e-11 1.800670e-11 2.900000e-13 0.000000e+00 2.978739e-27
3.000000e-01 3.000000e-01 0.000000e+00 -1.834580e-11 1.804580e-11 3.000000e-13 0.000000e+00 1.716561e-27
3.100000e-01 3.100000e-01 0.000000e+00 -1.839460e-11 1.808460e-11 3.100000e-13 0.000000e+00 3.281661e-27
3.200000e-01 3.200000e-01 0.000000e+00 -1.844340e-11 1.812340e-11 3.200000e-13 0.000000e+00 1.817536e-27
3.300000e-01 3.300000e-01 0.000000e+00 -1.849190e-11 1.816190e-11 3.300000e-13 0.000000e+00 4.038968e-28
3.400000e-01 3.400000e-01 0.000000e+00 -1.854040e-11 1.820040e-11 3.400000e-13 0.000000e+00 5.402119e-27
3.500000e-01 3.500000e-01 0.000000e+00 -1.858870e-11 1.823870e-11 3.500000e-13 0.000000e+00 2.524355e-27
3.600000e-01 3.600000e-01 0.000000e+00 -1.863700e-11 1.827700e-11 3.600000e-13 0.000000e+00 7.573065e-28
3.700000e-01 3.700000e-01 0.000000e+00 -1.868520e-11 1.831520e-11 3.700000e-13 0.000000e+00 2.221432e-27
3.800000e-01 3.800000e-01 0.000000e+00 -1.873330e-11 1.835330e-11 3.800000e-13 0.000000e+00 3.685558e-27
3.900000e-01 3.900000e-01 0.000000e+00 -1.878130e-11 1.839130e-11 3.900000e-13 0.000000e+00 1.312665e-27
4.000000e-01 4.000000e-01 0.000000e+00 -1.882930e-11 1.842930e-11 4.000000e-13 0.000000e+00 1.009742e-28
4.100000e-01 4.100000e-01 0.000000e+00 -1.887720e-11 1.846720e-11 4.100000e-13 0.000000e+00 1.666074e-27
4.200000e-01 4.200000e-01 0.000000e+00 -1.892510e-11 1.850510e-11 4.200000e-13 0.000000e+00 3.433123e-27
4.300000e-01 4.300000e-01 0.000000e+00 -1.897290e-11 1.854290e-11 4.300000e-13 0.000000e+00 1.262177e-27
4.400000e-01 4.400000e-01 0.000000e+00 -1.902070e-11 1.858070e-11 4.400000e-13 0.000000e+00 5.048710e-28
4.500000e-01 4.500000e-01 0.000000e+00 -1.906850e-11 1.861850e-11 4.500000e-13 0.000000e+00 9.592549e-28
4.600000e-01 4.600000e-01 0.000000e+00 -1.911620e-11 1.865620e-11 4.600000e-13 0.000000e+00 8.077936e-28
4.700000e-01 4.700000e-01 0.000000e+00 -1.916390e-11 1.869390e-11 4.700000e-13 0.000000e+00 2.625329e-27
4.800000e-01 4.800000e-01 0.000000e+00 -1.921160e-11 1.873160e-11 4.800000e-13 0.000000e+00 1.110716e-27
4.900000e-01 4.900000e-01 0.000000e+00 -1.925920e-11 1.876920e-11 4.900000e-13 0.000000e+00 3.029226e-28
5.000000e-01 5.000000e-01 0.000000e+00 -1.930680e-11 1.880680e-11 5.000000e-13 0.000000e+00 1.514613e-27
5.100000e-01 5.100000e-01 0.000000e+00 -1.935440e-11 1.884440e-11 5.100000e-13 0.000000e+00 3.231174e-27
5.200000e-01 5.200000e-01 0.000000e+00 -1.940200e-11 1.888200e-11 5.200000e-13 0.000000e+00 1.413639e-27
5.300000e-01 5.300000e-01 0.000000e+00 -1.944960e-11 1.891960e-11 5.300000e-13 0.000000e+00 3.029226e-28
5.400000e-01 5.400000e-01 0.000000e+00 -1.949710e-11 1.895710e-11 5.400000e-13 0.000000e+00 1.110716e-27
5.500000e-01 5.500000e-01 0.000000e+00 -1.954470e-11 1.899470e-11 5.500000e-13 0.000000e+00 5.856503e-27
5.600000e-01 5.600000e-01 0.000000e+00 -1.959220e-11 1.903220e-11 5.600000e-13 0.000000e+00 8.077936e-28
5.700000e-01 5.700000e-01 0.000000e+00 -1.963970e-11 1.906970e-11 5.700000e-13 0.000000e+00 1.009742e-27
5.800000e-01 5.800000e-01 0.000000e+00 -1.968720e-11 1.910720e-11 5.800000e-13 0.000000e+00 2.726303e-27
5.900000e-01 5.900000e-01 0.000000e+00 -1.973470e-11 1.914470e-11 5.900000e-13 0.000000e+00 1.918510e-27
6.000000e-01 6.000000e-01 0.000000e+00 -1.978220e-11 1.918220e-11 6.000000e-13 0.000000e+00 3.433123e-27
6.100000e-01 6.100000e-01 0.000000e+00 -1.982960e-11 1.921960e-11 6.100000e-13 0.000000e+00 1.615587e-27
6.200000e-01 6.200000e-01 0.000000e+00 -1.987710e-11 1.925710e-11 6.200000e-13 0.000000e+00 1.009742e-28
6.300000e-01 6.300000e-01 0.000000e+00 -1.992450e-11 1.929450e-11 6.300000e-13 0.000000e+00 1.312665e-27
6.400000e-01 6.400000e-01 0.000000e+00 -1.997200e-11 1.933200e-11 6.400000e-13 0.000000e+00 4.038968e-28
6.500000e-01 6.500000e-01 0.000000e+00 -2.001940e-11 1.936940e-11 6.500000e-13 0.000000e+00 2.221432e-27
6.600000e-01 6.600000e-01 0.000000e+00 -2.006680e-11 1.940680e-11 6.600000e-13 0.000000e+00 2.423381e-27
6.700000e-01 6.700000e-01 0.000000e+00 -2.011420e-11 1.944420e-11 6.700000e-13 0.000000e+00 2.524355e-27
6.800000e-01 6.800000e-01 0.000000e+00 -2.016170e-11 1.948170e-11 6.800000e-13 0.000000e+00 1.110716e-27
6.900000e-01 6.900000e-01 0.000000e+00 -2.020910e-11 1.951910e-11 6.900000e-13 0.000000e+00 3.635071e-27
7.000000e-01 7.000000e-01 0.000000e+00 -2.025650e-11 1.955650e-11 7.000000e-13 0.000000e+00 1.817536e-27
7.100000e-01 7.100000e-01 0.000000e+00 -2.030390e-11 1.959390e-11 7.100000e-13 0.000000e+00 1.009742e-28
7.200000e-01 7.200000e-01 0.000000e+00 -2.035130e-11 1.963130e-11 7.200000e-13 0.000000e+00 1.514613e-27
7.300000e-01 7.300000e-01 0.000000e+00 -2.039860e-11 1.966860e-11 7.300000e-13 0.000000e+00 2.928252e-27
7.400000e-01 7.400000e-01 0.000000e+00 -2.044600e-11 1.970600e-11 7.400000e-13 0.000000e+00 2.019484e-27
7.500000e-01 7.500000e-01 0.000000e+00 -2.049340e-11 1.974340e-11 7.500000e-13 0.000000e+00 6.058452e-28
7.600000e-01 7.600000e-01 0.000000e+00 -2.054080e-11 1.978080e-11 7.600000e-13 0.000000e+00 2.322407e-27
7.700000e-01 7.700000e-01 0.000000e+00 -2.058820e-11 1.981820e-11 7.700000e-13 0.000000e+00 9.087678e-28
7.800000e-01 7.800000e-01 0.000000e+00 -2.063550e-11 1.985550e-11 7.800000e-13 0.000000e+00 6.058452e-28
7.900000e-01 7.900000e-01 0.000000e+00 -2.068290e-11 1.989290e-11 7.900000e-13 0.000000e+00 1.211690e-27
8.000000e-01 8.000000e-01 0.000000e+00 -2.073020e-11 1.993020e-11 8.000000e-13 0.000000e+00 2.019484e-28
8.100000e-01 8.100000e-01 0.000000e+00 -2.077760e-11 1.996760e-11 8.100000e-13 0.000000e+00 1.716561e-27
8.200000e-01 8.200000e-01 0.000000e+00 -2.082500e-11 2.000500e-11 8.200000e-13 0.000000e+00 1.009742e-28
8.300000e-01 8.300000e-01 0.000000e+00 -2.087230e-11 2.004230e-11 8.300000e-13 0.000000e+00 1.413639e-27
8.400000e-01 8.400000e-01 0.000000e+00 -2.091970e-11 2.007970e-11 8.400000e-13 0.000000e+00 4.038968e-28
8.500000e-01 8.500000e-01 0.000000e+00 -2.096700e-11 2.011700e-11 8.500000e-13 0.000000e+00 1.110716e-27
8.600000e-01 8.600000e-01 0.000000e+00 -2.101440e-11 2.015440e-11 8.600000e-13 0.000000e+00 2.524355e-27
8.700000e-01 8.700000e-01 0.000000e+00 -2.106170e-11 2.019170e-11 8.700000e-13 0.000000e+00 7.068194e-28
8.800000e-01 8.800000e-01 0.000000e+00 -2.110910e-11 2.022910e-11 8.800000e-13 0.000000e+00 4.240916e-27
8.900000e-01 8.900000e-01 0.000000e+00 -2.115640e-11 2.026640e-11 8.900000e-13 0.000000e+00 4.038968e-28
9.000000e-01 9.000000e-01 0.000000e+00 -2.120370e-11 2.030370e-11 9.000000e-13 0.000000e+00 4.543839e-27
9.100000e-01 9.100000e-01 0.000000e+00 -2.125110e-11 2.034110e-11 9.100000e-13 0.000000e+00 2.019484e-28
9.200000e-01 9.200000e-01 0.000000e+00 -2.129840e-11 2.037840e-11 9.200000e-13 0.000000e+00 1.615587e-27
9.300000e-01 9.300000e-01 0.000000e+00 -2.134570e-11 2.041570e-11 9.300000e-13 0.000000e+00 2.019484e-28
9.400000e-01 9.400000e-01 0.000000e+00 -2.139310e-11 2.045310e-11 9.400000e-13 0.000000e+00 2.019484e-27
9.500000e-01 9.500000e-01 0.000000e+00 -2.144040e-11 2.049040e-11 9.500000e-13 0.000000e+00 6.058452e-28
9.600000e-01 9.600000e-01 0.000000e+00 -2.148770e-11 2.052770e-11 9.600000e-13 0.000000e+00 1.009742e-27
9.700000e-01 9.700000e-01 0.000000e+00 -2.153510e-11 2.056510e-11 9.700000e-13 0.000000e+00 2.423381e-27
9.800000e-01 9.800000e-01 0.000000e+00 -2.158240e-11 2.060240e-11 9.800000e-13 0.000000e+00 2.625329e-27
9.900000e-01 9.900000e-01 0.000000e+00 -2.162970e-11 2.063970e-11 9.900000e-13 0.000000e+00 2.019484e-27
1.000000e+00 1.000000e+00 0.000000e+00 -2.167700e-11 2.067700e-11 1.000000e-12 0.000000e+00 2.019484e-28
1.010000e+00 1.010000e+00 0.000000e+00 -2.172440e-11 2.071440e-11 1.010000e-12 0.000000e+00 4.846761e-27
1.020000e+00 1.020000e+00 0.000000e+00 -2.177170e-11 2.075170e-11 1.020000e-12 0.000000e+00 0.000000e+00
1.030000e+00 1.030000e+00 0.000000e+00 -2.181900e-11 2.078900e-11 1.030000e-12 0.000000e+00 1.413639e-27
1.040000e+00 1.040000e+00 0.000000e+00 -2.186630e-11 2.082630e-11 1.040000e-12 0.000000e+00 2.827277e-27
1.050000e+00 1.050000e+00 0.000000e+00 -2.191360e-11 2.086360e-11 1.050000e-12 0.000000e+00 1.009742e-27
1.060000e+00 1.060000e+00 0.000000e+00 -2.196100e-11 2.090100e-11 1.060000e-12 0.000000e+00 2.625329e-27
1.070000e+00 1.070000e+00 0.000000e+00 -2.200830e-11 2.093830e-11 1.070000e-12 0.000000e+00 4.038968e-27
1.080000e+00 1.080000e+00 0.000000e+00 -2.205560e-11 2.097560e-11 1.080000e-12 0.000000e+00 2.221432e-27
1.090000e+00 1.090000e+00 0.000000e+00 -2.210290e-11 2.101290e-11 1.090000e-12 0.000000e+00 2.827277e-27
1.100000e+00 1.100000e+00 0.000000e+00 -2.215020e-11 2.105020e-11 1.100000e-12 0.000000e+00 1.211690e-27
1.110000e+00 1.110000e+00 0.000000e+00 -2.219750e-11 2.108750e-11 1.110000e-12 0.000000e+00 3.029226e-27
1.120000e+00 1.120000e+00 0.000000e+00 -2.224490e-11 2.112490e-11 1.120000e-12 0.000000e+00 1.615587e-27
1.130000e+00 1.130000e+00 0.000000e+00 -2.229220e-11 2.116220e-11 1.130000e-12 0.000000e+00 3.635071e-27
1.140000e+00 1.140000e+00 0.000000e+00 -2.233950e-11 2.119950e-11 1.140000e-12 0.000000e+00 1.009742e-27
1.150000e+00 1.150000e+00 0.000000e+00 -2.238680e-11 2.123680e-11 1.150000e-12 0.000000e+00 3.837019e-27
1.160000e+00 1.160000e+00 0.000000e+00 -2.243410e-11 2.127410e-11 1.160000e-12 0.000000e+00 2.423381e-27
1.170000e+00 1.170000e+00 0.000000e+00 -2.248140e-11 2.131140e-11 1.170000e-12 0.000000e+00 1.009742e-27
1.180000e+00 1.180000e+00 0.000000e+00 -2.252870e-11 2.134870e-11 1.180000e-12 0.000000e+00 4.038968e-28
1.190000e+00 1.190000e+00 0.000000e+00 -2.257600e-11 2.138600e-11 1.190000e-12 0.000000e+00 1.211690e-27
1.200000e+00 1.200000e+00 0.000000e+00 -2.262330e-11 2.142330e-11 1.200000e-12 0.000000e+00 2.019484e-28
0.000000e+00 0.000000e+00 2.000000e-01 0.000000e+00 0.000000e+00 0.000000e+00 0.000000e+00 0.000000e+00
1.000000e-02 1.000000e-02 2.000000e-01 -2.764900e-09 2.764900e-09 1.000000e-14 0.000000e+00 1.000000e-14
2.000000e-02 2.000000e-02 2.000000e-01 -4.715500e-09 4.715500e-09 2.000000e-14 0.000000e+00 2.000000e-14
3.000000e-02 3.000000e-02 2.000000e-01 -5.991100e-09 5.991100e-09 3.000000e-14 0.000000e+00 3.000000e-14
4.000000e-02 4.000000e-02 2.000000e-01 -6.769900e-09 6.769800e-09 4.000000e-14 0.000000e+00 6.000000e-14
5.000000e-02 5.000000e-02 2.000000e-01 -7.227600e-09 7.227600e-09 5.000000e-14 0.000000e+00 5.000000e-14
6.000000e-02 6.000000e-02 2.000000e-01 -7.497800e-09 7.497800e-09 6.000000e-14 0.000000e+00 6.000000e-14
7.000000e-02 7.000000e-02 2.000000e-01 -7.663500e-09 7.663400e-09 7.000000e-14 0.000000e+00 3.000000e-14
8.000000e-02 8.000000e-02 2.000000e-01 -7.770800e-09 7.770700e-09 8.000000e-14 0.000000e+00 2.000000e-14
9.000000e-02 9.000000e-02 2.000000e-01 -7.844800e-09 7.844700e-09 9.000000e-14 0.000000e+00 1.000000e-14
1.000000e-01 1.000000e-01 2.000000e-01 -7.898800e-09 7.898700e-09 1.000000e-13 0.000000e+00 4.442612e-25
1.100000e-01 1.100000e-01 2.000000e-01 -7.940500e-09 7.940300e-09 1.100000e-13 0.000000e+00 9.000000e-14
1.200000e-01 1.200000e-01 2.000000e-01 -7.974100e-09 7.974000e-09 1.200000e-13 0.000000e+00 2.000000e-14
1.300000e-01 1.300000e-01 2.000000e-01 -8.002400e-09 8.002300e-09 1.300000e-13 0.000000e+00 3.000000e-14
1.400000e-01 1.400000e-01 2.000000e-01 -8.027000e-09 8.026900e-09 1.400000e-13 0.000000e+00 4.000000e-14
1.500000e-01 1.500000e-01 2.000000e-01 -8.049000e-09 8.048800e-09 1.500000e-13 0.000000e+00 5.000000e-14
1.600000e-01 1.600000e-01 2.000000e-01 -8.069000e-09 8.068900e-09 1.600000e-13 0.000000e+00 6.000000e-14
1.700000e-01 1.700000e-01 2.000000e-01 -8.087700e-09 8.087500e-09 1.700000e-13 0.000000e+00 3.000000e-14
1.800000e-01 1.800000e-01 2.000000e-01 -8.105200e-09 8.105000e-09 1.800000e-13 0.000000e+00 2.000000e-14
1.900000e-01 1.900000e-01 2.000000e-01 -8.121900e-09 8.121700e-09 1.900000e-13 0.000000e+00 1.000000e-14
2.000000e-01 2.000000e-01 2.000000e-01 -8.138000e-09 8.137800e-09 2.000000e-13 0.000000e+00 7.658388e-25
2.100000e-01 2.100000e-01 2.000000e-01 -8.153500e-09 8.153300e-09 2.100000e-13 0.000000e+00 1.000000e-14
2.200000e-01 2.200000e-01 2.000000e-01 -8.168600e-09 8.168400e-09 2.200000e-13 0.000000e+00 2.000000e-14
2.300000e-01 2.300000e-01 2.000000e-01 -8.183400e-09 8.183200e-09 2.300000e-13 0.000000e+00 3.000000e-14
2.400000e-01 2.400000e-01 2.000000e-01 -8.197900e-09 8.197700e-09 2.400000e-13 0.000000e+00 4.000000e-14
2.500000e-01 2.500000e-01 2.000000e-01 -8.212200e-09 8.212000e-09 2.500000e-13 0.000000e+00 5.000000e-14
2.600000e-01 2.600000e-01 2.000000e-01 -8.226300e-09 8.226100e-09 2.600000e-13 0.000000e+00 6.000000e-14
2.700000e-01 2.700000e-01 2.000000e-01 -8.240200e-09 8.240000e-09 2.700000e-13 0.000000e+00 7.000000e-14
2.800000e-01 2.800000e-01 2.000000e-01 -8.254000e-09 8.253800e-09 2.800000e-13 0.000000e+00 8.000000e-14
2.900000e-01 2.900000e-01 2.000000e-01 -8.267700e-09 8.267400e-09 2.900000e-13 0.000000e+00 1.000000e-14
3.000000e-01 3.000000e-01 2.000000e-01 -8.281300e-09 8.281000e-09 3.000000e-13 0.000000e+00 3.216028e-25
3.100000e-01 3.100000e-01 2.000000e-01 -8.294800e-09 8.294500e-09 3.100000e-13 0.000000e+00 1.000000e-14
3.200000e-01 3.200000e-01 2.000000e-01 -8.308200e-09 8.307900e-09 3.200000e-13 0.000000e+00 2.000000e-14
3.300000e-01 3.300000e-01 2.000000e-01 -8.321600e-09 8.321200e-09 3.300000e-13 0.000000e+00 7.000000e-14
3.400000e-01 3.400000e-01 2.000000e-01 -8.334900e-09 8.334500e-09 3.400000e-13 0.000000e+00 6.000000e-14
3.500000e-01 3.500000e-01 2.000000e-01 -8.348100e-09 8.347700e-09 3.500000e-13 0.000000e+00 5.000000e-14
3.600000e-01 3.600000e-01 2.000000e-01 -8.361300e-09 8.360900e-09 3.600000e-13 0.000000e+00 4.000000e-14
3.700000e-01 3.700000e-01 2.000000e-01 -8.374500e-09 8.374100e-09 3.700000e-13 0.000000e+00 3.000000e-14
3.800000e-01 3.800000e-01 2.000000e-01 -8.387600e-09 8.387200e-09 3.800000e-13 0.000000e+00 2.000000e-14
3.900000e-01 3.900000e-01 2.000000e-01 -8.400700e-09 8.400300e-09 3.900000e-13 0.000000e+00 1.000000e-14
4.000000e-01 4.000000e-01 2.000000e-01 -8.413800e-09 8.413400e-09 4.000000e-13 0.000000e+00 1.777045e-24
4.100000e-01 4.100000e-01 2.000000e-01 -8.426800e-09 8.426400e-09 4.100000e-13 0.000000e+00 1.000000e-14
4.200000e-01 4.200000e-01 2.000000e-01 -8.439800e-09 8.439400e-09 4.200000e-13 0.000000e+00 2.000000e-14
4.300000e-01 4.300000e-01 2.000000e-01 -8.452800e-09 8.452400e-09 4.300000e-13 0.000000e+00 3.000000e-14
4.400000e-01 4.400000e-01 2.000000e-01 -8.465800e-09 8.465400e-09 4.400000e-13 0.000000e+00 4.000000e-14
4.500000e-01 4.500000e-01 2.000000e-01 -8.478800e-09 8.478300e-09 4.500000e-13 0.000000e+00 5.000000e-14
4.600000e-01 4.600000e-01 2.000000e-01 -8.491700e-09 8.491300e-09 4.600000e-13 0.000000e+00 6.000000e-14
4.700000e-01 4.700000e-01 2.000000e-01 -8.504700e-09 8.504200e-09 4.700000e-13 0.000000e+00 3.000000e-14
4.800000e-01 4.800000e-01 2.000000e-01 -8.517600e-09 8.517100e-09 4.800000e-13 0.000000e+00 2.000000e-14
4.900000e-01 4.900000e-01 2.000000e-01 -8.530500e-09 8.530000e-09 4.900000e-13 0.000000e+00 1.000000e-14
5.000000e-01 5.000000e-01 2.000000e-01 -8.543400e-09 8.542900e-09 5.000000e-13 0.000000e+00 5.669701e-25
5.100000e-01 5.100000e-01 2.000000e-01 -8.556300e-09 8.555800e-09 5.100000e-13 0.000000e+00 1.000000e-14
5.200000e-01 5.200000e-01 2.000000e-01 -8.569200e-09 8.568700e-09 5.200000e-13 0.000000e+00 2.000000e-14
5.300000e-01 5.300000e-01 2.000000e-01 -8.582100e-09 8.581600e-09 5.300000e-13 0.000000e+00 3.000000e-14
5.400000e-01 5.400000e-01 2.000000e-01 -8.595000e-09 8.594400e-09 5.400000e-13 0.000000e+00 6.000000e-14
5.500000e-01 5.500000e-01 2.000000e-01 -8.607800e-09 8.607300e-09 5.500000e-13 0.000000e+00 5.000000e-14
5.600000e-01 5.600000e-01 2.000000e-01 -8.620700e-09 8.620100e-09 5.600000e-13 0.000000e+00 4.000000e-14
5.700000e-01 5.700000e-01 2.000000e-01 -8.633500e-09 8.633000e-09 5.700000e-13 0.000000e+00 7.000000e-14
5.800000e-01 5.800000e-01 2.000000e-01 -8.646400e-09 8.645800e-09 5.800000e-13 0.000000e+00 2.000000e-14
5.900000e-01 5.900000e-01 2.000000e-01 -8.659200e-09 8.658600e-09 5.900000e-13 0.000000e+00 1.000000e-14
6.000000e-01 6.000000e-01 2.000000e-01 -8.672100e-09 8.671500e-09 6.000000e-13 0.000000e+00 6.432056e-25
6.100000e-01 6.100000e-01 2.000000e-01 -8.684900e-09 8.684300e-09 6.100000e-13 0.000000e+00 1.000000e-14
6.200000e-01 6.200000e-01 2.000000e-01 -8.697700e-09 8.697100e-09 6.200000e-13 0.000000e+00 2.000000e-14
6.300000e-01 6.300000e-01 2.000000e-01 -8.710500e-09 8.709900e-09 6.300000e-13 0.000000e+00 3.000000e-14
6.400000e-01 6.400000e-01 2.000000e-01 -8.723400e-09 8.722700e-09 6.400000e-13 0.000000e+00 6.000000e-14
6.500000e-01 6.500000e-01 2.000000e-01 -8.736200e-09 8.735500e-09 6.500000e-13 0.000000e+00 5.000000e-14
6.600000e-01 6.600000e-01 2.000000e-01 -8.749000e-09 8.748300e-09 6.600000e-13 0.000000e+00 4.000000e-14
6.700000e-01 6.700000e-01 2.000000e-01 -8.761800e-09 8.761100e-09 6.700000e-13 0.000000e+00 3.000000e-14
6.800000e-01 6.800000e-01 2.000000e-01 -8.774600e-09 8.773900e-09 6.800000e-13 0.000000e+00 2.000000e-14
6.900000e-01 6.900000e-01 2.000000e-01 -8.787400e-09 8.786700e-09 6.900000e-13 0.000000e+00 1.000000e-14
7.000000e-01 7.000000e-01 2.000000e-01 -8.800200e-09 8.799500e-09 7.000000e-13 0.000000e+00 1.989192e-25
7.100000e-01 7.100000e-01 2.000000e-01 -8.813000e-09 8.812300e-09 7.100000e-13 0.000000e+00 1.000000e-14
7.200000e-01 7.200000e-01 2.000000e-01 -8.825800e-09 8.825100e-09 7.200000e-13 0.000000e+00 2.000000e-14
7.300000e-01 7.300000e-01 2.000000e-01 -8.838600e-09 8.837900e-09 7.300000e-13 0.000000e+00 3.000000e-14
7.400000e-01 7.400000e-01 2.000000e-01 -8.851400e-09 8.850700e-09 7.400000e-13 0.000000e+00 4.000000e-14
7.500000e-01 7.500000e-01 2.000000e-01 -8.864200e-09 8.863400e-09 7.500000e-13 0.000000e+00 5.000000e-14
7.600000e-01 7.600000e-01 2.000000e-01 -8.877000e-09 8.876200e-09 7.600000e-13 0.000000e+00 4.000000e-14
7.700000e-01 7.700000e-01 2.000000e-01 -8.889800e-09 8.889000e-09 7.700000e-13 0.000000e+00 3.000000e-14
7.800000e-01 7.800000e-01 2.000000e-01 -8.902500e-09 8.901800e-09 7.800000e-13 0.000000e+00 8.000000e-14
7.900000e-01 7.900000e-01 2.000000e-01 -8.915300e-09 8.914500e-09 7.900000e-13 0.000000e+00 1.000000e-14
8.000000e-01 8.000000e-01 2.000000e-01 -8.928100e-09 8.927300e-09 8.000000e-13 0.000000e+00 2.453673e-25
8.100000e-01 8.100000e-01 2.000000e-01 -8.940900e-09 8.940100e-09 8.100000e-13 0.000000e+00 1.000000e-14
8.200000e-01 8.200000e-01 2.000000e-01 -8.953700e-09 8.952900e-09 8.200000e-13 0.000000e+00 2.000000e-14
8.300000e-01 8.300000e-01 2.000000e-01 -8.966500e-09 8.965600e-09 8.300000e-13 0.000000e+00 7.000000e-14
8.400000e-01 8.400000e-01 2.000000e-01 -8.979200e-09 8.978400e-09 8.400000e-13 0.000000e+00 4.000000e-14
8.500000e-01 8.500000e-01 2.000000e-01 -8.992000e-09 8.991200e-09 8.500000e-13 0.000000e+00 5.000000e-14
8.600000e-01 8.600000e-01 2.000000e-01 -9.004800e-09 9.003900e-09 8.600000e-13 0.000000e+00 4.000000e-14
8.700000e-01 8.700000e-01 2.000000e-01 -9.017600e-09 9.016700e-09 8.700000e-13 0.000000e+00 3.000000e-14
8.800000e-01 8.800000e-01 2.000000e-01 -9.030300e-09 9.029500e-09 8.800000e-13 0.000000e+00 8.000000e-14
8.900000e-01 8.900000e-01 2.000000e-01 -9.043100e-09 9.042200e-09 8.900000e-13 0.000000e+00 1.000000e-14
9.000000e-01 9.000000e-01 2.000000e-01 -9.055900e-09 9.055000e-09 9.000000e-13 0.000000e+00 9.648084e-25
9.100000e-01 9.100000e-01 2.000000e-01 -9.068700e-09 9.067800e-09 9.100000e-13 0.000000e+00 1.000000e-14
9.200000e-01 9.200000e-01 2.000000e-01 -9.081400e-09 9.080500e-09 9.200000e-13 0.000000e+00 2.000000e-14
9.300000e-01 9.300000e-01 2.000000e-01 -9.094200e-09 9.093300e-09 9.300000e-13 0.000000e+00 3.000000e-14
9.400000e-01 9.400000e-01 2.000000e-01 -9.107000e-09 9.106000e-09 9.400000e-13 0.000000e+00 6.000000e-14
9.500000e-01 9.500000e-01 2.000000e-01 -9.119700e-09 9.118800e-09 9.500000e-13 0.000000e+00 5.000000e-14
9.600000e-01 9.600000e-01 2.000000e-01 -9.132500e-09 9.131500e-09 9.600000e-13 0.000000e+00 4.000000e-14
9.700000e-01 9.700000e-01 2.000000e-01 -9.145300e-09 9.144300e-09 9.700000e-13 0.000000e+00 3.000000e-14
9.800000e-01 9.800000e-01 2.000000e-01 -9.158000e-09 9.157100e-09 9.800000e-13 0.000000e+00 8.000000e-14
9.900000e-01 9.900000e-01 2.000000e-01 -9.170800e-09 9.169800e-09 9.900000e-13 0.000000e+00 1.000000e-14
1.000000e+00 1.000000e+00 2.000000e-01 -9.183600e-09 9.182600e-09 1.000000e-12 0.000000e+00 5.204210e-25
1.010000e+00 1.010000e+00 2.000000e-01 -9.196300e-09 9.195300e-09 1.010000e-12 0.000000e+00 1.000000e-14
1.020000e+00 1.020000e+00 2.000000e-01 -9.209100e-09 9.208100e-09 1.020000e-12 0.000000e+00 2.000000e-14
1.030000e+00 1.030000e+00 2.000000e-01 -9.221900e-09 9.220800e-09 1.030000e-12 0.000000e+00 7.000000e-14
1.040000e+00 1.040000e+00 2.000000e-01 -9.234600e-09 9.233600e-09 1.040000e-12 0.000000e+00 4.000000e-14
1.050000e+00 1.050000e+00 2.000000e-01 -9.247400e-09 9.246300e-09 1.050000e-12 0.000000e+00 5.000000e-14
1.060000e+00 1.060000e+00 2.000000e-01 -9.260200e-09 9.259100e-09 1.060000e-12 0.000000e+00 4.000000e-14
1.070000e+00 1.070000e+00 2.000000e-01 -9.272900e-09 9.271900e-09 1.070000e-12 0.000000e+00 7.000000e-14
1.080000e+00 1.080000e+00 2.000000e-01 -9.285700e-09 9.284600e-09 1.080000e-12 0.000000e+00 2.000000e-14
1.090000e+00 1.090000e+00 2.000000e-01 -9.298400e-09 9.297400e-09 1.090000e-12 0.000000e+00 9.000000e-14
1.100000e+00 1.100000e+00 2.000000e-01 -9.311200e-09 9.310100e-09 1.100000e-12 0.000000e+00 7.633649e-26
1.110000e+00 1.110000e+00 2.000000e-01 -9.324000e-09 9.322900e-09 1.110000e-12 0.000000e+00 1.000000e-14
1.120000e+00 1.120000e+00 2.000000e-01 -9.336700e-09 9.335600e-09 1.120000e-12 0.000000e+00 2.000000e-14
1.130000e+00 1.130000e+00 2.000000e-01 -9.349500e-09 9.348400e-09 1.130000e-12 0.000000e+00 3.000000e-14
1.140000e+00 1.140000e+00 2.000000e-01 -9.362200e-09 9.361100e-09 1.140000e-12 0.000000e+00 4.000000e-14
1.150000e+00 1.150000e+00 2.000000e-01 -9.375000e-09 9.373900e-09 1.150000e-12 0.000000e+00 5.000000e-14
1.160000e+00 1.160000e+00 2.000000e-01 -9.387800e-09 9.386600e-09 1.160000e-12 0.000000e+00 4.000000e-14
1.170000e+00 1.170000e+00 2.000000e-01 -9.400500e-09 9.399400e-09 1.170000e-12 0.000000e+00 7.000000e-14
1.180000e+00 1.180000e+00 2.000000e-01 -9.413300e-09 9.412100e-09 1.180000e-12 0.000000e+00 2.000000e-14
1.190000e+00 1.190000e+00 2.000000e-01 -9.426000e-09 9.424900e-09 1.190000e-12 0.000000e+00 9.000000e-14
1.200000e+00 1.200000e+00 2.000000e-01 -9.438800e-09 9.437600e-09 1.200000e-12 0.000000e+00 2.022513e-24
0.000000e+00 0.000000e+00 4.000000e-01 0.000000e+00 0.000000e+00 0.000000e+00 0.000000e+00 0.000000e+00
1.000000e-02 1.000000e-02 4.000000e-01 -4.168373e-07 4.168373e-07 1.000000e-14 0.000000e+00 1.000000e-14
2.000000e-02 2.000000e-02 4.000000e-01 -7.408250e-07 7.408249e-07 2.000000e-14 0.000000e+00 8.000000e-14
3.000000e-02 3.000000e-02 4.000000e-01 -9.802493e-07 9.802493e-07 3.000000e-14 0.000000e+00 3.000000e-14
4.000000e-02 4.000000e-02 4.000000e-01 -1.147400e-06 1.147400e-06 4.000000e-14 0.000000e+00 4.000000e-14
5.000000e-02 5.000000e-02 4.000000e-01 -1.257900e-06 1.257900e-06 5.000000e-14 0.000000e+00 5.000000e-14
6.000000e-02 6.000000e-02 4.000000e-01 -1.328400e-06 1.328400e-06 6.000000e-14 0.000000e+00 6.000000e-14
7.000000e-02 7.000000e-02 4.000000e-01 -1.373000e-06 1.373000e-06 7.000000e-14 0.000000e+00 7.000000e-14
8.000000e-02 8.000000e-02 4.000000e-01 -1.401600e-06 1.401600e-06 8.000000e-14 0.000000e+00 8.000000e-14
9.000000e-02 9.000000e-02 4.000000e-01 -1.420800e-06 1.420800e-06 9.000000e-14 0.000000e+00 9.000000e-14
1.000000e-01 1.000000e-01 4.000000e-01 -1.434200e-06 1.434200e-06 1.000000e-13 0.000000e+00 1.000000e-13
1.100000e-01 1.100000e-01 4.000000e-01 -1.444100e-06 1.444100e-06 1.100000e-13 0.000000e+00 1.100000e-13
1.200000e-01 1.200000e-01 4.000000e-01 -1.451800e-06 1.451800e-06 1.200000e-13 0.000000e+00 1.200000e-13
1.300000e-01 1.300000e-01 4.000000e-01 -1.457900e-06 1.457900e-06 1.300000e-13 0.000000e+00 1.300000e-13
1.400000e-01 1.400000e-01 4.000000e-01 -1.463100e-06 1.463100e-06 1.400000e-13 0.000000e+00 1.400000e-13
1.500000e-01 1.500000e-01 4.000000e-01 -1.467500e-06 1.467500e-06 1.500000e-13 0.000000e+00 1.500000e-13
1.600000e-01 1.600000e-01 4.000000e-01 -1.471500e-06 1.471500e-06 1.600000e-13 0.000000e+00 1.600000e-13
1.700000e-01 1.700000e-01 4.000000e-01 -1.475100e-06 1.475100e-06 1.700000e-13 0.000000e+00 1.700000e-13
1.800000e-01 1.800000e-01 4.000000e-01 -1.478400e-06 1.478400e-06 1.800000e-13 0.000000e+00 1.800000e-13
1.900000e-01 1.900000e-01 4.000000e-01 -1.481600e-06 1.481600e-06 1.900000e-13 0.000000e+00 1.900000e-13
2.000000e-01 2.000000e-01 4.000000e-01 -1.484500e-06 1.484500e-06 2.000000e-13 0.000000e+00 2.000000e-13
2.100000e-01 2.100000e-01 4.000000e-01 -1.487400e-06 1.487400e-06 2.100000e-13 0.000000e+00 2.100000e-13
2.200000e-01 2.200000e-01 4.000000e-01 -1.490100e-06 1.490100e-06 2.200000e-13 0.000000e+00 2.200000e-13
2.300000e-01 2.300000e-01 4.000000e-01 -1.492800e-06 1.492800e-06 2.300000e-13 0.000000e+00 2.300000e-13
2.400000e-01 2.400000e-01 4.000000e-01 -1.495400e-06 1.495400e-06 2.400000e-13 0.000000e+00 2.400000e-13
2.500000e-01 2.500000e-01 4.000000e-01 -1.497900e-06 1.497900e-06 2.500000e-13 0.000000e+00 2.500000e-13
2.600000e-01 2.600000e-01 4.000000e-01 -1.500400e-06 1.500400e-06 2.600000e-13 0.000000e+00 2.600000e-13
2.700000e-01 2.700000e-01 4.000000e-01 -1.502900e-06 1.502900e-06 2.700000e-13 0.000000e+00 2.700000e-13
2.800000e-01 2.800000e-01 4.000000e-01 -1.505300e-06 1.505300e-06 2.800000e-13 0.000000e+00 2.800000e-13
2.900000e-01 2.900000e-01 4.000000e-01 -1.507700e-06 1.507700e-06 2.900000e-13 0.000000e+00 2.900000e-13
3.000000e-01 3.000000e-01 4.000000e-01 -1.510100e-06 1.510100e-06 3.000000e-13 0.000000e+00 3.000000e-13
3.100000e-01 3.100000e-01 4.000000e-01 -1.512500e-06 1.512500e-06 3.100000e-13 0.000000e+00 3.100000e-13
3.200000e-01 3.200000e-01 4.000000e-01 -1.514800e-06 1.514800e-06 3.200000e-13 0.000000e+00 3.200000e-13
3.300000e-01 3.300000e-01 4.000000e-01 -1.517100e-06 1.517100e-06 3.300000e-13 0.000000e+00 3.300000e-13
3.400000e-01 3.400000e-01 4.000000e-01 -1.519500e-06 1.519500e-06 3.400000e-13 0.000000e+00 3.400000e-13
3.500000e-01 3.500000e-01 4.000000e-01 -1.521800e-06 1.521800e-06 3.500000e-13 0.000000e+00 3.500000e-13
3.600000e-01 3.600000e-01 4.000000e-01 -1.524100e-06 1.524100e-06 3.600000e-13 0.000000e+00 3.600000e-13
3.700000e-01 3.700000e-01 4.000000e-01 -1.526400e-06 1.526400e-06 3.700000e-13 0.000000e+00 3.700000e-13
3.800000e-01 3.800000e-01 4.000000e-01 -1.528700e-06 1.528700e-06 3.800000e-13 0.000000e+00 3.800000e-13
3.900000e-01 3.900000e-01 4.000000e-01 -1.531000e-06 1.531000e-06 3.900000e-13 0.000000e+00 3.900000e-13
4.000000e-01 4.000000e-01 4.000000e-01 -1.533200e-06 1.533200e-06 4.000000e-13 0.000000e+00 4.000000e-13
4.100000e-01 4.100000e-01 4.000000e-01 -1.535500e-06 1.535500e-06 4.100000e-13 0.000000e+00 4.100000e-13
4.200000e-01 4.200000e-01 4.000000e-01 -1.537800e-06 1.537800e-06 4.200000e-13 0.000000e+00 4.200000e-13
4.300000e-01 4.300000e-01 4.000000e-01 -1.540000e-06 1.540000e-06 4.300000e-13 0.000000e+00 4.300000e-13
4.400000e-01 4.400000e-01 4.000000e-01 -1.542300e-06 1.542300e-06 4.400000e-13 0.000000e+00 4.400000e-13
4.500000e-01 4.500000e-01 4.000000e-01 -1.544500e-06 1.544500e-06 4.500000e-13 0.000000e+00 4.500000e-13
4.600000e-01 4.600000e-01 4.000000e-01 -1.546800e-06 1.546800e-06 4.600000e-13 0.000000e+00 4.600000e-13
4.700000e-01 4.700000e-01 4.000000e-01 -1.549000e-06 1.549000e-06 4.700000e-13 0.000000e+00 4.700000e-13
4.800000e-01 4.800000e-01 4.000000e-01 -1.551300e-06 1.551300e-06 4.800000e-13 0.000000e+00 4.800000e-13
4.900000e-01 4.900000e-01 4.000000e-01 -1.553500e-06 1.553500e-06 4.900000e-13 0.000000e+00 4.900000e-13
5.000000e-01 5.000000e-01 4.000000e-01 -1.555800e-06 1.555800e-06 5.000000e-13 0.000000e+00 5.000000e-13
5.100000e-01 5.100000e-01 4.000000e-01 -1.558000e-06 1.558000e-06 5.100000e-13 0.000000e+00 5.100000e-13
5.200000e-01 5.200000e-01 4.000000e-01 -1.560300e-06 1.560300e-06 5.200000e-13 0.000000e+00 5.200000e-13
5.300000e-01 5.300000e-01 4.000000e-01 -1.562500e-06 1.562500e-06 5.300000e-13 0.000000e+00 5.300000e-13
5.400000e-01 5.400000e-01 4.000000e-01 -1.564700e-06 1.564700e-06 5.400000e-13 0.000000e+00 5.400000e-13
5.500000e-01 5.500000e-01 4.000000e-01 -1.567000e-06 1.567000e-06 5.500000e-13 0.000000e+00 5.500000e-13
5.600000e-01 5.600000e-01 4.000000e-01 -1.569200e-06 1.569200e-06 5.600000e-13 0.000000e+00 5.600000e-13
5.700000e-01 5.700000e-01 4.000000e-01 -1.571400e-06 1.571400e-06 5.700000e-13 0.000000e+00 5.700000e-13
5.800000e-01 5.800000e-01 4.000000e-01 -1.573700e-06 1.573700e-06 5.800000e-13 0.000000e+00 5.800000e-13
5.900000e-01 5.900000e-01 4.000000e-01 -1.575900e-06 1.575900e-06 5.900000e-13 0.000000e+00 5.900000e-13
6.000000e-01 6.000000e-01 4.000000e-01 -1.578100e-06 1.578100e-06 6.000000e-13 0.000000e+00 6.000000e-13
6.100000e-01 6.100000e-01 4.000000e-01 -1.580300e-06 1.580300e-06 6.100000e-13 0.000000e+00 6.100000e-13
6.200000e-01 6.200000e-01 4.000000e-01 -1.582600e-06 1.582600e-06 6.200000e-13 0.000000e+00 6.200000e-13
6.300000e-01 6.300000e-01 4.000000e-01 -1.584800e-06 1.584800e-06 6.300000e-13 0.000000e+00 6.300000e-13
6.400000e-01 6.400000e-01 4.000000e-01 -1.587000e-06 1.587000e-06 6.400000e-13 0.000000e+00 6.400000e-13
6.500000e-01 6.500000e-01 4.000000e-01 -1.589200e-06 1.589200e-06 6.500000e-13 0.000000e+00 6.500000e-13
6.600000e-01 6.600000e-01 4.000000e-01 -1.591500e-06 1.591500e-06 6.600000e-13 0.000000e+00 6.600000e-13
6.700000e-01 6.700000e-01 4.000000e-01 -1.593700e-06 1.593700e-06 6.700000e-13 0.000000e+00 6.700000e-13
6.800000e-01 6.800000e-01 4.000000e-01 -1.595900e-06 1.595900e-06 6.800000e-13 0.000000e+00 6.800000e-13
6.900000e-01 6.900000e-01 4.000000e-01 -1.598100e-06 1.598100e-06 6.900000e-13 0.000000e+00 6.900000e-13
7.000000e-01 7.000000e-01 4.000000e-01 -1.600300e-06 1.600300e-06 7.000000e-13 0.000000e+00 7.000000e-13
7.100000e-01 7.100000e-01 4.000000e-01 -1.602600e-06 1.602600e-06 7.100000e-13 0.000000e+00 7.100000e-13
7.200000e-01 7.200000e-01 4.000000e-01 -1.604800e-06 1.604800e-06 7.200000e-13 0.000000e+00 7.200000e-13
7.300000e-01 7.300000e-01 4.000000e-01 -1.607000e-06 1.607000e-06 7.300000e-13 0.000000e+00 7.300000e-13
7.400000e-01 7.400000e-01 4.000000e-01 -1.609200e-06 1.609200e-06 7.400000e-13 0.000000e+00 7.400000e-13
7.500000e-01 7.500000e-01 4.000000e-01 -1.611400e-06 1.611400e-06 7.500000e-13 0.000000e+00 7.500000e-13
7.600000e-01 7.600000e-01 4.000000e-01 -1.613700e-06 1.613700e-06 7.600000e-13 0.000000e+00 7.600000e-13
7.700000e-01 7.700000e-01 4.000000e-01 -1.615900e-06 1.615900e-06 7.700000e-13 0.000000e+00 7.700000e-13
7.800000e-01 7.800000e-01 4.000000e-01 -1.618100e-06 1.618100e-06 7.800000e-13 0.000000e+00 7.800000e-13
7.900000e-01 7.900000e-01 4.000000e-01 -1.620300e-06 1.620300e-06 7.900000e-13 0.000000e+00 7.900000e-13
8.000000e-01 8.000000e-01 4.000000e-01 -1.622500e-06 1.622500e-06 8.000000e-13 0.000000e+00 8.000000e-13
8.100000e-01 8.100000e-01 4.000000e-01 -1.624800e-06 1.624800e-06 8.100000e-13 0.000000e+00 8.100000e-13
8.200000e-01 8.200000e-01 4.000000e-01 -1.627000e-06 1.627000e-06 8.200000e-13 0.000000e+00 8.200000e-13
8.300000e-01 8.300000e-01 4.000000e-01 -1.629200e-06 1.629200e-06 8.300000e-13 0.000000e+00 8.300000e-13
8.400000e-01 8.400000e-01 4.000000e-01 -1.631400e-06 1.631400e-06 8.400000e-13 0.000000e+00 8.400000e-13
8.500000e-01 8.500000e-01 4.000000e-01 -1.633600e-06 1.633600e-06 8.500000e-13 0.000000e+00 8.500000e-13
8.600000e-01 8.600000e-01 4.000000e-01 -1.635800e-06 1.635800e-06 8.600000e-13 0.000000e+00 8.600000e-13
8.700000e-01 8.700000e-01 4.000000e-01 -1.638000e-06 1.638000e-06 8.700000e-13 0.000000e+00 8.700000e-13
8.800000e-01 8.800000e-01 4.000000e-01 -1.640300e-06 1.640300e-06 8.800000e-13 0.000000e+00 8.800000e-13
8.900000e-01 8.900000e-01 4.000000e-01 -1.642500e-06 1.642500e-06 8.900000e-13 0.000000e+00 8.900000e-13
9.000000e-01 9.000000e-01 4.000000e-01 -1.644700e-06 1.644700e-06 9.000000e-13 0.000000e+00 9.000000e-13
9.100000e-01 9.100000e-01 4.000000e-01 -1.646900e-06 1.646900e-06 9.100000e-13 0.000000e+00 9.100000e-13
9.200000e-01 9.200000e-01 4.000000e-01 -1.649100e-06 1.649100e-06 9.200000e-13 0.000000e+00 9.200000e-13
9.300000e-01 9.300000e-01 4.000000e-01 -1.651300e-06 1.651300e-06 9.300000e-13 0.000000e+00 9.300000e-13
9.400000e-01 9.400000e-01 4.000000e-01 -1.653600e-06 1.653600e-06 9.400000e-13 0.000000e+00 9.400000e-13
9.500000e-01 9.500000e-01 4.000000e-01 -1.655800e-06 1.655800e-06 9.500000e-13 0.000000e+00 9.500000e-13
9.600000e-01 9.600000e-01 4.000000e-01 -1.658000e-06 1.658000e-06 9.600000e-13 0.000000e+00 9.600000e-13
9.700000e-01 9.700000e-01 4.000000e-01 -1.660200e-06 1.660200e-06 9.700000e-13 0.000000e+00 9.700000e-13
9.800000e-01 9.800000e-01 4.000000e-01 -1.662400e-06 1.662400e-06 9.800000e-13 0.000000e+00 9.800000e-13
9.900000e-01 9.900000e-01 4.000000e-01 -1.664600e-06 1.664600e-06 9.900000e-13 0.000000e+00 9.900000e-13
1.000000e+00 1.000000e+00 4.000000e-01 -1.666800e-06 1.666800e-06 1.000000e-12 0.000000e+00 1.000000e-12
1.010000e+00 1.010000e+00 4.000000e-01 -1.669100e-06 1.669100e-06 1.010000e-12 0.000000e+00 1.010000e-12
1.020000e+00 1.020000e+00 4.000000e-01 -1.671300e-06 1.671300e-06 1.020000e-12 0.000000e+00 1.020000e-12
1.030000e+00 1.030000e+00 4.000000e-01 -1.673500e-06 1.673500e-06 1.030000e-12 0.000000e+00 1.030000e-12
1.040000e+00 1.040000e+00 4.000000e-01 -1.675700e-06 1.675700e-06 1.040000e-12 0.000000e+00 1.040000e-12
1.050000e+00 1.050000e+00 4.000000e-01 -1.677900e-06 1.677900e-06 1.050000e-12 0.000000e+00 1.050000e-12
1.060000e+00 1.060000e+00 4.000000e-01 -1.680100e-06 1.680100e-06 1.060000e-12 0.000000e+00 1.060000e-12
1.070000e+00 1.070000e+00 4.000000e-01 -1.682300e-06 1.682300e-06 1.070000e-12 0.000000e+00 1.070000e-12
1.080000e+00 1.080000e+00 4.000000e-01 -1.684500e-06 1.684500e-06 1.080000e-12 0.000000e+00 1.080000e-12
1.090000e+00 1.090000e+00 4.000000e-01 -1.686800e-06 1.686800e-06 1.090000e-12 0.000000e+00 1.090000e-12
1.100000e+00 1.100000e+00 4.000000e-01 -1.689000e-06 1.689000e-06 1.100000e-12 0.000000e+00 1.100000e-12
1.110000e+00 1.110000e+00 4.000000e-01 -1.691200e-06 1.691200e-06 1.110000e-12 0.000000e+00 1.110000e-12
1.120000e+00 1.120000e+00 4.000000e-01 -1.693400e-06 1.693400e-06 1.120000e-12 0.000000e+00 1.120000e-12
1.130000e+00 1.130000e+00 4.000000e-01 -1.695600e-06 1.695600e-06 1.130000e-12 0.000000e+00 1.130000e-12
1.140000e+00 1.140000e+00 4.000000e-01 -1.697800e-06 1.697800e-06 1.140000e-12 0.000000e+00 1.140000e-12
1.150000e+00 1.150000e+00 4.000000e-01 -1.700000e-06 1.700000e-06 1.150000e-12 0.000000e+00 1.150000e-12
1.160000e+00 1.160000e+00 4.000000e-01 -1.702200e-06 1.702200e-06 1.160000e-12 0.000000e+00 1.160000e-12
1.170000e+00 1.170000e+00 4.000000e-01 -1.704500e-06 1.704500e-06 1.170000e-12 0.000000e+00 1.170000e-12
1.180000e+00 1.180000e+00 4.000000e-01 -1.706700e-06 1.706700e-06 1.180000e-12 0.000000e+00 1.180000e-12
1.190000e+00 1.190000e+00 4.000000e-01 -1.708900e-06 1.708900e-06 1.190000e-12 0.000000e+00 1.190000e-12
1.200000e+00 1.200000e+00 4.000000e-01 -1.711100e-06 1.711100e-06 1.200000e-12 0.000000e+00 1.200000e-12
0.000000e+00 0.000000e+00 6.000000e-01 0.000000e+00 0.000000e+00 0.000000e+00 0.000000e+00 0.000000e+00
1.000000e-02 1.000000e-02 6.000000e-01 -4.294200e-06 4.294200e-06 1.000000e-14 0.000000e+00 1.000000e-14
2.000000e-02 2.000000e-02 6.000000e-01 -8.285600e-06 8.285600e-06 2.000000e-14 0.000000e+00 2.000000e-14
3.000000e-02 3.000000e-02 6.000000e-01 -1.197600e-05 1.197600e-05 3.000000e-14 0.000000e+00 3.000000e-14
4.000000e-02 4.000000e-02 6.000000e-01 -1.536770e-05 1.536770e-05 4.000000e-14 0.000000e+00 4.000000e-14
5.000000e-02 5.000000e-02 6.000000e-01 -1.846330e-05 1.846330e-05 5.000000e-14 0.000000e+00 5.000000e-14
6.000000e-02 6.000000e-02 6.000000e-01 -2.126610e-05 2.126610e-05 6.000000e-14 0.000000e+00 6.000000e-14
7.000000e-02 7.000000e-02 6.000000e-01 -2.378030e-05 2.378030e-05 7.000000e-14 0.000000e+00 7.000000e-14
8.000000e-02 8.000000e-02 6.000000e-01 -2.601170e-05 2.601170e-05 8.000000e-14 0.000000e+00 8.000000e-14
9.000000e-02 9.000000e-02 6.000000e-01 -2.796750e-05 2.796750e-05 9.000000e-14 0.000000e+00 9.000000e-14
1.000000e-01 1.000000e-01 6.000000e-01 -2.965760e-05 2.965760e-05 1.000000e-13 0.000000e+00 1.000000e-13
1.100000e-01 1.100000e-01 6.000000e-01 -3.109490e-05 3.109490e-05 1.100000e-13 0.000000e+00 1.100000e-13
1.200000e-01 1.200000e-01 6.000000e-01 -3.229590e-05 3.229590e-05 1.200000e-13 0.000000e+00 1.200000e-13
1.300000e-01 1.300000e-01 6.000000e-01 -3.328130e-05 3.328130e-05 1.300000e-13 0.000000e+00 1.300000e-13
1.400000e-01 1.400000e-01 6.000000e-01 -3.407590e-05 3.407590e-05 1.400000e-13 0.000000e+00 1.400000e-13
1.500000e-01 1.500000e-01 6.000000e-01 -3.470680e-05 3.470680e-05 1.500000e-13 0.000000e+00 1.500000e-13
1.600000e-01 1.600000e-01 6.000000e-01 -3.520250e-05 3.520250e-05 1.600000e-13 0.000000e+00 1.600000e-13
1.700000e-01 1.700000e-01 6.000000e-01 -3.559000e-05 3.559000e-05 1.700000e-13 0.000000e+00 1.700000e-13
1.800000e-01 1.800000e-01 6.000000e-01 -3.589360e-05 3.589360e-05 1.800000e-13 0.000000e+00 1.800000e-13
1.900000e-01 1.900000e-01 6.000000e-01 -3.613350e-05 3.613350e-05 1.900000e-13 0.000000e+00 1.900000e-13
2.000000e-01 2.000000e-01 6.000000e-01 -3.632570e-05 3.632570e-05 2.000000e-13 0.000000e+00 2.000000e-13
2.100000e-01 2.100000e-01 6.000000e-01 -3.648240e-05 3.648240e-05 2.100000e-13 0.000000e+00 2.100000e-13
2.200000e-01 2.200000e-01 6.000000e-01 -3.661270e-05 3.661270e-05 2.200000e-13 0.000000e+00 2.200000e-13
2.300000e-01 2.300000e-01 6.000000e-01 -3.672340e-05 3.672340e-05 2.300000e-13 0.000000e+00 2.300000e-13
2.400000e-01 2.400000e-01 6.000000e-01 -3.681940e-05 3.681940e-05 2.400000e-13 0.000000e+00 2.400000e-13
2.500000e-01 2.500000e-01 6.000000e-01 -3.690420e-05 3.690420e-05 2.500000e-13 0.000000e+00 2.500000e-13
2.600000e-01 2.600000e-01 6.000000e-01 -3.698040e-05 3.698040e-05 2.600000e-13 0.000000e+00 2.600000e-13
2.700000e-01 2.700000e-01 6.000000e-01 -3.705000e-05 3.705000e-05 2.700000e-13 0.000000e+00 2.700000e-13
2.800000e-01 2.800000e-01 6.000000e-01 -3.711440e-05 3.711440e-05 2.800000e-13 0.000000e+00 2.800000e-13
2.900000e-01 2.900000e-01 6.000000e-01 -3.717470e-05 3.717470e-05 2.900000e-13 0.000000e+00 2.900000e-13
3.000000e-01 3.000000e-01 6.000000e-01 -3.723180e-05 3.723180e-05 3.000000e-13 0.000000e+00 3.000000e-13
3.100000e-01 3.100000e-01 6.000000e-01 -3.728620e-05 3.728620e-05 3.100000e-13 0.000000e+00 3.100000e-13
3.200000e-01 3.200000e-01 6.000000e-01 -3.733850e-05 3.733850e-05 3.200000e-13 0.000000e+00 3.200000e-13
3.300000e-01 3.300000e-01 6.000000e-01 -3.738900e-05 3.738900e-05 3.300000e-13 0.000000e+00 3.300000e-13
3.400000e-01 3.400000e-01 6.000000e-01 -3.743800e-05 3.743800e-05 3.400000e-13 0.000000e+00 3.400000e-13
3.500000e-01 3.500000e-01 6.000000e-01 -3.748590e-05 3.748590e-05 3.500000e-13 0.000000e+00 3.500000e-13
3.600000e-01 3.600000e-01 6.000000e-01 -3.753270e-05 3.753270e-05 3.600000e-13 0.000000e+00 3.600000e-13
3.700000e-01 3.700000e-01 6.000000e-01 -3.757860e-05 3.757860e-05 3.700000e-13 0.000000e+00 3.700000e-13
3.800000e-01 3.800000e-01 6.000000e-01 -3.762380e-05 3.762380e-05 3.800000e-13 0.000000e+00 3.800000e-13
3.900000e-01 3.900000e-01 6.000000e-01 -3.766840e-05 3.766840e-05 3.900000e-13 0.000000e+00 3.900000e-13
4.000000e-01 4.000000e-01 6.000000e-01 -3.771250e-05 3.771250e-05 4.000000e-13 0.000000e+00 4.000000e-13
4.100000e-01 4.100000e-01 6.000000e-01 -3.775600e-05 3.775600e-05 4.100000e-13 0.000000e+00 4.100000e-13
4.200000e-01 4.200000e-01 6.000000e-01 -3.779920e-05 3.779920e-05 4.200000e-13 0.000000e+00 4.200000e-13
4.300000e-01 4.300000e-01 6.000000e-01 -3.784200e-05 3.784200e-05 4.300000e-13 0.000000e+00 4.300000e-13
4.400000e-01 4.400000e-01 6.000000e-01 -3.788450e-05 3.788450e-05 4.400000e-13 0.000000e+00 4.400000e-13
4.500000e-01 4.500000e-01 6.000000e-01 -3.792680e-05 3.792680e-05 4.500000e-13 0.000000e+00 4.500000e-13
4.600000e-01 4.600000e-01 6.000000e-01 -3.796870e-05 3.796870e-05 4.600000e-13 0.000000e+00 4.600000e-13
4.700000e-01 4.700000e-01 6.000000e-01 -3.801050e-05 3.801050e-05 4.700000e-13 0.000000e+00 4.700000e-13
4.800000e-01 4.800000e-01 6.000000e-01 -3.805210e-05 3.805210e-05 4.800000e-13 0.000000e+00 4.800000e-13
4.900000e-01 4.900000e-01 6.000000e-01 -3.809350e-05 3.809350e-05 4.900000e-13 0.000000e+00 4.900000e-13
5.000000e-01 5.000000e-01 6.000000e-01 -3.813470e-05 3.813470e-05 5.000000e-13 0.000000e+00 5.000000e-13
5.100000e-01 5.100000e-01 6.000000e-01 -3.817590e-05 3.817590e-05 5.100000e-13 0.000000e+00 5.100000e-13
5.200000e-01 5.200000e-01 6.000000e-01 -3.821680e-05 3.821680e-05 5.200000e-13 0.000000e+00 5.200000e-13
5.300000e-01 5.300000e-01 6.000000e-01 -3.825770e-05 3.825770e-05 5.300000e-13 0.000000e+00 5.300000e-13
5.400000e-01 5.400000e-01 6.000000e-01 -3.829850e-05 3.829850e-05 5.400000e-13 0.000000e+00 5.400000e-13
5.500000e-01 5.500000e-01 6.000000e-01 -3.833920e-05 3.833920e-05 5.500000e-13 0.000000e+00 5.500000e-13
5.600000e-01 5.600000e-01 6.000000e-01 -3.837980e-05 3.837980e-05 5.600000e-13 0.000000e+00 5.600000e-13
5.700000e-01 5.700000e-01 6.000000e-01 -3.842030e-05 3.842030e-05 5.700000e-13 0.000000e+00 5.700000e-13
5.800000e-01 5.800000e-01 6.000000e-01 -3.846070e-05 3.846070e-05 5.800000e-13 0.000000e+00 5.800000e-13
5.900000e-01 5.900000e-01 6.000000e-01 -3.850110e-05 3.850110e-05 5.900000e-13 0.000000e+00 5.900000e-13
6.000000e-01 6.000000e-01 6.000000e-01 -3.854140e-05 3.854140e-05 6.000000e-13 0.000000e+00 6.000000e-13
6.100000e-01 6.100000e-01 6.000000e-01 -3.858170e-05 3.858170e-05 6.100000e-13 0.000000e+00 6.100000e-13
6.200000e-01 6.200000e-01 6.000000e-01 -3.862190e-05 3.862190e-05 6.200000e-13 0.000000e+00 6.200000e-13
6.300000e-01 6.300000e-01 6.000000e-01 -3.866210e-05 3.866210e-05 6.300000e-13 0.000000e+00 6.300000e-13
6.400000e-01 6.400000e-01 6.000000e-01 -3.870220e-05 3.870220e-05 6.400000e-13 0.000000e+00 6.400000e-13
6.500000e-01 6.500000e-01 6.000000e-01 -3.874230e-05 3.874230e-05 6.500000e-13 0.000000e+00 6.500000e-13
6.600000e-01 6.600000e-01 6.000000e-01 -3.878240e-05 3.878240e-05 6.600000e-13 0.000000e+00 6.600000e-13
6.700000e-01 6.700000e-01 6.000000e-01 -3.882240e-05 3.882240e-05 6.700000e-13 0.000000e+00 6.700000e-13
6.800000e-01 6.800000e-01 6.000000e-01 -3.886240e-05 3.886240e-05 6.800000e-13 0.000000e+00 6.800000e-13
6.900000e-01 6.900000e-01 6.000000e-01 -3.890240e-05 3.890240e-05 6.900000e-13 0.000000e+00 6.900000e-13
7.000000e-01 7.000000e-01 6.000000e-01 -3.894230e-05 3.894230e-05 7.000000e-13 0.000000e+00 7.000000e-13
7.100000e-01 7.100000e-01 6.000000e-01 -3.898220e-05 3.898220e-05 7.100000e-13 0.000000e+00 7.100000e-13
7.200000e-01 7.200000e-01 6.000000e-01 -3.902210e-05 3.902210e-05 7.200000e-13 0.000000e+00 7.200000e-13
7.300000e-01 7.300000e-01 6.000000e-01 -3.906190e-05 3.906190e-05 7.300000e-13 0.000000e+00 7.300000e-13
7.400000e-01 7.400000e-01 6.000000e-01 -3.910180e-05 3.910180e-05 7.400000e-13 0.000000e+00 7.400000e-13
7.500000e-01 7.500000e-01 6.000000e-01 -3.914160e-05 3.914160e-05 7.500000e-13 0.000000e+00 7.500000e-13
7.600000e-01 7.600000e-01 6.000000e-01 -3.918140e-05 3.918140e-05 7.600000e-13 0.000000e+00 7.600000e-13
7.700000e-01 7.700000e-01 6.000000e-01 -3.922120e-05 3.922120e-05 7.700000e-13 0.000000e+00 7.700000e-13
7.800000e-01 7.800000e-01 6.000000e-01 -3.926100e-05 3.926100e-05 7.800000e-13 0.000000e+00 7.800000e-13
7.900000e-01 7.900000e-01 6.000000e-01 -3.930070e-05 3.930070e-05 7.900000e-13 0.000000e+00 7.900000e-13
8.000000e-01 8.000000e-01 6.000000e-01 -3.934040e-05 3.934040e-05 8.000000e-13 0.000000e+00 8.000000e-13
8.100000e-01 8.100000e-01 6.000000e-01 -3.938020e-05 3.938020e-05 8.100000e-13 0.000000e+00 8.100000e-13
8.200000e-01 8.200000e-01 6.000000e-01 -3.941990e-05 3.941990e-05 8.200000e-13 0.000000e+00 8.200000e-13
8.300000e-01 8.300000e-01 6.000000e-01 -3.945960e-05 3.945960e-05 8.300000e-13 0.000000e+00 8.300000e-13
8.400000e-01 8.400000e-01 6.000000e-01 -3.949930e-05 3.949930e-05 8.400000e-13 0.000000e+00 8.400000e-13
8.500000e-01 8.500000e-01 6.000000e-01 -3.953890e-05 3.953890e-05 8.500000e-13 0.000000e+00 8.500000e-13
8.600000e-01 8.600000e-01 6.000000e-01 -3.957860e-05 3.957860e-05 8.600000e-13 0.000000e+00 8.600000e-13
8.700000e-01 8.700000e-01 6.000000e-01 -3.961820e-05 3.961820e-05 8.700000e-13 0.000000e+00 8.700000e-13
8.800000e-01 8.800000e-01 6.000000e-01 -3.965790e-05 3.965790e-05 8.800000e-13 0.000000e+00 8.800000e-13
8.900000e-01 8.900000e-01 6.000000e-01 -3.969750e-05 3.969750e-05 8.900000e-13 0.000000e+00 8.900000e-13
9.000000e-01 9.000000e-01 6.000000e-01 -3.973720e-05 3.973720e-05 9.000000e-13 0.000000e+00 9.000000e-13
9.100000e-01 9.100000e-01 6.000000e-01 -3.977680e-05 3.977680e-05 9.100000e-13 0.000000e+00 9.100000e-13
9.200000e-01 9.200000e-01 6.000000e-01 -3.981640e-05 3.981640e-05 9.200000e-13 0.000000e+00 9.200000e-13
9.300000e-01 9.300000e-01 6.000000e-01 -3.985600e-05 3.985600e-05 9.300000e-13 0.000000e+00 9.300000e-13
9.400000e-01 9.400000e-01 6.000000e-01 -3.989560e-05 3.989560e-05 9.400000e-13 0.000000e+00 9.400000e-13
9.500000e-01 9.500000e-01 6.000000e-01 -3.993520e-05 3.993520e-05 9.500000e-13 0.000000e+00 9.500000e-13
9.600000e-01 9.600000e-01 6.000000e-01 -3.997480e-05 3.997480e-05 9.600000e-13 0.000000e+00 9.600000e-13
9.700000e-01 9.700000e-01 6.000000e-01 -4.001430e-05 4.001430e-05 9.700000e-13 0.000000e+00 9.700000e-13
9.800000e-01 9.800000e-01 6.000000e-01 -4.005390e-05 4.005390e-05 9.800000e-13 0.000000e+00 9.800000e-13
9.900000e-01 9.900000e-01 6.000000e-01 -4.009350e-05 4.009350e-05 9.900000e-13 0.000000e+00 9.900000e-13
1.000000e+00 1.000000e+00 6.000000e-01 -4.013300e-05 4.013300e-05 1.000000e-12 0.000000e+00 1.000000e-12
1.010000e+00 1.010000e+00 6.000000e-01 -4.017260e-05 4.017260e-05 1.010000e-12 0.000000e+00 1.010000e-12
1.020000e+00 1.020000e+00 6.000000e-01 -4.021210e-05 4.021210e-05 1.020000e-12 0.000000e+00 1.020000e-12
1.030000e+00 1.030000e+00 6.000000e-01 -4.025170e-05 4.025170e-05 1.030000e-12 0.000000e+00 1.030000e-12
1.040000e+00 1.040000e+00 6.000000e-01 -4.029120e-05 4.029120e-05 1.040000e-12 0.000000e+00 1.040000e-12
1.050000e+00 1.050000e+00 6.000000e-01 -4.033080e-05 4.033080e-05 1.050000e-12 0.000000e+00 1.050000e-12
1.060000e+00 1.060000e+00 6.000000e-01 -4.037030e-05 4.037030e-05 1.060000e-12 0.000000e+00 1.060000e-12
1.070000e+00 1.070000e+00 6.000000e-01 -4.040980e-05 4.040980e-05 1.070000e-12 0.000000e+00 1.070000e-12
1.080000e+00 1.080000e+00 6.000000e-01 -4.044940e-05 4.044940e-05 1.080000e-12 0.000000e+00 1.080000e-12
1.090000e+00 1.090000e+00 6.000000e-01 -4.048890e-05 4.048890e-05 1.090000e-12 0.000000e+00 1.090000e-12
1.100000e+00 1.100000e+00 6.000000e-01 -4.052840e-05 4.052840e-05 1.100000e-12 0.000000e+00 1.100000e-12
1.110000e+00 1.110000e+00 6.000000e-01 -4.056790e-05 4.056790e-05 1.110000e-12 0.000000e+00 1.110000e-12
1.120000e+00 1.120000e+00 6.000000e-01 -4.060740e-05 4.060740e-05 1.120000e-12 0.000000e+00 1.120000e-12
1.130000e+00 1.130000e+00 6.000000e-01 -4.064700e-05 4.064690e-05 1.130000e-12 0.000000e+00 9.887000e-11
1.140000e+00 1.140000e+00 6.000000e-01 -4.068650e-05 4.068650e-05 1.140000e-12 0.000000e+00 1.140000e-12
1.150000e+00 1.150000e+00 6.000000e-01 -4.072600e-05 4.072600e-05 1.150000e-12 0.000000e+00 1.150000e-12
1.160000e+00 1.160000e+00 6.000000e-01 -4.076550e-05 4.076550e-05 1.160000e-12 0.000000e+00 1.160000e-12
1.170000e+00 1.170000e+00 6.000000e-01 -4.080500e-05 4.080500e-05 1.170000e-12 0.000000e+00 1.170000e-12
1.180000e+00 1.180000e+00 6.000000e-01 -4.084450e-05 4.084450e-05 1.180000e-12 0.000000e+00 1.180000e-12
1.190000e+00 1.190000e+00 6.000000e-01 -4.088400e-05 4.088390e-05 1.190000e-12 0.000000e+00 9.881000e-11
1.200000e+00 1.200000e+00 6.000000e-01 -4.092340e-05 4.092340e-05 1.200000e-12 0.000000e+00 1.200000e-12
0.000000e+00 0.000000e+00 8.000000e-01 0.000000e+00 0.000000e+00 0.000000e+00 0.000000e+00 0.000000e+00
1.000000e-02 1.000000e-02 8.000000e-01 -9.556800e-06 9.556800e-06 1.000000e-14 0.000000e+00 1.000000e-14
2.000000e-02 2.000000e-02 8.000000e-01 -1.877540e-05 1.877540e-05 2.000000e-14 0.000000e+00 2.000000e-14
3.000000e-02 3.000000e-02 8.000000e-01 -2.765650e-05 2.765650e-05 3.000000e-14 0.000000e+00 3.000000e-14
4.000000e-02 4.000000e-02 8.000000e-01 -3.620120e-05 3.620120e-05 4.000000e-14 0.000000e+00 4.000000e-14
5.000000e-02 5.000000e-02 8.000000e-01 -4.441020e-05 4.441020e-05 5.000000e-14 0.000000e+00 5.000000e-14
6.000000e-02 6.000000e-02 8.000000e-01 -5.228460e-05 5.228460e-05 6.000000e-14 0.000000e+00 6.000000e-14
7.000000e-02 7.000000e-02 8.000000e-01 -5.982540e-05 5.982540e-05 7.000000e-14 0.000000e+00 7.000000e-14
8.000000e-02 8.000000e-02 8.000000e-01 -6.703370e-05 6.703370e-05 8.000000e-14 0.000000e+00 8.000000e-14
9.000000e-02 9.000000e-02 8.000000e-01 -7.391060e-05 7.391060e-05 9.000000e-14 0.000000e+00 9.000000e-14
1.000000e-01 1.000000e-01 8.000000e-01 -8.045730e-05 8.045730e-05 1.000000e-13 0.000000e+00 1.000000e-13
1.100000e-01 1.100000e-01 8.000000e-01 -8.667520e-05 8.667520e-05 1.100000e-13 0.000000e+00 1.100000e-13
1.200000e-01 1.200000e-01 8.000000e-01 -9.256560e-05 9.256560e-05 1.200000e-13 0.000000e+00 1.200000e-13
1.300000e-01 1.300000e-01 8.000000e-01 -9.813020e-05 9.813020e-05 1.300000e-13 0.000000e+00 1.300000e-13
1.400000e-01 1.400000e-01 8.000000e-01 -1.033708e-04 1.033708e-04 1.400000e-13 0.000000e+00 1.400000e-13
1.500000e-01 1.500000e-01 8.000000e-01 -1.082895e-04 1.082895e-04 1.500000e-13 0.000000e+00 1.500000e-13
1.600000e-01 1.600000e-01 8.000000e-01 -1.128887e-04 1.128887e-04 1.600000e-13 0.000000e+00 1.600000e-13
1.700000e-01 1.700000e-01 8.000000e-01 -1.171712e-04 1.171712e-04 1.700000e-13 0.000000e+00 1.700000e-13
1.800000e-01 1.800000e-01 8.000000e-01 -1.211403e-04 1.211403e-04 1.800000e-13 0.000000e+00 1.800000e-13
1.900000e-01 1.900000e-01 8.000000e-01 -1.248001e-04 1.248001e-04 1.900000e-13 0.000000e+00 1.900000e-13
2.000000e-01 2.000000e-01 8.000000e-01 -1.281555e-04 1.281555e-04 2.000000e-13 0.000000e+00 2.000000e-13
2.100000e-01 2.100000e-01 8.000000e-01 -1.312125e-04 1.312125e-04 2.100000e-13 0.000000e+00 2.100000e-13
2.200000e-01 2.200000e-01 8.000000e-01 -1.339786e-04 1.339786e-04 2.200000e-13 0.000000e+00 2.200000e-13
2.300000e-01 2.300000e-01 8.000000e-01 -1.364627e-04 1.364627e-04 2.300000e-13 0.000000e+00 2.300000e-13
2.400000e-01 2.400000e-01 8.000000e-01 -1.386757e-04 1.386757e-04 2.400000e-13 0.000000e+00 2.400000e-13
2.500000e-01 2.500000e-01 8.000000e-01 -1.406308e-04 1.406308e-04 2.500000e-13 0.000000e+00 2.500000e-13
2.600000e-01 2.600000e-01 8.000000e-01 -1.423435e-04 1.423435e-04 2.600000e-13 0.000000e+00 2.600000e-13
2.700000e-01 2.700000e-01 8.000000e-01 -1.438315e-04 1.438315e-04 2.700000e-13 0.000000e+00 2.700000e-13
2.800000e-01 2.800000e-01 8.000000e-01 -1.451145e-04 1.451145e-04 2.800000e-13 0.000000e+00 2.800000e-13
2.900000e-01 2.900000e-01 8.000000e-01 -1.462139e-04 1.462139e-04 2.900000e-13 0.000000e+00 2.900000e-13
3.000000e-01 3.000000e-01 8.000000e-01 -1.471517e-04 1.471517e-04 3.000000e-13 0.000000e+00 3.000000e-13
3.100000e-01 3.100000e-01 8.000000e-01 -1.479500e-04 1.479500e-04 3.100000e-13 0.000000e+00 3.100000e-13
3.200000e-01 3.200000e-01 8.000000e-01 -1.486295e-04 1.486295e-04 3.200000e-13 0.000000e+00 3.200000e-13
3.300000e-01 3.300000e-01 8.000000e-01 -1.492097e-04 1.492097e-04 3.300000e-13 0.000000e+00 3.300000e-13
3.400000e-01 3.400000e-01 8.000000e-01 -1.497078e-04 1.497078e-04 3.400000e-13 0.000000e+00 3.400000e-13
3.500000e-01 3.500000e-01 8.000000e-01 -1.501384e-04 1.501384e-04 3.500000e-13 0.000000e+00 3.500000e-13
3.600000e-01 3.600000e-01 8.000000e-01 -1.505142e-04 1.505142e-04 3.600000e-13 0.000000e+00 3.600000e-13
3.700000e-01 3.700000e-01 8.000000e-01 -1.508454e-04 1.508454e-04 3.700000e-13 0.000000e+00 3.700000e-13
3.800000e-01 3.800000e-01 8.000000e-01 -1.511404e-04 1.511404e-04 3.800000e-13 0.000000e+00 3.800000e-13
3.900000e-01 3.900000e-01 8.000000e-01 -1.514062e-04 1.514062e-04 3.900000e-13 0.000000e+00 3.900000e-13
4.000000e-01 4.000000e-01 8.000000e-01 -1.516481e-04 1.516481e-04 4.000000e-13 0.000000e+00 4.000000e-13
4.100000e-01 4.100000e-01 8.000000e-01 -1.518706e-04 1.518706e-04 4.100000e-13 0.000000e+00 4.100000e-13
4.200000e-01 4.200000e-01 8.000000e-01 -1.520771e-04 1.520771e-04 4.200000e-13 0.000000e+00 4.200000e-13
4.300000e-01 4.300000e-01 8.000000e-01 -1.522704e-04 1.522704e-04 4.300000e-13 0.000000e+00 4.300000e-13
4.400000e-01 4.400000e-01 8.000000e-01 -1.524529e-04 1.524529e-04 4.400000e-13 0.000000e+00 4.400000e-13
4.500000e-01 4.500000e-01 8.000000e-01 -1.526263e-04 1.526263e-04 4.500000e-13 0.000000e+00 4.500000e-13
4.600000e-01 4.600000e-01 8.000000e-01 -1.527920e-04 1.527920e-04 4.600000e-13 0.000000e+00 4.600000e-13
4.700000e-01 4.700000e-01 8.000000e-01 -1.529514e-04 1.529514e-04 4.700000e-13 0.000000e+00 4.700000e-13
4.800000e-01 4.800000e-01 8.000000e-01 -1.531054e-04 1.531054e-04 4.800000e-13 0.000000e+00 4.800000e-13
4.900000e-01 4.900000e-01 8.000000e-01 -1.532547e-04 1.532547e-04 4.900000e-13 0.000000e+00 4.900000e-13
5.000000e-01 5.000000e-01 8.000000e-01 -1.534001e-04 1.534001e-04 5.000000e-13 0.000000e+00 5.000000e-13
5.100000e-01 5.100000e-01 8.000000e-01 -1.535421e-04 1.535421e-04 5.100000e-13 0.000000e+00 5.100000e-13
5.200000e-01 5.200000e-01 8.000000e-01 -1.536812e-04 1.536812e-04 5.200000e-13 0.000000e+00 5.200000e-13
5.300000e-01 5.300000e-01 8.000000e-01 -1.538177e-04 1.538177e-04 5.300000e-13 0.000000e+00 5.300000e-13
5.400000e-01 5.400000e-01 8.000000e-01 -1.539520e-04 1.539520e-04 5.400000e-13 0.000000e+00 5.400000e-13
5.500000e-01 5.500000e-01 8.000000e-01 -1.540844e-04 1.540844e-04 5.500000e-13 0.000000e+00 5.500000e-13
5.600000e-01 5.600000e-01 8.000000e-01 -1.542150e-04 1.542150e-04 5.600000e-13 0.000000e+00 5.600000e-13
5.700000e-01 5.700000e-01 8.000000e-01 -1.543441e-04 1.543441e-04 5.700000e-13 0.000000e+00 5.700000e-13
5.800000e-01 5.800000e-01 8.000000e-01 -1.544719e-04 1.544719e-04 5.800000e-13 0.000000e+00 5.800000e-13
5.900000e-01 5.900000e-01 8.000000e-01 -1.545985e-04 1.545985e-04 5.900000e-13 0.000000e+00 5.900000e-13
6.000000e-01 6.000000e-01 8.000000e-01 -1.547240e-04 1.547240e-04 6.000000e-13 0.000000e+00 6.000000e-13
6.100000e-01 6.100000e-01 8.000000e-01 -1.548486e-04 1.548486e-04 6.100000e-13 0.000000e+00 6.100000e-13
6.200000e-01 6.200000e-01 8.000000e-01 -1.549723e-04 1.549723e-04 6.200000e-13 0.000000e+00 6.200000e-13
6.300000e-01 6.300000e-01 8.000000e-01 -1.550953e-04 1.550953e-04 6.300000e-13 0.000000e+00 6.300000e-13
6.400000e-01 6.400000e-01 8.000000e-01 -1.552175e-04 1.552175e-04 6.400000e-13 0.000000e+00 6.400000e-13
6.500000e-01 6.500000e-01 8.000000e-01 -1.553392e-04 1.553392e-04 6.500000e-13 0.000000e+00 6.500000e-13
6.600000e-01 6.600000e-01 8.000000e-01 -1.554602e-04 1.554602e-04 6.600000e-13 0.000000e+00 6.600000e-13
6.700000e-01 6.700000e-01 8.000000e-01 -1.555808e-04 1.555808e-04 6.700000e-13 0.000000e+00 6.700000e-13
6.800000e-01 6.800000e-01 8.000000e-01 -1.557009e-04 1.557009e-04 6.800000e-13 0.000000e+00 6.800000e-13
6.900000e-01 6.900000e-01 8.000000e-01 -1.558205e-04 1.558205e-04 6.900000e-13 0.000000e+00 6.900000e-13
7.000000e-01 7.000000e-01 8.000000e-01 -1.559398e-04 1.559398e-04 7.000000e-13 0.000000e+00 7.000000e-13
7.100000e-01 7.100000e-01 8.000000e-01 -1.560587e-04 1.560587e-04 7.100000e-13 0.000000e+00 7.100000e-13
7.200000e-01 7.200000e-01 8.000000e-01 -1.561772e-04 1.561772e-04 7.200000e-13 0.000000e+00 7.200000e-13
7.300000e-01 7.300000e-01 8.000000e-01 -1.562955e-04 1.562955e-04 7.300000e-13 0.000000e+00 7.300000e-13
7.400000e-01 7.400000e-01 8.000000e-01 -1.564134e-04 1.564134e-04 7.400000e-13 0.000000e+00 7.400000e-13
7.500000e-01 7.500000e-01 8.000000e-01 -1.565312e-04 1.565312e-04 7.500000e-13 0.000000e+00 7.500000e-13
7.600000e-01 7.600000e-01 8.000000e-01 -1.566486e-04 1.566486e-04 7.600000e-13 0.000000e+00 7.600000e-13
7.700000e-01 7.700000e-01 8.000000e-01 -1.567659e-04 1.567659e-04 7.700000e-13 0.000000e+00 7.700000e-13
7.800000e-01 7.800000e-01 8.000000e-01 -1.568829e-04 1.568829e-04 7.800000e-13 0.000000e+00 7.800000e-13
7.900000e-01 7.900000e-01 8.000000e-01 -1.569997e-04 1.569997e-04 7.900000e-13 0.000000e+00 7.900000e-13
8.000000e-01 8.000000e-01 8.000000e-01 -1.571164e-04 1.571164e-04 8.000000e-13 0.000000e+00 8.000000e-13
8.100000e-01 8.100000e-01 8.000000e-01 -1.572329e-04 1.572329e-04 8.100000e-13 0.000000e+00 8.100000e-13
8.200000e-01 8.200000e-01 8.000000e-01 -1.573492e-04 1.573492e-04 8.200000e-13 0.000000e+00 8.200000e-13
8.300000e-01 8.300000e-01 8.000000e-01 -1.574654e-04 1.574654e-04 8.300000e-13 0.000000e+00 8.300000e-13
8.400000e-01 8.400000e-01 8.000000e-01 -1.575815e-04 1.575815e-04 8.400000e-13 0.000000e+00 8.400000e-13
8.500000e-01 8.500000e-01 8.000000e-01 -1.576974e-04 1.576974e-04 8.500000e-13 0.000000e+00 8.500000e-13
8.600000e-01 8.600000e-01 8.000000e-01 -1.578132e-04 1.578132e-04 8.600000e-13 0.000000e+00 8.600000e-13
8.700000e-01 8.700000e-01 8.000000e-01 -1.579289e-04 1.579289e-04 8.700000e-13 0.000000e+00 8.700000e-13
8.800000e-01 8.800000e-01 8.000000e-01 -1.580445e-04 1.580445e-04 8.800000e-13 0.000000e+00 8.800000e-13
8.900000e-01 8.900000e-01 8.000000e-01 -1.581600e-04 1.581600e-04 8.900000e-13 0.000000e+00 8.900000e-13
9.000000e-01 9.000000e-01 8.000000e-01 -1.582753e-04 1.582753e-04 9.000000e-13 0.000000e+00 9.000000e-13
9.100000e-01 9.100000e-01 8.000000e-01 -1.583906e-04 1.583906e-04 9.100000e-13 0.000000e+00 9.100000e-13
9.200000e-01 9.200000e-01 8.000000e-01 -1.585058e-04 1.585058e-04 9.200000e-13 0.000000e+00 9.200000e-13
9.300000e-01 9.300000e-01 8.000000e-01 -1.586210e-04 1.586210e-04 9.300000e-13 0.000000e+00 9.300000e-13
9.400000e-01 9.400000e-01 8.000000e-01 -1.587360e-04 1.587360e-04 9.400000e-13 0.000000e+00 9.400000e-13
9.500000e-01 9.500000e-01 8.000000e-01 -1.588510e-04 1.588510e-04 9.500000e-13 0.000000e+00 9.500000e-13
9.600000e-01 9.600000e-01 8.000000e-01 -1.589659e-04 1.589659e-04 9.600000e-13 0.000000e+00 9.600000e-13
9.700000e-01 9.700000e-01 8.000000e-01 -1.590808e-04 1.590808e-04 9.700000e-13 0.000000e+00 9.700000e-13
9.800000e-01 9.800000e-01 8.000000e-01 -1.591956e-04 1.591956e-04 9.800000e-13 0.000000e+00 9.800000e-13
9.900000e-01 9.900000e-01 8.000000e-01 -1.593103e-04 1.593103e-04 9.900000e-13 0.000000e+00 9.900000e-13
1.000000e+00 1.000000e+00 8.000000e-01 -1.594250e-04 1.594250e-04 1.000000e-12 0.000000e+00 1.000000e-12
1.010000e+00 1.010000e+00 8.000000e-01 -1.595396e-04 1.595396e-04 1.010000e-12 0.000000e+00 1.010000e-12
1.020000e+00 1.020000e+00 8.000000e-01 -1.596542e-04 1.596542e-04 1.020000e-12 0.000000e+00 1.020000e-12
1.030000e+00 1.030000e+00 8.000000e-01 -1.597687e-04 1.597687e-04 1.030000e-12 0.000000e+00 1.030000e-12
1.040000e+00 1.040000e+00 8.000000e-01 -1.598832e-04 1.598832e-04 1.040000e-12 0.000000e+00 1.040000e-12
1.050000e+00 1.050000e+00 8.000000e-01 -1.599977e-04 1.599977e-04 1.050000e-12 0.000000e+00 1.050000e-12
1.060000e+00 1.060000e+00 8.000000e-01 -1.601121e-04 1.601121e-04 1.060000e-12 0.000000e+00 1.060000e-12
1.070000e+00 1.070000e+00 8.000000e-01 -1.602264e-04 1.602264e-04 1.070000e-12 0.000000e+00 1.070000e-12
1.080000e+00 1.080000e+00 8.000000e-01 -1.603408e-04 1.603408e-04 1.080000e-12 0.000000e+00 1.080000e-12
1.090000e+00 1.090000e+00 8.000000e-01 -1.604551e-04 1.604551e-04 1.090000e-12 0.000000e+00 1.090000e-12
1.100000e+00 1.100000e+00 8.000000e-01 -1.605693e-04 1.605693e-04 1.100000e-12 0.000000e+00 1.100000e-12
1.110000e+00 1.110000e+00 8.000000e-01 -1.606835e-04 1.606835e-04 1.110000e-12 0.000000e+00 1.110000e-12
1.120000e+00 1.120000e+00 8.000000e-01 -1.607977e-04 1.607977e-04 1.120000e-12 0.000000e+00 1.120000e-12
1.130000e+00 1.130000e+00 8.000000e-01 -1.609119e-04 1.609119e-04 1.130000e-12 0.000000e+00 1.130000e-12
1.140000e+00 1.140000e+00 8.000000e-01 -1.610260e-04 1.610260e-04 1.140000e-12 0.000000e+00 1.140000e-12
1.150000e+00 1.150000e+00 8.000000e-01 -1.611401e-04 1.611401e-04 1.150000e-12 0.000000e+00 1.150000e-12
1.160000e+00 1.160000e+00 8.000000e-01 -1.612542e-04 1.612542e-04 1.160000e-12 0.000000e+00 1.160000e-12
1.170000e+00 1.170000e+00 8.000000e-01 -1.613682e-04 1.613682e-04 1.170000e-12 0.000000e+00 1.170000e-12
1.180000e+00 1.180000e+00 8.000000e-01 -1.614823e-04 1.614823e-04 1.180000e-12 0.000000e+00 1.180000e-12
1.190000e+00 1.190000e+00 8.000000e-01 -1.615963e-04 1.615963e-04 1.190000e-12 0.000000e+00 1.190000e-12
1.200000e+00 1.200000e+00 8.000000e-01 -1.617102e-04 1.617102e-04 1.200000e-12 0.000000e+00 1.200000e-12
0.000000e+00 0.000000e+00 1.000000e+00 0.000000e+00 0.000000e+00 0.000000e+00 0.000000e+00 0.000000e+00
1.000000e-02 1.000000e-02 1.000000e+00 -1.404840e-05 1.404840e-05 1.000000e-14 0.000000e+00 1.000000e-14
2.000000e-02 2.000000e-02 1.000000e+00 -2.776360e-05 2.776360e-05 2.000000e-14 0.000000e+00 2.000000e-14
3.000000e-02 3.000000e-02 1.000000e+00 -4.114640e-05 4.114640e-05 3.000000e-14 0.000000e+00 3.000000e-14
4.000000e-02 4.000000e-02 1.000000e+00 -5.419740e-05 5.419740e-05 4.000000e-14 0.000000e+00 4.000000e-14
5.000000e-02 5.000000e-02 1.000000e+00 -6.691740e-05 6.691740e-05 5.000000e-14 0.000000e+00 5.000000e-14
6.000000e-02 6.000000e-02 1.000000e+00 -7.930710e-05 7.930710e-05 6.000000e-14 0.000000e+00 6.000000e-14
7.000000e-02 7.000000e-02 1.000000e+00 -9.136720e-05 9.136720e-05 7.000000e-14 0.000000e+00 7.000000e-14
8.000000e-02 8.000000e-02 1.000000e+00 -1.030983e-04 1.030983e-04 8.000000e-14 0.000000e+00 8.000000e-14
9.000000e-02 9.000000e-02 1.000000e+00 -1.145014e-04 1.145014e-04 9.000000e-14 0.000000e+00 9.000000e-14
1.000000e-01 1.000000e-01 1.000000e+00 -1.255770e-04 1.255770e-04 1.000000e-13 0.000000e+00 1.000000e-13
1.100000e-01 1.100000e-01 1.000000e+00 -1.363260e-04 1.363260e-04 1.100000e-13 0.000000e+00 1.100000e-13
1.200000e-01 1.200000e-01 1.000000e+00 -1.467491e-04 1.467491e-04 1.200000e-13 0.000000e+00 1.200000e-13
1.300000e-01 1.300000e-01 1.000000e+00 -1.568471e-04 1.568471e-04 1.300000e-13 0.000000e+00 1.300000e-13
1.400000e-01 1.400000e-01 1.000000e+00 -1.666208e-04 1.666208e-04 1.400000e-13 0.000000e+00 1.400000e-13
1.500000e-01 1.500000e-01 1.000000e+00 -1.760710e-04 1.760710e-04 1.500000e-13 0.000000e+00 1.500000e-13
1.600000e-01 1.600000e-01 1.000000e+00 -1.851984e-04 1.851984e-04 1.600000e-13 0.000000e+00 1.600000e-13
1.700000e-01 1.700000e-01 1.000000e+00 -1.940041e-04 1.940041e-04 1.700000e-13 0.000000e+00 1.700000e-13
1.800000e-01 1.800000e-01 1.000000e+00 -2.024888e-04 2.024888e-04 1.800000e-13 0.000000e+00 1.800000e-13
1.900000e-01 1.900000e-01 1.000000e+00 -2.106535e-04 2.106535e-04 1.900000e-13 0.000000e+00 1.900000e-13
2.000000e-01 2.000000e-01 1.000000e+00 -2.184992e-04 2.184992e-04 2.000000e-13 0.000000e+00 2.000000e-13
2.100000e-01 2.100000e-01 1.000000e+00 -2.260270e-04 2.260270e-04 2.100000e-13 0.000000e+00 2.100000e-13
2.200000e-01 2.200000e-01 1.000000e+00 -2.332379e-04 2.332379e-04 2.200000e-13 0.000000e+00 2.200000e-13
2.300000e-01 2.300000e-01 1.000000e+00 -2.401331e-04 2.401331e-04 2.300000e-13 0.000000e+00 2.300000e-13
2.400000e-01 2.400000e-01 1.000000e+00 -2.467139e-04 2.467139e-04 2.400000e-13 0.000000e+00 2.400000e-13
2.500000e-01 2.500000e-01 1.000000e+00 -2.529819e-04 2.529819e-04 2.500000e-13 0.000000e+00 2.500000e-13
2.600000e-01 2.600000e-01 1.000000e+00 -2.589385e-04 2.589385e-04 2.600000e-13 0.000000e+00 2.600000e-13
2.700000e-01 2.700000e-01 1.000000e+00 -2.645855e-04 2.645855e-04 2.700000e-13 0.000000e+00 2.700000e-13
2.800000e-01 2.800000e-01 1.000000e+00 -2.699251e-04 2.699251e-04 2.800000e-13 0.000000e+00 2.800000e-13
2.900000e-01 2.900000e-01 1.000000e+00 -2.749596e-04 2.749596e-04 2.900000e-13 0.000000e+00 2.900000e-13
3.000000e-01 3.000000e-01 1.000000e+00 -2.796916e-04 2.796916e-04 3.000000e-13 0.000000e+00 3.000000e-13
3.100000e-01 3.100000e-01 1.000000e+00 -2.841244e-04 2.841244e-04 3.100000e-13 0.000000e+00 3.100000e-13
3.200000e-01 3.200000e-01 1.000000e+00 -2.882617e-04 2.882617e-04 3.200000e-13 0.000000e+00 3.200000e-13
3.300000e-01 3.300000e-01 1.000000e+00 -2.921078e-04 2.921078e-04 3.300000e-13 0.000000e+00 3.300000e-13
3.400000e-01 3.400000e-01 1.000000e+00 -2.956681e-04 2.956681e-04 3.400000e-13 0.000000e+00 3.400000e-13
3.500000e-01 3.500000e-01 1.000000e+00 -2.989487e-04 2.989487e-04 3.500000e-13 0.000000e+00 3.500000e-13
3.600000e-01 3.600000e-01 1.000000e+00 -3.019570e-04 3.019570e-04 3.600000e-13 0.000000e+00 3.600000e-13
3.700000e-01 3.700000e-01 1.000000e+00 -3.047015e-04 3.047015e-04 3.700000e-13 0.000000e+00 3.700000e-13
3.800000e-01 3.800000e-01 1.000000e+00 -3.071923e-04 3.071923e-04 3.800000e-13 0.000000e+00 3.800000e-13
3.900000e-01 3.900000e-01 1.000000e+00 -3.094410e-04 3.094410e-04 3.900000e-13 0.000000e+00 3.900000e-13
4.000000e-01 4.000000e-01 1.000000e+00 -3.114607e-04 3.114607e-04 4.000000e-13 0.000000e+00 4.000000e-13
4.100000e-01 4.100000e-01 1.000000e+00 -3.132660e-04 3.132660e-04 4.100000e-13 0.000000e+00 4.100000e-13
4.200000e-01 4.200000e-01 1.000000e+00 -3.148727e-04 3.148727e-04 4.200000e-13 0.000000e+00 4.200000e-13
4.300000e-01 4.300000e-01 1.000000e+00 -3.162978e-04 3.162978e-04 4.300000e-13 0.000000e+00 4.300000e-13
4.400000e-01 4.400000e-01 1.000000e+00 -3.175586e-04 3.175586e-04 4.400000e-13 0.000000e+00 4.400000e-13
4.500000e-01 4.500000e-01 1.000000e+00 -3.186728e-04 3.186728e-04 4.500000e-13 0.000000e+00 4.500000e-13
4.600000e-01 4.600000e-01 1.000000e+00 -3.196574e-04 3.196574e-04 4.600000e-13 0.000000e+00 4.600000e-13
4.700000e-01 4.700000e-01 1.000000e+00 -3.205290e-04 3.205290e-04 4.700000e-13 0.000000e+00 4.700000e-13
4.800000e-01 4.800000e-01 1.000000e+00 -3.213026e-04 3.213026e-04 4.800000e-13 0.000000e+00 4.800000e-13
4.900000e-01 4.900000e-01 1.000000e+00 -3.219922e-04 3.219922e-04 4.900000e-13 0.000000e+00 4.900000e-13
5.000000e-01 5.000000e-01 1.000000e+00 -3.226100e-04 3.226100e-04 5.000000e-13 0.000000e+00 5.000000e-13
5.100000e-01 5.100000e-01 1.000000e+00 -3.231669e-04 3.231669e-04 5.100000e-13 0.000000e+00 5.100000e-13
5.200000e-01 5.200000e-01 1.000000e+00 -3.236722e-04 3.236722e-04 5.200000e-13 0.000000e+00 5.200000e-13
5.300000e-01 5.300000e-01 1.000000e+00 -3.241338e-04 3.241338e-04 5.300000e-13 0.000000e+00 5.300000e-13
5.400000e-01 5.400000e-01 1.000000e+00 -3.245585e-04 3.245585e-04 5.400000e-13 0.000000e+00 5.400000e-13
5.500000e-01 5.500000e-01 1.000000e+00 -3.249519e-04 3.249519e-04 5.500000e-13 0.000000e+00 5.500000e-13
5.600000e-01 5.600000e-01 1.000000e+00 -3.253190e-04 3.253190e-04 5.600000e-13 0.000000e+00 5.600000e-13
5.700000e-01 5.700000e-01 1.000000e+00 -3.256635e-04 3.256635e-04 5.700000e-13 0.000000e+00 5.700000e-13
5.800000e-01 5.800000e-01 1.000000e+00 -3.259890e-04 3.259890e-04 5.800000e-13 0.000000e+00 5.800000e-13
5.900000e-01 5.900000e-01 1.000000e+00 -3.262981e-04 3.262981e-04 5.900000e-13 0.000000e+00 5.900000e-13
6.000000e-01 6.000000e-01 1.000000e+00 -3.265932e-04 3.265932e-04 6.000000e-13 0.000000e+00 6.000000e-13
6.100000e-01 6.100000e-01 1.000000e+00 -3.268763e-04 3.268763e-04 6.100000e-13 0.000000e+00 6.100000e-13
6.200000e-01 6.200000e-01 1.000000e+00 -3.271490e-04 3.271490e-04 6.200000e-13 0.000000e+00 6.200000e-13
6.300000e-01 6.300000e-01 1.000000e+00 -3.274127e-04 3.274127e-04 6.300000e-13 0.000000e+00 6.300000e-13
6.400000e-01 6.400000e-01 1.000000e+00 -3.276686e-04 3.276686e-04 6.400000e-13 0.000000e+00 6.400000e-13
6.500000e-01 6.500000e-01 1.000000e+00 -3.279176e-04 3.279176e-04 6.500000e-13 0.000000e+00 6.500000e-13
6.600000e-01 6.600000e-01 1.000000e+00 -3.281607e-04 3.281607e-04 6.600000e-13 0.000000e+00 6.600000e-13
6.700000e-01 6.700000e-01 1.000000e+00 -3.283985e-04 3.283985e-04 6.700000e-13 0.000000e+00 6.700000e-13
6.800000e-01 6.800000e-01 1.000000e+00 -3.286316e-04 3.286316e-04 6.800000e-13 0.000000e+00 6.800000e-13
6.900000e-01 6.900000e-01 1.000000e+00 -3.288607e-04 3.288607e-04 6.900000e-13 0.000000e+00 6.900000e-13
7.000000e-01 7.000000e-01 1.000000e+00 -3.290861e-04 3.290860e-04 7.000000e-13 0.000000e+00 9.930000e-11
7.100000e-01 7.100000e-01 1.000000e+00 -3.293082e-04 3.293082e-04 7.100000e-13 0.000000e+00 7.100000e-13
7.200000e-01 7.200000e-01 1.000000e+00 -3.295274e-04 3.295274e-04 7.200000e-13 0.000000e+00 7.200000e-13
7.300000e-01 7.300000e-01 1.000000e+00 -3.297440e-04 3.297440e-04 7.300000e-13 0.000000e+00 7.300000e-13
7.400000e-01 7.400000e-01 1.000000e+00 -3.299583e-04 3.299583e-04 7.400000e-13 0.000000e+00 7.400000e-13
7.500000e-01 7.500000e-01 1.000000e+00 -3.301705e-04 3.301705e-04 7.500000e-13 0.000000e+00 7.500000e-13
7.600000e-01 7.600000e-01 1.000000e+00 -3.303807e-04 3.303807e-04 7.600000e-13 0.000000e+00 7.600000e-13
7.700000e-01 7.700000e-01 1.000000e+00 -3.305892e-04 3.305892e-04 7.700000e-13 0.000000e+00 7.700000e-13
7.800000e-01 7.800000e-01 1.000000e+00 -3.307962e-04 3.307962e-04 7.800000e-13 0.000000e+00 7.800000e-13
7.900000e-01 7.900000e-01 1.000000e+00 -3.310017e-04 3.310017e-04 7.900000e-13 0.000000e+00 7.900000e-13
8.000000e-01 8.000000e-01 1.000000e+00 -3.312059e-04 3.312059e-04 8.000000e-13 0.000000e+00 8.000000e-13
8.100000e-01 8.100000e-01 1.000000e+00 -3.314090e-04 3.314090e-04 8.100000e-13 0.000000e+00 8.100000e-13
8.200000e-01 8.200000e-01 1.000000e+00 -3.316109e-04 3.316109e-04 8.200000e-13 0.000000e+00 8.200000e-13
8.300000e-01 8.300000e-01 1.000000e+00 -3.318118e-04 3.318118e-04 8.300000e-13 0.000000e+00 8.300000e-13
8.400000e-01 8.400000e-01 1.000000e+00 -3.320118e-04 3.320118e-04 8.400000e-13 0.000000e+00 8.400000e-13
8.500000e-01 8.500000e-01 1.000000e+00 -3.322110e-04 3.322110e-04 8.500000e-13 0.000000e+00 8.500000e-13
8.600000e-01 8.600000e-01 1.000000e+00 -3.324094e-04 3.324094e-04 8.600000e-13 0.000000e+00 8.600000e-13
8.700000e-01 8.700000e-01 1.000000e+00 -3.326070e-04 3.326070e-04 8.700000e-13 0.000000e+00 8.700000e-13
8.800000e-01 8.800000e-01 1.000000e+00 -3.328040e-04 3.328040e-04 8.800000e-13 0.000000e+00 8.800000e-13
8.900000e-01 8.900000e-01 1.000000e+00 -3.330003e-04 3.330003e-04 8.900000e-13 0.000000e+00 8.900000e-13
9.000000e-01 9.000000e-01 1.000000e+00 -3.331961e-04 3.331961e-04 9.000000e-13 0.000000e+00 9.000000e-13
9.100000e-01 9.100000e-01 1.000000e+00 -3.333913e-04 3.333913e-04 9.100000e-13 0.000000e+00 9.100000e-13
9.200000e-01 9.200000e-01 1.000000e+00 -3.335860e-04 3.335860e-04 9.200000e-13 0.000000e+00 9.200000e-13
9.300000e-01 9.300000e-01 1.000000e+00 -3.337803e-04 3.337803e-04 9.300000e-13 0.000000e+00 9.300000e-13
9.400000e-01 9.400000e-01 1.000000e+00 -3.339741e-04 3.339741e-04 9.400000e-13 0.000000e+00 9.400000e-13
9.500000e-01 9.500000e-01 1.000000e+00 -3.341675e-04 3.341675e-04 9.500000e-13 0.000000e+00 9.500000e-13
9.600000e-01 9.600000e-01 1.000000e+00 -3.343606e-04 3.343606e-04 9.600000e-13 0.000000e+00 9.600000e-13
9.700000e-01 9.700000e-01 1.000000e+00 -3.345532e-04 3.345532e-04 9.700000e-13 0.000000e+00 9.700000e-13
9.800000e-01 9.800000e-01 1.000000e+00 -3.347455e-04 3.347455e-04 9.800000e-13 0.000000e+00 9.800000e-13
9.900000e-01 9.900000e-01 1.000000e+00 -3.349376e-04 3.349376e-04 9.900000e-13 0.000000e+00 9.900000e-13
1.000000e+00 1.000000e+00 1.000000e+00 -3.351293e-04 3.351293e-04 1.000000e-12 0.000000e+00 1.000000e-12
1.010000e+00 1.010000e+00 1.000000e+00 -3.353207e-04 3.353207e-04 1.010000e-12 0.000000e+00 1.010000e-12
1.020000e+00 1.020000e+00 1.000000e+00 -3.355119e-04 3.355119e-04 1.020000e-12 0.000000e+00 1.020000e-12
1.030000e+00 1.030000e+00 1.000000e+00 -3.357028e-04 3.357028e-04 1.030000e-12 0.000000e+00 1.030000e-12
1.040000e+00 1.040000e+00 1.000000e+00 -3.358934e-04 3.358934e-04 1.040000e-12 0.000000e+00 1.040000e-12
1.050000e+00 1.050000e+00 1.000000e+00 -3.360839e-04 3.360839e-04 1.050000e-12 0.000000e+00 1.050000e-12
1.060000e+00 1.060000e+00 1.000000e+00 -3.362741e-04 3.362741e-04 1.060000e-12 0.000000e+00 1.060000e-12
1.070000e+00 1.070000e+00 1.000000e+00 -3.364642e-04 3.364642e-04 1.070000e-12 0.000000e+00 1.070000e-12
1.080000e+00 1.080000e+00 1.000000e+00 -3.366540e-04 3.366540e-04 1.080000e-12 0.000000e+00 1.080000e-12
1.090000e+00 1.090000e+00 1.000000e+00 -3.368437e-04 3.368437e-04 1.090000e-12 0.000000e+00 1.090000e-12
1.100000e+00 1.100000e+00 1.000000e+00 -3.370332e-04 3.370332e-04 1.100000e-12 0.000000e+00 1.100000e-12
1.110000e+00 1.110000e+00 1.000000e+00 -3.372225e-04 3.372225e-04 1.110000e-12 0.000000e+00 1.110000e-12
1.120000e+00 1.120000e+00 1.000000e+00 -3.374117e-04 3.374117e-04 1.120000e-12 0.000000e+00 1.120000e-12
1.130000e+00 1.130000e+00 1.000000e+00 -3.376007e-04 3.376007e-04 1.130000e-12 0.000000e+00 1.130000e-12
1.140000e+00 1.140000e+00 1.000000e+00 -3.377896e-04 3.377896e-04 1.140000e-12 0.000000e+00 1.140000e-12
1.150000e+00 1.150000e+00 1.000000e+00 -3.379783e-04 3.379783e-04 1.150000e-12 0.000000e+00 1.150000e-12
1.160000e+00 1.160000e+00 1.000000e+00 -3.381670e-04 3.381670e-04 1.160000e-12 0.000000e+00 1.160000e-12
1.170000e+00 1.170000e+00 1.000000e+00 -3.383555e-04 3.383555e-04 1.170000e-12 0.000000e+00 1.170000e-12
1.180000e+00 1.180000e+00 1.000000e+00 -3.385439e-04 3.385438e-04 1.180000e-12 0.000000e+00 9.882000e-11
1.190000e+00 1.190000e+00 1.000000e+00 -3.387321e-04 3.387321e-04 1.190000e-12 0.000000e+00 1.190000e-12
1.200000e+00 1.200000e+00 1.000000e+00 -3.389203e-04 3.389203e-04 1.200000e-12 0.000000e+00 1.200000e-12
0.000000e+00 0.000000e+00 1.200000e+00 0.000000e+00 0.000000e+00 0.000000e+00 0.000000e+00 0.000000e+00
1.000000e-02 1.000000e-02 1.200000e+00 -1.766600e-05 1.766600e-05 1.000000e-14 0.000000e+00 1.000000e-14
2.000000e-02 2.000000e-02 1.200000e+00 -3.501540e-05 3.501540e-05 2.000000e-14 0.000000e+00 2.000000e-14
3.000000e-02 3.000000e-02 1.200000e+00 -5.204890e-05 5.204890e-05 3.000000e-14 0.000000e+00 3.000000e-14
4.000000e-02 4.000000e-02 1.200000e+00 -6.876700e-05 6.876700e-05 4.000000e-14 0.000000e+00 4.000000e-14
5.000000e-02 5.000000e-02 1.200000e+00 -8.517040e-05 8.517040e-05 5.000000e-14 0.000000e+00 5.000000e-14
6.000000e-02 6.000000e-02 1.200000e+00 -1.012595e-04 1.012595e-04 6.000000e-14 0.000000e+00 6.000000e-14
7.000000e-02 7.000000e-02 1.200000e+00 -1.170351e-04 1.170351e-04 7.000000e-14 0.000000e+00 7.000000e-14
8.000000e-02 8.000000e-02 1.200000e+00 -1.324978e-04 1.324978e-04 8.000000e-14 0.000000e+00 8.000000e-14
9.000000e-02 9.000000e-02 1.200000e+00 -1.476480e-04 1.476480e-04 9.000000e-14 0.000000e+00 9.000000e-14
1.000000e-01 1.000000e-01 1.200000e+00 -1.624865e-04 1.624865e-04 1.000000e-13 0.000000e+00 1.000000e-13
1.100000e-01 1.100000e-01 1.200000e+00 -1.770137e-04 1.770137e-04 1.100000e-13 0.000000e+00 1.100000e-13
1.200000e-01 1.200000e-01 1.200000e+00 -1.912304e-04 1.912304e-04 1.200000e-13 0.000000e+00 1.200000e-13
1.300000e-01 1.300000e-01 1.200000e+00 -2.051371e-04 2.051371e-04 1.300000e-13 0.000000e+00 1.300000e-13
1.400000e-01 1.400000e-01 1.200000e+00 -2.187343e-04 2.187343e-04 1.400000e-13 0.000000e+00 1.400000e-13
1.500000e-01 1.500000e-01 1.200000e+00 -2.320228e-04 2.320228e-04 1.500000e-13 0.000000e+00 1.500000e-13
1.600000e-01 1.600000e-01 1.200000e+00 -2.450031e-04 2.450031e-04 1.600000e-13 0.000000e+00 1.600000e-13
1.700000e-01 1.700000e-01 1.200000e+00 -2.576758e-04 2.576758e-04 1.700000e-13 0.000000e+00 1.700000e-13
1.800000e-01 1.800000e-01 1.200000e+00 -2.700415e-04 2.700415e-04 1.800000e-13 0.000000e+00 1.800000e-13
1.900000e-01 1.900000e-01 1.200000e+00 -2.821009e-04 2.821009e-04 1.900000e-13 0.000000e+00 1.900000e-13
2.000000e-01 2.000000e-01 1.200000e+00 -2.938545e-04 2.938545e-04 2.000000e-13 0.000000e+00 2.000000e-13
2.100000e-01 2.100000e-01 1.200000e+00 -3.053030e-04 3.053030e-04 2.100000e-13 0.000000e+00 2.100000e-13
2.200000e-01 2.200000e-01 1.200000e+00 -3.164471e-04 3.164471e-04 2.200000e-13 0.000000e+00 2.200000e-13
2.300000e-01 2.300000e-01 1.200000e+00 -3.272872e-04 3.272872e-04 2.300000e-13 0.000000e+00 2.300000e-13
2.400000e-01 2.400000e-01 1.200000e+00 -3.378242e-04 3.378242e-04 2.400000e-13 0.000000e+00 2.400000e-13
2.500000e-01 2.500000e-01 1.200000e+00 -3.480587e-04 3.480587e-04 2.500000e-13 0.000000e+00 2.500000e-13
2.600000e-01 2.600000e-01 1.200000e+00 -3.579912e-04 3.579912e-04 2.600000e-13 0.000000e+00 2.600000e-13
2.700000e-01 2.700000e-01 1.200000e+00 -3.676226e-04 3.676226e-04 2.700000e-13 0.000000e+00 2.700000e-13
2.800000e-01 2.800000e-01 1.200000e+00 -3.769536e-04 3.769536e-04 2.800000e-13 0.000000e+00 2.800000e-13
2.900000e-01 2.900000e-01 1.200000e+00 -3.859848e-04 3.859848e-04 2.900000e-13 0.000000e+00 2.900000e-13
3.000000e-01 3.000000e-01 1.200000e+00 -3.947170e-04 3.947170e-04 3.000000e-13 0.000000e+00 3.000000e-13
3.100000e-01 3.100000e-01 1.200000e+00 -4.031510e-04 4.031510e-04 3.100000e-13 0.000000e+00 3.100000e-13
3.200000e-01 3.200000e-01 1.200000e+00 -4.112877e-04 4.112877e-04 3.200000e-13 0.000000e+00 3.200000e-13
3.300000e-01 3.300000e-01 1.200000e+00 -4.191280e-04 4.191280e-04 3.300000e-13 0.000000e+00 3.300000e-13
3.400000e-01 3.400000e-01 1.200000e+00 -4.266727e-04 4.266727e-04 3.400000e-13 0.000000e+00 3.400000e-13
3.500000e-01 3.500000e-01 1.200000e+00 -4.339229e-04 4.339229e-04 3.500000e-13 0.000000e+00 3.500000e-13
3.600000e-01 3.600000e-01 1.200000e+00 -4.408797e-04 4.408797e-04 3.600000e-13 0.000000e+00 3.600000e-13
3.700000e-01 3.700000e-01 1.200000e+00 -4.475443e-04 4.475443e-04 3.700000e-13 0.000000e+00 3.700000e-13
3.800000e-01 3.800000e-01 1.200000e+00 -4.539180e-04 4.539180e-04 3.800000e-13 0.000000e+00 3.800000e-13
3.900000e-01 3.900000e-01 1.200000e+00 -4.600023e-04 4.600023e-04 3.900000e-13 0.000000e+00 3.900000e-13
4.000000e-01 4.000000e-01 1.200000e+00 -4.657988e-04 4.657988e-04 4.000000e-13 0.000000e+00 4.000000e-13
4.100000e-01 4.100000e-01 1.200000e+00 -4.713094e-04 4.713094e-04 4.100000e-13 0.000000e+00 4.100000e-13
4.200000e-01 4.200000e-01 1.200000e+00 -4.765362e-04 4.765362e-04 4.200000e-13 0.000000e+00 4.200000e-13
4.300000e-01 4.300000e-01 1.200000e+00 -4.814817e-04 4.814817e-04 4.300000e-13 0.000000e+00 4.300000e-13
4.400000e-01 4.400000e-01 1.200000e+00 -4.861487e-04 4.861487e-04 4.400000e-13 0.000000e+00 4.400000e-13
4.500000e-01 4.500000e-01 1.200000e+00 -4.905404e-04 4.905404e-04 4.500000e-13 0.000000e+00 4.500000e-13
4.600000e-01 4.600000e-01 1.200000e+00 -4.946607e-04 4.946607e-04 4.600000e-13 0.000000e+00 4.600000e-13
4.700000e-01 4.700000e-01 1.200000e+00 -4.985140e-04 4.985140e-04 4.700000e-13 0.000000e+00 4.700000e-13
4.800000e-01 4.800000e-01 1.200000e+00 -5.021055e-04 5.021055e-04 4.800000e-13 0.000000e+00 4.800000e-13
4.900000e-01 4.900000e-01 1.200000e+00 -5.054411e-04 5.054411e-04 4.900000e-13 0.000000e+00 4.900000e-13
5.000000e-01 5.000000e-01 1.200000e+00 -5.085278e-04 5.085278e-04 5.000000e-13 0.000000e+00 5.000000e-13
5.100000e-01 5.100000e-01 1.200000e+00 -5.113735e-04 5.113735e-04 5.100000e-13 0.000000e+00 5.100000e-13
5.200000e-01 5.200000e-01 1.200000e+00 -5.139872e-04 5.139872e-04 5.200000e-13 0.000000e+00 5.200000e-13
5.300000e-01 5.300000e-01 1.200000e+00 -5.163792e-04 5.163792e-04 5.300000e-13 0.000000e+00 5.300000e-13
5.400000e-01 5.400000e-01 1.200000e+00 -5.185606e-04 5.185606e-04 5.400000e-13 0.000000e+00 5.400000e-13
5.500000e-01 5.500000e-01 1.200000e+00 -5.205437e-04 5.205437e-04 5.500000e-13 0.000000e+00 5.500000e-13
5.600000e-01 5.600000e-01 1.200000e+00 -5.223418e-04 5.223418e-04 5.600000e-13 0.000000e+00 5.600000e-13
5.700000e-01 5.700000e-01 1.200000e+00 -5.239685e-04 5.239685e-04 5.700000e-13 0.000000e+00 5.700000e-13
5.800000e-01 5.800000e-01 1.200000e+00 -5.254381e-04 5.254381e-04 5.800000e-13 0.000000e+00 5.800000e-13
5.900000e-01 5.900000e-01 1.200000e+00 -5.267649e-04 5.267649e-04 5.900000e-13 0.000000e+00 5.900000e-13
6.000000e-01 6.000000e-01 1.200000e+00 -5.279632e-04 5.279632e-04 6.000000e-13 0.000000e+00 6.000000e-13
6.100000e-01 6.100000e-01 1.200000e+00 -5.290465e-04 5.290465e-04 6.100000e-13 0.000000e+00 6.100000e-13
6.200000e-01 6.200000e-01 1.200000e+00 -5.300278e-04 5.300278e-04 6.200000e-13 0.000000e+00 6.200000e-13
6.300000e-01 6.300000e-01 1.200000e+00 -5.309193e-04 5.309193e-04 6.300000e-13 0.000000e+00 6.300000e-13
6.400000e-01 6.400000e-01 1.200000e+00 -5.317320e-04 5.317320e-04 6.400000e-13 0.000000e+00 6.400000e-13
6.500000e-01 6.500000e-01 1.200000e+00 -5.324759e-04 5.324759e-04 6.500000e-13 0.000000e+00 6.500000e-13
6.600000e-01 6.600000e-01 1.200000e+00 -5.331598e-04 5.331598e-04 6.600000e-13 0.000000e+00 6.600000e-13
6.700000e-01 6.700000e-01 1.200000e+00 -5.337918e-04 5.337918e-04 6.700000e-13 0.000000e+00 6.700000e-13
6.800000e-01 6.800000e-01 1.200000e+00 -5.343787e-04 5.343787e-04 6.800000e-13 0.000000e+00 6.800000e-13
6.900000e-01 6.900000e-01 1.200000e+00 -5.349264e-04 5.349264e-04 6.900000e-13 0.000000e+00 6.900000e-13
7.000000e-01 7.000000e-01 1.200000e+00 -5.354403e-04 5.354403e-04 7.000000e-13 0.000000e+00 7.000000e-13
7.100000e-01 7.100000e-01 1.200000e+00 -5.359247e-04 5.359247e-04 7.100000e-13 0.000000e+00 7.100000e-13
7.200000e-01 7.200000e-01 1.200000e+00 -5.363835e-04 5.363835e-04 7.200000e-13 0.000000e+00 7.200000e-13
7.300000e-01 7.300000e-01 1.200000e+00 -5.368201e-04 5.368201e-04 7.300000e-13 0.000000e+00 7.300000e-13
7.400000e-01 7.400000e-01 1.200000e+00 -5.372372e-04 5.372372e-04 7.400000e-13 0.000000e+00 7.400000e-13
7.500000e-01 7.500000e-01 1.200000e+00 -5.376373e-04 5.376373e-04 7.500000e-13 0.000000e+00 7.500000e-13
7.600000e-01 7.600000e-01 1.200000e+00 -5.380225e-04 5.380225e-04 7.600000e-13 0.000000e+00 7.600000e-13
7.700000e-01 7.700000e-01 1.200000e+00 -5.383946e-04 5.383946e-04 7.700000e-13 0.000000e+00 7.700000e-13
7.800000e-01 7.800000e-01 1.200000e+00 -5.387552e-04 5.387552e-04 7.800000e-13 0.000000e+00 7.800000e-13
7.900000e-01 7.900000e-01 1.200000e+00 -5.391056e-04 5.391056e-04 7.900000e-13 0.000000e+00 7.900000e-13
8.000000e-01 8.000000e-01 1.200000e+00 -5.394469e-04 5.394469e-04 8.000000e-13 0.000000e+00 8.000000e-13
8.100000e-01 8.100000e-01 1.200000e+00 -5.397801e-04 5.397801e-04 8.100000e-13 0.000000e+00 8.100000e-13
8.200000e-01 8.200000e-01 1.200000e+00 -5.401063e-04 5.401063e-04 8.200000e-13 0.000000e+00 8.200000e-13
8.300000e-01 8.300000e-01 1.200000e+00 -5.404260e-04 5.404260e-04 8.300000e-13 0.000000e+00 8.300000e-13
8.400000e-01 8.400000e-01 1.200000e+00 -5.407399e-04 5.407399e-04 8.400000e-13 0.000000e+00 8.400000e-13
8.500000e-01 8.500000e-01 1.200000e+00 -5.410487e-04 5.410487e-04 8.500000e-13 0.000000e+00 8.500000e-13
8.600000e-01 8.600000e-01 1.200000e+00 -5.413529e-04 5.413529e-04 8.600000e-13 0.000000e+00 8.600000e-13
8.700000e-01 8.700000e-01 1.200000e+00 -5.416528e-04 5.416528e-04 8.700000e-13 0.000000e+00 8.700000e-13
8.800000e-01 8.800000e-01 1.200000e+00 -5.419490e-04 5.419490e-04 8.800000e-13 0.000000e+00 8.800000e-13
8.900000e-01 8.900000e-01 1.200000e+00 -5.422417e-04 5.422417e-04 8.900000e-13 0.000000e+00 8.900000e-13
9.000000e-01 9.000000e-01 1.200000e+00 -5.425313e-04 5.425313e-04 9.000000e-13 0.000000e+00 9.000000e-13
9.100000e-01 9.100000e-01 1.200000e+00 -5.428180e-04 5.428180e-04 9.100000e-13 0.000000e+00 9.100000e-13
9.200000e-01 9.200000e-01 1.200000e+00 -5.431022e-04 5.431022e-04 9.200000e-13 0.000000e+00 9.200000e-13
9.300000e-01 9.300000e-01 1.200000e+00 -5.433839e-04 5.433839e-04 9.300000e-13 0.000000e+00 9.300000e-13
9.400000e-01 9.400000e-01 1.200000e+00 -5.436634e-04 5.436634e-04 9.400000e-13 0.000000e+00 9.400000e-13
9.500000e-01 9.500000e-01 1.200000e+00 -5.439410e-04 5.439410e-04 9.500000e-13 0.000000e+00 9.500000e-13
9.600000e-01 9.600000e-01 1.200000e+00 -5.442167e-04 5.442167e-04 9.600000e-13 0.000000e+00 9.600000e-13
9.700000e-01 9.700000e-01 1.200000e+00 -5.444907e-04 5.444907e-04 9.700000e-13 0.000000e+00 9.700000e-13
9.800000e-01 9.800000e-01 1.200000e+00 -5.447631e-04 5.447631e-04 9.800000e-13 0.000000e+00 9.800000e-13
9.900000e-01 9.900000e-01 1.200000e+00 -5.450340e-04 5.450340e-04 9.900000e-13 0.000000e+00 9.900000e-13
1.000000e+00 1.000000e+00 1.200000e+00 -5.453036e-04 5.453036e-04 1.000000e-12 0.000000e+00 1.000000e-12
1.010000e+00 1.010000e+00 1.200000e+00 -5.455720e-04 5.455720e-04 1.010000e-12 0.000000e+00 1.010000e-12
1.020000e+00 1.020000e+00 1.200000e+00 -5.458391e-04 5.458391e-04 1.020000e-12 0.000000e+00 1.020000e-12
1.030000e+00 1.030000e+00 1.200000e+00 -5.461052e-04 5.461052e-04 1.030000e-12 0.000000e+00 1.030000e-12
1.040000e+00 1.040000e+00 1.200000e+00 -5.463703e-04 5.463703e-04 1.040000e-12 0.000000e+00 1.040000e-12
1.050000e+00 1.050000e+00 1.200000e+00 -5.466345e-04 5.466345e-04 1.050000e-12 0.000000e+00 1.050000e-12
1.060000e+00 1.060000e+00 1.200000e+00 -5.468977e-04 5.468977e-04 1.060000e-12 0.000000e+00 1.060000e-12
1.070000e+00 1.070000e+00 1.200000e+00 -5.471602e-04 5.471602e-04 1.070000e-12 0.000000e+00 1.070000e-12
1.080000e+00 1.080000e+00 1.200000e+00 -5.474218e-04 5.474218e-04 1.080000e-12 0.000000e+00 1.080000e-12
1.090000e+00 1.090000e+00 1.200000e+00 -5.476828e-04 5.476828e-04 1.090000e-12 0.000000e+00 1.090000e-12
1.100000e+00 1.100000e+00 1.200000e+00 -5.479430e-04 5.479430e-04 1.100000e-12 0.000000e+00 1.100000e-12
1.110000e+00 1.110000e+00 1.200000e+00 -5.482026e-04 5.482026e-04 1.110000e-12 0.000000e+00 1.110000e-12
1.120000e+00 1.120000e+00 1.200000e+00 -5.484617e-04 5.484617e-04 1.120000e-12 0.000000e+00 1.120000e-12
1.130000e+00 1.130000e+00 1.200000e+00 -5.487201e-04 5.487201e-04 1.130000e-12 0.000000e+00 1.130000e-12
1.140000e+00 1.140000e+00 1.200000e+00 -5.489780e-04 5.489780e-04 1.140000e-12 0.000000e+00 1.140000e-12
1.150000e+00 1.150000e+00 1.200000e+00 -5.492354e-04 5.492354e-04 1.150000e-12 0.000000e+00 1.150000e-12
1.160000e+00 1.160000e+00 1.200000e+00 -5.494923e-04 5.494923e-04 1.160000e-12 0.000000e+00 1.160000e-12
1.170000e+00 1.170000e+00 1.200000e+00 -5.497488e-04 5.497488e-04 1.170000e-12 0.000000e+00 1.170000e-12
1.180000e+00 1.180000e+00 1.200000e+00 -5.500049e-04 5.500049e-04 1.180000e-12 0.000000e+00 1.180000e-12
1.190000e+00 1.190000e+00 1.200000e+00 -5.502605e-04 5.502605e-04 1.190000e-12 0.000000e+00 1.190000e-12
1.200000e+00 1.200000e+00 1.200000e+00 -5.505158e-04 5.505158e-04 1.200000e-12 0.000000e+00 1.200000e-12