v(drain_bias) v(gate_bias) id_bias ig_bias is_bias ib_bias
0.0000000000e+00 0.0000000000e+00 -0.0000000000e+00 -0.0000000000e+00 -0.0000000000e+00 -0.0000000000e+00
0.0000000000e+00 6.0000000000e-01 -9.0650880899e-13 1.8130180517e-12 -9.0650880899e-13 -1.0896357251e-19
0.0000000000e+00 1.2000000000e+00 -2.9863308007e-11 5.9726886631e-11 -2.9863308007e-11 -2.7026060902e-16
0.0000000000e+00 0.0000000000e+00 -0.0000000000e+00 -0.0000000000e+00 -0.0000000000e+00 -0.0000000000e+00
0.0000000000e+00 6.0000000000e-01 -9.0650880899e-13 1.8130180517e-12 -9.0650880899e-13 -1.0896357251e-19
0.0000000000e+00 1.2000000000e+00 -2.9863308007e-11 5.9726886631e-11 -2.9863308007e-11 -2.7026060902e-16
0.0000000000e+00 0.0000000000e+00 -0.0000000000e+00 -0.0000000000e+00 -0.0000000000e+00 -0.0000000000e+00
0.0000000000e+00 6.0000000000e-01 -9.0650880899e-13 1.8130180517e-12 -9.0650880899e-13 -1.0896357251e-19
0.0000000000e+00 1.2000000000e+00 -2.9863308007e-11 5.9726886631e-11 -2.9863308007e-11 -2.7026060902e-16
