Title: * noise analysis
Date: 2026-07-20
Plotname: Noise Spectral Density Curves
Flags: real
No. Variables: 3
No. Points: 181
Variables:
	0	frequency	frequency	grid=3
	1	freq	frequency
	2	noise_spectrum	voltage-density
Values:
 0	1.000000000000000e+00
	1.000000000000000e+00
	3.495727329099798e-05
 1	1.122018454301963e+00
	1.122018454301963e+00
	3.495727256595150e-05
 2	1.258925411794167e+00
	1.258925411794167e+00
	3.495727165317214e-05
 3	1.412537544622754e+00
	1.412537544622754e+00
	3.495727050405117e-05
 4	1.584893192461113e+00
	1.584893192461113e+00
	3.495726905739387e-05
 5	1.778279410038922e+00
	1.778279410038922e+00
	3.495726723616065e-05
 6	1.995262314968879e+00
	1.995262314968879e+00
	3.495726494336455e-05
 7	2.238721138568339e+00
	2.238721138568339e+00
	3.495726205690633e-05
 8	2.511886431509579e+00
	2.511886431509579e+00
	3.495725842307242e-05
 9	2.818382931264452e+00
	2.818382931264452e+00
	3.495725384834927e-05
 10	3.162277660168377e+00
	3.162277660168377e+00
	3.495724808911830e-05
 11	3.548133892335751e+00
	3.548133892335751e+00
	3.495724083868282e-05
 12	3.981071705534969e+00
	3.981071705534969e+00
	3.495723171093604e-05
 13	4.466835921509626e+00
	4.466835921509626e+00
	3.495722021980060e-05
 14	5.011872336272718e+00
	5.011872336272718e+00
	3.495720575334504e-05
 15	5.623413251903484e+00
	5.623413251903484e+00
	3.495718754119911e-05
 16	6.309573444801925e+00
	6.309573444801925e+00
	3.495716461353322e-05
 17	7.079457843841370e+00
	7.079457843841370e+00
	3.495713574941891e-05
 18	7.943282347242804e+00
	7.943282347242804e+00
	3.495709941182138e-05
 19	8.912509381337442e+00
	8.912509381337442e+00
	3.495705366576499e-05
 20	9.999999999999984e+00
	9.999999999999984e+00
	3.495699607531770e-05
 21	1.122018454301961e+01
	1.122018454301961e+01
	3.495692357391467e-05
 22	1.258925411794165e+01
	1.258925411794165e+01
	3.495683230112506e-05
 23	1.412537544622752e+01
	1.412537544622752e+01
	3.495671739718510e-05
 24	1.584893192461110e+01
	1.584893192461110e+01
	3.495657274438032e-05
 25	1.778279410038919e+01
	1.778279410038919e+01
	3.495639064154407e-05
 26	1.995262314968875e+01
	1.995262314968875e+01
	3.495616139440025e-05
 27	2.238721138568335e+01
	2.238721138568335e+01
	3.495587280003362e-05
 28	2.511886431509575e+01
	2.511886431509575e+01
	3.495550949819034e-05
 29	2.818382931264447e+01
	2.818382931264447e+01
	3.495505215511094e-05
 30	3.162277660168372e+01
	3.162277660168372e+01
	3.495447643682501e-05
 31	3.548133892335746e+01
	3.548133892335746e+01
	3.495375171785381e-05
 32	3.981071705534962e+01
	3.981071705534962e+01
	3.495283945754030e-05
 33	4.466835921509619e+01
	4.466835921509619e+01
	3.495169115910059e-05
 34	5.011872336272709e+01
	5.011872336272709e+01
	3.495024580517871e-05
 35	5.623413251903474e+01
	5.623413251903474e+01
	3.494842663724813e-05
 36	6.309573444801914e+01
	6.309573444801914e+01
	3.494613711353405e-05
 37	7.079457843841358e+01
	7.079457843841358e+01
	3.494325583997765e-05
 38	7.943282347242791e+01
	7.943282347242791e+01
	3.493963021974451e-05
 39	8.912509381337428e+01
	8.912509381337428e+01
	3.493506850747807e-05
 40	9.999999999999969e+01
	9.999999999999969e+01
	3.492932988362362e-05
 41	1.122018454301960e+02
	1.122018454301960e+02
	3.492211208083747e-05
 42	1.258925411794163e+02
	1.258925411794163e+02
	3.491303599884043e-05
 43	1.412537544622750e+02
	1.412537544622750e+02
	3.490162663798211e-05
 44	1.584893192461108e+02
	1.584893192461108e+02
	3.488728957035200e-05
 45	1.778279410038917e+02
	1.778279410038917e+02
	3.486928206093686e-05
 46	1.995262314968873e+02
	1.995262314968873e+02
	3.484667786904570e-05
 47	2.238721138568332e+02
	2.238721138568332e+02
	3.481832473413621e-05
 48	2.511886431509571e+02
	2.511886431509571e+02
	3.478279363193902e-05
 49	2.818382931264443e+02
	2.818382931264443e+02
	3.473831915571767e-05
 50	3.162277660168368e+02
	3.162277660168368e+02
	3.468273094984155e-05
 51	3.548133892335741e+02
	3.548133892335741e+02
	3.461337715965985e-05
 52	3.981071705534957e+02
	3.981071705534957e+02
	3.452704257018314e-05
 53	4.466835921509614e+02
	4.466835921509614e+02
	3.441986672377411e-05
 54	5.011872336272703e+02
	5.011872336272703e+02
	3.428727105049035e-05
 55	5.623413251903468e+02
	5.623413251903468e+02
	3.412390899764317e-05
 56	6.309573444801906e+02
	6.309573444801906e+02
	3.392365905808921e-05
 57	7.079457843841349e+02
	7.079457843841349e+02
	3.367968658901499e-05
 58	7.943282347242780e+02
	7.943282347242780e+02
	3.338460452824306e-05
 59	8.912509381337416e+02
	8.912509381337416e+02
	3.303076250936810e-05
 60	9.999999999999955e+02
	9.999999999999955e+02
	3.261068449439013e-05
 61	1.122018454301958e+03
	1.122018454301958e+03
	3.211765325127231e-05
 62	1.258925411794161e+03
	1.258925411794161e+03
	3.154640495735282e-05
 63	1.412537544622747e+03
	1.412537544622747e+03
	3.089385396053701e-05
 64	1.584893192461106e+03
	1.584893192461106e+03
	3.015972904406723e-05
 65	1.778279410038914e+03
	1.778279410038914e+03
	2.934698655003739e-05
 66	1.995262314968869e+03
	1.995262314968869e+03
	2.846188794983377e-05
 67	2.238721138568328e+03
	2.238721138568328e+03
	2.751369215668332e-05
 68	2.511886431509567e+03
	2.511886431509567e+03
	2.651399910992756e-05
 69	2.818382931264438e+03
	2.818382931264438e+03
	2.547586025766475e-05
 70	3.162277660168362e+03
	3.162277660168362e+03
	2.441281460693103e-05
 71	3.548133892335735e+03
	3.548133892335735e+03
	2.333800402435583e-05
 72	3.981071705534950e+03
	3.981071705534950e+03
	2.226347771914703e-05
 73	4.466835921509605e+03
	4.466835921509605e+03
	2.119973559015853e-05
 74	5.011872336272693e+03
	5.011872336272693e+03
	2.015550550950918e-05
 75	5.623413251903457e+03
	5.623413251903457e+03
	1.913771361410875e-05
 76	6.309573444801895e+03
	6.309573444801895e+03
	1.815159154495095e-05
 77	7.079457843841336e+03
	7.079457843841336e+03
	1.720086553259961e-05
 78	7.943282347242766e+03
	7.943282347242766e+03
	1.628798222875704e-05
 79	8.912509381337401e+03
	8.912509381337401e+03
	1.541433917483547e-05
 80	9.999999999999938e+03
	9.999999999999938e+03
	1.458049995166068e-05
 81	1.122018454301956e+04
	1.122018454301956e+04
	1.378638362892870e-05
 82	1.258925411794159e+04
	1.258925411794159e+04
	1.303142479450580e-05
 83	1.412537544622745e+04
	1.412537544622745e+04
	1.231470458066611e-05
 84	1.584893192461103e+04
	1.584893192461103e+04
	1.163505535006762e-05
 85	1.778279410038911e+04
	1.778279410038911e+04
	1.099114267531564e-05
 86	1.995262314968866e+04
	1.995262314968866e+04
	1.038152843612910e-05
 87	2.238721138568325e+04
	2.238721138568325e+04
	9.804718619234538e-06
 88	2.511886431509563e+04
	2.511886431509563e+04
	9.259198967802667e-06
 89	2.818382931264435e+04
	2.818382931264435e+04
	8.743461127860840e-06
 90	3.162277660168357e+04
	3.162277660168357e+04
	8.256021454770683e-06
 91	3.548133892335730e+04
	3.548133892335730e+04
	7.795434210187578e-06
 92	3.981071705534944e+04
	3.981071705534944e+04
	7.360300512139088e-06
 93	4.466835921509599e+04
	4.466835921509599e+04
	6.949274098350284e-06
 94	5.011872336272686e+04
	5.011872336272686e+04
	6.561064719777563e-06
 95	5.623413251903449e+04
	5.623413251903449e+04
	6.194439789084184e-06
 96	6.309573444801885e+04
	6.309573444801885e+04
	5.848224758711418e-06
 97	7.079457843841326e+04
	7.079457843841326e+04
	5.521302587134392e-06
 98	7.943282347242754e+04
	7.943282347242754e+04
	5.212612562792869e-06
 99	8.912509381337385e+04
	8.912509381337385e+04
	4.921148687188334e-06
 100	9.999999999999920e+04
	9.999999999999920e+04
	4.645957766989349e-06
 101	1.122018454301954e+05
	1.122018454301954e+05
	4.386137325911751e-06
 102	1.258925411794157e+05
	1.258925411794157e+05
	4.140833417679531e-06
 103	1.412537544622743e+05
	1.412537544622743e+05
	3.909238399229977e-06
 104	1.584893192461100e+05
	1.584893192461100e+05
	3.690588706734801e-06
 105	1.778279410038908e+05
	1.778279410038908e+05
	3.484162664614560e-06
 106	1.995262314968862e+05
	1.995262314968862e+05
	3.289278348495160e-06
 107	2.238721138568320e+05
	2.238721138568320e+05
	3.105291516210213e-06
 108	2.511886431509558e+05
	2.511886431509558e+05
	2.931593615898440e-06
 109	2.818382931264429e+05
	2.818382931264429e+05
	2.767609876533785e-06
 110	3.162277660168351e+05
	3.162277660168351e+05
	2.612797483519533e-06
 111	3.548133892335723e+05
	3.548133892335723e+05
	2.466643840022700e-06
 112	3.981071705534937e+05
	3.981071705534937e+05
	2.328664913329943e-06
 113	4.466835921509591e+05
	4.466835921509591e+05
	2.198403664527910e-06
 114	5.011872336272677e+05
	5.011872336272677e+05
	2.075428559141547e-06
 115	5.623413251903439e+05
	5.623413251903439e+05
	1.959332155922814e-06
 116	6.309573444801874e+05
	6.309573444801874e+05
	1.849729770709087e-06
 117	7.079457843841313e+05
	7.079457843841313e+05
	1.746258212120171e-06
 118	7.943282347242740e+05
	7.943282347242740e+05
	1.648574585801478e-06
 119	8.912509381337371e+05
	8.912509381337371e+05
	1.556355163923584e-06
 120	9.999999999999905e+05
	9.999999999999905e+05
	1.469294316696192e-06
 121	1.122018454301953e+06
	1.122018454301953e+06
	1.387103502733777e-06
 122	1.258925411794155e+06
	1.258925411794155e+06
	1.309510315210504e-06
 123	1.412537544622740e+06
	1.412537544622740e+06
	1.236257580855874e-06
 124	1.584893192461098e+06
	1.584893192461098e+06
	1.167102508964413e-06
 125	1.778279410038905e+06
	1.778279410038905e+06
	1.101815887718543e-06
 126	1.995262314968860e+06
	1.995262314968860e+06
	1.040181325250616e-06
 127	2.238721138568317e+06
	2.238721138568317e+06
	9.819945329959284e-07
 128	2.511886431509554e+06
	2.511886431509554e+06
	9.270626490118398e-07
 129	2.818382931264425e+06
	2.818382931264425e+06
	8.752035990579747e-07
 130	3.162277660168346e+06
	3.162277660168346e+06
	8.262454933481483e-07
 131	3.548133892335718e+06
	3.548133892335718e+06
	7.800260569958078e-07
 132	3.981071705534931e+06
	3.981071705534931e+06
	7.363920922811179e-07
 133	4.466835921509584e+06
	4.466835921509584e+06
	6.951989709693076e-07
 134	5.011872336272670e+06
	5.011872336272670e+06
	6.563101550064986e-07
 135	5.623413251903431e+06
	5.623413251903431e+06
	6.195967440110566e-07
 136	6.309573444801864e+06
	6.309573444801864e+06
	5.849370480656274e-07
 137	7.079457843841302e+06
	7.079457843841302e+06
	5.522161843976280e-07
 138	7.943282347242728e+06
	7.943282347242728e+06
	5.213256966141900e-07
 139	8.912509381337358e+06
	8.912509381337358e+06
	4.921631952316001e-07
 140	9.999999999999890e+06
	9.999999999999890e+06
	4.646320183093354e-07
 141	1.122018454301951e+07
	1.122018454301951e+07
	4.386409110650301e-07
 142	1.258925411794153e+07
	1.258925411794153e+07
	4.141037234093221e-07
 143	1.412537544622738e+07
	1.412537544622738e+07
	3.909391243987015e-07
 144	1.584893192461096e+07
	1.584893192461096e+07
	3.690703326603940e-07
 145	1.778279410038903e+07
	1.778279410038903e+07
	3.484248618961217e-07
 146	1.995262314968857e+07
	1.995262314968857e+07
	3.289342806214731e-07
 147	2.238721138568314e+07
	2.238721138568314e+07
	3.105339853447276e-07
 148	2.511886431509551e+07
	2.511886431509551e+07
	2.931629864334714e-07
 149	2.818382931264421e+07
	2.818382931264421e+07
	2.767637059593601e-07
 150	3.162277660168342e+07
	3.162277660168342e+07
	2.612817868510521e-07
 151	3.548133892335713e+07
	3.548133892335713e+07
	2.466659127227995e-07
 152	3.981071705534925e+07
	3.981071705534925e+07
	2.328676377815515e-07
 153	4.466835921509578e+07
	4.466835921509578e+07
	2.198412262488175e-07
 154	5.011872336272663e+07
	5.011872336272663e+07
	2.075435007650667e-07
 155	5.623413251903423e+07
	5.623413251903423e+07
	1.959336992742076e-07
 156	6.309573444801856e+07
	6.309573444801856e+07
	1.849733399137931e-07
 157	7.079457843841292e+07
	7.079457843841292e+07
	1.746260934631280e-07
 158	7.943282347242716e+07
	7.943282347242716e+07
	1.648576629265075e-07
 159	8.912509381337343e+07
	8.912509381337343e+07
	1.556356698524591e-07
 160	9.999999999999873e+07
	9.999999999999873e+07
	1.469295470121889e-07
 161	1.122018454301949e+08
	1.122018454301949e+08
	1.387104370815104e-07
 162	1.258925411794151e+08
	1.258925411794151e+08
	1.309510969904312e-07
 163	1.412537544622736e+08
	1.412537544622736e+08
	1.236258076233593e-07
 164	1.584893192461093e+08
	1.584893192461093e+08
	1.167102885706266e-07
 165	1.778279410038899e+08
	1.778279410038899e+08
	1.101816176487693e-07
 166	1.995262314968853e+08
	1.995262314968853e+08
	1.040181549228131e-07
 167	2.238721138568310e+08
	2.238721138568310e+08
	9.819947097873197e-08
 168	2.511886431509547e+08
	2.511886431509547e+08
	9.270627920834149e-08
 169	2.818382931264416e+08
	2.818382931264416e+08
	8.752037188218336e-08
 170	3.162277660168337e+08
	3.162277660168337e+08
	8.262455979851972e-08
 171	3.548133892335706e+08
	3.548133892335706e+08
	7.800261530840726e-08
 172	3.981071705534918e+08
	3.981071705534918e+08
	7.363921852801530e-08
 173	4.466835921509570e+08
	4.466835921509570e+08
	6.951990655991809e-08
 174	5.011872336272654e+08
	5.011872336272654e+08
	6.563102555506801e-08
 175	5.623413251903414e+08
	5.623413251903414e+08
	6.195968545657526e-08
 176	6.309573444801846e+08
	6.309573444801846e+08
	5.849371727531278e-08
 177	7.079457843841281e+08
	7.079457843841281e+08
	5.522163275576147e-08
 178	7.943282347242705e+08
	7.943282347242705e+08
	5.213258629843889e-08
 179	8.912509381337330e+08
	8.912509381337330e+08
	4.921633901274024e-08
 180	1.000000000000000e+09
	1.000000000000000e+09
	4.646322478108929e-08
