v-sweep v(drain_iv) v(gate_iv) id is ib ig kcl
0.000000e+00 0.000000e+00 0.000000e+00 0.000000e+00 0.000000e+00 0.000000e+00 0.000000e+00 0.000000e+00
1.000000e-02 1.000000e-02 0.000000e+00 -1.375210e-10 6.069870e-11 7.682240e-11 0.000000e+00 1.000000e-16
2.000000e-02 2.000000e-02 0.000000e+00 -2.606814e-10 1.070367e-10 1.536447e-10 0.000000e+00 0.000000e+00
3.000000e-02 3.000000e-02 0.000000e+00 -3.695374e-10 1.390703e-10 2.304671e-10 0.000000e+00 0.000000e+00
4.000000e-02 4.000000e-02 0.000000e+00 -4.641434e-10 1.568540e-10 3.072894e-10 0.000000e+00 5.169879e-26
5.000000e-02 5.000000e-02 0.000000e+00 -5.449745e-10 1.608627e-10 3.841118e-10 0.000000e+00 5.169879e-26
6.000000e-02 6.000000e-02 0.000000e+00 -6.218068e-10 1.608727e-10 4.609341e-10 0.000000e+00 5.169879e-26
7.000000e-02 7.000000e-02 0.000000e+00 -6.986392e-10 1.608827e-10 5.377565e-10 0.000000e+00 0.000000e+00
8.000000e-02 8.000000e-02 0.000000e+00 -7.754715e-10 1.608927e-10 6.145788e-10 0.000000e+00 0.000000e+00
9.000000e-02 9.000000e-02 0.000000e+00 -8.523039e-10 1.609027e-10 6.914012e-10 0.000000e+00 1.033976e-25
1.000000e-01 1.000000e-01 0.000000e+00 -9.291362e-10 1.609127e-10 7.682235e-10 0.000000e+00 0.000000e+00
1.100000e-01 1.100000e-01 0.000000e+00 -1.006000e-09 1.609227e-10 8.450459e-10 0.000000e+00 3.140000e-14
1.200000e-01 1.200000e-01 0.000000e+00 -1.082800e-09 1.609327e-10 9.218682e-10 0.000000e+00 9.000000e-16
1.300000e-01 1.300000e-01 0.000000e+00 -1.159600e-09 1.609427e-10 9.986906e-10 0.000000e+00 3.330000e-14
1.400000e-01 1.400000e-01 0.000000e+00 -1.236500e-09 1.609527e-10 1.075500e-09 0.000000e+00 4.730000e-14
1.500000e-01 1.500000e-01 0.000000e+00 -1.313300e-09 1.609627e-10 1.152300e-09 0.000000e+00 3.730000e-14
1.600000e-01 1.600000e-01 0.000000e+00 -1.390100e-09 1.609727e-10 1.229200e-09 0.000000e+00 7.270000e-14
1.700000e-01 1.700000e-01 0.000000e+00 -1.467000e-09 1.609827e-10 1.306000e-09 0.000000e+00 1.730000e-14
1.800000e-01 1.800000e-01 0.000000e+00 -1.543800e-09 1.609927e-10 1.382800e-09 0.000000e+00 7.300000e-15
1.900000e-01 1.900000e-01 0.000000e+00 -1.620600e-09 1.610027e-10 1.459600e-09 0.000000e+00 2.700000e-15
2.000000e-01 2.000000e-01 0.000000e+00 -1.697500e-09 1.610127e-10 1.536400e-09 0.000000e+00 8.730000e-14
2.100000e-01 2.100000e-01 0.000000e+00 -1.774300e-09 1.610227e-10 1.613300e-09 0.000000e+00 2.270000e-14
2.200000e-01 2.200000e-01 0.000000e+00 -1.851100e-09 1.610327e-10 1.690100e-09 0.000000e+00 3.270000e-14
2.300000e-01 2.300000e-01 0.000000e+00 -1.928000e-09 1.610427e-10 1.766900e-09 0.000000e+00 5.730000e-14
2.400000e-01 2.400000e-01 0.000000e+00 -2.004800e-09 1.610527e-10 1.843700e-09 0.000000e+00 4.730000e-14
2.500000e-01 2.500000e-01 0.000000e+00 -2.081600e-09 1.610627e-10 1.920600e-09 0.000000e+00 6.270000e-14
2.600000e-01 2.600000e-01 0.000000e+00 -2.158500e-09 1.610727e-10 1.997400e-09 0.000000e+00 2.730000e-14
2.700000e-01 2.700000e-01 0.000000e+00 -2.235300e-09 1.610827e-10 2.074200e-09 0.000000e+00 1.730000e-14
2.800000e-01 2.800000e-01 0.000000e+00 -2.312100e-09 1.610927e-10 2.151000e-09 0.000000e+00 7.300000e-15
2.900000e-01 2.900000e-01 0.000000e+00 -2.389000e-09 1.611027e-10 2.227800e-09 0.000000e+00 9.730000e-14
3.000000e-01 3.000000e-01 0.000000e+00 -2.465800e-09 1.611127e-10 2.304700e-09 0.000000e+00 1.270000e-14
3.100000e-01 3.100000e-01 0.000000e+00 -2.542600e-09 1.611227e-10 2.381500e-09 0.000000e+00 2.270000e-14
3.200000e-01 3.200000e-01 0.000000e+00 -2.619400e-09 1.611327e-10 2.458300e-09 0.000000e+00 3.270000e-14
3.300000e-01 3.300000e-01 0.000000e+00 -2.696300e-09 1.611427e-10 2.535100e-09 0.000000e+00 5.730000e-14
3.400000e-01 3.400000e-01 0.000000e+00 -2.773100e-09 1.611527e-10 2.612000e-09 0.000000e+00 5.270000e-14
3.500000e-01 3.500000e-01 0.000000e+00 -2.849900e-09 1.611627e-10 2.688800e-09 0.000000e+00 6.270000e-14
3.600000e-01 3.600000e-01 0.000000e+00 -2.926800e-09 1.611727e-10 2.765600e-09 0.000000e+00 2.730000e-14
3.700000e-01 3.700000e-01 0.000000e+00 -3.003600e-09 1.611827e-10 2.842400e-09 0.000000e+00 1.730000e-14
3.800000e-01 3.800000e-01 0.000000e+00 -3.080400e-09 1.611927e-10 2.919200e-09 0.000000e+00 7.300000e-15
3.900000e-01 3.900000e-01 0.000000e+00 -3.157300e-09 1.612027e-10 2.996100e-09 0.000000e+00 2.700000e-15
4.000000e-01 4.000000e-01 0.000000e+00 -3.234100e-09 1.612127e-10 3.072900e-09 0.000000e+00 1.270000e-14
4.100000e-01 4.100000e-01 0.000000e+00 -3.310900e-09 1.612227e-10 3.149700e-09 0.000000e+00 2.270000e-14
4.200000e-01 4.200000e-01 0.000000e+00 -3.387800e-09 1.612327e-10 3.226500e-09 0.000000e+00 6.730000e-14
4.300000e-01 4.300000e-01 0.000000e+00 -3.464600e-09 1.612427e-10 3.303400e-09 0.000000e+00 4.270000e-14
4.400000e-01 4.400000e-01 0.000000e+00 -3.541400e-09 1.612527e-10 3.380200e-09 0.000000e+00 5.270000e-14
4.500000e-01 4.500000e-01 0.000000e+00 -3.618300e-09 1.612627e-10 3.457000e-09 0.000000e+00 3.730000e-14
4.600000e-01 4.600000e-01 0.000000e+00 -3.695100e-09 1.612727e-10 3.533800e-09 0.000000e+00 2.730000e-14
4.700000e-01 4.700000e-01 0.000000e+00 -3.771900e-09 1.612827e-10 3.610700e-09 0.000000e+00 8.270000e-14
4.800000e-01 4.800000e-01 0.000000e+00 -3.848800e-09 1.612927e-10 3.687500e-09 0.000000e+00 7.300000e-15
4.900000e-01 4.900000e-01 0.000000e+00 -3.925600e-09 1.613027e-10 3.764300e-09 0.000000e+00 2.700000e-15
5.000000e-01 5.000000e-01 0.000000e+00 -4.002400e-09 1.613127e-10 3.841100e-09 0.000000e+00 1.270000e-14
5.100000e-01 5.100000e-01 0.000000e+00 -4.079300e-09 1.613227e-10 3.917900e-09 0.000000e+00 7.730000e-14
5.200000e-01 5.200000e-01 0.000000e+00 -4.156100e-09 1.613327e-10 3.994800e-09 0.000000e+00 3.270000e-14
5.300000e-01 5.300000e-01 0.000000e+00 -4.232900e-09 1.613427e-10 4.071600e-09 0.000000e+00 4.270000e-14
5.400000e-01 5.400000e-01 0.000000e+00 -4.309800e-09 1.613527e-10 4.148400e-09 0.000000e+00 4.730000e-14
5.500000e-01 5.500000e-01 0.000000e+00 -4.386600e-09 1.613627e-10 4.225200e-09 0.000000e+00 3.730000e-14
5.600000e-01 5.600000e-01 0.000000e+00 -4.463400e-09 1.613727e-10 4.302100e-09 0.000000e+00 7.270000e-14
5.700000e-01 5.700000e-01 0.000000e+00 -4.540300e-09 1.613827e-10 4.378900e-09 0.000000e+00 1.730000e-14
5.800000e-01 5.800000e-01 0.000000e+00 -4.617100e-09 1.613927e-10 4.455700e-09 0.000000e+00 7.300000e-15
5.900000e-01 5.900000e-01 0.000000e+00 -4.693900e-09 1.614027e-10 4.532500e-09 0.000000e+00 2.700000e-15
6.000000e-01 6.000000e-01 0.000000e+00 -4.770800e-09 1.614127e-10 4.609300e-09 0.000000e+00 8.730000e-14
6.100000e-01 6.100000e-01 0.000000e+00 -4.847600e-09 1.614227e-10 4.686200e-09 0.000000e+00 2.270000e-14
6.200000e-01 6.200000e-01 0.000000e+00 -4.924400e-09 1.614327e-10 4.763000e-09 0.000000e+00 3.270000e-14
6.300000e-01 6.300000e-01 0.000000e+00 -5.001300e-09 1.614427e-10 4.839800e-09 0.000000e+00 5.730000e-14
6.400000e-01 6.400000e-01 0.000000e+00 -5.078100e-09 1.614527e-10 4.916600e-09 0.000000e+00 4.730000e-14
6.500000e-01 6.500000e-01 0.000000e+00 -5.154900e-09 1.614627e-10 4.993500e-09 0.000000e+00 6.270000e-14
6.600000e-01 6.600000e-01 0.000000e+00 -5.231700e-09 1.614727e-10 5.070300e-09 0.000000e+00 7.270000e-14
6.700000e-01 6.700000e-01 0.000000e+00 -5.308600e-09 1.614827e-10 5.147100e-09 0.000000e+00 1.730000e-14
6.800000e-01 6.800000e-01 0.000000e+00 -5.385400e-09 1.614927e-10 5.223900e-09 0.000000e+00 7.300000e-15
6.900000e-01 6.900000e-01 0.000000e+00 -5.462200e-09 1.615027e-10 5.300700e-09 0.000000e+00 2.700000e-15
7.000000e-01 7.000000e-01 0.000000e+00 -5.539100e-09 1.615127e-10 5.377600e-09 0.000000e+00 1.270000e-14
7.100000e-01 7.100000e-01 0.000000e+00 -5.615900e-09 1.615227e-10 5.454400e-09 0.000000e+00 2.270000e-14
7.200000e-01 7.200000e-01 0.000000e+00 -5.692700e-09 1.615327e-10 5.531200e-09 0.000000e+00 3.270000e-14
7.300000e-01 7.300000e-01 0.000000e+00 -5.769600e-09 1.615427e-10 5.608000e-09 0.000000e+00 5.730000e-14
7.400000e-01 7.400000e-01 0.000000e+00 -5.846400e-09 1.615527e-10 5.684900e-09 0.000000e+00 5.270000e-14
7.500000e-01 7.500000e-01 0.000000e+00 -5.923200e-09 1.615627e-10 5.761700e-09 0.000000e+00 6.270000e-14
7.600000e-01 7.600000e-01 0.000000e+00 -6.000100e-09 1.615727e-10 5.838500e-09 0.000000e+00 2.730000e-14
7.700000e-01 7.700000e-01 0.000000e+00 -6.076900e-09 1.615827e-10 5.915300e-09 0.000000e+00 1.730000e-14
7.800000e-01 7.800000e-01 0.000000e+00 -6.153700e-09 1.615927e-10 5.992100e-09 0.000000e+00 7.300000e-15
7.900000e-01 7.900000e-01 0.000000e+00 -6.230600e-09 1.616027e-10 6.069000e-09 0.000000e+00 2.700000e-15
8.000000e-01 8.000000e-01 0.000000e+00 -6.307400e-09 1.616127e-10 6.145800e-09 0.000000e+00 1.270000e-14
8.100000e-01 8.100000e-01 0.000000e+00 -6.384200e-09 1.616227e-10 6.222600e-09 0.000000e+00 2.270000e-14
8.200000e-01 8.200000e-01 0.000000e+00 -6.461100e-09 1.616327e-10 6.299400e-09 0.000000e+00 6.730000e-14
8.300000e-01 8.300000e-01 0.000000e+00 -6.537900e-09 1.616427e-10 6.376300e-09 0.000000e+00 4.270000e-14
8.400000e-01 8.400000e-01 0.000000e+00 -6.614700e-09 1.616527e-10 6.453100e-09 0.000000e+00 5.270000e-14
8.500000e-01 8.500000e-01 0.000000e+00 -6.691600e-09 1.616627e-10 6.529900e-09 0.000000e+00 3.730000e-14
8.600000e-01 8.600000e-01 0.000000e+00 -6.768400e-09 1.616727e-10 6.606700e-09 0.000000e+00 2.730000e-14
8.700000e-01 8.700000e-01 0.000000e+00 -6.845200e-09 1.616827e-10 6.683500e-09 0.000000e+00 1.730000e-14
8.800000e-01 8.800000e-01 0.000000e+00 -6.922100e-09 1.616927e-10 6.760400e-09 0.000000e+00 7.300000e-15
8.900000e-01 8.900000e-01 0.000000e+00 -6.998900e-09 1.617027e-10 6.837200e-09 0.000000e+00 2.700000e-15
9.000000e-01 9.000000e-01 0.000000e+00 -7.075700e-09 1.617127e-10 6.914000e-09 0.000000e+00 1.270000e-14
9.100000e-01 9.100000e-01 0.000000e+00 -7.152600e-09 1.617227e-10 6.990800e-09 0.000000e+00 7.730000e-14
9.200000e-01 9.200000e-01 0.000000e+00 -7.229400e-09 1.617327e-10 7.067700e-09 0.000000e+00 3.270000e-14
9.300000e-01 9.300000e-01 0.000000e+00 -7.306200e-09 1.617427e-10 7.144500e-09 0.000000e+00 4.270000e-14
9.400000e-01 9.400000e-01 0.000000e+00 -7.383100e-09 1.617527e-10 7.221300e-09 0.000000e+00 4.730000e-14
9.500000e-01 9.500000e-01 0.000000e+00 -7.459900e-09 1.617627e-10 7.298100e-09 0.000000e+00 3.730000e-14
9.600000e-01 9.600000e-01 0.000000e+00 -7.536700e-09 1.617727e-10 7.374900e-09 0.000000e+00 2.730000e-14
9.700000e-01 9.700000e-01 0.000000e+00 -7.613600e-09 1.617827e-10 7.451800e-09 0.000000e+00 1.730000e-14
9.800000e-01 9.800000e-01 0.000000e+00 -7.690400e-09 1.617927e-10 7.528600e-09 0.000000e+00 7.300000e-15
9.900000e-01 9.900000e-01 0.000000e+00 -7.767200e-09 1.618027e-10 7.605400e-09 0.000000e+00 2.700000e-15
1.000000e+00 1.000000e+00 0.000000e+00 -7.844000e-09 1.618127e-10 7.682200e-09 0.000000e+00 1.270000e-14
1.010000e+00 1.010000e+00 0.000000e+00 -7.920900e-09 1.618227e-10 7.759100e-09 0.000000e+00 2.270000e-14
1.020000e+00 1.020000e+00 0.000000e+00 -7.997700e-09 1.618327e-10 7.835900e-09 0.000000e+00 3.270000e-14
1.030000e+00 1.030000e+00 0.000000e+00 -8.074500e-09 1.618427e-10 7.912700e-09 0.000000e+00 4.270000e-14
1.040000e+00 1.040000e+00 0.000000e+00 -8.151400e-09 1.618527e-10 7.989500e-09 0.000000e+00 4.730000e-14
1.050000e+00 1.050000e+00 0.000000e+00 -8.228200e-09 1.618627e-10 8.066300e-09 0.000000e+00 3.730000e-14
1.060000e+00 1.060000e+00 0.000000e+00 -8.305000e-09 1.618727e-10 8.143200e-09 0.000000e+00 7.270000e-14
1.070000e+00 1.070000e+00 0.000000e+00 -8.381900e-09 1.618827e-10 8.220000e-09 0.000000e+00 1.730000e-14
1.080000e+00 1.080000e+00 0.000000e+00 -8.458700e-09 1.618927e-10 8.296800e-09 0.000000e+00 7.300000e-15
1.090000e+00 1.090000e+00 0.000000e+00 -8.535500e-09 1.619027e-10 8.373600e-09 0.000000e+00 2.700000e-15
1.100000e+00 1.100000e+00 0.000000e+00 -8.612400e-09 1.619127e-10 8.450500e-09 0.000000e+00 1.270000e-14
1.110000e+00 1.110000e+00 0.000000e+00 -8.689200e-09 1.619227e-10 8.527300e-09 0.000000e+00 2.270000e-14
1.120000e+00 1.120000e+00 0.000000e+00 -8.766000e-09 1.619327e-10 8.604100e-09 0.000000e+00 3.270000e-14
1.130000e+00 1.130000e+00 0.000000e+00 -8.842900e-09 1.619427e-10 8.680900e-09 0.000000e+00 5.730000e-14
1.140000e+00 1.140000e+00 0.000000e+00 -8.919700e-09 1.619527e-10 8.757700e-09 0.000000e+00 4.730000e-14
1.150000e+00 1.150000e+00 0.000000e+00 -8.996500e-09 1.619627e-10 8.834600e-09 0.000000e+00 6.270000e-14
1.160000e+00 1.160000e+00 0.000000e+00 -9.073400e-09 1.619727e-10 8.911400e-09 0.000000e+00 2.730000e-14
1.170000e+00 1.170000e+00 0.000000e+00 -9.150200e-09 1.619827e-10 8.988200e-09 0.000000e+00 1.730000e-14
1.180000e+00 1.180000e+00 0.000000e+00 -9.227000e-09 1.619927e-10 9.065000e-09 0.000000e+00 7.300000e-15
1.190000e+00 1.190000e+00 0.000000e+00 -9.303900e-09 1.620027e-10 9.141900e-09 0.000000e+00 2.700000e-15
1.200000e+00 1.200000e+00 0.000000e+00 -9.380700e-09 1.620127e-10 9.218700e-09 0.000000e+00 1.270000e-14
0.000000e+00 0.000000e+00 2.000000e-01 0.000000e+00 0.000000e+00 0.000000e+00 0.000000e+00 0.000000e+00
1.000000e-02 1.000000e-02 2.000000e-01 -9.502415e-10 8.734191e-10 7.682240e-11 0.000000e+00 1.163223e-25
2.000000e-02 2.000000e-02 2.000000e-01 -1.693800e-09 1.540200e-09 1.536447e-10 0.000000e+00 4.470000e-14
3.000000e-02 3.000000e-02 2.000000e-01 -2.231500e-09 2.001000e-09 2.304671e-10 0.000000e+00 3.290000e-14
4.000000e-02 4.000000e-02 2.000000e-01 -2.564100e-09 2.256800e-09 3.072894e-10 0.000000e+00 1.060000e-14
5.000000e-02 5.000000e-02 2.000000e-01 -2.698500e-09 2.314400e-09 3.841118e-10 0.000000e+00 1.180000e-14
6.000000e-02 6.000000e-02 2.000000e-01 -2.775400e-09 2.314400e-09 4.609341e-10 0.000000e+00 6.590000e-14
7.000000e-02 7.000000e-02 2.000000e-01 -2.852200e-09 2.314400e-09 5.377565e-10 0.000000e+00 4.350000e-14
8.000000e-02 8.000000e-02 2.000000e-01 -2.929000e-09 2.314400e-09 6.145788e-10 0.000000e+00 2.120000e-14
9.000000e-02 9.000000e-02 2.000000e-01 -3.005800e-09 2.314400e-09 6.914012e-10 0.000000e+00 1.200000e-15
1.000000e-01 1.000000e-01 2.000000e-01 -3.082700e-09 2.314500e-09 7.682235e-10 0.000000e+00 2.350000e-14
1.100000e-01 1.100000e-01 2.000000e-01 -3.159500e-09 2.314500e-09 8.450459e-10 0.000000e+00 4.590000e-14
1.200000e-01 1.200000e-01 2.000000e-01 -3.236300e-09 2.314500e-09 9.218682e-10 0.000000e+00 6.820000e-14
1.300000e-01 1.300000e-01 2.000000e-01 -3.313200e-09 2.314500e-09 9.986906e-10 0.000000e+00 9.400000e-15
1.400000e-01 1.400000e-01 2.000000e-01 -3.390000e-09 2.314500e-09 1.075500e-09 0.000000e+00 6.203855e-25
1.500000e-01 1.500000e-01 2.000000e-01 -3.466800e-09 2.314500e-09 1.152300e-09 0.000000e+00 4.135903e-25
1.600000e-01 1.600000e-01 2.000000e-01 -3.543700e-09 2.314500e-09 1.229200e-09 0.000000e+00 2.067952e-25
1.700000e-01 1.700000e-01 2.000000e-01 -3.620500e-09 2.314500e-09 1.306000e-09 0.000000e+00 2.067952e-25
1.800000e-01 1.800000e-01 2.000000e-01 -3.697300e-09 2.314500e-09 1.382800e-09 0.000000e+00 2.067952e-25
1.900000e-01 1.900000e-01 2.000000e-01 -3.774200e-09 2.314500e-09 1.459600e-09 0.000000e+00 1.000000e-13
2.000000e-01 2.000000e-01 2.000000e-01 -3.851000e-09 2.314600e-09 1.536400e-09 0.000000e+00 2.067952e-25
2.100000e-01 2.100000e-01 2.000000e-01 -3.927800e-09 2.314600e-09 1.613300e-09 0.000000e+00 1.000000e-13
2.200000e-01 2.200000e-01 2.000000e-01 -4.004700e-09 2.314600e-09 1.690100e-09 0.000000e+00 6.203855e-25
2.300000e-01 2.300000e-01 2.000000e-01 -4.081500e-09 2.314600e-09 1.766900e-09 0.000000e+00 2.067952e-25
2.400000e-01 2.400000e-01 2.000000e-01 -4.158300e-09 2.314600e-09 1.843700e-09 0.000000e+00 6.203855e-25
2.500000e-01 2.500000e-01 2.000000e-01 -4.235200e-09 2.314600e-09 1.920600e-09 0.000000e+00 0.000000e+00
2.600000e-01 2.600000e-01 2.000000e-01 -4.312000e-09 2.314600e-09 1.997400e-09 0.000000e+00 4.135903e-25
2.700000e-01 2.700000e-01 2.000000e-01 -4.388800e-09 2.314600e-09 2.074200e-09 0.000000e+00 0.000000e+00
2.800000e-01 2.800000e-01 2.000000e-01 -4.465700e-09 2.314600e-09 2.151000e-09 0.000000e+00 1.000000e-13
2.900000e-01 2.900000e-01 2.000000e-01 -4.542500e-09 2.314600e-09 2.227800e-09 0.000000e+00 1.000000e-13
3.000000e-01 3.000000e-01 2.000000e-01 -4.619300e-09 2.314700e-09 2.304700e-09 0.000000e+00 1.000000e-13
3.100000e-01 3.100000e-01 2.000000e-01 -4.696200e-09 2.314700e-09 2.381500e-09 0.000000e+00 0.000000e+00
3.200000e-01 3.200000e-01 2.000000e-01 -4.773000e-09 2.314700e-09 2.458300e-09 0.000000e+00 4.135903e-25
3.300000e-01 3.300000e-01 2.000000e-01 -4.849800e-09 2.314700e-09 2.535100e-09 0.000000e+00 0.000000e+00
3.400000e-01 3.400000e-01 2.000000e-01 -4.926700e-09 2.314700e-09 2.612000e-09 0.000000e+00 0.000000e+00
3.500000e-01 3.500000e-01 2.000000e-01 -5.003500e-09 2.314700e-09 2.688800e-09 0.000000e+00 4.135903e-25
3.600000e-01 3.600000e-01 2.000000e-01 -5.080300e-09 2.314700e-09 2.765600e-09 0.000000e+00 0.000000e+00
3.700000e-01 3.700000e-01 2.000000e-01 -5.157200e-09 2.314700e-09 2.842400e-09 0.000000e+00 1.000000e-13
3.800000e-01 3.800000e-01 2.000000e-01 -5.234000e-09 2.314700e-09 2.919200e-09 0.000000e+00 1.000000e-13
3.900000e-01 3.900000e-01 2.000000e-01 -5.310800e-09 2.314700e-09 2.996100e-09 0.000000e+00 4.135903e-25
4.000000e-01 4.000000e-01 2.000000e-01 -5.387700e-09 2.314800e-09 3.072900e-09 0.000000e+00 4.135903e-25
4.100000e-01 4.100000e-01 2.000000e-01 -5.464500e-09 2.314800e-09 3.149700e-09 0.000000e+00 0.000000e+00
4.200000e-01 4.200000e-01 2.000000e-01 -5.541300e-09 2.314800e-09 3.226500e-09 0.000000e+00 4.135903e-25
4.300000e-01 4.300000e-01 2.000000e-01 -5.618100e-09 2.314800e-09 3.303400e-09 0.000000e+00 1.000000e-13
4.400000e-01 4.400000e-01 2.000000e-01 -5.695000e-09 2.314800e-09 3.380200e-09 0.000000e+00 4.135903e-25
4.500000e-01 4.500000e-01 2.000000e-01 -5.771800e-09 2.314800e-09 3.457000e-09 0.000000e+00 0.000000e+00
4.600000e-01 4.600000e-01 2.000000e-01 -5.848600e-09 2.314800e-09 3.533800e-09 0.000000e+00 4.135903e-25
4.700000e-01 4.700000e-01 2.000000e-01 -5.925500e-09 2.314800e-09 3.610700e-09 0.000000e+00 0.000000e+00
4.800000e-01 4.800000e-01 2.000000e-01 -6.002300e-09 2.314800e-09 3.687500e-09 0.000000e+00 4.135903e-25
4.900000e-01 4.900000e-01 2.000000e-01 -6.079100e-09 2.314800e-09 3.764300e-09 0.000000e+00 0.000000e+00
5.000000e-01 5.000000e-01 2.000000e-01 -6.156000e-09 2.314900e-09 3.841100e-09 0.000000e+00 0.000000e+00
5.100000e-01 5.100000e-01 2.000000e-01 -6.232800e-09 2.314900e-09 3.917900e-09 0.000000e+00 0.000000e+00
5.200000e-01 5.200000e-01 2.000000e-01 -6.309600e-09 2.314900e-09 3.994800e-09 0.000000e+00 1.000000e-13
5.300000e-01 5.300000e-01 2.000000e-01 -6.386500e-09 2.314900e-09 4.071600e-09 0.000000e+00 8.271806e-25
5.400000e-01 5.400000e-01 2.000000e-01 -6.463300e-09 2.314900e-09 4.148400e-09 0.000000e+00 0.000000e+00
5.500000e-01 5.500000e-01 2.000000e-01 -6.540100e-09 2.314900e-09 4.225200e-09 0.000000e+00 0.000000e+00
5.600000e-01 5.600000e-01 2.000000e-01 -6.617000e-09 2.314900e-09 4.302100e-09 0.000000e+00 8.271806e-25
5.700000e-01 5.700000e-01 2.000000e-01 -6.693800e-09 2.314900e-09 4.378900e-09 0.000000e+00 0.000000e+00
5.800000e-01 5.800000e-01 2.000000e-01 -6.770600e-09 2.314900e-09 4.455700e-09 0.000000e+00 0.000000e+00
5.900000e-01 5.900000e-01 2.000000e-01 -6.847500e-09 2.314900e-09 4.532500e-09 0.000000e+00 1.000000e-13
6.000000e-01 6.000000e-01 2.000000e-01 -6.924300e-09 2.315000e-09 4.609300e-09 0.000000e+00 8.271806e-25
6.100000e-01 6.100000e-01 2.000000e-01 -7.001100e-09 2.315000e-09 4.686200e-09 0.000000e+00 1.000000e-13
6.200000e-01 6.200000e-01 2.000000e-01 -7.078000e-09 2.315000e-09 4.763000e-09 0.000000e+00 8.271806e-25
6.300000e-01 6.300000e-01 2.000000e-01 -7.154800e-09 2.315000e-09 4.839800e-09 0.000000e+00 8.271806e-25
6.400000e-01 6.400000e-01 2.000000e-01 -7.231600e-09 2.315000e-09 4.916600e-09 0.000000e+00 0.000000e+00
6.500000e-01 6.500000e-01 2.000000e-01 -7.308500e-09 2.315000e-09 4.993500e-09 0.000000e+00 8.271806e-25
6.600000e-01 6.600000e-01 2.000000e-01 -7.385300e-09 2.315000e-09 5.070300e-09 0.000000e+00 0.000000e+00
6.700000e-01 6.700000e-01 2.000000e-01 -7.462100e-09 2.315000e-09 5.147100e-09 0.000000e+00 1.654361e-24
6.800000e-01 6.800000e-01 2.000000e-01 -7.539000e-09 2.315000e-09 5.223900e-09 0.000000e+00 1.000000e-13
6.900000e-01 6.900000e-01 2.000000e-01 -7.615800e-09 2.315000e-09 5.300700e-09 0.000000e+00 1.000000e-13
7.000000e-01 7.000000e-01 2.000000e-01 -7.692600e-09 2.315100e-09 5.377600e-09 0.000000e+00 1.000000e-13
7.100000e-01 7.100000e-01 2.000000e-01 -7.769500e-09 2.315100e-09 5.454400e-09 0.000000e+00 8.271806e-25
7.200000e-01 7.200000e-01 2.000000e-01 -7.846300e-09 2.315100e-09 5.531200e-09 0.000000e+00 8.271806e-25
7.300000e-01 7.300000e-01 2.000000e-01 -7.923100e-09 2.315100e-09 5.608000e-09 0.000000e+00 0.000000e+00
7.400000e-01 7.400000e-01 2.000000e-01 -8.000000e-09 2.315100e-09 5.684900e-09 0.000000e+00 0.000000e+00
7.500000e-01 7.500000e-01 2.000000e-01 -8.076800e-09 2.315100e-09 5.761700e-09 0.000000e+00 0.000000e+00
7.600000e-01 7.600000e-01 2.000000e-01 -8.153600e-09 2.315100e-09 5.838500e-09 0.000000e+00 8.271806e-25
7.700000e-01 7.700000e-01 2.000000e-01 -8.230400e-09 2.315100e-09 5.915300e-09 0.000000e+00 8.271806e-25
7.800000e-01 7.800000e-01 2.000000e-01 -8.307300e-09 2.315100e-09 5.992100e-09 0.000000e+00 1.000000e-13
7.900000e-01 7.900000e-01 2.000000e-01 -8.384100e-09 2.315100e-09 6.069000e-09 0.000000e+00 8.271806e-25
8.000000e-01 8.000000e-01 2.000000e-01 -8.460900e-09 2.315200e-09 6.145800e-09 0.000000e+00 1.000000e-13
8.100000e-01 8.100000e-01 2.000000e-01 -8.537800e-09 2.315200e-09 6.222600e-09 0.000000e+00 0.000000e+00
8.200000e-01 8.200000e-01 2.000000e-01 -8.614600e-09 2.315200e-09 6.299400e-09 0.000000e+00 1.654361e-24
8.300000e-01 8.300000e-01 2.000000e-01 -8.691400e-09 2.315200e-09 6.376300e-09 0.000000e+00 1.000000e-13
8.400000e-01 8.400000e-01 2.000000e-01 -8.768300e-09 2.315200e-09 6.453100e-09 0.000000e+00 0.000000e+00
8.500000e-01 8.500000e-01 2.000000e-01 -8.845100e-09 2.315200e-09 6.529900e-09 0.000000e+00 8.271806e-25
8.600000e-01 8.600000e-01 2.000000e-01 -8.921900e-09 2.315200e-09 6.606700e-09 0.000000e+00 8.271806e-25
8.700000e-01 8.700000e-01 2.000000e-01 -8.998800e-09 2.315200e-09 6.683500e-09 0.000000e+00 1.000000e-13
8.800000e-01 8.800000e-01 2.000000e-01 -9.075600e-09 2.315200e-09 6.760400e-09 0.000000e+00 8.271806e-25
8.900000e-01 8.900000e-01 2.000000e-01 -9.152400e-09 2.315200e-09 6.837200e-09 0.000000e+00 8.271806e-25
9.000000e-01 9.000000e-01 2.000000e-01 -9.229300e-09 2.315300e-09 6.914000e-09 0.000000e+00 0.000000e+00
9.100000e-01 9.100000e-01 2.000000e-01 -9.306100e-09 2.315300e-09 6.990800e-09 0.000000e+00 0.000000e+00
9.200000e-01 9.200000e-01 2.000000e-01 -9.382900e-09 2.315300e-09 7.067700e-09 0.000000e+00 1.000000e-13
9.300000e-01 9.300000e-01 2.000000e-01 -9.459800e-09 2.315300e-09 7.144500e-09 0.000000e+00 0.000000e+00
9.400000e-01 9.400000e-01 2.000000e-01 -9.536600e-09 2.315300e-09 7.221300e-09 0.000000e+00 8.271806e-25
9.500000e-01 9.500000e-01 2.000000e-01 -9.613400e-09 2.315300e-09 7.298100e-09 0.000000e+00 8.271806e-25
9.600000e-01 9.600000e-01 2.000000e-01 -9.690300e-09 2.315300e-09 7.374900e-09 0.000000e+00 1.000000e-13
9.700000e-01 9.700000e-01 2.000000e-01 -9.767100e-09 2.315300e-09 7.451800e-09 0.000000e+00 1.654361e-24
9.800000e-01 9.800000e-01 2.000000e-01 -9.843900e-09 2.315300e-09 7.528600e-09 0.000000e+00 1.654361e-24
9.900000e-01 9.900000e-01 2.000000e-01 -9.920800e-09 2.315300e-09 7.605400e-09 0.000000e+00 1.000000e-13
1.000000e+00 1.000000e+00 2.000000e-01 -9.997600e-09 2.315400e-09 7.682200e-09 0.000000e+00 1.654361e-24
1.010000e+00 1.010000e+00 2.000000e-01 -1.007440e-08 2.315400e-09 7.759100e-09 0.000000e+00 1.000000e-13
1.020000e+00 1.020000e+00 2.000000e-01 -1.015130e-08 2.315400e-09 7.835900e-09 0.000000e+00 1.654361e-24
1.030000e+00 1.030000e+00 2.000000e-01 -1.022810e-08 2.315400e-09 7.912700e-09 0.000000e+00 0.000000e+00
1.040000e+00 1.040000e+00 2.000000e-01 -1.030490e-08 2.315400e-09 7.989500e-09 0.000000e+00 0.000000e+00
1.050000e+00 1.050000e+00 2.000000e-01 -1.038180e-08 2.315400e-09 8.066300e-09 0.000000e+00 1.000000e-13
1.060000e+00 1.060000e+00 2.000000e-01 -1.045860e-08 2.315400e-09 8.143200e-09 0.000000e+00 0.000000e+00
1.070000e+00 1.070000e+00 2.000000e-01 -1.053540e-08 2.315400e-09 8.220000e-09 0.000000e+00 1.654361e-24
1.080000e+00 1.080000e+00 2.000000e-01 -1.061230e-08 2.315400e-09 8.296800e-09 0.000000e+00 1.000000e-13
1.090000e+00 1.090000e+00 2.000000e-01 -1.068910e-08 2.315400e-09 8.373600e-09 0.000000e+00 1.000000e-13
1.100000e+00 1.100000e+00 2.000000e-01 -1.076590e-08 2.315500e-09 8.450500e-09 0.000000e+00 1.000000e-13
1.110000e+00 1.110000e+00 2.000000e-01 -1.084270e-08 2.315500e-09 8.527300e-09 0.000000e+00 1.000000e-13
1.120000e+00 1.120000e+00 2.000000e-01 -1.091960e-08 2.315500e-09 8.604100e-09 0.000000e+00 0.000000e+00
1.130000e+00 1.130000e+00 2.000000e-01 -1.099640e-08 2.315500e-09 8.680900e-09 0.000000e+00 0.000000e+00
1.140000e+00 1.140000e+00 2.000000e-01 -1.107320e-08 2.315500e-09 8.757700e-09 0.000000e+00 0.000000e+00
1.150000e+00 1.150000e+00 2.000000e-01 -1.115010e-08 2.315500e-09 8.834600e-09 0.000000e+00 0.000000e+00
1.160000e+00 1.160000e+00 2.000000e-01 -1.122690e-08 2.315500e-09 8.911400e-09 0.000000e+00 0.000000e+00
1.170000e+00 1.170000e+00 2.000000e-01 -1.130370e-08 2.315500e-09 8.988200e-09 0.000000e+00 1.654361e-24
1.180000e+00 1.180000e+00 2.000000e-01 -1.138060e-08 2.315500e-09 9.065000e-09 0.000000e+00 1.000000e-13
1.190000e+00 1.190000e+00 2.000000e-01 -1.145740e-08 2.315500e-09 9.141900e-09 0.000000e+00 0.000000e+00
1.200000e+00 1.200000e+00 2.000000e-01 -1.153420e-08 2.315600e-09 9.218700e-09 0.000000e+00 1.000000e-13
0.000000e+00 0.000000e+00 4.000000e-01 0.000000e+00 0.000000e+00 0.000000e+00 0.000000e+00 0.000000e+00
1.000000e-02 1.000000e-02 4.000000e-01 -1.264660e-08 1.256980e-08 7.682240e-11 0.000000e+00 2.240000e-14
2.000000e-02 2.000000e-02 4.000000e-01 -2.231890e-08 2.216520e-08 1.536447e-10 0.000000e+00 5.530000e-14
3.000000e-02 3.000000e-02 4.000000e-01 -2.902840e-08 2.879790e-08 2.304671e-10 0.000000e+00 3.290000e-14
4.000000e-02 4.000000e-02 4.000000e-01 -3.278650e-08 3.247920e-08 3.072894e-10 0.000000e+00 1.060000e-14
5.000000e-02 5.000000e-02 4.000000e-01 -3.369160e-08 3.330740e-08 3.841118e-10 0.000000e+00 8.820000e-14
6.000000e-02 6.000000e-02 4.000000e-01 -3.376840e-08 3.330750e-08 4.609341e-10 0.000000e+00 3.410000e-14
7.000000e-02 7.000000e-02 4.000000e-01 -3.384520e-08 3.330750e-08 5.377565e-10 0.000000e+00 5.650000e-14
8.000000e-02 8.000000e-02 4.000000e-01 -3.392200e-08 3.330750e-08 6.145788e-10 0.000000e+00 7.880000e-14
9.000000e-02 9.000000e-02 4.000000e-01 -3.399890e-08 3.330750e-08 6.914012e-10 0.000000e+00 1.200000e-15
1.000000e-01 1.000000e-01 4.000000e-01 -3.407570e-08 3.330750e-08 7.682235e-10 0.000000e+00 2.350000e-14
1.100000e-01 1.100000e-01 4.000000e-01 -3.415250e-08 3.330750e-08 8.450459e-10 0.000000e+00 4.590000e-14
1.200000e-01 1.200000e-01 4.000000e-01 -3.422940e-08 3.330750e-08 9.218682e-10 0.000000e+00 3.180000e-14
1.300000e-01 1.300000e-01 4.000000e-01 -3.430620e-08 3.330750e-08 9.986906e-10 0.000000e+00 9.400000e-15
1.400000e-01 1.400000e-01 4.000000e-01 -3.438300e-08 3.330750e-08 1.075500e-09 0.000000e+00 1.861156e-24
1.500000e-01 1.500000e-01 4.000000e-01 -3.445990e-08 3.330750e-08 1.152300e-09 0.000000e+00 1.000000e-13
1.600000e-01 1.600000e-01 4.000000e-01 -3.453670e-08 3.330760e-08 1.229200e-09 0.000000e+00 1.000000e-13
1.700000e-01 1.700000e-01 4.000000e-01 -3.461350e-08 3.330760e-08 1.306000e-09 0.000000e+00 1.000000e-13
1.800000e-01 1.800000e-01 4.000000e-01 -3.469040e-08 3.330760e-08 1.382800e-09 0.000000e+00 4.342698e-24
1.900000e-01 1.900000e-01 4.000000e-01 -3.476720e-08 3.330760e-08 1.459600e-09 0.000000e+00 5.997059e-24
2.000000e-01 2.000000e-01 4.000000e-01 -3.484400e-08 3.330760e-08 1.536400e-09 0.000000e+00 3.101927e-24
2.100000e-01 2.100000e-01 4.000000e-01 -3.492090e-08 3.330760e-08 1.613300e-09 0.000000e+00 5.583469e-24
2.200000e-01 2.200000e-01 4.000000e-01 -3.499770e-08 3.330760e-08 1.690100e-09 0.000000e+00 2.688337e-24
2.300000e-01 2.300000e-01 4.000000e-01 -3.507450e-08 3.330760e-08 1.766900e-09 0.000000e+00 2.067952e-25
2.400000e-01 2.400000e-01 4.000000e-01 -3.515140e-08 3.330760e-08 1.843700e-09 0.000000e+00 1.000000e-13
2.500000e-01 2.500000e-01 4.000000e-01 -3.522820e-08 3.330760e-08 1.920600e-09 0.000000e+00 8.271806e-25
2.600000e-01 2.600000e-01 4.000000e-01 -3.530500e-08 3.330770e-08 1.997400e-09 0.000000e+00 1.000000e-13
2.700000e-01 2.700000e-01 4.000000e-01 -3.538190e-08 3.330770e-08 2.074200e-09 0.000000e+00 6.617445e-24
2.800000e-01 2.800000e-01 4.000000e-01 -3.545870e-08 3.330770e-08 2.151000e-09 0.000000e+00 3.722313e-24
2.900000e-01 2.900000e-01 4.000000e-01 -3.553550e-08 3.330770e-08 2.227800e-09 0.000000e+00 8.271806e-25
3.000000e-01 3.000000e-01 4.000000e-01 -3.561240e-08 3.330770e-08 2.304700e-09 0.000000e+00 3.308722e-24
3.100000e-01 3.100000e-01 4.000000e-01 -3.568920e-08 3.330770e-08 2.381500e-09 0.000000e+00 4.135903e-25
3.200000e-01 3.200000e-01 4.000000e-01 -3.576600e-08 3.330770e-08 2.458300e-09 0.000000e+00 2.481542e-24
3.300000e-01 3.300000e-01 4.000000e-01 -3.584290e-08 3.330770e-08 2.535100e-09 0.000000e+00 1.000000e-13
3.400000e-01 3.400000e-01 4.000000e-01 -3.591970e-08 3.330770e-08 2.612000e-09 0.000000e+00 3.722313e-24
3.500000e-01 3.500000e-01 4.000000e-01 -3.599650e-08 3.330770e-08 2.688800e-09 0.000000e+00 8.271806e-25
3.600000e-01 3.600000e-01 4.000000e-01 -3.607340e-08 3.330780e-08 2.765600e-09 0.000000e+00 2.067952e-24
3.700000e-01 3.700000e-01 4.000000e-01 -3.615020e-08 3.330780e-08 2.842400e-09 0.000000e+00 4.963084e-24
3.800000e-01 3.800000e-01 4.000000e-01 -3.622700e-08 3.330780e-08 2.919200e-09 0.000000e+00 7.858216e-24
3.900000e-01 3.900000e-01 4.000000e-01 -3.630390e-08 3.330780e-08 2.996100e-09 0.000000e+00 5.790264e-24
4.000000e-01 4.000000e-01 4.000000e-01 -3.638070e-08 3.330780e-08 3.072900e-09 0.000000e+00 8.685396e-24
4.100000e-01 4.100000e-01 4.000000e-01 -3.645750e-08 3.330780e-08 3.149700e-09 0.000000e+00 1.654361e-24
4.200000e-01 4.200000e-01 4.000000e-01 -3.653430e-08 3.330780e-08 3.226500e-09 0.000000e+00 1.240771e-24
4.300000e-01 4.300000e-01 4.000000e-01 -3.661120e-08 3.330780e-08 3.303400e-09 0.000000e+00 4.963084e-24
4.400000e-01 4.400000e-01 4.000000e-01 -3.668800e-08 3.330780e-08 3.380200e-09 0.000000e+00 1.240771e-24
4.500000e-01 4.500000e-01 4.000000e-01 -3.676480e-08 3.330780e-08 3.457000e-09 0.000000e+00 4.135903e-24
4.600000e-01 4.600000e-01 4.000000e-01 -3.684170e-08 3.330790e-08 3.533800e-09 0.000000e+00 6.203855e-24
4.700000e-01 4.700000e-01 4.000000e-01 -3.691850e-08 3.330790e-08 3.610700e-09 0.000000e+00 1.000000e-13
4.800000e-01 4.800000e-01 4.000000e-01 -3.699530e-08 3.330790e-08 3.687500e-09 0.000000e+00 1.000000e-13
4.900000e-01 4.900000e-01 4.000000e-01 -3.707220e-08 3.330790e-08 3.764300e-09 0.000000e+00 9.098987e-24
5.000000e-01 5.000000e-01 4.000000e-01 -3.714900e-08 3.330790e-08 3.841100e-09 0.000000e+00 6.617445e-24
5.100000e-01 5.100000e-01 4.000000e-01 -3.722580e-08 3.330790e-08 3.917900e-09 0.000000e+00 3.308722e-24
5.200000e-01 5.200000e-01 4.000000e-01 -3.730270e-08 3.330790e-08 3.994800e-09 0.000000e+00 5.790264e-24
5.300000e-01 5.300000e-01 4.000000e-01 -3.737950e-08 3.330790e-08 4.071600e-09 0.000000e+00 2.481542e-24
5.400000e-01 5.400000e-01 4.000000e-01 -3.745630e-08 3.330790e-08 4.148400e-09 0.000000e+00 6.617445e-24
5.500000e-01 5.500000e-01 4.000000e-01 -3.753320e-08 3.330790e-08 4.225200e-09 0.000000e+00 1.000000e-13
5.600000e-01 5.600000e-01 4.000000e-01 -3.761000e-08 3.330800e-08 4.302100e-09 0.000000e+00 1.000000e-13
5.700000e-01 5.700000e-01 4.000000e-01 -3.768680e-08 3.330800e-08 4.378900e-09 0.000000e+00 1.000000e-13
5.800000e-01 5.800000e-01 4.000000e-01 -3.776370e-08 3.330800e-08 4.455700e-09 0.000000e+00 0.000000e+00
5.900000e-01 5.900000e-01 4.000000e-01 -3.784050e-08 3.330800e-08 4.532500e-09 0.000000e+00 2.481542e-24
6.000000e-01 6.000000e-01 4.000000e-01 -3.791730e-08 3.330800e-08 4.609300e-09 0.000000e+00 5.790264e-24
6.100000e-01 6.100000e-01 4.000000e-01 -3.799420e-08 3.330800e-08 4.686200e-09 0.000000e+00 3.308722e-24
6.200000e-01 6.200000e-01 4.000000e-01 -3.807100e-08 3.330800e-08 4.763000e-09 0.000000e+00 5.790264e-24
6.300000e-01 6.300000e-01 4.000000e-01 -3.814780e-08 3.330800e-08 4.839800e-09 0.000000e+00 2.481542e-24
6.400000e-01 6.400000e-01 4.000000e-01 -3.822470e-08 3.330800e-08 4.916600e-09 0.000000e+00 1.000000e-13
6.500000e-01 6.500000e-01 4.000000e-01 -3.830150e-08 3.330800e-08 4.993500e-09 0.000000e+00 2.481542e-24
6.600000e-01 6.600000e-01 4.000000e-01 -3.837830e-08 3.330810e-08 5.070300e-09 0.000000e+00 1.000000e-13
6.700000e-01 6.700000e-01 4.000000e-01 -3.845520e-08 3.330810e-08 5.147100e-09 0.000000e+00 8.271806e-24
6.800000e-01 6.800000e-01 4.000000e-01 -3.853200e-08 3.330810e-08 5.223900e-09 0.000000e+00 1.158053e-23
6.900000e-01 6.900000e-01 4.000000e-01 -3.860880e-08 3.330810e-08 5.300700e-09 0.000000e+00 8.271806e-25
7.000000e-01 7.000000e-01 4.000000e-01 -3.868570e-08 3.330810e-08 5.377600e-09 0.000000e+00 1.158053e-23
7.100000e-01 7.100000e-01 4.000000e-01 -3.876250e-08 3.330810e-08 5.454400e-09 0.000000e+00 8.271806e-25
7.200000e-01 7.200000e-01 4.000000e-01 -3.883930e-08 3.330810e-08 5.531200e-09 0.000000e+00 4.135903e-24
7.300000e-01 7.300000e-01 4.000000e-01 -3.891620e-08 3.330810e-08 5.608000e-09 0.000000e+00 1.000000e-13
7.400000e-01 7.400000e-01 4.000000e-01 -3.899300e-08 3.330810e-08 5.684900e-09 0.000000e+00 4.963084e-24
7.500000e-01 7.500000e-01 4.000000e-01 -3.906980e-08 3.330810e-08 5.761700e-09 0.000000e+00 8.271806e-24
7.600000e-01 7.600000e-01 4.000000e-01 -3.914660e-08 3.330820e-08 5.838500e-09 0.000000e+00 1.000000e-13
7.700000e-01 7.700000e-01 4.000000e-01 -3.922350e-08 3.330820e-08 5.915300e-09 0.000000e+00 5.790264e-24
7.800000e-01 7.800000e-01 4.000000e-01 -3.930030e-08 3.330820e-08 5.992100e-09 0.000000e+00 3.308722e-24
7.900000e-01 7.900000e-01 4.000000e-01 -3.937710e-08 3.330820e-08 6.069000e-09 0.000000e+00 1.000000e-13
8.000000e-01 8.000000e-01 4.000000e-01 -3.945400e-08 3.330820e-08 6.145800e-09 0.000000e+00 2.481542e-24
8.100000e-01 8.100000e-01 4.000000e-01 -3.953080e-08 3.330820e-08 6.222600e-09 0.000000e+00 0.000000e+00
8.200000e-01 8.200000e-01 4.000000e-01 -3.960760e-08 3.330820e-08 6.299400e-09 0.000000e+00 3.308722e-24
8.300000e-01 8.300000e-01 4.000000e-01 -3.968450e-08 3.330820e-08 6.376300e-09 0.000000e+00 0.000000e+00
8.400000e-01 8.400000e-01 4.000000e-01 -3.976130e-08 3.330820e-08 6.453100e-09 0.000000e+00 3.308722e-24
8.500000e-01 8.500000e-01 4.000000e-01 -3.983810e-08 3.330820e-08 6.529900e-09 0.000000e+00 8.271806e-25
8.600000e-01 8.600000e-01 4.000000e-01 -3.991500e-08 3.330830e-08 6.606700e-09 0.000000e+00 2.481542e-24
8.700000e-01 8.700000e-01 4.000000e-01 -3.999180e-08 3.330830e-08 6.683500e-09 0.000000e+00 5.790264e-24
8.800000e-01 8.800000e-01 4.000000e-01 -4.006860e-08 3.330830e-08 6.760400e-09 0.000000e+00 1.000000e-13
8.900000e-01 8.900000e-01 4.000000e-01 -4.014550e-08 3.330830e-08 6.837200e-09 0.000000e+00 5.790264e-24
9.000000e-01 9.000000e-01 4.000000e-01 -4.022230e-08 3.330830e-08 6.914000e-09 0.000000e+00 8.271806e-24
9.100000e-01 9.100000e-01 4.000000e-01 -4.029910e-08 3.330830e-08 6.990800e-09 0.000000e+00 1.654361e-24
9.200000e-01 9.200000e-01 4.000000e-01 -4.037600e-08 3.330830e-08 7.067700e-09 0.000000e+00 9.926167e-24
9.300000e-01 9.300000e-01 4.000000e-01 -4.045280e-08 3.330830e-08 7.144500e-09 0.000000e+00 1.654361e-24
9.400000e-01 9.400000e-01 4.000000e-01 -4.052960e-08 3.330830e-08 7.221300e-09 0.000000e+00 2.481542e-24
9.500000e-01 9.500000e-01 4.000000e-01 -4.060650e-08 3.330830e-08 7.298100e-09 0.000000e+00 1.000000e-13
9.600000e-01 9.600000e-01 4.000000e-01 -4.068330e-08 3.330840e-08 7.374900e-09 0.000000e+00 4.963084e-24
9.700000e-01 9.700000e-01 4.000000e-01 -4.076010e-08 3.330840e-08 7.451800e-09 0.000000e+00 1.000000e-13
9.800000e-01 9.800000e-01 4.000000e-01 -4.083700e-08 3.330840e-08 7.528600e-09 0.000000e+00 4.963084e-24
9.900000e-01 9.900000e-01 4.000000e-01 -4.091380e-08 3.330840e-08 7.605400e-09 0.000000e+00 8.271806e-24
1.000000e+00 1.000000e+00 4.000000e-01 -4.099060e-08 3.330840e-08 7.682200e-09 0.000000e+00 6.617445e-24
1.010000e+00 1.010000e+00 4.000000e-01 -4.106750e-08 3.330840e-08 7.759100e-09 0.000000e+00 8.271806e-24
1.020000e+00 1.020000e+00 4.000000e-01 -4.114430e-08 3.330840e-08 7.835900e-09 0.000000e+00 6.617445e-24
1.030000e+00 1.030000e+00 4.000000e-01 -4.122110e-08 3.330840e-08 7.912700e-09 0.000000e+00 3.308722e-24
1.040000e+00 1.040000e+00 4.000000e-01 -4.129800e-08 3.330840e-08 7.989500e-09 0.000000e+00 1.000000e-13
1.050000e+00 1.050000e+00 4.000000e-01 -4.137480e-08 3.330840e-08 8.066300e-09 0.000000e+00 1.000000e-13
1.060000e+00 1.060000e+00 4.000000e-01 -4.145160e-08 3.330850e-08 8.143200e-09 0.000000e+00 1.000000e-13
1.070000e+00 1.070000e+00 4.000000e-01 -4.152850e-08 3.330850e-08 8.220000e-09 0.000000e+00 1.654361e-24
1.080000e+00 1.080000e+00 4.000000e-01 -4.160530e-08 3.330850e-08 8.296800e-09 0.000000e+00 0.000000e+00
1.090000e+00 1.090000e+00 4.000000e-01 -4.168210e-08 3.330850e-08 8.373600e-09 0.000000e+00 3.308722e-24
1.100000e+00 1.100000e+00 4.000000e-01 -4.175890e-08 3.330850e-08 8.450500e-09 0.000000e+00 1.000000e-13
1.110000e+00 1.110000e+00 4.000000e-01 -4.183580e-08 3.330850e-08 8.527300e-09 0.000000e+00 3.308722e-24
1.120000e+00 1.120000e+00 4.000000e-01 -4.191260e-08 3.330850e-08 8.604100e-09 0.000000e+00 6.617445e-24
1.130000e+00 1.130000e+00 4.000000e-01 -4.198940e-08 3.330850e-08 8.680900e-09 0.000000e+00 4.963084e-24
1.140000e+00 1.140000e+00 4.000000e-01 -4.206630e-08 3.330850e-08 8.757700e-09 0.000000e+00 1.000000e-13
1.150000e+00 1.150000e+00 4.000000e-01 -4.214310e-08 3.330850e-08 8.834600e-09 0.000000e+00 3.308722e-24
1.160000e+00 1.160000e+00 4.000000e-01 -4.221990e-08 3.330860e-08 8.911400e-09 0.000000e+00 1.000000e-13
1.170000e+00 1.170000e+00 4.000000e-01 -4.229680e-08 3.330860e-08 8.988200e-09 0.000000e+00 3.308722e-24
1.180000e+00 1.180000e+00 4.000000e-01 -4.237360e-08 3.330860e-08 9.065000e-09 0.000000e+00 1.654361e-24
1.190000e+00 1.190000e+00 4.000000e-01 -4.245040e-08 3.330860e-08 9.141900e-09 0.000000e+00 1.000000e-13
1.200000e+00 1.200000e+00 4.000000e-01 -4.252730e-08 3.330860e-08 9.218700e-09 0.000000e+00 4.963084e-24
0.000000e+00 0.000000e+00 6.000000e-01 0.000000e+00 0.000000e+00 0.000000e+00 0.000000e+00 0.000000e+00
1.000000e-02 1.000000e-02 6.000000e-01 -1.554038e-07 1.553270e-07 7.682240e-11 0.000000e+00 2.240000e-14
2.000000e-02 2.000000e-02 6.000000e-01 -2.911706e-07 2.910169e-07 1.536447e-10 0.000000e+00 5.530000e-14
3.000000e-02 3.000000e-02 6.000000e-01 -4.073772e-07 4.071467e-07 2.304671e-10 0.000000e+00 3.290000e-14
4.000000e-02 4.000000e-02 6.000000e-01 -5.040980e-07 5.037907e-07 3.072894e-10 0.000000e+00 1.060000e-14
5.000000e-02 5.000000e-02 6.000000e-01 -5.814052e-07 5.810211e-07 3.841118e-10 0.000000e+00 1.180000e-14
6.000000e-02 6.000000e-02 6.000000e-01 -6.393687e-07 6.389078e-07 4.609341e-10 0.000000e+00 3.410000e-14
7.000000e-02 7.000000e-02 6.000000e-01 -6.780566e-07 6.775189e-07 5.377565e-10 0.000000e+00 5.650000e-14
8.000000e-02 8.000000e-02 6.000000e-01 -6.975349e-07 6.969203e-07 6.145788e-10 0.000000e+00 2.120000e-14
9.000000e-02 9.000000e-02 6.000000e-01 -6.999663e-07 6.992749e-07 6.914012e-10 0.000000e+00 1.200000e-15
1.000000e-01 1.000000e-01 6.000000e-01 -7.000431e-07 6.992749e-07 7.682235e-10 0.000000e+00 2.350000e-14
1.100000e-01 1.100000e-01 6.000000e-01 -7.001199e-07 6.992749e-07 8.450459e-10 0.000000e+00 4.590000e-14
1.200000e-01 1.200000e-01 6.000000e-01 -7.001968e-07 6.992749e-07 9.218682e-10 0.000000e+00 3.180000e-14
1.300000e-01 1.300000e-01 6.000000e-01 -7.002736e-07 6.992749e-07 9.986906e-10 0.000000e+00 9.400000e-15
1.400000e-01 1.400000e-01 6.000000e-01 -7.003504e-07 6.992749e-07 1.075500e-09 0.000000e+00 4.156583e-23
1.500000e-01 1.500000e-01 6.000000e-01 -7.004273e-07 6.992749e-07 1.152300e-09 0.000000e+00 1.000000e-13
1.600000e-01 1.600000e-01 6.000000e-01 -7.005041e-07 6.992749e-07 1.229200e-09 0.000000e+00 2.791735e-23
1.700000e-01 1.700000e-01 6.000000e-01 -7.005809e-07 6.992749e-07 1.306000e-09 0.000000e+00 5.149199e-23
1.800000e-01 1.800000e-01 6.000000e-01 -7.006578e-07 6.992750e-07 1.382800e-09 0.000000e+00 3.081248e-23
1.900000e-01 1.900000e-01 6.000000e-01 -7.007346e-07 6.992750e-07 1.459600e-09 0.000000e+00 7.237830e-24
2.000000e-01 2.000000e-01 6.000000e-01 -7.008114e-07 6.992750e-07 1.536400e-09 0.000000e+00 1.633682e-23
2.100000e-01 2.100000e-01 6.000000e-01 -7.008883e-07 6.992750e-07 1.613300e-09 0.000000e+00 2.088631e-23
2.200000e-01 2.200000e-01 6.000000e-01 -7.009651e-07 6.992750e-07 1.690100e-09 0.000000e+00 2.688337e-24
2.300000e-01 2.300000e-01 6.000000e-01 -7.010419e-07 6.992750e-07 1.766900e-09 0.000000e+00 2.626298e-23
2.400000e-01 2.400000e-01 6.000000e-01 -7.011188e-07 6.992750e-07 1.843700e-09 0.000000e+00 1.000000e-13
2.500000e-01 2.500000e-01 6.000000e-01 -7.011956e-07 6.992750e-07 1.920600e-09 0.000000e+00 1.240771e-23
2.600000e-01 2.600000e-01 6.000000e-01 -7.012724e-07 6.992750e-07 1.997400e-09 0.000000e+00 6.989676e-23
2.700000e-01 2.700000e-01 6.000000e-01 -7.013493e-07 6.992750e-07 2.074200e-09 0.000000e+00 1.000000e-13
2.800000e-01 2.800000e-01 6.000000e-01 -7.014261e-07 6.992751e-07 2.151000e-09 0.000000e+00 8.313165e-23
2.900000e-01 2.900000e-01 6.000000e-01 -7.015029e-07 6.992751e-07 2.227800e-09 0.000000e+00 8.271806e-25
3.000000e-01 3.000000e-01 6.000000e-01 -7.015797e-07 6.992751e-07 2.304700e-09 0.000000e+00 1.000000e-13
3.100000e-01 3.100000e-01 6.000000e-01 -7.016566e-07 6.992751e-07 2.381500e-09 0.000000e+00 9.305782e-23
3.200000e-01 3.200000e-01 6.000000e-01 -7.017334e-07 6.992751e-07 2.458300e-09 0.000000e+00 1.075335e-23
3.300000e-01 3.300000e-01 6.000000e-01 -7.018102e-07 6.992751e-07 2.535100e-09 0.000000e+00 3.432800e-23
3.400000e-01 3.400000e-01 6.000000e-01 -7.018871e-07 6.992751e-07 2.612000e-09 0.000000e+00 1.029840e-22
3.500000e-01 3.500000e-01 6.000000e-01 -7.019639e-07 6.992751e-07 2.688800e-09 0.000000e+00 2.067952e-23
3.600000e-01 3.600000e-01 6.000000e-01 -7.020407e-07 6.992751e-07 2.765600e-09 0.000000e+00 4.425416e-23
3.700000e-01 3.700000e-01 6.000000e-01 -7.021176e-07 6.992751e-07 2.842400e-09 0.000000e+00 1.000000e-13
3.800000e-01 3.800000e-01 6.000000e-01 -7.021944e-07 6.992752e-07 2.919200e-09 0.000000e+00 1.447566e-23
3.900000e-01 3.900000e-01 6.000000e-01 -7.022712e-07 6.992752e-07 2.996100e-09 0.000000e+00 1.000000e-13
4.000000e-01 4.000000e-01 6.000000e-01 -7.023481e-07 6.992752e-07 3.072900e-09 0.000000e+00 7.734139e-23
4.100000e-01 4.100000e-01 6.000000e-01 -7.024249e-07 6.992752e-07 3.149700e-09 0.000000e+00 4.963084e-24
4.200000e-01 4.200000e-01 6.000000e-01 -7.025017e-07 6.992752e-07 3.226500e-09 0.000000e+00 1.861156e-23
4.300000e-01 4.300000e-01 6.000000e-01 -7.025786e-07 6.992752e-07 3.303400e-09 0.000000e+00 8.768114e-23
4.400000e-01 4.400000e-01 6.000000e-01 -7.026554e-07 6.992752e-07 3.380200e-09 0.000000e+00 5.376674e-24
4.500000e-01 4.500000e-01 6.000000e-01 -7.027322e-07 6.992752e-07 3.457000e-09 0.000000e+00 2.895132e-23
4.600000e-01 4.600000e-01 6.000000e-01 -7.028091e-07 6.992752e-07 3.533800e-09 0.000000e+00 1.000000e-13
4.700000e-01 4.700000e-01 6.000000e-01 -7.028859e-07 6.992752e-07 3.610700e-09 0.000000e+00 1.488925e-23
4.800000e-01 4.800000e-01 6.000000e-01 -7.029627e-07 6.992753e-07 3.687500e-09 0.000000e+00 1.000000e-13
4.900000e-01 4.900000e-01 6.000000e-01 -7.030396e-07 6.992753e-07 3.764300e-09 0.000000e+00 1.497197e-22
5.000000e-01 5.000000e-01 6.000000e-01 -7.031164e-07 6.992753e-07 3.841100e-09 0.000000e+00 1.985233e-23
5.100000e-01 5.100000e-01 6.000000e-01 -7.031932e-07 6.992753e-07 3.917900e-09 0.000000e+00 3.308722e-24
5.200000e-01 5.200000e-01 6.000000e-01 -7.032701e-07 6.992753e-07 3.994800e-09 0.000000e+00 1.397935e-22
5.300000e-01 5.300000e-01 6.000000e-01 -7.033469e-07 6.992753e-07 4.071600e-09 0.000000e+00 1.075335e-23
5.400000e-01 5.400000e-01 6.000000e-01 -7.034237e-07 6.992753e-07 4.148400e-09 0.000000e+00 1.323489e-23
5.500000e-01 5.500000e-01 6.000000e-01 -7.035006e-07 6.992753e-07 4.225200e-09 0.000000e+00 1.000000e-13
5.600000e-01 5.600000e-01 6.000000e-01 -7.035774e-07 6.992753e-07 4.302100e-09 0.000000e+00 8.271806e-25
5.700000e-01 5.700000e-01 6.000000e-01 -7.036542e-07 6.992753e-07 4.378900e-09 0.000000e+00 8.271806e-23
5.800000e-01 5.800000e-01 6.000000e-01 -7.037311e-07 6.992754e-07 4.455700e-09 0.000000e+00 5.955700e-23
5.900000e-01 5.900000e-01 6.000000e-01 -7.038079e-07 6.992754e-07 4.532500e-09 0.000000e+00 7.031035e-23
6.000000e-01 6.000000e-01 6.000000e-01 -7.038847e-07 6.992754e-07 4.609300e-09 0.000000e+00 1.240771e-23
6.100000e-01 6.100000e-01 6.000000e-01 -7.039616e-07 6.992754e-07 4.686200e-09 0.000000e+00 4.963084e-23
6.200000e-01 6.200000e-01 6.000000e-01 -7.040384e-07 6.992754e-07 4.763000e-09 0.000000e+00 2.564260e-23
6.300000e-01 6.300000e-01 6.000000e-01 -7.041152e-07 6.992754e-07 4.839800e-09 0.000000e+00 2.481542e-24
6.400000e-01 6.400000e-01 6.000000e-01 -7.041920e-07 6.992754e-07 4.916600e-09 0.000000e+00 2.150670e-23
6.500000e-01 6.500000e-01 6.000000e-01 -7.042689e-07 6.992754e-07 4.993500e-09 0.000000e+00 1.571643e-23
6.600000e-01 6.600000e-01 6.000000e-01 -7.043457e-07 6.992754e-07 5.070300e-09 0.000000e+00 8.271806e-24
6.700000e-01 6.700000e-01 6.000000e-01 -7.044225e-07 6.992754e-07 5.147100e-09 0.000000e+00 3.143286e-23
6.800000e-01 6.800000e-01 6.000000e-01 -7.044994e-07 6.992755e-07 5.223900e-09 0.000000e+00 5.459392e-23
6.900000e-01 6.900000e-01 6.000000e-01 -7.045762e-07 6.992755e-07 5.300700e-09 0.000000e+00 7.858216e-23
7.000000e-01 7.000000e-01 6.000000e-01 -7.046530e-07 6.992755e-07 5.377600e-09 0.000000e+00 1.000000e-13
7.100000e-01 7.100000e-01 6.000000e-01 -7.047299e-07 6.992755e-07 5.454400e-09 0.000000e+00 6.534727e-23
7.200000e-01 7.200000e-01 6.000000e-01 -7.048067e-07 6.992755e-07 5.531200e-09 0.000000e+00 8.850833e-23
7.300000e-01 7.300000e-01 6.000000e-01 -7.048835e-07 6.992755e-07 5.608000e-09 0.000000e+00 1.124966e-22
7.400000e-01 7.400000e-01 6.000000e-01 -7.049604e-07 6.992755e-07 5.684900e-09 0.000000e+00 7.444626e-23
7.500000e-01 7.500000e-01 6.000000e-01 -7.050372e-07 6.992755e-07 5.761700e-09 0.000000e+00 9.760731e-23
7.600000e-01 7.600000e-01 6.000000e-01 -7.051140e-07 6.992755e-07 5.838500e-09 0.000000e+00 1.215956e-22
7.700000e-01 7.700000e-01 6.000000e-01 -7.051909e-07 6.992755e-07 5.915300e-09 0.000000e+00 1.000000e-13
7.800000e-01 7.800000e-01 6.000000e-01 -7.052677e-07 6.992756e-07 5.992100e-09 0.000000e+00 1.488925e-22
7.900000e-01 7.900000e-01 6.000000e-01 -7.053445e-07 6.992756e-07 6.069000e-09 0.000000e+00 1.000000e-13
8.000000e-01 8.000000e-01 6.000000e-01 -7.054214e-07 6.992756e-07 6.145800e-09 0.000000e+00 1.629546e-22
8.100000e-01 8.100000e-01 6.000000e-01 -7.054982e-07 6.992756e-07 6.222600e-09 0.000000e+00 1.389663e-22
8.200000e-01 8.200000e-01 6.000000e-01 -7.055750e-07 6.992756e-07 6.299400e-09 0.000000e+00 9.926167e-24
8.300000e-01 8.300000e-01 6.000000e-01 -7.056519e-07 6.992756e-07 6.376300e-09 0.000000e+00 1.522012e-22
8.400000e-01 8.400000e-01 6.000000e-01 -7.057287e-07 6.992756e-07 6.453100e-09 0.000000e+00 1.290402e-22
8.500000e-01 8.500000e-01 6.000000e-01 -7.058055e-07 6.992756e-07 6.529900e-09 0.000000e+00 8.271806e-25
8.600000e-01 8.600000e-01 6.000000e-01 -7.058824e-07 6.992756e-07 6.606700e-09 0.000000e+00 1.000000e-13
8.700000e-01 8.700000e-01 6.000000e-01 -7.059592e-07 6.992756e-07 6.683500e-09 0.000000e+00 1.000000e-13
8.800000e-01 8.800000e-01 6.000000e-01 -7.060360e-07 6.992757e-07 6.760400e-09 0.000000e+00 1.000000e-13
8.900000e-01 8.900000e-01 6.000000e-01 -7.061129e-07 6.992757e-07 6.837200e-09 0.000000e+00 7.196471e-23
9.000000e-01 9.000000e-01 6.000000e-01 -7.061897e-07 6.992757e-07 6.914000e-09 0.000000e+00 4.797648e-23
9.100000e-01 9.100000e-01 6.000000e-01 -7.062665e-07 6.992757e-07 6.990800e-09 0.000000e+00 2.481542e-23
9.200000e-01 9.200000e-01 6.000000e-01 -7.063434e-07 6.992757e-07 7.067700e-09 0.000000e+00 6.286573e-23
9.300000e-01 9.300000e-01 6.000000e-01 -7.064202e-07 6.992757e-07 7.144500e-09 0.000000e+00 3.805031e-23
9.400000e-01 9.400000e-01 6.000000e-01 -7.064970e-07 6.992757e-07 7.221300e-09 0.000000e+00 1.215956e-22
9.500000e-01 9.500000e-01 6.000000e-01 -7.065739e-07 6.992757e-07 7.298100e-09 0.000000e+00 1.000000e-13
9.600000e-01 9.600000e-01 6.000000e-01 -7.066507e-07 6.992757e-07 7.374900e-09 0.000000e+00 1.000000e-13
9.700000e-01 9.700000e-01 6.000000e-01 -7.067275e-07 6.992757e-07 7.451800e-09 0.000000e+00 1.108422e-22
9.800000e-01 9.800000e-01 6.000000e-01 -7.068043e-07 6.992758e-07 7.528600e-09 0.000000e+00 1.000000e-13
9.900000e-01 9.900000e-01 6.000000e-01 -7.068812e-07 6.992758e-07 7.605400e-09 0.000000e+00 4.135903e-23
1.000000e+00 1.000000e+00 6.000000e-01 -7.069580e-07 6.992758e-07 7.682200e-09 0.000000e+00 3.970467e-23
1.010000e+00 1.010000e+00 6.000000e-01 -7.070348e-07 6.992758e-07 7.759100e-09 0.000000e+00 1.000000e-13
1.020000e+00 1.020000e+00 6.000000e-01 -7.071117e-07 6.992758e-07 7.835900e-09 0.000000e+00 5.293956e-23
1.030000e+00 1.030000e+00 6.000000e-01 -7.071885e-07 6.992758e-07 7.912700e-09 0.000000e+00 2.977850e-23
1.040000e+00 1.040000e+00 6.000000e-01 -7.072653e-07 6.992758e-07 7.989500e-09 0.000000e+00 9.926167e-23
1.050000e+00 1.050000e+00 6.000000e-01 -7.073422e-07 6.992758e-07 8.066300e-09 0.000000e+00 1.000000e-13
1.060000e+00 1.060000e+00 6.000000e-01 -7.074190e-07 6.992758e-07 8.143200e-09 0.000000e+00 2.150670e-23
1.070000e+00 1.070000e+00 6.000000e-01 -7.074958e-07 6.992758e-07 8.220000e-09 0.000000e+00 1.075335e-22
1.080000e+00 1.080000e+00 6.000000e-01 -7.075727e-07 6.992759e-07 8.296800e-09 0.000000e+00 2.646978e-23
1.090000e+00 1.090000e+00 6.000000e-01 -7.076495e-07 6.992759e-07 8.373600e-09 0.000000e+00 5.624828e-23
1.100000e+00 1.100000e+00 6.000000e-01 -7.077263e-07 6.992759e-07 8.450500e-09 0.000000e+00 1.000000e-13
1.110000e+00 1.110000e+00 6.000000e-01 -7.078032e-07 6.992759e-07 8.527300e-09 0.000000e+00 6.948317e-23
1.120000e+00 1.120000e+00 6.000000e-01 -7.078800e-07 6.992759e-07 8.604100e-09 0.000000e+00 4.632211e-23
1.130000e+00 1.130000e+00 6.000000e-01 -7.079568e-07 6.992759e-07 8.680900e-09 0.000000e+00 8.437242e-23
1.140000e+00 1.140000e+00 6.000000e-01 -7.080337e-07 6.992759e-07 8.757700e-09 0.000000e+00 1.000000e-13
1.150000e+00 1.150000e+00 6.000000e-01 -7.081105e-07 6.992759e-07 8.834600e-09 0.000000e+00 3.639595e-23
1.160000e+00 1.160000e+00 6.000000e-01 -7.081873e-07 6.992759e-07 8.911400e-09 0.000000e+00 1.323489e-23
1.170000e+00 1.170000e+00 6.000000e-01 -7.082642e-07 6.992759e-07 8.988200e-09 0.000000e+00 1.000000e-13
1.180000e+00 1.180000e+00 6.000000e-01 -7.083410e-07 6.992760e-07 9.065000e-09 0.000000e+00 3.474159e-23
1.190000e+00 1.190000e+00 6.000000e-01 -7.084178e-07 6.992760e-07 9.141900e-09 0.000000e+00 1.000000e-13
1.200000e+00 1.200000e+00 6.000000e-01 -7.084947e-07 6.992760e-07 9.218700e-09 0.000000e+00 2.150670e-23
0.000000e+00 0.000000e+00 8.000000e-01 0.000000e+00 0.000000e+00 0.000000e+00 0.000000e+00 0.000000e+00
1.000000e-02 1.000000e-02 8.000000e-01 -4.029532e-07 4.028764e-07 7.682240e-11 0.000000e+00 2.240000e-14
2.000000e-02 2.000000e-02 8.000000e-01 -7.862694e-07 7.861158e-07 1.536447e-10 0.000000e+00 4.470000e-14
3.000000e-02 3.000000e-02 8.000000e-01 -1.150000e-06 1.149800e-06 2.304671e-10 0.000000e+00 3.046710e-11
4.000000e-02 4.000000e-02 8.000000e-01 -1.494300e-06 1.494000e-06 3.072894e-10 0.000000e+00 7.289400e-12
5.000000e-02 5.000000e-02 8.000000e-01 -1.819200e-06 1.818800e-06 3.841118e-10 0.000000e+00 1.588820e-11
6.000000e-02 6.000000e-02 8.000000e-01 -2.124700e-06 2.124200e-06 4.609341e-10 0.000000e+00 3.906590e-11
7.000000e-02 7.000000e-02 8.000000e-01 -2.410900e-06 2.410400e-06 5.377565e-10 0.000000e+00 3.775650e-11
8.000000e-02 8.000000e-02 8.000000e-01 -2.677900e-06 2.677300e-06 6.145788e-10 0.000000e+00 1.457880e-11
9.000000e-02 9.000000e-02 8.000000e-01 -2.925800e-06 2.925100e-06 6.914012e-10 0.000000e+00 8.598800e-12
1.000000e-01 1.000000e-01 8.000000e-01 -3.154600e-06 3.153800e-06 7.682235e-10 0.000000e+00 3.177650e-11
1.100000e-01 1.100000e-01 8.000000e-01 -3.364400e-06 3.363500e-06 8.450459e-10 0.000000e+00 5.495410e-11
1.200000e-01 1.200000e-01 8.000000e-01 -3.555200e-06 3.554300e-06 9.218682e-10 0.000000e+00 2.186820e-11
1.300000e-01 1.300000e-01 8.000000e-01 -3.727100e-06 3.726100e-06 9.986906e-10 0.000000e+00 1.309400e-12
1.400000e-01 1.400000e-01 8.000000e-01 -3.880200e-06 3.879100e-06 1.075500e-09 0.000000e+00 2.450000e-11
1.500000e-01 1.500000e-01 8.000000e-01 -4.014400e-06 4.013300e-06 1.152300e-09 0.000000e+00 5.230000e-11
1.600000e-01 1.600000e-01 8.000000e-01 -4.129900e-06 4.128700e-06 1.229200e-09 0.000000e+00 2.920000e-11
1.700000e-01 1.700000e-01 8.000000e-01 -4.226800e-06 4.225500e-06 1.306000e-09 0.000000e+00 6.000000e-12
1.800000e-01 1.800000e-01 8.000000e-01 -4.305000e-06 4.303600e-06 1.382800e-09 0.000000e+00 1.720000e-11
1.900000e-01 1.900000e-01 8.000000e-01 -4.364600e-06 4.363100e-06 1.459600e-09 0.000000e+00 4.040000e-11
2.000000e-01 2.000000e-01 8.000000e-01 -4.405600e-06 4.404100e-06 1.536400e-09 0.000000e+00 3.640000e-11
2.100000e-01 2.100000e-01 8.000000e-01 -4.426100e-06 4.424500e-06 1.613300e-09 0.000000e+00 1.330000e-11
2.200000e-01 2.200000e-01 8.000000e-01 -4.426200e-06 4.424500e-06 1.690100e-09 0.000000e+00 9.900000e-12
2.300000e-01 2.300000e-01 8.000000e-01 -4.426300e-06 4.424500e-06 1.766900e-09 0.000000e+00 3.310000e-11
2.400000e-01 2.400000e-01 8.000000e-01 -4.426400e-06 4.424500e-06 1.843700e-09 0.000000e+00 5.630000e-11
2.500000e-01 2.500000e-01 8.000000e-01 -4.426400e-06 4.424500e-06 1.920600e-09 0.000000e+00 2.060000e-11
2.600000e-01 2.600000e-01 8.000000e-01 -4.426500e-06 4.424500e-06 1.997400e-09 0.000000e+00 2.600000e-12
2.700000e-01 2.700000e-01 8.000000e-01 -4.426600e-06 4.424500e-06 2.074200e-09 0.000000e+00 2.580000e-11
2.800000e-01 2.800000e-01 8.000000e-01 -4.426700e-06 4.424500e-06 2.151000e-09 0.000000e+00 4.900000e-11
2.900000e-01 2.900000e-01 8.000000e-01 -4.426800e-06 4.424500e-06 2.227800e-09 0.000000e+00 7.220000e-11
3.000000e-01 3.000000e-01 8.000000e-01 -4.426800e-06 4.424500e-06 2.304700e-09 0.000000e+00 4.700000e-12
3.100000e-01 3.100000e-01 8.000000e-01 -4.426900e-06 4.424500e-06 2.381500e-09 0.000000e+00 1.850000e-11
3.200000e-01 3.200000e-01 8.000000e-01 -4.427000e-06 4.424500e-06 2.458300e-09 0.000000e+00 4.170000e-11
3.300000e-01 3.300000e-01 8.000000e-01 -4.427100e-06 4.424500e-06 2.535100e-09 0.000000e+00 6.490000e-11
3.400000e-01 3.400000e-01 8.000000e-01 -4.427100e-06 4.424500e-06 2.612000e-09 0.000000e+00 1.200000e-11
3.500000e-01 3.500000e-01 8.000000e-01 -4.427200e-06 4.424500e-06 2.688800e-09 0.000000e+00 1.120000e-11
3.600000e-01 3.600000e-01 8.000000e-01 -4.427300e-06 4.424500e-06 2.765600e-09 0.000000e+00 3.440000e-11
3.700000e-01 3.700000e-01 8.000000e-01 -4.427400e-06 4.424500e-06 2.842400e-09 0.000000e+00 5.760000e-11
3.800000e-01 3.800000e-01 8.000000e-01 -4.427400e-06 4.424500e-06 2.919200e-09 0.000000e+00 1.920000e-11
3.900000e-01 3.900000e-01 8.000000e-01 -4.427500e-06 4.424500e-06 2.996100e-09 0.000000e+00 3.900000e-12
4.000000e-01 4.000000e-01 8.000000e-01 -4.427600e-06 4.424500e-06 3.072900e-09 0.000000e+00 2.710000e-11
4.100000e-01 4.100000e-01 8.000000e-01 -4.427700e-06 4.424500e-06 3.149700e-09 0.000000e+00 5.030000e-11
4.200000e-01 4.200000e-01 8.000000e-01 -4.427800e-06 4.424500e-06 3.226500e-09 0.000000e+00 7.350000e-11
4.300000e-01 4.300000e-01 8.000000e-01 -4.427800e-06 4.424500e-06 3.303400e-09 0.000000e+00 3.400000e-12
4.400000e-01 4.400000e-01 8.000000e-01 -4.427900e-06 4.424500e-06 3.380200e-09 0.000000e+00 1.980000e-11
4.500000e-01 4.500000e-01 8.000000e-01 -4.428000e-06 4.424500e-06 3.457000e-09 0.000000e+00 4.300000e-11
4.600000e-01 4.600000e-01 8.000000e-01 -4.428100e-06 4.424500e-06 3.533800e-09 0.000000e+00 6.620000e-11
4.700000e-01 4.700000e-01 8.000000e-01 -4.428100e-06 4.424500e-06 3.610700e-09 0.000000e+00 1.070000e-11
4.800000e-01 4.800000e-01 8.000000e-01 -4.428200e-06 4.424500e-06 3.687500e-09 0.000000e+00 1.250000e-11
4.900000e-01 4.900000e-01 8.000000e-01 -4.428300e-06 4.424500e-06 3.764300e-09 0.000000e+00 3.570000e-11
5.000000e-01 5.000000e-01 8.000000e-01 -4.428400e-06 4.424500e-06 3.841100e-09 0.000000e+00 5.890000e-11
5.100000e-01 5.100000e-01 8.000000e-01 -4.428400e-06 4.424500e-06 3.917900e-09 0.000000e+00 1.790000e-11
5.200000e-01 5.200000e-01 8.000000e-01 -4.428500e-06 4.424500e-06 3.994800e-09 0.000000e+00 5.200000e-12
5.300000e-01 5.300000e-01 8.000000e-01 -4.428600e-06 4.424500e-06 4.071600e-09 0.000000e+00 2.840000e-11
5.400000e-01 5.400000e-01 8.000000e-01 -4.428700e-06 4.424500e-06 4.148400e-09 0.000000e+00 5.160000e-11
5.500000e-01 5.500000e-01 8.000000e-01 -4.428800e-06 4.424500e-06 4.225200e-09 0.000000e+00 7.480000e-11
5.600000e-01 5.600000e-01 8.000000e-01 -4.428800e-06 4.424500e-06 4.302100e-09 0.000000e+00 2.100000e-12
5.700000e-01 5.700000e-01 8.000000e-01 -4.428900e-06 4.424500e-06 4.378900e-09 0.000000e+00 2.110000e-11
5.800000e-01 5.800000e-01 8.000000e-01 -4.429000e-06 4.424500e-06 4.455700e-09 0.000000e+00 4.430000e-11
5.900000e-01 5.900000e-01 8.000000e-01 -4.429100e-06 4.424500e-06 4.532500e-09 0.000000e+00 6.750000e-11
6.000000e-01 6.000000e-01 8.000000e-01 -4.429100e-06 4.424500e-06 4.609300e-09 0.000000e+00 9.300000e-12
6.100000e-01 6.100000e-01 8.000000e-01 -4.429200e-06 4.424500e-06 4.686200e-09 0.000000e+00 1.380000e-11
6.200000e-01 6.200000e-01 8.000000e-01 -4.429300e-06 4.424500e-06 4.763000e-09 0.000000e+00 3.700000e-11
6.300000e-01 6.300000e-01 8.000000e-01 -4.429400e-06 4.424500e-06 4.839800e-09 0.000000e+00 6.020000e-11
6.400000e-01 6.400000e-01 8.000000e-01 -4.429400e-06 4.424500e-06 4.916600e-09 0.000000e+00 1.660000e-11
6.500000e-01 6.500000e-01 8.000000e-01 -4.429500e-06 4.424500e-06 4.993500e-09 0.000000e+00 6.500000e-12
6.600000e-01 6.600000e-01 8.000000e-01 -4.429600e-06 4.424500e-06 5.070300e-09 0.000000e+00 2.970000e-11
6.700000e-01 6.700000e-01 8.000000e-01 -4.429700e-06 4.424500e-06 5.147100e-09 0.000000e+00 5.290000e-11
6.800000e-01 6.800000e-01 8.000000e-01 -4.429700e-06 4.424500e-06 5.223900e-09 0.000000e+00 2.390000e-11
6.900000e-01 6.900000e-01 8.000000e-01 -4.429800e-06 4.424500e-06 5.300700e-09 0.000000e+00 7.000000e-13
7.000000e-01 7.000000e-01 8.000000e-01 -4.429900e-06 4.424500e-06 5.377600e-09 0.000000e+00 2.240000e-11
7.100000e-01 7.100000e-01 8.000000e-01 -4.430000e-06 4.424500e-06 5.454400e-09 0.000000e+00 4.560000e-11
7.200000e-01 7.200000e-01 8.000000e-01 -4.430100e-06 4.424500e-06 5.531200e-09 0.000000e+00 6.880000e-11
7.300000e-01 7.300000e-01 8.000000e-01 -4.430100e-06 4.424500e-06 5.608000e-09 0.000000e+00 8.000000e-12
7.400000e-01 7.400000e-01 8.000000e-01 -4.430200e-06 4.424500e-06 5.684900e-09 0.000000e+00 1.510000e-11
7.500000e-01 7.500000e-01 8.000000e-01 -4.430300e-06 4.424500e-06 5.761700e-09 0.000000e+00 3.830000e-11
7.600000e-01 7.600000e-01 8.000000e-01 -4.430400e-06 4.424500e-06 5.838500e-09 0.000000e+00 6.150000e-11
7.700000e-01 7.700000e-01 8.000000e-01 -4.430400e-06 4.424500e-06 5.915300e-09 0.000000e+00 1.530000e-11
7.800000e-01 7.800000e-01 8.000000e-01 -4.430500e-06 4.424500e-06 5.992100e-09 0.000000e+00 7.900000e-12
7.900000e-01 7.900000e-01 8.000000e-01 -4.430600e-06 4.424500e-06 6.069000e-09 0.000000e+00 3.100000e-11
8.000000e-01 8.000000e-01 8.000000e-01 -4.430700e-06 4.424500e-06 6.145800e-09 0.000000e+00 5.420000e-11
8.100000e-01 8.100000e-01 8.000000e-01 -4.430700e-06 4.424500e-06 6.222600e-09 0.000000e+00 2.260000e-11
8.200000e-01 8.200000e-01 8.000000e-01 -4.430800e-06 4.424500e-06 6.299400e-09 0.000000e+00 6.000000e-13
8.300000e-01 8.300000e-01 8.000000e-01 -4.430900e-06 4.424500e-06 6.376300e-09 0.000000e+00 2.370000e-11
8.400000e-01 8.400000e-01 8.000000e-01 -4.431000e-06 4.424500e-06 6.453100e-09 0.000000e+00 4.690000e-11
8.500000e-01 8.500000e-01 8.000000e-01 -4.431100e-06 4.424500e-06 6.529900e-09 0.000000e+00 7.010000e-11
8.600000e-01 8.600000e-01 8.000000e-01 -4.431100e-06 4.424500e-06 6.606700e-09 0.000000e+00 6.700000e-12
8.700000e-01 8.700000e-01 8.000000e-01 -4.431200e-06 4.424500e-06 6.683500e-09 0.000000e+00 1.650000e-11
8.800000e-01 8.800000e-01 8.000000e-01 -4.431300e-06 4.424500e-06 6.760400e-09 0.000000e+00 3.960000e-11
8.900000e-01 8.900000e-01 8.000000e-01 -4.431400e-06 4.424500e-06 6.837200e-09 0.000000e+00 6.280000e-11
9.000000e-01 9.000000e-01 8.000000e-01 -4.431400e-06 4.424500e-06 6.914000e-09 0.000000e+00 1.400000e-11
9.100000e-01 9.100000e-01 8.000000e-01 -4.431500e-06 4.424500e-06 6.990800e-09 0.000000e+00 9.200000e-12
9.200000e-01 9.200000e-01 8.000000e-01 -4.431600e-06 4.424500e-06 7.067700e-09 0.000000e+00 3.230000e-11
9.300000e-01 9.300000e-01 8.000000e-01 -4.431700e-06 4.424500e-06 7.144500e-09 0.000000e+00 5.550000e-11
9.400000e-01 9.400000e-01 8.000000e-01 -4.431700e-06 4.424500e-06 7.221300e-09 0.000000e+00 2.130000e-11
9.500000e-01 9.500000e-01 8.000000e-01 -4.431800e-06 4.424500e-06 7.298100e-09 0.000000e+00 1.900000e-12
9.600000e-01 9.600000e-01 8.000000e-01 -4.431900e-06 4.424500e-06 7.374900e-09 0.000000e+00 2.510000e-11
9.700000e-01 9.700000e-01 8.000000e-01 -4.432000e-06 4.424500e-06 7.451800e-09 0.000000e+00 4.820000e-11
9.800000e-01 9.800000e-01 8.000000e-01 -4.432100e-06 4.424500e-06 7.528600e-09 0.000000e+00 7.140000e-11
9.900000e-01 9.900000e-01 8.000000e-01 -4.432100e-06 4.424500e-06 7.605400e-09 0.000000e+00 5.400000e-12
1.000000e+00 1.000000e+00 8.000000e-01 -4.432200e-06 4.424500e-06 7.682200e-09 0.000000e+00 1.780000e-11
1.010000e+00 1.010000e+00 8.000000e-01 -4.432300e-06 4.424500e-06 7.759100e-09 0.000000e+00 4.090000e-11
1.020000e+00 1.020000e+00 8.000000e-01 -4.432400e-06 4.424500e-06 7.835900e-09 0.000000e+00 6.410000e-11
1.030000e+00 1.030000e+00 8.000000e-01 -4.432400e-06 4.424500e-06 7.912700e-09 0.000000e+00 1.270000e-11
1.040000e+00 1.040000e+00 8.000000e-01 -4.432500e-06 4.424500e-06 7.989500e-09 0.000000e+00 1.050000e-11
1.050000e+00 1.050000e+00 8.000000e-01 -4.432600e-06 4.424500e-06 8.066300e-09 0.000000e+00 3.370000e-11
1.060000e+00 1.060000e+00 8.000000e-01 -4.432700e-06 4.424500e-06 8.143200e-09 0.000000e+00 5.680000e-11
1.070000e+00 1.070000e+00 8.000000e-01 -4.432700e-06 4.424500e-06 8.220000e-09 0.000000e+00 2.000000e-11
1.080000e+00 1.080000e+00 8.000000e-01 -4.432800e-06 4.424500e-06 8.296800e-09 0.000000e+00 3.200000e-12
1.090000e+00 1.090000e+00 8.000000e-01 -4.432900e-06 4.424500e-06 8.373600e-09 0.000000e+00 2.640000e-11
1.100000e+00 1.100000e+00 8.000000e-01 -4.433000e-06 4.424500e-06 8.450500e-09 0.000000e+00 4.950000e-11
1.110000e+00 1.110000e+00 8.000000e-01 -4.433100e-06 4.424500e-06 8.527300e-09 0.000000e+00 7.270000e-11
1.120000e+00 1.120000e+00 8.000000e-01 -4.433100e-06 4.424500e-06 8.604100e-09 0.000000e+00 4.100000e-12
1.130000e+00 1.130000e+00 8.000000e-01 -4.433200e-06 4.424500e-06 8.680900e-09 0.000000e+00 1.910000e-11
1.140000e+00 1.140000e+00 8.000000e-01 -4.433300e-06 4.424500e-06 8.757700e-09 0.000000e+00 4.230000e-11
1.150000e+00 1.150000e+00 8.000000e-01 -4.433400e-06 4.424500e-06 8.834600e-09 0.000000e+00 6.540000e-11
1.160000e+00 1.160000e+00 8.000000e-01 -4.433400e-06 4.424500e-06 8.911400e-09 0.000000e+00 1.140000e-11
1.170000e+00 1.170000e+00 8.000000e-01 -4.433500e-06 4.424500e-06 8.988200e-09 0.000000e+00 1.180000e-11
1.180000e+00 1.180000e+00 8.000000e-01 -4.433600e-06 4.424500e-06 9.065000e-09 0.000000e+00 3.500000e-11
1.190000e+00 1.190000e+00 8.000000e-01 -4.433700e-06 4.424500e-06 9.141900e-09 0.000000e+00 5.810000e-11
1.200000e+00 1.200000e+00 8.000000e-01 -4.433700e-06 4.424500e-06 9.218700e-09 0.000000e+00 1.870000e-11
0.000000e+00 0.000000e+00 1.000000e+00 0.000000e+00 0.000000e+00 0.000000e+00 0.000000e+00 0.000000e+00
1.000000e-02 1.000000e-02 1.000000e+00 -6.505026e-07 6.504258e-07 7.682240e-11 0.000000e+00 2.240000e-14
2.000000e-02 2.000000e-02 1.000000e+00 -1.281400e-06 1.281200e-06 1.536447e-10 0.000000e+00 4.635530e-11
3.000000e-02 3.000000e-02 1.000000e+00 -1.892700e-06 1.892400e-06 2.304671e-10 0.000000e+00 6.953290e-11
4.000000e-02 4.000000e-02 1.000000e+00 -2.484500e-06 2.484200e-06 3.072894e-10 0.000000e+00 7.289400e-12
5.000000e-02 5.000000e-02 1.000000e+00 -3.056900e-06 3.056500e-06 3.841118e-10 0.000000e+00 1.588820e-11
6.000000e-02 6.000000e-02 1.000000e+00 -3.610000e-06 3.609500e-06 4.609341e-10 0.000000e+00 3.906590e-11
7.000000e-02 7.000000e-02 1.000000e+00 -4.143700e-06 4.143200e-06 5.377565e-10 0.000000e+00 3.775650e-11
8.000000e-02 8.000000e-02 1.000000e+00 -4.658300e-06 4.657700e-06 6.145788e-10 0.000000e+00 1.457880e-11
9.000000e-02 9.000000e-02 1.000000e+00 -5.153800e-06 5.153100e-06 6.914012e-10 0.000000e+00 8.598800e-12
1.000000e-01 1.000000e-01 1.000000e+00 -5.630100e-06 5.629300e-06 7.682235e-10 0.000000e+00 3.177650e-11
1.100000e-01 1.100000e-01 1.000000e+00 -6.087400e-06 6.086600e-06 8.450459e-10 0.000000e+00 4.504590e-11
1.200000e-01 1.200000e-01 1.000000e+00 -6.525800e-06 6.524900e-06 9.218682e-10 0.000000e+00 2.186820e-11
1.300000e-01 1.300000e-01 1.000000e+00 -6.945300e-06 6.944300e-06 9.986906e-10 0.000000e+00 1.309400e-12
1.400000e-01 1.400000e-01 1.000000e+00 -7.345900e-06 7.344800e-06 1.075500e-09 0.000000e+00 2.450000e-11
1.500000e-01 1.500000e-01 1.000000e+00 -7.727700e-06 7.726500e-06 1.152300e-09 0.000000e+00 4.770000e-11
1.600000e-01 1.600000e-01 1.000000e+00 -8.090700e-06 8.089500e-06 1.229200e-09 0.000000e+00 2.920000e-11
1.700000e-01 1.700000e-01 1.000000e+00 -8.435100e-06 8.433800e-06 1.306000e-09 0.000000e+00 6.000000e-12
1.800000e-01 1.800000e-01 1.000000e+00 -8.760900e-06 8.759500e-06 1.382800e-09 0.000000e+00 1.720000e-11
1.900000e-01 1.900000e-01 1.000000e+00 -9.068000e-06 9.066500e-06 1.459600e-09 0.000000e+00 4.040000e-11
2.000000e-01 2.000000e-01 1.000000e+00 -9.356600e-06 9.355100e-06 1.536400e-09 0.000000e+00 3.640000e-11
2.100000e-01 2.100000e-01 1.000000e+00 -9.626700e-06 9.625100e-06 1.613300e-09 0.000000e+00 1.330000e-11
2.200000e-01 2.200000e-01 1.000000e+00 -9.878400e-06 9.876700e-06 1.690100e-09 0.000000e+00 9.900000e-12
2.300000e-01 2.300000e-01 1.000000e+00 -1.011170e-05 1.010990e-05 1.766900e-09 0.000000e+00 3.310000e-11
2.400000e-01 2.400000e-01 1.000000e+00 -1.032660e-05 1.032470e-05 1.843700e-09 0.000000e+00 5.630000e-11
2.500000e-01 2.500000e-01 1.000000e+00 -1.052320e-05 1.052120e-05 1.920600e-09 0.000000e+00 7.940000e-11
2.600000e-01 2.600000e-01 1.000000e+00 -1.070150e-05 1.069950e-05 1.997400e-09 0.000000e+00 2.600000e-12
2.700000e-01 2.700000e-01 1.000000e+00 -1.086150e-05 1.085950e-05 2.074200e-09 0.000000e+00 7.420000e-11
2.800000e-01 2.800000e-01 1.000000e+00 -1.100340e-05 1.100130e-05 2.151000e-09 0.000000e+00 5.100000e-11
2.900000e-01 2.900000e-01 1.000000e+00 -1.112720e-05 1.112500e-05 2.227800e-09 0.000000e+00 2.780000e-11
3.000000e-01 3.000000e-01 1.000000e+00 -1.123280e-05 1.123050e-05 2.304700e-09 0.000000e+00 4.700000e-12
3.100000e-01 3.100000e-01 1.000000e+00 -1.132040e-05 1.131800e-05 2.381500e-09 0.000000e+00 1.850000e-11
3.200000e-01 3.200000e-01 1.000000e+00 -1.138990e-05 1.138740e-05 2.458300e-09 0.000000e+00 4.170000e-11
3.300000e-01 3.300000e-01 1.000000e+00 -1.144140e-05 1.143880e-05 2.535100e-09 0.000000e+00 6.490000e-11
3.400000e-01 3.400000e-01 1.000000e+00 -1.144480e-05 1.144220e-05 2.612000e-09 0.000000e+00 1.200000e-11
3.500000e-01 3.500000e-01 1.000000e+00 -1.144490e-05 1.144220e-05 2.688800e-09 0.000000e+00 1.120000e-11
3.600000e-01 3.600000e-01 1.000000e+00 -1.144490e-05 1.144220e-05 2.765600e-09 0.000000e+00 6.560000e-11
3.700000e-01 3.700000e-01 1.000000e+00 -1.144500e-05 1.144220e-05 2.842400e-09 0.000000e+00 4.240000e-11
3.800000e-01 3.800000e-01 1.000000e+00 -1.144510e-05 1.144220e-05 2.919200e-09 0.000000e+00 1.920000e-11
3.900000e-01 3.900000e-01 1.000000e+00 -1.144520e-05 1.144220e-05 2.996100e-09 0.000000e+00 3.900000e-12
4.000000e-01 4.000000e-01 1.000000e+00 -1.144530e-05 1.144220e-05 3.072900e-09 0.000000e+00 2.710000e-11
4.100000e-01 4.100000e-01 1.000000e+00 -1.144530e-05 1.144220e-05 3.149700e-09 0.000000e+00 4.970000e-11
4.200000e-01 4.200000e-01 1.000000e+00 -1.144540e-05 1.144220e-05 3.226500e-09 0.000000e+00 2.650000e-11
4.300000e-01 4.300000e-01 1.000000e+00 -1.144550e-05 1.144220e-05 3.303400e-09 0.000000e+00 3.400000e-12
4.400000e-01 4.400000e-01 1.000000e+00 -1.144560e-05 1.144220e-05 3.380200e-09 0.000000e+00 1.980000e-11
4.500000e-01 4.500000e-01 1.000000e+00 -1.144560e-05 1.144220e-05 3.457000e-09 0.000000e+00 5.700000e-11
4.600000e-01 4.600000e-01 1.000000e+00 -1.144570e-05 1.144220e-05 3.533800e-09 0.000000e+00 3.380000e-11
4.700000e-01 4.700000e-01 1.000000e+00 -1.144580e-05 1.144220e-05 3.610700e-09 0.000000e+00 1.070000e-11
4.800000e-01 4.800000e-01 1.000000e+00 -1.144590e-05 1.144220e-05 3.687500e-09 0.000000e+00 1.250000e-11
4.900000e-01 4.900000e-01 1.000000e+00 -1.144590e-05 1.144220e-05 3.764300e-09 0.000000e+00 6.430000e-11
5.000000e-01 5.000000e-01 1.000000e+00 -1.144600e-05 1.144220e-05 3.841100e-09 0.000000e+00 4.110000e-11
5.100000e-01 5.100000e-01 1.000000e+00 -1.144610e-05 1.144220e-05 3.917900e-09 0.000000e+00 1.790000e-11
5.200000e-01 5.200000e-01 1.000000e+00 -1.144620e-05 1.144220e-05 3.994800e-09 0.000000e+00 5.200000e-12
5.300000e-01 5.300000e-01 1.000000e+00 -1.144630e-05 1.144220e-05 4.071600e-09 0.000000e+00 2.840000e-11
5.400000e-01 5.400000e-01 1.000000e+00 -1.144630e-05 1.144220e-05 4.148400e-09 0.000000e+00 4.840000e-11
5.500000e-01 5.500000e-01 1.000000e+00 -1.144640e-05 1.144220e-05 4.225200e-09 0.000000e+00 2.520000e-11
5.600000e-01 5.600000e-01 1.000000e+00 -1.144650e-05 1.144220e-05 4.302100e-09 0.000000e+00 2.100000e-12
5.700000e-01 5.700000e-01 1.000000e+00 -1.144660e-05 1.144220e-05 4.378900e-09 0.000000e+00 2.110000e-11
5.800000e-01 5.800000e-01 1.000000e+00 -1.144660e-05 1.144220e-05 4.455700e-09 0.000000e+00 5.570000e-11
5.900000e-01 5.900000e-01 1.000000e+00 -1.144670e-05 1.144220e-05 4.532500e-09 0.000000e+00 3.250000e-11
6.000000e-01 6.000000e-01 1.000000e+00 -1.144680e-05 1.144220e-05 4.609300e-09 0.000000e+00 9.300000e-12
6.100000e-01 6.100000e-01 1.000000e+00 -1.144690e-05 1.144220e-05 4.686200e-09 0.000000e+00 1.380000e-11
6.200000e-01 6.200000e-01 1.000000e+00 -1.144690e-05 1.144220e-05 4.763000e-09 0.000000e+00 6.300000e-11
6.300000e-01 6.300000e-01 1.000000e+00 -1.144700e-05 1.144220e-05 4.839800e-09 0.000000e+00 3.980000e-11
6.400000e-01 6.400000e-01 1.000000e+00 -1.144710e-05 1.144220e-05 4.916600e-09 0.000000e+00 1.660000e-11
6.500000e-01 6.500000e-01 1.000000e+00 -1.144720e-05 1.144220e-05 4.993500e-09 0.000000e+00 6.500000e-12
6.600000e-01 6.600000e-01 1.000000e+00 -1.144720e-05 1.144220e-05 5.070300e-09 0.000000e+00 7.030000e-11
6.700000e-01 6.700000e-01 1.000000e+00 -1.144730e-05 1.144220e-05 5.147100e-09 0.000000e+00 4.710000e-11
6.800000e-01 6.800000e-01 1.000000e+00 -1.144740e-05 1.144220e-05 5.223900e-09 0.000000e+00 2.390000e-11
6.900000e-01 6.900000e-01 1.000000e+00 -1.144750e-05 1.144220e-05 5.300700e-09 0.000000e+00 7.000000e-13
7.000000e-01 7.000000e-01 1.000000e+00 -1.144760e-05 1.144220e-05 5.377600e-09 0.000000e+00 2.240000e-11
7.100000e-01 7.100000e-01 1.000000e+00 -1.144760e-05 1.144220e-05 5.454400e-09 0.000000e+00 5.440000e-11
7.200000e-01 7.200000e-01 1.000000e+00 -1.144770e-05 1.144220e-05 5.531200e-09 0.000000e+00 3.120000e-11
7.300000e-01 7.300000e-01 1.000000e+00 -1.144780e-05 1.144220e-05 5.608000e-09 0.000000e+00 8.000000e-12
7.400000e-01 7.400000e-01 1.000000e+00 -1.144790e-05 1.144220e-05 5.684900e-09 0.000000e+00 1.510000e-11
7.500000e-01 7.500000e-01 1.000000e+00 -1.144790e-05 1.144220e-05 5.761700e-09 0.000000e+00 6.170000e-11
7.600000e-01 7.600000e-01 1.000000e+00 -1.144800e-05 1.144220e-05 5.838500e-09 0.000000e+00 3.850000e-11
7.700000e-01 7.700000e-01 1.000000e+00 -1.144810e-05 1.144220e-05 5.915300e-09 0.000000e+00 1.530000e-11
7.800000e-01 7.800000e-01 1.000000e+00 -1.144820e-05 1.144220e-05 5.992100e-09 0.000000e+00 7.900000e-12
7.900000e-01 7.900000e-01 1.000000e+00 -1.144820e-05 1.144220e-05 6.069000e-09 0.000000e+00 6.900000e-11
8.000000e-01 8.000000e-01 1.000000e+00 -1.144830e-05 1.144220e-05 6.145800e-09 0.000000e+00 4.580000e-11
8.100000e-01 8.100000e-01 1.000000e+00 -1.144840e-05 1.144220e-05 6.222600e-09 0.000000e+00 2.260000e-11
8.200000e-01 8.200000e-01 1.000000e+00 -1.144850e-05 1.144220e-05 6.299400e-09 0.000000e+00 6.000000e-13
8.300000e-01 8.300000e-01 1.000000e+00 -1.144860e-05 1.144220e-05 6.376300e-09 0.000000e+00 2.370000e-11
8.400000e-01 8.400000e-01 1.000000e+00 -1.144860e-05 1.144220e-05 6.453100e-09 0.000000e+00 5.310000e-11
8.500000e-01 8.500000e-01 1.000000e+00 -1.144870e-05 1.144220e-05 6.529900e-09 0.000000e+00 2.990000e-11
8.600000e-01 8.600000e-01 1.000000e+00 -1.144880e-05 1.144220e-05 6.606700e-09 0.000000e+00 6.700000e-12
8.700000e-01 8.700000e-01 1.000000e+00 -1.144890e-05 1.144220e-05 6.683500e-09 0.000000e+00 1.650000e-11
8.800000e-01 8.800000e-01 1.000000e+00 -1.144890e-05 1.144220e-05 6.760400e-09 0.000000e+00 6.040000e-11
8.900000e-01 8.900000e-01 1.000000e+00 -1.144900e-05 1.144220e-05 6.837200e-09 0.000000e+00 3.720000e-11
9.000000e-01 9.000000e-01 1.000000e+00 -1.144910e-05 1.144220e-05 6.914000e-09 0.000000e+00 1.400000e-11
9.100000e-01 9.100000e-01 1.000000e+00 -1.144920e-05 1.144220e-05 6.990800e-09 0.000000e+00 9.200000e-12
9.200000e-01 9.200000e-01 1.000000e+00 -1.144920e-05 1.144220e-05 7.067700e-09 0.000000e+00 6.770000e-11
9.300000e-01 9.300000e-01 1.000000e+00 -1.144930e-05 1.144220e-05 7.144500e-09 0.000000e+00 4.450000e-11
9.400000e-01 9.400000e-01 1.000000e+00 -1.144940e-05 1.144220e-05 7.221300e-09 0.000000e+00 2.130000e-11
9.500000e-01 9.500000e-01 1.000000e+00 -1.144950e-05 1.144220e-05 7.298100e-09 0.000000e+00 1.900000e-12
9.600000e-01 9.600000e-01 1.000000e+00 -1.144960e-05 1.144220e-05 7.374900e-09 0.000000e+00 2.510000e-11
9.700000e-01 9.700000e-01 1.000000e+00 -1.144960e-05 1.144220e-05 7.451800e-09 0.000000e+00 5.180000e-11
9.800000e-01 9.800000e-01 1.000000e+00 -1.144970e-05 1.144220e-05 7.528600e-09 0.000000e+00 2.860000e-11
9.900000e-01 9.900000e-01 1.000000e+00 -1.144980e-05 1.144220e-05 7.605400e-09 0.000000e+00 5.400000e-12
1.000000e+00 1.000000e+00 1.000000e+00 -1.144990e-05 1.144220e-05 7.682200e-09 0.000000e+00 1.780000e-11
1.010000e+00 1.010000e+00 1.000000e+00 -1.144990e-05 1.144220e-05 7.759100e-09 0.000000e+00 5.910000e-11
1.020000e+00 1.020000e+00 1.000000e+00 -1.145000e-05 1.144220e-05 7.835900e-09 0.000000e+00 3.590000e-11
1.030000e+00 1.030000e+00 1.000000e+00 -1.145010e-05 1.144220e-05 7.912700e-09 0.000000e+00 1.270000e-11
1.040000e+00 1.040000e+00 1.000000e+00 -1.145020e-05 1.144220e-05 7.989500e-09 0.000000e+00 1.050000e-11
1.050000e+00 1.050000e+00 1.000000e+00 -1.145020e-05 1.144220e-05 8.066300e-09 0.000000e+00 6.630000e-11
1.060000e+00 1.060000e+00 1.000000e+00 -1.145030e-05 1.144220e-05 8.143200e-09 0.000000e+00 4.320000e-11
1.070000e+00 1.070000e+00 1.000000e+00 -1.145040e-05 1.144220e-05 8.220000e-09 0.000000e+00 2.000000e-11
1.080000e+00 1.080000e+00 1.000000e+00 -1.145050e-05 1.144220e-05 8.296800e-09 0.000000e+00 3.200000e-12
1.090000e+00 1.090000e+00 1.000000e+00 -1.145060e-05 1.144220e-05 8.373600e-09 0.000000e+00 2.640000e-11
1.100000e+00 1.100000e+00 1.000000e+00 -1.145060e-05 1.144220e-05 8.450500e-09 0.000000e+00 5.050000e-11
1.110000e+00 1.110000e+00 1.000000e+00 -1.145070e-05 1.144220e-05 8.527300e-09 0.000000e+00 2.730000e-11
1.120000e+00 1.120000e+00 1.000000e+00 -1.145080e-05 1.144220e-05 8.604100e-09 0.000000e+00 4.100000e-12
1.130000e+00 1.130000e+00 1.000000e+00 -1.145090e-05 1.144220e-05 8.680900e-09 0.000000e+00 1.910000e-11
1.140000e+00 1.140000e+00 1.000000e+00 -1.145090e-05 1.144220e-05 8.757700e-09 0.000000e+00 5.770000e-11
1.150000e+00 1.150000e+00 1.000000e+00 -1.145100e-05 1.144220e-05 8.834600e-09 0.000000e+00 3.460000e-11
1.160000e+00 1.160000e+00 1.000000e+00 -1.145110e-05 1.144220e-05 8.911400e-09 0.000000e+00 1.140000e-11
1.170000e+00 1.170000e+00 1.000000e+00 -1.145120e-05 1.144220e-05 8.988200e-09 0.000000e+00 1.180000e-11
1.180000e+00 1.180000e+00 1.000000e+00 -1.145120e-05 1.144220e-05 9.065000e-09 0.000000e+00 6.500000e-11
1.190000e+00 1.190000e+00 1.000000e+00 -1.145130e-05 1.144220e-05 9.141900e-09 0.000000e+00 4.190000e-11
1.200000e+00 1.200000e+00 1.000000e+00 -1.145140e-05 1.144220e-05 9.218700e-09 0.000000e+00 1.870000e-11
0.000000e+00 0.000000e+00 1.200000e+00 0.000000e+00 0.000000e+00 0.000000e+00 0.000000e+00 0.000000e+00
1.000000e-02 1.000000e-02 1.200000e+00 -8.980520e-07 8.979752e-07 7.682240e-11 0.000000e+00 2.240000e-14
2.000000e-02 2.000000e-02 1.200000e+00 -1.776500e-06 1.776300e-06 1.536447e-10 0.000000e+00 4.635530e-11
3.000000e-02 3.000000e-02 1.200000e+00 -2.635300e-06 2.635100e-06 2.304671e-10 0.000000e+00 3.046710e-11
4.000000e-02 4.000000e-02 1.200000e+00 -3.474700e-06 3.474400e-06 3.072894e-10 0.000000e+00 7.289400e-12
5.000000e-02 5.000000e-02 1.200000e+00 -4.294600e-06 4.294300e-06 3.841118e-10 0.000000e+00 8.411180e-11
6.000000e-02 6.000000e-02 1.200000e+00 -5.095300e-06 5.094800e-06 4.609341e-10 0.000000e+00 3.906590e-11
7.000000e-02 7.000000e-02 1.200000e+00 -5.876600e-06 5.876100e-06 5.377565e-10 0.000000e+00 3.775650e-11
8.000000e-02 8.000000e-02 1.200000e+00 -6.638700e-06 6.638100e-06 6.145788e-10 0.000000e+00 1.457880e-11
9.000000e-02 9.000000e-02 1.200000e+00 -7.381700e-06 7.381000e-06 6.914012e-10 0.000000e+00 8.598800e-12
1.000000e-01 1.000000e-01 1.200000e+00 -8.105600e-06 8.104800e-06 7.682235e-10 0.000000e+00 3.177650e-11
1.100000e-01 1.100000e-01 1.200000e+00 -8.810500e-06 8.809600e-06 8.450459e-10 0.000000e+00 5.495410e-11
1.200000e-01 1.200000e-01 1.200000e+00 -9.496400e-06 9.495500e-06 9.218682e-10 0.000000e+00 2.186820e-11
1.300000e-01 1.300000e-01 1.200000e+00 -1.016340e-05 1.016240e-05 9.986906e-10 0.000000e+00 1.309400e-12
1.400000e-01 1.400000e-01 1.200000e+00 -1.081150e-05 1.081050e-05 1.075500e-09 0.000000e+00 7.550000e-11
1.500000e-01 1.500000e-01 1.200000e+00 -1.144090e-05 1.143980e-05 1.152300e-09 0.000000e+00 5.230000e-11
1.600000e-01 1.600000e-01 1.200000e+00 -1.205150e-05 1.205030e-05 1.229200e-09 0.000000e+00 2.920000e-11
1.700000e-01 1.700000e-01 1.200000e+00 -1.264350e-05 1.264220e-05 1.306000e-09 0.000000e+00 6.000000e-12
1.800000e-01 1.800000e-01 1.200000e+00 -1.321670e-05 1.321540e-05 1.382800e-09 0.000000e+00 8.280000e-11
1.900000e-01 1.900000e-01 1.200000e+00 -1.377140e-05 1.377000e-05 1.459600e-09 0.000000e+00 5.960000e-11
2.000000e-01 2.000000e-01 1.200000e+00 -1.430760e-05 1.430610e-05 1.536400e-09 0.000000e+00 3.640000e-11
2.100000e-01 2.100000e-01 1.200000e+00 -1.482530e-05 1.482370e-05 1.613300e-09 0.000000e+00 1.330000e-11
2.200000e-01 2.200000e-01 1.200000e+00 -1.532450e-05 1.532280e-05 1.690100e-09 0.000000e+00 9.900000e-12
2.300000e-01 2.300000e-01 1.200000e+00 -1.580530e-05 1.580350e-05 1.766900e-09 0.000000e+00 3.310000e-11
2.400000e-01 2.400000e-01 1.200000e+00 -1.626770e-05 1.626590e-05 1.843700e-09 0.000000e+00 4.370000e-11
2.500000e-01 2.500000e-01 1.200000e+00 -1.671190e-05 1.671000e-05 1.920600e-09 0.000000e+00 2.060000e-11
2.600000e-01 2.600000e-01 1.200000e+00 -1.713780e-05 1.713580e-05 1.997400e-09 0.000000e+00 2.600000e-12
2.700000e-01 2.700000e-01 1.200000e+00 -1.754540e-05 1.754330e-05 2.074200e-09 0.000000e+00 2.580000e-11
2.800000e-01 2.800000e-01 1.200000e+00 -1.793480e-05 1.793270e-05 2.151000e-09 0.000000e+00 5.100000e-11
2.900000e-01 2.900000e-01 1.200000e+00 -1.830610e-05 1.830390e-05 2.227800e-09 0.000000e+00 2.780000e-11
3.000000e-01 3.000000e-01 1.200000e+00 -1.865930e-05 1.865700e-05 2.304700e-09 0.000000e+00 4.700000e-12
3.100000e-01 3.100000e-01 1.200000e+00 -1.899440e-05 1.899200e-05 2.381500e-09 0.000000e+00 1.850000e-11
3.200000e-01 3.200000e-01 1.200000e+00 -1.931150e-05 1.930900e-05 2.458300e-09 0.000000e+00 4.170000e-11
3.300000e-01 3.300000e-01 1.200000e+00 -1.961050e-05 1.960800e-05 2.535100e-09 0.000000e+00 3.510000e-11
3.400000e-01 3.400000e-01 1.200000e+00 -1.989160e-05 1.988900e-05 2.612000e-09 0.000000e+00 1.200000e-11
3.500000e-01 3.500000e-01 1.200000e+00 -2.015480e-05 2.015210e-05 2.688800e-09 0.000000e+00 1.120000e-11
3.600000e-01 3.600000e-01 1.200000e+00 -2.040000e-05 2.039730e-05 2.765600e-09 0.000000e+00 6.560000e-11
3.700000e-01 3.700000e-01 1.200000e+00 -2.062750e-05 2.062460e-05 2.842400e-09 0.000000e+00 5.760000e-11
3.800000e-01 3.800000e-01 1.200000e+00 -2.083700e-05 2.083410e-05 2.919200e-09 0.000000e+00 1.920000e-11
3.900000e-01 3.900000e-01 1.200000e+00 -2.102880e-05 2.102580e-05 2.996100e-09 0.000000e+00 3.900000e-12
4.000000e-01 4.000000e-01 1.200000e+00 -2.120290e-05 2.119980e-05 3.072900e-09 0.000000e+00 2.710000e-11
4.100000e-01 4.100000e-01 1.200000e+00 -2.135920e-05 2.135600e-05 3.149700e-09 0.000000e+00 5.030000e-11
4.200000e-01 4.200000e-01 1.200000e+00 -2.149770e-05 2.149450e-05 3.226500e-09 0.000000e+00 2.650000e-11
4.300000e-01 4.300000e-01 1.200000e+00 -2.161870e-05 2.161540e-05 3.303400e-09 0.000000e+00 3.400000e-12
4.400000e-01 4.400000e-01 1.200000e+00 -2.172200e-05 2.171860e-05 3.380200e-09 0.000000e+00 1.980000e-11
4.500000e-01 4.500000e-01 1.200000e+00 -2.180170e-05 2.179830e-05 3.457000e-09 0.000000e+00 5.700000e-11
4.600000e-01 4.600000e-01 1.200000e+00 -2.180180e-05 2.179830e-05 3.533800e-09 0.000000e+00 3.380000e-11
4.700000e-01 4.700000e-01 1.200000e+00 -2.180190e-05 2.179830e-05 3.610700e-09 0.000000e+00 1.070000e-11
4.800000e-01 4.800000e-01 1.200000e+00 -2.180200e-05 2.179830e-05 3.687500e-09 0.000000e+00 1.250000e-11
4.900000e-01 4.900000e-01 1.200000e+00 -2.180210e-05 2.179830e-05 3.764300e-09 0.000000e+00 3.570000e-11
5.000000e-01 5.000000e-01 1.200000e+00 -2.180210e-05 2.179830e-05 3.841100e-09 0.000000e+00 4.110000e-11
5.100000e-01 5.100000e-01 1.200000e+00 -2.180220e-05 2.179830e-05 3.917900e-09 0.000000e+00 1.790000e-11
5.200000e-01 5.200000e-01 1.200000e+00 -2.180230e-05 2.179830e-05 3.994800e-09 0.000000e+00 5.200000e-12
5.300000e-01 5.300000e-01 1.200000e+00 -2.180240e-05 2.179830e-05 4.071600e-09 0.000000e+00 2.840000e-11
5.400000e-01 5.400000e-01 1.200000e+00 -2.180240e-05 2.179830e-05 4.148400e-09 0.000000e+00 4.840000e-11
5.500000e-01 5.500000e-01 1.200000e+00 -2.180250e-05 2.179830e-05 4.225200e-09 0.000000e+00 2.520000e-11
5.600000e-01 5.600000e-01 1.200000e+00 -2.180260e-05 2.179830e-05 4.302100e-09 0.000000e+00 2.100000e-12
5.700000e-01 5.700000e-01 1.200000e+00 -2.180270e-05 2.179830e-05 4.378900e-09 0.000000e+00 2.110000e-11
5.800000e-01 5.800000e-01 1.200000e+00 -2.180270e-05 2.179830e-05 4.455700e-09 0.000000e+00 5.570000e-11
5.900000e-01 5.900000e-01 1.200000e+00 -2.180280e-05 2.179830e-05 4.532500e-09 0.000000e+00 3.250000e-11
6.000000e-01 6.000000e-01 1.200000e+00 -2.180290e-05 2.179830e-05 4.609300e-09 0.000000e+00 9.300000e-12
6.100000e-01 6.100000e-01 1.200000e+00 -2.180300e-05 2.179830e-05 4.686200e-09 0.000000e+00 1.380000e-11
6.200000e-01 6.200000e-01 1.200000e+00 -2.180310e-05 2.179830e-05 4.763000e-09 0.000000e+00 3.700000e-11
6.300000e-01 6.300000e-01 1.200000e+00 -2.180310e-05 2.179830e-05 4.839800e-09 0.000000e+00 3.980000e-11
6.400000e-01 6.400000e-01 1.200000e+00 -2.180320e-05 2.179830e-05 4.916600e-09 0.000000e+00 1.660000e-11
6.500000e-01 6.500000e-01 1.200000e+00 -2.180330e-05 2.179830e-05 4.993500e-09 0.000000e+00 6.500000e-12
6.600000e-01 6.600000e-01 1.200000e+00 -2.180340e-05 2.179830e-05 5.070300e-09 0.000000e+00 2.970000e-11
6.700000e-01 6.700000e-01 1.200000e+00 -2.180340e-05 2.179830e-05 5.147100e-09 0.000000e+00 4.710000e-11
6.800000e-01 6.800000e-01 1.200000e+00 -2.180350e-05 2.179830e-05 5.223900e-09 0.000000e+00 2.390000e-11
6.900000e-01 6.900000e-01 1.200000e+00 -2.180360e-05 2.179830e-05 5.300700e-09 0.000000e+00 7.000000e-13
7.000000e-01 7.000000e-01 1.200000e+00 -2.180370e-05 2.179830e-05 5.377600e-09 0.000000e+00 2.240000e-11
7.100000e-01 7.100000e-01 1.200000e+00 -2.180370e-05 2.179830e-05 5.454400e-09 0.000000e+00 5.440000e-11
7.200000e-01 7.200000e-01 1.200000e+00 -2.180380e-05 2.179830e-05 5.531200e-09 0.000000e+00 3.120000e-11
7.300000e-01 7.300000e-01 1.200000e+00 -2.180390e-05 2.179830e-05 5.608000e-09 0.000000e+00 8.000000e-12
7.400000e-01 7.400000e-01 1.200000e+00 -2.180400e-05 2.179830e-05 5.684900e-09 0.000000e+00 1.510000e-11
7.500000e-01 7.500000e-01 1.200000e+00 -2.180410e-05 2.179830e-05 5.761700e-09 0.000000e+00 3.830000e-11
7.600000e-01 7.600000e-01 1.200000e+00 -2.180410e-05 2.179830e-05 5.838500e-09 0.000000e+00 3.850000e-11
7.700000e-01 7.700000e-01 1.200000e+00 -2.180420e-05 2.179830e-05 5.915300e-09 0.000000e+00 1.530000e-11
7.800000e-01 7.800000e-01 1.200000e+00 -2.180430e-05 2.179830e-05 5.992100e-09 0.000000e+00 7.900000e-12
7.900000e-01 7.900000e-01 1.200000e+00 -2.180440e-05 2.179830e-05 6.069000e-09 0.000000e+00 3.100000e-11
8.000000e-01 8.000000e-01 1.200000e+00 -2.180440e-05 2.179830e-05 6.145800e-09 0.000000e+00 4.580000e-11
8.100000e-01 8.100000e-01 1.200000e+00 -2.180450e-05 2.179830e-05 6.222600e-09 0.000000e+00 2.260000e-11
8.200000e-01 8.200000e-01 1.200000e+00 -2.180460e-05 2.179830e-05 6.299400e-09 0.000000e+00 6.000000e-13
8.300000e-01 8.300000e-01 1.200000e+00 -2.180470e-05 2.179830e-05 6.376300e-09 0.000000e+00 2.370000e-11
8.400000e-01 8.400000e-01 1.200000e+00 -2.180470e-05 2.179830e-05 6.453100e-09 0.000000e+00 5.310000e-11
8.500000e-01 8.500000e-01 1.200000e+00 -2.180480e-05 2.179830e-05 6.529900e-09 0.000000e+00 2.990000e-11
8.600000e-01 8.600000e-01 1.200000e+00 -2.180490e-05 2.179830e-05 6.606700e-09 0.000000e+00 6.700000e-12
8.700000e-01 8.700000e-01 1.200000e+00 -2.180500e-05 2.179830e-05 6.683500e-09 0.000000e+00 1.650000e-11
8.800000e-01 8.800000e-01 1.200000e+00 -2.180510e-05 2.179830e-05 6.760400e-09 0.000000e+00 3.960000e-11
8.900000e-01 8.900000e-01 1.200000e+00 -2.180510e-05 2.179830e-05 6.837200e-09 0.000000e+00 3.720000e-11
9.000000e-01 9.000000e-01 1.200000e+00 -2.180520e-05 2.179830e-05 6.914000e-09 0.000000e+00 1.400000e-11
9.100000e-01 9.100000e-01 1.200000e+00 -2.180530e-05 2.179830e-05 6.990800e-09 0.000000e+00 9.200000e-12
9.200000e-01 9.200000e-01 1.200000e+00 -2.180540e-05 2.179830e-05 7.067700e-09 0.000000e+00 3.230000e-11
9.300000e-01 9.300000e-01 1.200000e+00 -2.180540e-05 2.179830e-05 7.144500e-09 0.000000e+00 4.450000e-11
9.400000e-01 9.400000e-01 1.200000e+00 -2.180550e-05 2.179830e-05 7.221300e-09 0.000000e+00 2.130000e-11
9.500000e-01 9.500000e-01 1.200000e+00 -2.180560e-05 2.179830e-05 7.298100e-09 0.000000e+00 1.900000e-12
9.600000e-01 9.600000e-01 1.200000e+00 -2.180570e-05 2.179830e-05 7.374900e-09 0.000000e+00 2.510000e-11
9.700000e-01 9.700000e-01 1.200000e+00 -2.180570e-05 2.179830e-05 7.451800e-09 0.000000e+00 5.180000e-11
9.800000e-01 9.800000e-01 1.200000e+00 -2.180580e-05 2.179830e-05 7.528600e-09 0.000000e+00 2.860000e-11
9.900000e-01 9.900000e-01 1.200000e+00 -2.180590e-05 2.179830e-05 7.605400e-09 0.000000e+00 5.400000e-12
1.000000e+00 1.000000e+00 1.200000e+00 -2.180600e-05 2.179830e-05 7.682200e-09 0.000000e+00 1.780000e-11
1.010000e+00 1.010000e+00 1.200000e+00 -2.180610e-05 2.179830e-05 7.759100e-09 0.000000e+00 4.090000e-11
1.020000e+00 1.020000e+00 1.200000e+00 -2.180610e-05 2.179830e-05 7.835900e-09 0.000000e+00 3.590000e-11
1.030000e+00 1.030000e+00 1.200000e+00 -2.180620e-05 2.179830e-05 7.912700e-09 0.000000e+00 1.270000e-11
1.040000e+00 1.040000e+00 1.200000e+00 -2.180630e-05 2.179830e-05 7.989500e-09 0.000000e+00 1.050000e-11
1.050000e+00 1.050000e+00 1.200000e+00 -2.180640e-05 2.179830e-05 8.066300e-09 0.000000e+00 3.370000e-11
1.060000e+00 1.060000e+00 1.200000e+00 -2.180640e-05 2.179830e-05 8.143200e-09 0.000000e+00 4.320000e-11
1.070000e+00 1.070000e+00 1.200000e+00 -2.180650e-05 2.179830e-05 8.220000e-09 0.000000e+00 2.000000e-11
1.080000e+00 1.080000e+00 1.200000e+00 -2.180660e-05 2.179830e-05 8.296800e-09 0.000000e+00 3.200000e-12
1.090000e+00 1.090000e+00 1.200000e+00 -2.180670e-05 2.179830e-05 8.373600e-09 0.000000e+00 2.640000e-11
1.100000e+00 1.100000e+00 1.200000e+00 -2.180670e-05 2.179830e-05 8.450500e-09 0.000000e+00 5.050000e-11
1.110000e+00 1.110000e+00 1.200000e+00 -2.180680e-05 2.179830e-05 8.527300e-09 0.000000e+00 2.730000e-11
1.120000e+00 1.120000e+00 1.200000e+00 -2.180690e-05 2.179830e-05 8.604100e-09 0.000000e+00 4.100000e-12
1.130000e+00 1.130000e+00 1.200000e+00 -2.180700e-05 2.179830e-05 8.680900e-09 0.000000e+00 1.910000e-11
1.140000e+00 1.140000e+00 1.200000e+00 -2.180700e-05 2.179830e-05 8.757700e-09 0.000000e+00 5.770000e-11
1.150000e+00 1.150000e+00 1.200000e+00 -2.180710e-05 2.179830e-05 8.834600e-09 0.000000e+00 3.460000e-11
1.160000e+00 1.160000e+00 1.200000e+00 -2.180720e-05 2.179830e-05 8.911400e-09 0.000000e+00 1.140000e-11
1.170000e+00 1.170000e+00 1.200000e+00 -2.180730e-05 2.179830e-05 8.988200e-09 0.000000e+00 1.180000e-11
1.180000e+00 1.180000e+00 1.200000e+00 -2.180740e-05 2.179830e-05 9.065000e-09 0.000000e+00 3.500000e-11
1.190000e+00 1.190000e+00 1.200000e+00 -2.180740e-05 2.179830e-05 9.141900e-09 0.000000e+00 4.190000e-11
1.200000e+00 1.200000e+00 1.200000e+00 -2.180750e-05 2.179830e-05 9.218700e-09 0.000000e+00 1.870000e-11