 v-sweep         v(drain_iv)     v(gate_iv)      id              is              ib              ig              kcl            
 0.00000000e+00  0.00000000e+00  0.00000000e+00  0.00000000e+00  0.00000000e+00  0.00000000e+00  0.00000000e+00  0.00000000e+00 
 1.00000000e-01  1.00000000e-01  0.00000000e+00 -6.66212604e-14  6.65212604e-14  1.00000000e-16  0.00000000e+00  7.13672600e-30 
 2.00000000e-01  2.00000000e-01  0.00000000e+00 -1.58318146e-14  1.56318146e-14  2.00000000e-16  0.00000000e+00  1.50376610e-30 
 3.00000000e-01  3.00000000e-01  0.00000000e+00 -1.68077670e-14  1.65077670e-14  3.00000000e-16  0.00000000e+00  2.41588652e-30 
 4.00000000e-01  4.00000000e-01  0.00000000e+00 -1.77534354e-14  1.73534354e-14  4.00000000e-16  0.00000000e+00  1.47911420e-31 
 5.00000000e-01  5.00000000e-01  0.00000000e+00 -1.86858915e-14  1.81858915e-14  5.00000000e-16  0.00000000e+00  9.86076132e-31 
 6.00000000e-01  6.00000000e-01  0.00000000e+00 -1.96107667e-14  1.90107667e-14  6.00000000e-16  0.00000000e+00  1.28189897e-30 
 7.00000000e-01  7.00000000e-01  0.00000000e+00 -2.05307656e-14  1.98307656e-14  7.00000000e-16  0.00000000e+00  4.93038066e-31 
 8.00000000e-01  8.00000000e-01  0.00000000e+00 -2.14474453e-14  2.06474453e-14  8.00000000e-16  0.00000000e+00  3.94430453e-31 
 9.00000000e-01  9.00000000e-01  0.00000000e+00 -2.23617992e-14  2.14617992e-14  9.00000000e-16  0.00000000e+00  1.18329136e-30 
 1.00000000e+00  1.00000000e+00  0.00000000e+00 -2.32745125e-14  2.22745125e-14  1.00000000e-15  0.00000000e+00  9.86076132e-31 
 1.10000000e+00  1.10000000e+00  0.00000000e+00 -2.41861162e-14  2.30861162e-14  1.10000000e-15  0.00000000e+00  1.97215226e-31 
 1.20000000e+00  1.20000000e+00  0.00000000e+00 -2.50971274e-14  2.38971274e-14  1.20000000e-15  0.00000000e+00  2.56379794e-30 
 0.00000000e+00  0.00000000e+00  2.00000000e-01  0.00000000e+00  0.00000000e+00  0.00000000e+00  0.00000000e+00  0.00000000e+00 
 1.00000000e-01  1.00000000e-01  2.00000000e-01 -7.13852752e-11  7.13851752e-11  1.00000000e-16  0.00000000e+00  6.89697392e-27 
 2.00000000e-01  2.00000000e-01  2.00000000e-01 -7.64513730e-11  7.64511730e-11  2.00000000e-16  0.00000000e+00  8.69250762e-28 
 3.00000000e-01  3.00000000e-01  2.00000000e-01 -8.07354539e-11  8.07351539e-11  3.00000000e-16  0.00000000e+00  5.15841076e-27 
 4.00000000e-01  4.00000000e-01  2.00000000e-01 -8.48714216e-11  8.48710216e-11  4.00000000e-16  0.00000000e+00  1.73850152e-27 
 5.00000000e-01  5.00000000e-01  2.00000000e-01 -8.89427698e-11  8.89422698e-11  5.00000000e-16  0.00000000e+00  4.28923396e-27 
 6.00000000e-01  6.00000000e-01  2.00000000e-01 -9.29770412e-11  9.29764412e-11  6.00000000e-16  0.00000000e+00  1.03170187e-26 
 7.00000000e-01  7.00000000e-01  2.00000000e-01 -9.69874633e-11  9.69867633e-11  7.00000000e-16  0.00000000e+00  3.42000785e-27 
 8.00000000e-01  8.00000000e-01  2.00000000e-01 -1.00981652e-10  1.00980852e-10  8.00000000e-16  0.00000000e+00  9.44779263e-27 
 9.00000000e-01  9.00000000e-01  2.00000000e-01 -1.04964465e-10  1.04963565e-10  9.00000000e-16  0.00000000e+00  2.55078174e-27 
 1.00000000e+00  1.00000000e+00  2.00000000e-01 -1.08939253e-10  1.08938253e-10  1.00000000e-15  0.00000000e+00  4.34603194e-27 
 1.10000000e+00  1.10000000e+00  2.00000000e-01 -1.12908615e-10  1.12907515e-10  1.10000000e-15  0.00000000e+00  1.68165423e-27 
 1.20000000e+00  1.20000000e+00  2.00000000e-01 -1.16875079e-10  1.16873879e-10  1.20000000e-15  0.00000000e+00  5.21535666e-27 
 0.00000000e+00  0.00000000e+00  4.00000000e-01  0.00000000e+00  0.00000000e+00  0.00000000e+00  0.00000000e+00  0.00000000e+00 
 1.00000000e-01  1.00000000e-01  4.00000000e-01 -2.42399815e-07  2.42399815e-07  1.00000000e-16  0.00000000e+00  2.15385730e-23 
 2.00000000e-01  2.00000000e-01  4.00000000e-01 -2.58980633e-07  2.58980633e-07  2.00000000e-16  0.00000000e+00  9.86241312e-24 
 3.00000000e-01  3.00000000e-01  4.00000000e-01 -2.72731504e-07  2.72731504e-07  3.00000000e-16  0.00000000e+00  1.16761599e-23 
 4.00000000e-01  4.00000000e-01  4.00000000e-01 -2.85955744e-07  2.85955743e-07  4.00000000e-16  0.00000000e+00  1.97248262e-23 
 5.00000000e-01  5.00000000e-01  4.00000000e-01 -2.98949192e-07  2.98949192e-07  5.00000000e-16  0.00000000e+00  5.47533060e-23 
 6.00000000e-01  6.00000000e-01  4.00000000e-01 -3.11808907e-07  3.11808906e-07  6.00000000e-16  0.00000000e+00  2.95872393e-23 
 7.00000000e-01  7.00000000e-01  4.00000000e-01 -3.24581535e-07  3.24581534e-07  7.00000000e-16  0.00000000e+00  8.04866627e-24 
 8.00000000e-01  8.00000000e-01  4.00000000e-01 -3.37294008e-07  3.37294007e-07  8.00000000e-16  0.00000000e+00  3.94496524e-23 
 9.00000000e-01  9.00000000e-01  4.00000000e-01 -3.49963561e-07  3.49963560e-07  9.00000000e-16  0.00000000e+00  1.79110794e-23 
 1.00000000e+00  1.00000000e+00  4.00000000e-01 -3.62602110e-07  3.62602109e-07  1.00000000e-15  0.00000000e+00  3.62749385e-24 
 1.10000000e+00  1.10000000e+00  4.00000000e-01 -3.75218849e-07  3.75218848e-07  1.10000000e-15  0.00000000e+00  2.51660669e-23 
 1.20000000e+00  1.20000000e+00  4.00000000e-01 -3.87822571e-07  3.87822570e-07  1.20000000e-15  0.00000000e+00  5.91744785e-23 
 0.00000000e+00  0.00000000e+00  6.00000000e-01  0.00000000e+00  0.00000000e+00  0.00000000e+00  0.00000000e+00  0.00000000e+00 
 1.00000000e-01  1.00000000e-01  6.00000000e-01 -3.35227223e-05  3.35227223e-05  1.00000000e-16  0.00000000e+00  4.09788463e-21 
 2.00000000e-01  2.00000000e-01  6.00000000e-01 -3.98942214e-05  3.98942214e-05  2.00000000e-16  0.00000000e+00  1.41950569e-21 
 3.00000000e-01  3.00000000e-01  6.00000000e-01 -4.11465203e-05  4.11465203e-05  3.00000000e-16  0.00000000e+00  1.25887326e-21 
 4.00000000e-01  4.00000000e-01  6.00000000e-01 -4.20049133e-05  4.20049133e-05  4.00000000e-16  0.00000000e+00  3.93725221e-21 
 5.00000000e-01  5.00000000e-01  6.00000000e-01 -4.27643607e-05  4.27643607e-05  5.00000000e-16  0.00000000e+00  1.60632424e-22 
 6.00000000e-01  6.00000000e-01  6.00000000e-01 -4.34743185e-05  4.34743185e-05  6.00000000e-16  0.00000000e+00  2.51774652e-21 
 7.00000000e-01  7.00000000e-01  6.00000000e-01 -4.41526393e-05  4.41526393e-05  7.00000000e-16  0.00000000e+00  1.58013811e-21 
 8.00000000e-01  8.00000000e-01  6.00000000e-01 -4.48084550e-05  4.48084550e-05  8.00000000e-16  0.00000000e+00  1.09824084e-21 
 9.00000000e-01  9.00000000e-01  6.00000000e-01 -4.54472969e-05  4.54472969e-05  9.00000000e-16  0.00000000e+00  3.77661978e-21 
 1.00000000e+00  1.00000000e+00  6.00000000e-01 -4.60728492e-05  4.60728492e-05  1.00000000e-15  0.00000000e+00  3.21264849e-22 
 1.10000000e+00  1.10000000e+00  6.00000000e-01 -4.66877360e-05  4.66877360e-05  1.10000000e-15  0.00000000e+00  2.35711410e-21 
 1.20000000e+00  1.20000000e+00  6.00000000e-01 -4.72939736e-05  4.72939736e-05  1.20000000e-15  0.00000000e+00  5.03549304e-21 
 0.00000000e+00  0.00000000e+00  8.00000000e-01  0.00000000e+00  0.00000000e+00  0.00000000e+00  0.00000000e+00  0.00000000e+00 
 1.00000000e-01  1.00000000e-01  8.00000000e-01 -1.06490449e-04  1.06490449e-04  1.00000000e-16  0.00000000e+00  4.09788463e-21 
 2.00000000e-01  2.00000000e-01  8.00000000e-01 -1.69315410e-04  1.69315410e-04  2.00000000e-16  0.00000000e+00  8.19576926e-21 
 3.00000000e-01  3.00000000e-01  8.00000000e-01 -1.94627241e-04  1.94627241e-04  3.00000000e-16  0.00000000e+00  1.25887326e-21 
 4.00000000e-01  4.00000000e-01  8.00000000e-01 -2.01634470e-04  2.01634470e-04  4.00000000e-16  0.00000000e+00  1.07135158e-20 
 5.00000000e-01  5.00000000e-01  8.00000000e-01 -2.05078347e-04  2.05078347e-04  5.00000000e-16  0.00000000e+00  2.01681583e-20 
 6.00000000e-01  6.00000000e-01  8.00000000e-01 -2.07751703e-04  2.07751703e-04  6.00000000e-16  0.00000000e+00  2.51774652e-21 
 7.00000000e-01  7.00000000e-01  8.00000000e-01 -2.10095519e-04  2.10095519e-04  7.00000000e-16  0.00000000e+00  1.19723890e-20 
 8.00000000e-01  8.00000000e-01  8.00000000e-01 -2.12242027e-04  2.12242027e-04  8.00000000e-16  0.00000000e+00  2.14270316e-20 
 9.00000000e-01  9.00000000e-01  8.00000000e-01 -2.14252232e-04  2.14252232e-04  9.00000000e-16  0.00000000e+00  3.77661978e-21 
 1.00000000e+00  1.00000000e+00  8.00000000e-01 -2.16161128e-04  2.16161128e-04  1.00000000e-15  0.00000000e+00  1.32312623e-20 
 1.10000000e+00  1.10000000e+00  8.00000000e-01 -2.17991285e-04  2.17991285e-04  1.10000000e-15  0.00000000e+00  4.41914948e-21 
 1.20000000e+00  1.20000000e+00  8.00000000e-01 -2.19758368e-04  2.19758368e-04  1.20000000e-15  0.00000000e+00  5.03549304e-21 
 0.00000000e+00  0.00000000e+00  1.00000000e+00  0.00000000e+00  0.00000000e+00  0.00000000e+00  0.00000000e+00  0.00000000e+00 
 1.00000000e-01  1.00000000e-01  1.00000000e+00 -1.73866571e-04  1.73866571e-04  1.00000000e-16  0.00000000e+00  9.45464252e-21 
 2.00000000e-01  2.00000000e-01  1.00000000e+00 -3.02841523e-04  3.02841523e-04  2.00000000e-16  0.00000000e+00  1.89092850e-20 
 3.00000000e-01  3.00000000e-01  1.00000000e+00 -3.88650317e-04  3.88650317e-04  3.00000000e-16  0.00000000e+00  1.25887326e-21 
 4.00000000e-01  4.00000000e-01  1.00000000e+00 -4.34885580e-04  4.34885580e-04  4.00000000e-16  0.00000000e+00  1.63915385e-20 
 5.00000000e-01  5.00000000e-01  1.00000000e+00 -4.53287023e-04  4.53287023e-04  5.00000000e-16  0.00000000e+00  3.40419503e-20 
 6.00000000e-01  6.00000000e-01  1.00000000e+00 -4.61480897e-04  4.61480897e-04  6.00000000e-16  0.00000000e+00  2.51774652e-21 
 7.00000000e-01  7.00000000e-01  1.00000000e+00 -4.67102947e-04  4.67102947e-04  7.00000000e-16  0.00000000e+00  1.51326653e-20 
 8.00000000e-01  8.00000000e-01  1.00000000e+00 -4.71759031e-04  4.71759031e-04  8.00000000e-16  0.00000000e+00  3.27830771e-20 
 9.00000000e-01  9.00000000e-01  1.00000000e+00 -4.75880531e-04  4.75880531e-04  9.00000000e-16  0.00000000e+00  3.77661978e-21 
 1.00000000e+00  1.00000000e+00  1.00000000e+00 -4.79646677e-04  4.79646677e-04  1.00000000e-15  0.00000000e+00  1.38737920e-20 
 1.10000000e+00  1.10000000e+00  1.00000000e+00 -4.83154240e-04  4.83154240e-04  1.10000000e-15  0.00000000e+00  2.26859048e-20 
 1.20000000e+00  1.20000000e+00  1.00000000e+00 -4.86463457e-04  4.86463457e-04  1.20000000e-15  0.00000000e+00  5.03549304e-21 
 0.00000000e+00  0.00000000e+00  1.20000000e+00  0.00000000e+00  0.00000000e+00  0.00000000e+00  0.00000000e+00  0.00000000e+00 
 1.00000000e-01  1.00000000e-01  1.20000000e+00 -2.34589997e-04  2.34589997e-04  1.00000000e-16  0.00000000e+00  1.76504118e-20 
 2.00000000e-01  2.00000000e-01  1.20000000e+00 -4.24649316e-04  4.24649316e-04  2.00000000e-16  0.00000000e+00  1.89092850e-20 
 3.00000000e-01  3.00000000e-01  1.20000000e+00 -5.71472169e-04  5.71472169e-04  3.00000000e-16  0.00000000e+00  1.25887326e-21 
 4.00000000e-01  4.00000000e-01  1.20000000e+00 -6.76540955e-04  6.76540955e-04  4.00000000e-16  0.00000000e+00  3.78185701e-20 
 5.00000000e-01  5.00000000e-01  1.20000000e+00 -7.42322166e-04  7.42322166e-04  5.00000000e-16  0.00000000e+00  3.40419503e-20 
 6.00000000e-01  6.00000000e-01  1.20000000e+00 -7.75711872e-04  7.75711872e-04  6.00000000e-16  0.00000000e+00  2.51774652e-21 
 7.00000000e-01  7.00000000e-01  1.20000000e+00 -7.91462158e-04  7.91462158e-04  7.00000000e-16  0.00000000e+00  6.93427739e-20 
 8.00000000e-01  8.00000000e-01  1.20000000e+00 -8.01288937e-04  8.01288937e-04  8.00000000e-16  0.00000000e+00  3.27830771e-20 
 9.00000000e-01  9.00000000e-01  1.20000000e+00 -8.08985584e-04  8.08985584e-04  9.00000000e-16  0.00000000e+00  3.77661978e-21 
 1.00000000e+00  1.00000000e+00  1.20000000e+00 -8.15591664e-04  8.15591664e-04  1.00000000e-15  0.00000000e+00  4.03363166e-20 
 1.10000000e+00  1.10000000e+00  1.20000000e+00 -8.21503126e-04  8.21503126e-04  1.10000000e-15  0.00000000e+00  3.15242038e-20 
 1.20000000e+00  1.20000000e+00  1.20000000e+00 -8.26920869e-04  8.26920869e-04  1.20000000e-15  0.00000000e+00  5.03549304e-21 
