Title: * noise at 100C
Date: 2026-07-29T17:02:05.202675+00:00
Command: hspice S-2021.09
Plotname: Noise Spectral Density Curves
Flags: real
No. Variables: 3
No. Points: 181
Variables:
	0	frequency	frequency grid=3
	1	freq	frequency
	2	noise_spectrum	voltage-density
Values:
 0	1.0000000000e+00
	1.0000000000e+00
	7.1044800957e-07

 1	1.1220184540e+00
	1.1220184540e+00
	6.7691252995e-07

 2	1.2589254110e+00
	1.2589254110e+00
	6.4496007303e-07

 3	1.4125375440e+00
	1.4125375440e+00
	6.1451591501e-07

 4	1.5848931920e+00
	1.5848931920e+00
	5.8550885945e-07

 5	1.7782794100e+00
	1.7782794100e+00
	5.5787107059e-07

 6	1.9952623150e+00
	1.9952623150e+00
	5.3153791492e-07

 7	2.2387211380e+00
	2.2387211380e+00
	5.0644780995e-07

 8	2.5118864310e+00
	2.5118864310e+00
	4.8254208013e-07

 9	2.8183829310e+00
	2.8183829310e+00
	4.5976481966e-07

 10	3.1622776600e+00
	3.1622776600e+00
	4.3806276183e-07

 11	3.5481338920e+00
	3.5481338920e+00
	4.1738515426e-07

 12	3.9810717050e+00
	3.9810717050e+00
	3.9768364072e-07

 13	4.4668359210e+00
	4.4668359210e+00
	3.7891214707e-07

 14	5.0118723360e+00
	5.0118723360e+00
	3.6102677477e-07

 15	5.6234132510e+00
	5.6234132510e+00
	3.4398569694e-07

 16	6.3095734440e+00
	6.3095734440e+00
	3.2774906148e-07

 17	7.0794578430e+00
	7.0794578430e+00
	3.1227889770e-07

 18	7.9432823470e+00
	7.9432823470e+00
	2.9753902700e-07

 19	8.9125093810e+00
	8.9125093810e+00
	2.8349497890e-07

 20	9.9999999990e+00
	9.9999999990e+00
	2.7011391006e-07

 21	1.1220184540e+01
	1.1220184540e+01
	2.5736452763e-07

 22	1.2589254110e+01
	1.2589254110e+01
	2.4521701601e-07

 23	1.4125375440e+01
	1.4125375440e+01
	2.3364296709e-07

 24	1.5848931920e+01
	1.5848931920e+01
	2.2261531389e-07

 25	1.7782794100e+01
	1.7782794100e+01
	2.1210826724e-07

 26	1.9952623150e+01
	1.9952623150e+01
	2.0209725542e-07

 27	2.2387211380e+01
	2.2387211380e+01
	1.9255886674e-07

 28	2.5118864310e+01
	2.5118864310e+01
	1.8347079481e-07

 29	2.8183829310e+01
	2.8183829310e+01
	1.7481178633e-07

 30	3.1622776600e+01
	3.1622776600e+01
	1.6656159140e-07

 31	3.5481338920e+01
	3.5481338920e+01
	1.5870091616e-07

 32	3.9810717050e+01
	3.9810717050e+01
	1.5121137771e-07

 33	4.4668359210e+01
	4.4668359210e+01
	1.4407546106e-07

 34	5.0118723360e+01
	5.0118723360e+01
	1.3727647817e-07

 35	5.6234132510e+01
	5.6234132510e+01
	1.3079852908e-07

 36	6.3095734440e+01
	6.3095734440e+01
	1.2462646440e-07

 37	7.0794578430e+01
	7.0794578430e+01
	1.1874585020e-07

 38	7.9432823470e+01
	7.9432823470e+01
	1.1314293416e-07

 39	8.9125093810e+01
	8.9125093810e+01
	1.0780461326e-07

 40	9.9999999990e+01
	9.9999999990e+01
	1.0271840341e-07

 41	1.1220184540e+02
	1.1220184540e+02
	9.7872410009e-08

 42	1.2589254110e+02
	1.2589254110e+02
	9.3255300214e-08

 43	1.4125375440e+02
	1.4125375440e+02
	8.8856276481e-08

 44	1.5848931920e+02
	1.5848931920e+02
	8.4665051273e-08

 45	1.7782794100e+02
	1.7782794100e+02
	8.0671823012e-08

 46	1.9952623150e+02
	1.9952623150e+02
	7.6867253132e-08

 47	2.2387211380e+02
	2.2387211380e+02
	7.3242444279e-08

 48	2.5118864310e+02
	2.5118864310e+02
	6.9788919472e-08

 49	2.8183829310e+02
	2.8183829310e+02
	6.6498602294e-08

 50	3.1622776600e+02
	3.1622776600e+02
	6.3363797992e-08

 51	3.5481338920e+02
	3.5481338920e+02
	6.0377175505e-08

 52	3.9810717050e+02
	3.9810717050e+02
	5.7531750278e-08

 53	4.4668359210e+02
	4.4668359210e+02
	5.4820867979e-08

 54	5.0118723360e+02
	5.0118723360e+02
	5.2238188895e-08

 55	5.6234132510e+02
	5.6234132510e+02
	4.9777673108e-08

 56	6.3095734440e+02
	6.3095734440e+02
	4.7433566396e-08

 57	7.0794578430e+02
	7.0794578430e+02
	4.5200386746e-08

 58	7.9432823470e+02
	7.9432823470e+02
	4.3072911545e-08

 59	8.9125093810e+02
	8.9125093810e+02
	4.1046165375e-08

 60	9.9999999990e+02
	9.9999999990e+02
	3.9115408345e-08

 61	1.1220184540e+03
	1.1220184540e+03
	3.7276125027e-08

 62	1.2589254110e+03
	1.2589254110e+03
	3.5524013892e-08

 63	1.4125375440e+03
	1.4125375440e+03
	3.3854977212e-08

 64	1.5848931920e+03
	1.5848931920e+03
	3.2265111545e-08

 65	1.7782794100e+03
	1.7782794100e+03
	3.0750698521e-08

 66	1.9952623150e+03
	1.9952623150e+03
	2.9308196188e-08

 67	2.2387211380e+03
	2.2387211380e+03
	2.7934230709e-08

 68	2.5118864310e+03
	2.5118864310e+03
	2.6625588461e-08

 69	2.8183829310e+03
	2.8183829310e+03
	2.5379208510e-08

 70	3.1622776600e+03
	3.1622776600e+03
	2.4192175448e-08

 71	3.5481338920e+03
	3.5481338920e+03
	2.3061712553e-08

 72	3.9810717050e+03
	3.9810717050e+03
	2.1985175289e-08

 73	4.4668359210e+03
	4.4668359210e+03
	2.0960045100e-08

 74	5.0118723360e+03
	5.0118723360e+03
	1.9983923499e-08

 75	5.6234132510e+03
	5.6234132510e+03
	1.9054526439e-08

 76	6.3095734440e+03
	6.3095734440e+03
	1.8169678946e-08

 77	7.0794578430e+03
	7.0794578430e+03
	1.7327310011e-08

 78	7.9432823470e+03
	7.9432823470e+03
	1.6525447688e-08

 79	8.9125093810e+03
	8.9125093810e+03
	1.5762214480e-08

 80	9.9999999990e+03
	9.9999999990e+03
	1.5035822871e-08

 81	1.1220184540e+04
	1.1220184540e+04
	1.4344571119e-08

 82	1.2589254110e+04
	1.2589254110e+04
	1.3686839211e-08

 83	1.4125375440e+04
	1.4125375440e+04
	1.3061085009e-08

 84	1.5848931920e+04
	1.5848931920e+04
	1.2465840569e-08

 85	1.7782794100e+04
	1.7782794100e+04
	1.1899708635e-08

 86	1.9952623150e+04
	1.9952623150e+04
	1.1361359263e-08

 87	2.2387211380e+04
	2.2387211380e+04
	1.0849526621e-08

 88	2.5118864310e+04
	2.5118864310e+04
	1.0363005906e-08

 89	2.8183829310e+04
	2.8183829310e+04
	9.9006503827e-09

 90	3.1622776600e+04
	3.1622776600e+04
	9.4613685744e-09

 91	3.5481338920e+04
	3.5481338920e+04
	9.0441215311e-09

 92	3.9810717050e+04
	3.9810717050e+04
	8.6479202245e-09

 93	4.4668359210e+04
	4.4668359210e+04
	8.2718230324e-09

 94	5.0118723360e+04
	5.0118723360e+04
	7.9149333194e-09

 95	5.6234132510e+04
	5.6234132510e+04
	7.5763970982e-09

 96	6.3095734440e+04
	6.3095734440e+04
	7.2554007725e-09

 97	7.0794578430e+04
	7.0794578430e+04
	6.9511689549e-09

 98	7.9432823470e+04
	7.9432823470e+04
	6.6629623532e-09

 99	8.9125093810e+04
	8.9125093810e+04
	6.3900757257e-09

 100	9.9999999990e+04
	9.9999999990e+04
	6.1318358972e-09

 101	1.1220184540e+05
	1.1220184540e+05
	5.8875998403e-09

 102	1.2589254110e+05
	1.2589254110e+05
	5.6567528194e-09

 103	1.4125375440e+05
	1.4125375440e+05
	5.4387065953e-09

 104	1.5848931920e+05
	1.5848931920e+05
	5.2328976973e-09

 105	1.7782794100e+05
	1.7782794100e+05
	5.0387857654e-09

 106	1.9952623150e+05
	1.9952623150e+05
	4.8558519634e-09

 107	2.2387211380e+05
	2.2387211380e+05
	4.6835974742e-09

 108	2.5118864310e+05
	2.5118864310e+05
	4.5215420832e-09

 109	2.8183829310e+05
	2.8183829310e+05
	4.3692228554e-09

 110	3.1622776600e+05
	3.1622776600e+05
	4.2261929109e-09

 111	3.5481338920e+05
	3.5481338920e+05
	4.0920203176e-09

 112	3.9810717050e+05
	3.9810717050e+05
	3.9662871013e-09

 113	4.4668359210e+05
	4.4668359210e+05
	3.8485883646e-09

 114	5.0118723360e+05
	5.0118723360e+05
	3.7385315580e-09

 115	5.6234132510e+05
	5.6234132510e+05
	3.6357358512e-09

 116	6.3095734440e+05
	6.3095734440e+05
	3.5398316556e-09

 117	7.0794578430e+05
	7.0794578430e+05
	3.4504602577e-09

 118	7.9432823470e+05
	7.9432823470e+05
	3.3672735737e-09

 119	8.9125093810e+05
	8.9125093810e+05
	3.2899340024e-09

 120	9.9999999990e+05
	9.9999999990e+05
	3.2181143842e-09

 121	1.1220184540e+06
	1.1220184540e+06
	3.1514980311e-09

 122	1.2589254110e+06
	1.2589254110e+06
	3.0897788131e-09

 123	1.4125375440e+06
	1.4125375440e+06
	3.0326612966e-09

 124	1.5848931920e+06
	1.5848931920e+06
	2.9798609018e-09

 125	1.7782794100e+06
	1.7782794100e+06
	2.9311040698e-09

 126	1.9952623150e+06
	1.9952623150e+06
	2.8861284202e-09

 127	2.2387211380e+06
	2.2387211380e+06
	2.8446828843e-09

 128	2.5118864310e+06
	2.5118864310e+06
	2.8065278041e-09

 129	2.8183829310e+06
	2.8183829310e+06
	2.7714349844e-09

 130	3.1622776600e+06
	3.1622776600e+06
	2.7391876958e-09

 131	3.5481338920e+06
	3.5481338920e+06
	2.7095806177e-09

 132	3.9810717050e+06
	3.9810717050e+06
	2.6824197283e-09

 133	4.4668359210e+06
	4.4668359210e+06
	2.6575221339e-09

 134	5.0118723360e+06
	5.0118723360e+06
	2.6347158477e-09

 135	5.6234132510e+06
	5.6234132510e+06
	2.6138395163e-09

 136	6.3095734440e+06
	6.3095734440e+06
	2.5947421039e-09

 137	7.0794578430e+06
	7.0794578430e+06
	2.5772825367e-09

 138	7.9432823470e+06
	7.9432823470e+06
	2.5613293181e-09

 139	8.9125093810e+06
	8.9125093810e+06
	2.5467601171e-09

 140	9.9999999990e+06
	9.9999999990e+06
	2.5334613394e-09

 141	1.1220184540e+07
	1.1220184540e+07
	2.5213276875e-09

 142	1.2589254110e+07
	1.2589254110e+07
	2.5102617136e-09

 143	1.4125375440e+07
	1.4125375440e+07
	2.5001733726e-09

 144	1.5848931920e+07
	1.5848931920e+07
	2.4909795774e-09

 145	1.7782794100e+07
	1.7782794100e+07
	2.4826037638e-09

 146	1.9952623150e+07
	1.9952623150e+07
	2.4749754647e-09

 147	2.2387211380e+07
	2.2387211380e+07
	2.4680298987e-09

 148	2.5118864310e+07
	2.5118864310e+07
	2.4617075744e-09

 149	2.8183829310e+07
	2.8183829310e+07
	2.4559539104e-09

 150	3.1622776600e+07
	3.1622776600e+07
	2.4507188754e-09

 151	3.5481338920e+07
	3.5481338920e+07
	2.4459566466e-09

 152	3.9810717050e+07
	3.9810717050e+07
	2.4416252862e-09

 153	4.4668359210e+07
	4.4668359210e+07
	2.4376864384e-09

 154	5.0118723360e+07
	5.0118723360e+07
	2.4341050444e-09

 155	5.6234132510e+07
	5.6234132510e+07
	2.4308490768e-09

 156	6.3095734440e+07
	6.3095734440e+07
	2.4278892911e-09

 157	7.0794578430e+07
	7.0794578430e+07
	2.4251989945e-09

 158	7.9432823470e+07
	7.9432823470e+07
	2.4227538315e-09

 159	8.9125093810e+07
	8.9125093810e+07
	2.4205315836e-09

 160	9.9999999990e+07
	9.9999999990e+07
	2.4185119857e-09

 161	1.1220184540e+08
	1.1220184540e+08
	2.4166765539e-09

 162	1.2589254110e+08
	1.2589254110e+08
	2.4150084257e-09

 163	1.4125375440e+08
	1.4125375440e+08
	2.4134922138e-09

 164	1.5848931920e+08
	1.5848931920e+08
	2.4121138667e-09

 165	1.7782794100e+08
	1.7782794100e+08
	2.4108605414e-09

 166	1.9952623150e+08
	1.9952623150e+08
	2.4097204813e-09

 167	2.2387211380e+08
	2.2387211380e+08
	2.4086829030e-09

 168	2.5118864310e+08
	2.5118864310e+08
	2.4077378852e-09

 169	2.8183829310e+08
	2.8183829310e+08
	2.4068762642e-09

 170	3.1622776600e+08
	3.1622776600e+08
	2.4060895281e-09

 171	3.5481338920e+08
	3.5481338920e+08
	2.4053697123e-09

 172	3.9810717050e+08
	3.9810717050e+08
	2.4047092932e-09

 173	4.4668359210e+08
	4.4668359210e+08
	2.4041010730e-09

 174	5.0118723360e+08
	5.0118723360e+08
	2.4035380584e-09

 175	5.6234132510e+08
	5.6234132510e+08
	2.4030133258e-09

 176	6.3095734440e+08
	6.3095734440e+08
	2.4025198682e-09

 177	7.0794578430e+08
	7.0794578430e+08
	2.4020504172e-09

 178	7.9432823470e+08
	7.9432823470e+08
	2.4015972362e-09

 179	8.9125093810e+08
	8.9125093810e+08
	2.4011518688e-09

 180	9.9999999990e+08
	9.9999999990e+08
	2.4007048390e-09
