 time time power_switching
 0.0000000000e+00 0.0000000000e+00 1.3587124892e-06
 1.7091068727e-12 1.7091068727e-12 -1.8576202886e-03
 3.1030357288e-12 3.1030357288e-12 -2.1504235836e-03
 5.5713680697e-12 5.5713680697e-12 -2.2810854408e-03
 7.6327319172e-12 7.6327319172e-12 -2.2198263636e-03
 1.1755459612e-11 1.1755459612e-11 -2.2157353654e-03
 1.5912305908e-11 1.5912305908e-11 -2.1597801123e-03
 2.2130983200e-11 2.2130983200e-11 -2.1238312221e-03
 3.0292631415e-11 3.0292631415e-11 -2.0462591879e-03
 4.6615927845e-11 4.6615927845e-11 -1.9332323736e-03
 7.5573716878e-11 7.5573716878e-11 -1.7138993343e-03
 1.1874274193e-10 1.1874274193e-10 -1.4093889658e-03
 1.6224473670e-10 1.6224473670e-10 -1.0645181615e-03
 2.1896293374e-10 2.1896293374e-10 -8.2205012801e-04
 2.5977836940e-10 2.5977836940e-10 -1.2947344257e-03
 2.7186746907e-10 2.7186746907e-10 -1.8057046930e-03
 2.8695670799e-10 2.8695670799e-10 -2.8616082943e-03
 3.0222160911e-10 3.0222160911e-10 -3.8279491321e-03
 3.2077258080e-10 3.2077258080e-10 -4.7362500751e-03
 3.4104399283e-10 3.4104399283e-10 -5.1513807893e-03
 3.5850253187e-10 3.5850253187e-10 -5.3518284394e-03
 3.7800392543e-10 3.7800392543e-10 -5.3494973790e-03
 4.0017080290e-10 4.0017080290e-10 -5.3779670717e-03
 4.3321346791e-10 4.3321346791e-10 -5.2378772423e-03
 4.7312368486e-10 4.7312368486e-10 -5.1103108784e-03
 5.0000000000e-10 5.0000000000e-10 -4.8870427484e-03
 5.0308722570e-10 5.0308722570e-10 -4.1239826150e-03
 5.0878435229e-10 5.0878435229e-10 -3.0455570131e-03
 5.1412709374e-10 5.1412709374e-10 -2.4700972491e-03
 5.2065795757e-10 5.2065795757e-10 -1.9262206320e-03
 5.2682933253e-10 5.2682933253e-10 -1.5960608701e-03
 5.3594217142e-10 5.3594217142e-10 -1.2446428805e-03
 5.4768923008e-10 5.4768923008e-10 -9.5800583974e-04
 5.6296197971e-10 5.6296197971e-10 -7.2689666295e-04
 5.8048521887e-10 5.8048521887e-10 -5.6028720129e-04
 6.0289918880e-10 6.0289918880e-10 -4.3201102441e-04
 6.2951647748e-10 6.2951647748e-10 -3.3196812009e-04
 6.6430599089e-10 6.6430599089e-10 -2.5767488028e-04
 7.0582415215e-10 7.0582415215e-10 -1.9675295446e-04
 7.6011675912e-10 7.6011675912e-10 -1.5607022367e-04
 8.2467702488e-10 8.2467702488e-10 -1.2059114481e-04
 9.0769976071e-10 9.0769976071e-10 -1.0356995863e-04
 1.0000000000e-09 1.0000000000e-09 -9.0354739538e-05
 1.0075958516e-09 1.0075958516e-09 -9.2871352791e-05
 1.0206476623e-09 1.0206476623e-09 -9.3889445899e-05
 1.0373505901e-09 1.0373505901e-09 -9.4135352378e-05
 1.0636996840e-09 1.0636996840e-09 -9.7201937015e-05
 1.1163978718e-09 1.1163978718e-09 -1.0820698396e-04
 1.1843258618e-09 1.1843258618e-09 -1.5131310237e-04
 1.2383322237e-09 1.2383322237e-09 -2.7103362435e-04
 1.2638556546e-09 1.2638556546e-09 -4.2393614391e-04
 1.2901286533e-09 1.2901286533e-09 -5.5082805807e-04
 1.3134564716e-09 1.3134564716e-09 -5.7848755029e-04
 1.3369937441e-09 1.3369937441e-09 -5.3485843352e-04
 1.3563836154e-09 1.3563836154e-09 -4.8839434465e-04
 1.3820359941e-09 1.3820359941e-09 -4.0470542669e-04
 1.4240986156e-09 1.4240986156e-09 -2.2534265735e-04
 1.5082238584e-09 1.5082238584e-09 1.5582903070e-04
 1.5795727969e-09 1.5795727969e-09 -8.5321057212e-05
 1.6608218081e-09 1.6608218081e-09 1.2534262418e-04
 1.7229306093e-09 1.7229306093e-09 -6.2844643369e-05
 1.7693288307e-09 1.7693288307e-09 8.7642253201e-05
 1.8040535793e-09 1.8040535793e-09 -3.8815073760e-05
 1.8343343637e-09 1.8343343637e-09 4.8923497350e-05
 1.8785977645e-09 1.8785977645e-09 -2.2993939516e-05
 1.9115253923e-09 1.9115253923e-09 2.9261434450e-05
 1.9448362753e-09 1.9448362753e-09 -1.1609549575e-05
 1.9826566916e-09 1.9826566916e-09 1.7724388239e-05
 2.0269572159e-09 2.0269572159e-09 -6.4895733345e-06
 2.0797355331e-09 2.0797355331e-09 1.2059276976e-05
 2.1421408439e-09 2.1421408439e-09 -4.4047890103e-06
 2.2167111041e-09 2.2167111041e-09 8.9318122220e-06
 2.3056824225e-09 2.3056824225e-09 -3.5383241948e-06
 2.4121363344e-09 2.4121363344e-09 7.0007038518e-06
 2.5389990014e-09 2.5389990014e-09 -3.2264780346e-06
 2.6893834700e-09 2.6893834700e-09 5.6904412785e-06
 2.8660055783e-09 2.8660055783e-09 -3.1667932262e-06
 3.0708205107e-09 3.0708205107e-09 4.7475217328e-06
 3.3052161406e-09 3.3052161406e-09 -3.1877067102e-06
 3.5699588524e-09 3.5699588524e-09 4.0669658301e-06
 3.8667250586e-09 3.8667250586e-09 -3.1924087973e-06
 4.1982010366e-09 4.1982010366e-09 3.5948104873e-06
 4.5699246104e-09 4.5699246104e-09 -3.1531305437e-06
 4.9898000098e-09 4.9898000098e-09 3.2841201336e-06
 5.4705601591e-09 5.4705601591e-09 -3.0832962691e-06
 6.0296659827e-09 6.0296659827e-09 3.0912790765e-06
 6.6947854937e-09 6.6947854937e-09 -3.0064614477e-06
 7.5068598625e-09 7.5068598625e-09 2.9793628614e-06
 8.5365922661e-09 8.5365922661e-09 -2.9425627541e-06
 9.5182961330e-09 9.5182961330e-09 2.9103340992e-06
 1.0500000000e-08 1.0500000000e-08 -2.8769169405e-06
 1.0517336290e-08 1.0517336290e-08 1.4298271327e-03
 1.0534300238e-08 1.0534300238e-08 1.6574945491e-03
 1.0550771333e-08 1.0550771333e-08 1.4583124368e-03
 1.0569132016e-08 1.0569132016e-08 1.5087968407e-03
 1.0587661385e-08 1.0587661385e-08 1.4108760476e-03
 1.0610638673e-08 1.0610638673e-08 1.4039191972e-03
 1.0640277171e-08 1.0640277171e-08 1.3234899502e-03
 1.0680111233e-08 1.0680111233e-08 1.2861019788e-03
 1.0717785249e-08 1.0717785249e-08 1.2562161110e-03
 1.0734706264e-08 1.0734706264e-08 1.4084593286e-03
 1.0753889482e-08 1.0753889482e-08 1.6775266032e-03
 1.0767518984e-08 1.0767518984e-08 2.0654319080e-03
 1.0771737534e-08 1.0771737534e-08 2.0906673136e-03
 1.0780174633e-08 1.0780174633e-08 2.2999703423e-03
 1.0787013884e-08 1.0787013884e-08 2.3613494936e-03
 1.0794202525e-08 1.0794202525e-08 2.4805214966e-03
 1.0802228185e-08 1.0802228185e-08 2.5417009710e-03
 1.0811293994e-08 1.0811293994e-08 2.6364675026e-03
 1.0819125426e-08 1.0819125426e-08 2.6814181776e-03
 1.0827868089e-08 1.0827868089e-08 2.7462066142e-03
 1.0839076660e-08 1.0839076660e-08 2.8007580781e-03
 1.0854992075e-08 1.0854992075e-08 2.8795621597e-03
 1.0880085097e-08 1.0880085097e-08 2.9690713292e-03
 1.0915516843e-08 1.0915516843e-08 3.0773205903e-03
 1.0957758422e-08 1.0957758422e-08 3.1715173756e-03
 1.1000000000e-08 1.1000000000e-08 3.2560631678e-03
 1.1002791659e-08 1.1002791659e-08 8.9462334502e-04
 1.1007110651e-08 1.1007110651e-08 -2.3865377759e-04
 1.1012631324e-08 1.1012631324e-08 2.0124015938e-04
 1.1016605735e-08 1.1016605735e-08 1.3257973600e-05
 1.1021296150e-08 1.1021296150e-08 9.1432218619e-05
 1.1025710585e-08 1.1025710585e-08 5.8962755728e-05
 1.1034299717e-08 1.1034299717e-08 7.8653327968e-05
 1.1041802310e-08 1.1041802310e-08 6.8298624308e-05
 1.1056618859e-08 1.1056618859e-08 7.7657537794e-05
 1.1069529548e-08 1.1069529548e-08 7.2008771519e-05
 1.1089937925e-08 1.1089937925e-08 7.7563526571e-05
 1.1110747254e-08 1.1110747254e-08 7.3435820405e-05
 1.1140689705e-08 1.1140689705e-08 7.6959872867e-05
 1.1171807893e-08 1.1171807893e-08 7.2853174700e-05
 1.1207535174e-08 1.1207535174e-08 7.3965320739e-05
 1.1239069926e-08 1.1239069926e-08 6.7793873972e-05
 1.1266334909e-08 1.1266334909e-08 6.5835757222e-05
 1.1290585400e-08 1.1290585400e-08 6.1186910571e-05
 1.1308474965e-08 1.1308474965e-08 6.2000638695e-05
 1.1330504828e-08 1.1330504828e-08 6.0043783167e-05
 1.1352387045e-08 1.1352387045e-08 6.1148860767e-05
 1.1381054190e-08 1.1381054190e-08 6.0106045549e-05
 1.1416955957e-08 1.1416955957e-08 6.1136853624e-05
 1.1476104505e-08 1.1476104505e-08 6.0644656585e-05
 1.1544809167e-08 1.1544809167e-08 6.1744338522e-05
 1.1682218491e-08 1.1682218491e-08 6.1814356521e-05
 1.1729268810e-08 1.1729268810e-08 6.4031748752e-05
 1.1794224351e-08 1.1794224351e-08 6.5093977660e-05
 1.1844955315e-08 1.1844955315e-08 6.8204450347e-05
 1.1900159164e-08 1.1900159164e-08 6.8811238649e-05
 1.1945482921e-08 1.1945482921e-08 7.0460843737e-05
 1.1972741461e-08 1.1972741461e-08 6.9973604997e-05
 1.2000000000e-08 1.2000000000e-08 7.0697014592e-05
 1.2004297988e-08 1.2004297988e-08 7.0535500524e-05
 1.2012893964e-08 1.2012893964e-08 7.0401822326e-05
 1.2020806886e-08 1.2020806886e-08 7.0561408240e-05
 1.2031764046e-08 1.2031764046e-08 7.0423777134e-05
 1.2048408697e-08 1.2048408697e-08 7.0551835237e-05
 1.2070883119e-08 1.2070883119e-08 7.0359583047e-05
 1.2105391371e-08 1.2105391371e-08 7.0355294238e-05
 1.2157760072e-08 1.2157760072e-08 6.9894580775e-05
 1.2233529379e-08 1.2233529379e-08 6.9421271967e-05
 1.2318305484e-08 1.2318305484e-08 6.8483496182e-05
 1.2416266136e-08 1.2416266136e-08 6.7647877979e-05
 1.2531586244e-08 1.2531586244e-08 6.6314138650e-05
 1.2668947383e-08 1.2668947383e-08 6.5025197003e-05
 1.2832865543e-08 1.2832865543e-08 6.3179468223e-05
 1.3029148295e-08 1.3029148295e-08 6.1308380231e-05
 1.3264554489e-08 1.3264554489e-08 5.8798734908e-05
 1.3547365265e-08 1.3547365265e-08 5.6171014199e-05
 1.3887109758e-08 1.3887109758e-08 5.2813805345e-05
 1.4295024212e-08 1.4295024212e-08 4.9260783847e-05
 1.4783526435e-08 1.4783526435e-08 4.4938476732e-05
 1.5366274383e-08 1.5366274383e-08 4.0445806212e-05
 1.6056768439e-08 1.6056768439e-08 3.5310256665e-05
 1.6867580738e-08 1.6867580738e-08 3.0256892287e-05
 1.7808299211e-08 1.7808299211e-08 2.4941072068e-05
 1.8885710255e-08 1.8885710255e-08 2.0171270233e-05
 2.0000000000e-08 2.0000000000e-08 1.5940570178e-05
 2.0016119030e-08 2.0016119030e-08 -2.7420145596e-03
 2.0032232858e-08 2.0032232858e-08 -2.0348058252e-03
 2.0041565353e-08 2.0041565353e-08 -2.1415736543e-03
 2.0051299288e-08 2.0051299288e-08 -1.9929271292e-03
 2.0061281586e-08 2.0061281586e-08 -1.9310874805e-03
 2.0072042040e-08 2.0072042040e-08 -1.8552743450e-03
 2.0085878468e-08 2.0085878468e-08 -1.7323338595e-03
 2.0104255770e-08 2.0104255770e-08 -1.6128495405e-03
 2.0130350085e-08 2.0130350085e-08 -1.3817825101e-03
 2.0170334395e-08 2.0170334395e-08 -1.0863055295e-03
 2.0207755602e-08 2.0207755602e-08 -8.6138023014e-04
 2.0245750118e-08 2.0245750118e-08 -8.1271834728e-04
 2.0281839705e-08 2.0281839705e-08 -1.2791711913e-03
 2.0291305278e-08 2.0291305278e-08 -1.7689905024e-03
 2.0310236426e-08 2.0310236426e-08 -3.1016589991e-03
 2.0324654563e-08 2.0324654563e-08 -4.0835440518e-03
 2.0342342399e-08 2.0342342399e-08 -4.8092436515e-03
 2.0360984671e-08 2.0360984671e-08 -5.2050657461e-03
 2.0377966477e-08 2.0377966477e-08 -5.2964776335e-03
 2.0396733511e-08 2.0396733511e-08 -5.3510044023e-03
 2.0420080139e-08 2.0420080139e-08 -5.2824117720e-03
 2.0451191054e-08 2.0451191054e-08 -5.2046090337e-03
 2.0476691363e-08 2.0476691363e-08 -5.0470580695e-03
 2.0500000000e-08 2.0500000000e-08 -4.9259694237e-03
 2.0503094942e-08 2.0503094942e-08 -4.1211182839e-03
 2.0508808897e-08 2.0508808897e-08 -3.0414908297e-03
 2.0513833804e-08 2.0513833804e-08 -2.4979713218e-03
 2.0519907277e-08 2.0519907277e-08 -1.9774231827e-03
 2.0525110429e-08 2.0525110429e-08 -1.6798719720e-03
 2.0532969066e-08 2.0532969066e-08 -1.3438323004e-03
 2.0544211761e-08 2.0544211761e-08 -1.0295056493e-03
 2.0558884647e-08 2.0558884647e-08 -7.7878769551e-04
 2.0575639054e-08 2.0575639054e-08 -5.9821870859e-04
 2.0596781038e-08 2.0596781038e-08 -4.6218085406e-04
 2.0621944045e-08 2.0621944045e-08 -3.5488866318e-04
 2.0654736941e-08 2.0654736941e-08 -2.7568364197e-04
 2.0694002871e-08 2.0694002871e-08 -2.1013632535e-04
 2.0745210163e-08 2.0745210163e-08 -1.6628809018e-04
 2.0806328956e-08 2.0806328956e-08 -1.2767023344e-04
 2.0885104298e-08 2.0885104298e-08 -1.0803277523e-04
 2.0942552149e-08 2.0942552149e-08 -9.4234766266e-05
 2.1000000000e-08 2.1000000000e-08 -9.5444016439e-05
 2.1006184210e-08 2.1006184210e-08 -9.2840023395e-05
 2.1017576838e-08 2.1017576838e-08 -9.3773075421e-05
 2.1030106911e-08 2.1030106911e-08 -9.3761479391e-05
 2.1052274380e-08 2.1052274380e-08 -9.5745720746e-05
 2.1096374286e-08 2.1096374286e-08 -1.0262797038e-04
 2.1167526283e-08 2.1167526283e-08 -1.3443893182e-04
 2.1226213721e-08 2.1226213721e-08 -2.2917702458e-04
 2.1253819203e-08 2.1253819203e-08 -3.6184650101e-04
 2.1283032665e-08 2.1283032665e-08 -5.1984645094e-04
 2.1305718064e-08 2.1305718064e-08 -5.8271566456e-04
 2.1321409717e-08 2.1321409717e-08 -5.5909841461e-04
 2.1340461997e-08 2.1340461997e-08 -5.3364453800e-04
 2.1361816492e-08 2.1361816492e-08 -4.6964870440e-04
 2.1392271884e-08 2.1392271884e-08 -3.7064029876e-04
 2.1442362724e-08 2.1442362724e-08 -1.2428328326e-04
 2.1529411177e-08 2.1529411177e-08 1.3923706893e-04
 2.1602851254e-08 2.1602851254e-08 -7.1749709091e-05
 2.1654900772e-08 2.1654900772e-08 1.0767852499e-04
 2.1714123437e-08 2.1714123437e-08 -4.6780745716e-05
 2.1759632727e-08 2.1759632727e-08 7.6305488274e-05
 2.1794673495e-08 2.1794673495e-08 -2.8732985973e-05
 2.1824655982e-08 2.1824655982e-08 4.3745999190e-05
 2.1864924270e-08 2.1864924270e-08 -1.7106716655e-05
 2.1900443435e-08 2.1900443435e-08 2.6723838976e-05
 2.1932738404e-08 2.1932738404e-08 -9.3946810448e-06
 2.1968970170e-08 2.1968970170e-08 1.6813859503e-05
 2.2010632229e-08 2.2010632229e-08 -5.5649320733e-06
 2.2060447564e-08 2.2060447564e-08 1.1887616210e-05
 2.2118995451e-08 2.2118995451e-08 -4.1383797425e-06
 2.2189179759e-08 2.2189179759e-08 9.1591036621e-06
 2.2272510333e-08 2.2272510333e-08 -3.6442108764e-06
 2.2372639915e-08 2.2372639915e-08 7.4599916470e-06
 2.2491657805e-08 2.2491657805e-08 -3.5573102910e-06
 2.2633613925e-08 2.2633613925e-08 6.2924243691e-06
 2.2800367595e-08 2.2800367595e-08 -3.6478399017e-06
 2.2995287143e-08 2.2995287143e-08 5.4393455555e-06
 2.3218759687e-08 2.3218759687e-08 -3.7825725768e-06
 2.3472929973e-08 2.3472929973e-08 4.8162967761e-06
 2.3757746962e-08 2.3757746962e-08 -3.8789204966e-06
 2.4076790229e-08 2.4076790229e-08 4.3838356334e-06
 2.4433059349e-08 2.4433059349e-08 -3.9107243289e-06
 2.4835105595e-08 2.4835105595e-08 4.1029138320e-06
 2.5292009283e-08 2.5292009283e-08 -3.8921544652e-06
 2.5821401707e-08 2.5821401707e-08 3.9326273460e-06
 2.6444208910e-08 2.6444208910e-08 -3.8490726401e-06
 2.7199074566e-08 2.7199074566e-08 3.8368767948e-06
 2.8139385371e-08 2.8139385371e-08 -3.8044455094e-06
 2.9370859069e-08 2.9370859069e-08 3.7871848179e-06
 3.0500000000e-08 3.0500000000e-08 -3.7661457726e-06
 3.0518454973e-08 3.0518454973e-08 1.4388497450e-03
 3.0536156271e-08 3.0536156271e-08 1.6479915317e-03
 3.0553374331e-08 3.0553374331e-08 1.4531637401e-03
 3.0572474573e-08 3.0572474573e-08 1.5014261675e-03
 3.0592102817e-08 3.0592102817e-08 1.4010791126e-03
 3.0616296076e-08 3.0616296076e-08 1.3942342292e-03
 3.0647391157e-08 3.0647391157e-08 1.3110331700e-03
 3.0688962523e-08 3.0688962523e-08 1.2764963503e-03
 3.0725266123e-08 3.0725266123e-08 1.2772548180e-03
 3.0740710863e-08 3.0740710863e-08 1.4976355306e-03
 3.0757842206e-08 3.0757842206e-08 1.7653988432e-03
 3.0771089159e-08 3.0771089159e-08 2.1453178350e-03
 3.0775931079e-08 3.0775931079e-08 2.1710907234e-03
 3.0782214004e-08 3.0782214004e-08 2.3303095746e-03
 3.0788677867e-08 3.0788677867e-08 2.3856812106e-03
 3.0795919464e-08 3.0795919464e-08 2.4977610185e-03
 3.0805580669e-08 3.0805580669e-08 2.5742369249e-03
 3.0813689011e-08 3.0813689011e-08 2.6527211416e-03
 3.0821857585e-08 3.0821857585e-08 2.7013014106e-03
 3.0830848274e-08 3.0830848274e-08 2.7622705408e-03
 3.0843790785e-08 3.0843790785e-08 2.8249436238e-03
 3.0861889636e-08 3.0861889636e-08 2.9067724198e-03
 3.0890265515e-08 3.0890265515e-08 3.0025269074e-03
 3.0923895665e-08 3.0923895665e-08 3.0969614983e-03
 3.0960283970e-08 3.0960283970e-08 3.1772248017e-03
 3.1000000000e-08 3.1000000000e-08 3.2553613956e-03
 3.1003624585e-08 3.1003624585e-08 7.4555568946e-04
 3.1008848371e-08 3.1008848371e-08 -2.3940877946e-04
 3.1014268767e-08 3.1014268767e-08 1.9943167055e-04
 3.1018711691e-08 3.1018711691e-08 1.0336216752e-05
 3.1023904345e-08 3.1023904345e-08 9.6279163411e-05
 3.1028787082e-08 3.1028787082e-08 5.7078975291e-05
 3.1038013804e-08 3.1038013804e-08 8.1368935062e-05
 3.1046152386e-08 3.1046152386e-08 6.7171167092e-05
 3.1062429550e-08 3.1062429550e-08 7.9369855189e-05
 3.1076416640e-08 3.1076416640e-08 7.1044508639e-05
 3.1099219279e-08 3.1099219279e-08 7.8745200171e-05
 3.1121674782e-08 3.1121674782e-08 7.2442077267e-05
 3.1154376154e-08 3.1154376154e-08 7.7608801392e-05
 3.1186556701e-08 3.1186556701e-08 7.1415268329e-05
 3.1222006003e-08 3.1222006003e-08 7.3434868354e-05
 3.1251357605e-08 3.1251357605e-08 6.5204741619e-05
 3.1276937759e-08 3.1276937759e-08 6.5037285715e-05
 3.1302950675e-08 3.1302950675e-08 5.9940463965e-05
 3.1328731845e-08 3.1328731845e-08 6.1977919350e-05
 3.1350615754e-08 3.1350615754e-08 5.9569148007e-05
 3.1375630526e-08 3.1375630526e-08 6.1446838298e-05
 3.1414564185e-08 3.1414564185e-08 5.9921519407e-05
 3.1460643705e-08 3.1460643705e-08 6.1655392265e-05
 3.1544289150e-08 3.1544289150e-08 6.0714967634e-05
 3.1651452740e-08 3.1651452740e-08 6.2532814474e-05
 3.1692625535e-08 3.1692625535e-08 6.2177266250e-05
 3.1764935633e-08 3.1764935633e-08 6.4878719817e-05
 3.1818150772e-08 3.1818150772e-08 6.6356969735e-05
 3.1867849434e-08 3.1867849434e-08 6.8686571763e-05
 3.1935440581e-08 3.1935440581e-08 6.9730380799e-05
 3.1967720290e-08 3.1967720290e-08 7.0426893768e-05
 3.2000000000e-08 3.2000000000e-08 7.0304649135e-05
 3.2004619160e-08 3.2004619160e-08 7.0401174023e-05
 3.2013857479e-08 3.2013857479e-08 7.0510537514e-05
 3.2022589082e-08 3.2022589082e-08 7.0479651183e-05
 3.2034225916e-08 3.2034225916e-08 7.0492615170e-05
 3.2052450454e-08 3.2052450454e-08 7.0484362508e-05
 3.2076915605e-08 3.2076915605e-08 7.0395751564e-05
 3.2114246675e-08 3.2114246675e-08 7.0256408007e-05
 3.2170998259e-08 3.2170998259e-08 6.9849561346e-05
 3.2248162743e-08 3.2248162743e-08 6.9239739824e-05
 3.2335179611e-08 3.2335179611e-08 6.8369579959e-05
 3.2436022414e-08 3.2436022414e-08 6.7397931648e-05
 3.2555087688e-08 3.2555087688e-08 6.6118885862e-05
 3.2696883647e-08 3.2696883647e-08 6.4687796667e-05
 3.2866299501e-08 3.2866299501e-08 6.2882239049e-05
 3.3069146467e-08 3.3069146467e-08 6.0857135831e-05
 3.3312616414e-08 3.3312616414e-08 5.8369278464e-05
 3.3605026361e-08 3.3605026361e-08 5.5572094602e-05
 3.3956419462e-08 3.3956419462e-08 5.2219558453e-05
 3.4378036165e-08 3.4378036165e-08 4.8487326498e-05
 3.4850877148e-08 3.4850877148e-08 4.4426773110e-05
 3.5440954862e-08 3.5440954862e-08 3.9838700798e-05
 3.5860890835e-08 3.5860890835e-08 3.6705372619e-05
 3.6299834408e-08 3.6299834408e-08 3.3785152896e-05
 3.6774069364e-08 3.6774069364e-08 3.0719511175e-05
 3.7631005210e-08 3.7631005210e-08 2.5971883877e-05
 3.8674486401e-08 3.8674486401e-08 2.0955136611e-05
 3.9337243200e-08 3.9337243200e-08 1.8381281278e-05
 4.0000000000e-08 4.0000000000e-08 1.5995721596e-05
 4.0012544630e-08 4.0012544630e-08 -2.7047037092e-03
 4.0026177985e-08 4.0026177985e-08 -2.4133020366e-03
 4.0035802219e-08 4.0035802219e-08 -2.0367100727e-03
 4.0046880410e-08 4.0046880410e-08 -2.1068604053e-03
 4.0059632846e-08 4.0059632846e-08 -1.9018576485e-03
 4.0071644272e-08 4.0071644272e-08 -1.8800906095e-03
 4.0087781293e-08 4.0087781293e-08 -1.7053912737e-03
 4.0108456212e-08 4.0108456212e-08 -1.5878642667e-03
 4.0136422762e-08 4.0136422762e-08 -1.3271490407e-03
 4.0176473056e-08 4.0176473056e-08 -1.0465655356e-03
 4.0212045420e-08 4.0212045420e-08 -8.4818875679e-04
 4.0249080764e-08 4.0249080764e-08 -8.1401788307e-04
 4.0279589944e-08 4.0279589944e-08 -1.2071812102e-03
 4.0289031740e-08 4.0289031740e-08 -1.6506840868e-03
 4.0307915331e-08 4.0307915331e-08 -2.9541920149e-03
 4.0322180704e-08 4.0322180704e-08 -3.9487605683e-03
 4.0339996909e-08 4.0339996909e-08 -4.7537331178e-03
 4.0359927686e-08 4.0359927686e-08 -5.1900756028e-03
 4.0376792118e-08 4.0376792118e-08 -5.3047029158e-03
 4.0395503141e-08 4.0395503141e-08 -5.3417692925e-03
 4.0418004433e-08 4.0418004433e-08 -5.2988603793e-03
 4.0449278786e-08 4.0449278786e-08 -5.2015875485e-03
 4.0474639393e-08 4.0474639393e-08 -5.0703217773e-03
 4.0500000000e-08 4.0500000000e-08 -4.9141992941e-03
 4.0503226878e-08 4.0503226878e-08 -4.0966109188e-03
 4.0509101435e-08 4.0509101435e-08 -3.0033059112e-03
 4.0514361687e-08 4.0514361687e-08 -2.4490451819e-03
 4.0521159679e-08 4.0521159679e-08 -1.8940939433e-03
 4.0526699161e-08 4.0526699161e-08 -1.6029964337e-03
 4.0536358746e-08 4.0536358746e-08 -1.2317520677e-03
 4.0548015844e-08 4.0548015844e-08 -9.5226700375e-04
 4.0563617199e-08 4.0563617199e-08 -7.1883454535e-04
 4.0581141675e-08 4.0581141675e-08 -5.5592105609e-04
 4.0603761027e-08 4.0603761027e-08 -4.2768893764e-04
 4.0630554130e-08 4.0630554130e-08 -3.2945340420e-04
 4.0665598306e-08 4.0665598306e-08 -2.5503123794e-04
 4.0707478276e-08 4.0707478276e-08 -1.9541241848e-04
 4.0762100283e-08 4.0762100283e-08 -1.5442546895e-04
 4.0827231168e-08 4.0827231168e-08 -1.2008215208e-04
 4.0910656336e-08 4.0910656336e-08 -1.0266815645e-04
 4.1000000000e-08 4.1000000000e-08 -9.0806745015e-05
 4.1007488828e-08 4.1007488828e-08 -9.2893386906e-05
 4.1020418611e-08 4.1020418611e-08 -9.3863190275e-05
 4.1036790891e-08 4.1036790891e-08 -9.4113133231e-05
 4.1062815208e-08 4.1062815208e-08 -9.7065517386e-05
 4.1114863841e-08 4.1114863841e-08 -1.0771839244e-04
 4.1183059622e-08 4.1183059622e-08 -1.4981493586e-04
 4.1237427515e-08 4.1237427515e-08 -2.6743259746e-04
 4.1263078571e-08 4.1263078571e-08 -4.1888855389e-04
 4.1289552894e-08 4.1289552894e-08 -5.4883164578e-04
 4.1312743583e-08 4.1312743583e-08 -5.7900381007e-04
 4.1336833115e-08 4.1336833115e-08 -5.3555027642e-04
 4.1356178904e-08 4.1356178904e-08 -4.8886080439e-04
 4.1381619732e-08 4.1381619732e-08 -4.0642419697e-04
 4.1423190729e-08 4.1423190729e-08 -2.2993701964e-04
 4.1506332722e-08 4.1506332722e-08 1.5356910572e-04
 4.1577616113e-08 4.1577616113e-08 -8.3308638517e-05
 4.1657993625e-08 4.1657993625e-08 1.2351810481e-04
 4.1720629651e-08 4.1720629651e-08 -6.1168000768e-05
 4.1767490549e-08 4.1767490549e-08 8.6780538871e-05
 4.1802561851e-08 4.1802561851e-08 -3.7959162668e-05
 4.1832776974e-08 4.1832776974e-08 4.8543618723e-05
 4.1877562876e-08 4.1877562876e-08 -2.2610196944e-05
 4.1910726663e-08 4.1910726663e-08 2.9097790148e-05
 4.1943927457e-08 4.1943927457e-08 -1.1429274590e-05
 4.1981586724e-08 4.1981586724e-08 1.7611103149e-05
 4.2025671217e-08 4.2025671217e-08 -6.3583048605e-06
 4.2078204785e-08 4.2078204785e-08 1.1972825057e-05
 4.2140319650e-08 4.2140319650e-08 -4.3036965885e-06
 4.2214529237e-08 4.2214529237e-08 8.8620006817e-06
 4.2303071260e-08 4.2303071260e-08 -3.4553715891e-06
 4.2409007946e-08 4.2409007946e-08 6.9412433013e-06
 4.2535276301e-08 4.2535276301e-08 -3.1550415560e-06
 4.2684978364e-08 4.2684978364e-08 5.6376365866e-06
 4.2860860571e-08 4.2860860571e-08 -3.1035110969e-06
 4.3064882267e-08 4.3064882267e-08 4.6989348892e-06
 4.3298467119e-08 4.3298467119e-08 -3.1310124163e-06
 4.3562361205e-08 4.3562361205e-08 4.0210030221e-06
 4.3858233631e-08 4.3858233631e-08 -3.1412194811e-06
 4.4188698071e-08 4.4188698071e-08 3.5506203455e-06
 4.4559242292e-08 4.4559242292e-08 -3.1062260559e-06
 4.4977653197e-08 4.4977653197e-08 3.2412650261e-06
 4.5456562620e-08 4.5456562620e-08 -3.0394262439e-06
 4.6013211597e-08 4.6013211597e-08 3.0494454767e-06
 4.6674999688e-08 4.6674999688e-08 -2.9645131676e-06
 4.7482290188e-08 4.7482290188e-08 2.9382596018e-06
 4.8504844568e-08 4.8504844568e-08 -2.9016285108e-06
 4.9657979136e-08 4.9657979136e-08 2.8748220950e-06
 5.0078989568e-08 5.0078989568e-08 -2.7990374822e-06
 5.0500000000e-08 5.0500000000e-08 2.7254384030e-06
 5.0511120774e-08 5.0511120774e-08 1.3497354893e-03
 5.0523677514e-08 5.0523677514e-08 1.7124732022e-03
 5.0535937595e-08 5.0535937595e-08 1.4952180901e-03
 5.0550015902e-08 5.0550015902e-08 1.5479561655e-03
 5.0562839205e-08 5.0562839205e-08 1.4725797026e-03
 5.0579812441e-08 5.0579812441e-08 1.4589722270e-03
 5.0602854142e-08 5.0602854142e-08 1.3965035980e-03
 5.0635861307e-08 5.0635861307e-08 1.3478728211e-03
 5.0678651741e-08 5.0678651741e-08 1.2734027615e-03
 5.0717992282e-08 5.0717992282e-08 1.2673094721e-03
 5.0735022995e-08 5.0735022995e-08 1.4051277406e-03
 5.0754483265e-08 5.0754483265e-08 1.6944500269e-03
 5.0768122486e-08 5.0768122486e-08 2.0772126766e-03
 5.0772556663e-08 5.0772556663e-08 2.1064729390e-03
 5.0781425017e-08 5.0781425017e-08 2.3219342732e-03
 5.0788133126e-08 5.0788133126e-08 2.3750734688e-03
 5.0795524975e-08 5.0795524975e-08 2.4963253450e-03
 5.0804165609e-08 5.0804165609e-08 2.5589525943e-03
 5.0812504025e-08 5.0812504025e-08 2.6458346980e-03
 5.0820501495e-08 5.0820501495e-08 2.6908070489e-03
 5.0829356204e-08 5.0829356204e-08 2.7548555215e-03
 5.0841651445e-08 5.0841651445e-08 2.8137098365e-03
 5.0858147948e-08 5.0858147948e-08 2.8923967036e-03
 5.0886244531e-08 5.0886244531e-08 2.9897219166e-03
 5.0922837533e-08 5.0922837533e-08 3.0953200233e-03
 5.0961418767e-08 5.0961418767e-08 3.1789979128e-03
 5.1000000000e-08 5.1000000000e-08 3.2557514151e-03
 5.1002685655e-08 5.1002685655e-08 9.1833152953e-04
 5.1006887251e-08 5.1006887251e-08 -2.3690157162e-04
 5.1012160754e-08 5.1012160754e-08 1.9517621946e-04
 5.1016024678e-08 5.1016024678e-08 1.6115612683e-05
 5.1020559608e-08 5.1020559608e-08 8.9025404601e-05
 5.1024864999e-08 5.1024864999e-08 5.9760084208e-05
 5.1033475781e-08 5.1033475781e-08 7.7785937243e-05
 5.1040859725e-08 5.1040859725e-08 6.8649293723e-05
 5.1054911870e-08 5.1054911870e-08 7.7138802700e-05
 5.1067544728e-08 5.1067544728e-08 7.2252559378e-05
 5.1087210900e-08 5.1087210900e-08 7.7239436196e-05
 5.1107602122e-08 5.1107602122e-08 7.3671021527e-05
 5.1136615241e-08 5.1136615241e-08 7.6796769783e-05
 5.1167304997e-08 5.1167304997e-08 7.3199848358e-05
 5.1202957727e-08 5.1202957727e-08 7.4125724089e-05
 5.1235090346e-08 5.1235090346e-08 6.8508255173e-05
 5.1263000953e-08 5.1263000953e-08 6.6232892263e-05
 5.1287226003e-08 5.1287226003e-08 6.1523741801e-05
 5.1306589409e-08 5.1306589409e-08 6.2020601124e-05
 5.1329133520e-08 5.1329133520e-08 6.0085289466e-05
 5.1350805364e-08 5.1350805364e-08 6.1141762931e-05
 5.1378435145e-08 5.1378435145e-08 6.0105725168e-05
 5.1413681388e-08 5.1413681388e-08 6.1124177304e-05
 5.1470578935e-08 5.1470578935e-08 6.0606466083e-05
 5.1538062271e-08 5.1538062271e-08 6.1727297794e-05
 5.1673028942e-08 5.1673028942e-08 6.1702621661e-05
 5.1716216354e-08 5.1716216354e-08 6.3680925742e-05
 5.1784185965e-08 5.1784185965e-08 6.4688588862e-05
 5.1835544609e-08 5.1835544609e-08 6.7874949863e-05
 5.1888239447e-08 5.1888239447e-08 6.8499670565e-05
 5.1944119723e-08 5.1944119723e-08 7.0510147995e-05
 5.1972059862e-08 5.1972059862e-08 6.9900503842e-05
 5.2000000000e-08 5.2000000000e-08 7.0766561394e-05
 5.2004342562e-08 5.2004342562e-08 7.0536121820e-05
 5.2013027685e-08 5.2013027685e-08 7.0401229447e-05
 5.2021053624e-08 5.2021053624e-08 7.0562699303e-05
 5.2032107666e-08 5.2032107666e-08 7.0422724016e-05
 5.2048979320e-08 5.2048979320e-08 7.0552037110e-05
 5.2071744181e-08 5.2071744181e-08 7.0355816193e-05
 5.2106673152e-08 5.2106673152e-08 7.0349755625e-05
 5.2159703273e-08 5.2159703273e-08 6.9879705315e-05
 5.2235694072e-08 5.2235694072e-08 6.9402717474e-05
 5.2320792064e-08 5.2320792064e-08 6.8458563868e-05
 5.2419183946e-08 5.2419183946e-08 6.7618775260e-05
 5.2535053696e-08 5.2535053696e-08 6.6277345465e-05
 5.2673078031e-08 5.2673078031e-08 6.4982814714e-05
 5.2837804761e-08 5.2837804761e-08 6.3127674546e-05
 5.3035067655e-08 5.3035067655e-08 6.1248884747e-05
 5.3271662044e-08 5.3271662044e-08 5.8727370975e-05
 5.3555905381e-08 5.3555905381e-08 5.6089381546e-05
 5.3897369381e-08 5.3897369381e-08 5.2717894152e-05
 5.4273007391e-08 5.4273007391e-08 4.9453051568e-05
 5.4762456778e-08 5.4762456778e-08 4.5116844779e-05
 5.5343217023e-08 5.5343217023e-08 4.0618932405e-05
 5.6026055544e-08 5.6026055544e-08 3.5524266103e-05
 5.6793758396e-08 5.6793758396e-08 3.0697331223e-05
 5.7693044595e-08 5.7693044595e-08 2.5534323665e-05
 5.8368245941e-08 5.8368245941e-08 2.2400318261e-05
 5.9017548090e-08 5.9017548090e-08 1.9517232221e-05
 5.9501838222e-08 5.9501838222e-08 1.7806140425e-05
 5.9750919111e-08 5.9750919111e-08 1.6805489668e-05
 6.0000000000e-08 6.0000000000e-08 1.6098814266e-05
 6.0008430410e-08 6.0008430410e-08 -2.6246789521e-03
 6.0018906885e-08 6.0018906885e-08 -2.9818004682e-03
 6.0030940830e-08 6.0030940830e-08 -1.7855642067e-03
 6.0037901819e-08 6.0037901819e-08 -2.2673628642e-03
 6.0044433176e-08 6.0044433176e-08 -2.0114053430e-03
 6.0050359876e-08 6.0050359876e-08 -2.0363258691e-03
 6.0056533814e-08 6.0056533814e-08 -1.9608451533e-03
 6.0064723459e-08 6.0064723459e-08 -1.9083135688e-03
 6.0076621971e-08 6.0076621971e-08 -1.8102907735e-03
 6.0092800587e-08 6.0092800587e-08 -1.6918708210e-03
 6.0114726803e-08 6.0114726803e-08 -1.5174821407e-03
 6.0145198723e-08 6.0145198723e-08 -1.2740883238e-03
 6.0186281725e-08 6.0186281725e-08 -9.6586633668e-04
 6.0233173861e-08 6.0233173861e-08 -8.0496694419e-04
 6.0255673497e-08 6.0255673497e-08 -8.2428256399e-04
 6.0278019811e-08 6.0278019811e-08 -1.1697032804e-03
 6.0285788661e-08 6.0285788661e-08 -1.4959552280e-03
 6.0301326362e-08 6.0301326362e-08 -2.4880719040e-03
 6.0315173628e-08 6.0315173628e-08 -3.5189822614e-03
 6.0333671436e-08 6.0333671436e-08 -4.5394408857e-03
 6.0351438722e-08 6.0351438722e-08 -5.0636903993e-03
 6.0368651642e-08 6.0368651642e-08 -5.2609118810e-03
 6.0385983607e-08 6.0385983607e-08 -5.3386726739e-03
 6.0406793736e-08 6.0406793736e-08 -5.3205768753e-03
 6.0433632450e-08 6.0433632450e-08 -5.2627941905e-03
 6.0471380399e-08 6.0471380399e-08 -5.0880905776e-03
 6.0500000000e-08 6.0500000000e-08 -4.9186397004e-03
 6.0503426351e-08 6.0503426351e-08 -4.0592522509e-03
 6.0509541892e-08 6.0509541892e-08 -2.9486089497e-03
 6.0515166957e-08 6.0515166957e-08 -2.3770226241e-03
 6.0522301898e-08 6.0522301898e-08 -1.8244444370e-03
 6.0528300071e-08 6.0528300071e-08 -1.5319591293e-03
 6.0539457344e-08 6.0539457344e-08 -1.1429607792e-03
 6.0551582577e-08 6.0551582577e-08 -8.8894965045e-04
 6.0567977196e-08 6.0567977196e-08 -6.7055332124e-04
 6.0586274463e-08 6.0586274463e-08 -5.2125921658e-04
 6.0610233564e-08 6.0610233564e-08 -3.9962996119e-04
 6.0638577285e-08 6.0638577285e-08 -3.0874937062e-04
 6.0675686927e-08 6.0675686927e-08 -2.3823654018e-04
 6.0720023062e-08 6.0720023062e-08 -1.8354628083e-04
 6.0777773433e-08 6.0777773433e-08 -1.4486428806e-04
 6.0846605140e-08 6.0846605140e-08 -1.1422000875e-04
 6.0934061175e-08 6.0934061175e-08 -9.8773092280e-05
 6.1000000000e-08 6.1000000000e-08 -9.1602248383e-05
 6.1006583658e-08 6.1006583658e-08 -9.3053602126e-05
 6.1018456960e-08 6.1018456960e-08 -9.3682285710e-05
 6.1032067586e-08 6.1032067586e-08 -9.3925185490e-05
 6.1055355366e-08 6.1055355366e-08 -9.6060048525e-05
 6.1101930925e-08 6.1101930925e-08 -1.0404767950e-04
 6.1172375038e-08 6.1172375038e-08 -1.3872703967e-04
 6.1229731180e-08 6.1229731180e-08 -2.4025695686e-04
 6.1256647224e-08 6.1256647224e-08 -3.7893499015e-04
 6.1284950013e-08 6.1284950013e-08 -5.2986899248e-04
 6.1307617459e-08 6.1307617459e-08 -5.8194203493e-04
 6.1325522294e-08 6.1325522294e-08 -5.5435480387e-04
 6.1344495484e-08 6.1344495484e-08 -5.2249434595e-04
 6.1366823747e-08 6.1366823747e-08 -4.5476221293e-04
 6.1399787930e-08 6.1399787930e-08 -3.3928379699e-04
 6.1458409248e-08 6.1458409248e-08 -2.3165664072e-05
 6.1537453969e-08 6.1537453969e-08 7.2068539284e-05
 6.1614889803e-08 6.1614889803e-08 -1.3204855307e-05
 6.1668234046e-08 6.1668234046e-08 5.8492673513e-05
 6.1724394012e-08 6.1724394012e-08 -5.5985144496e-06
 6.1767937635e-08 6.1767937635e-08 4.1079610211e-05
 6.1801121167e-08 6.1801121167e-08 -3.1353983352e-06
 6.1831340626e-08 6.1831340626e-08 2.3889311580e-05
 6.1862991377e-08 6.1862991377e-08 -1.0642211476e-06
 6.1896653973e-08 6.1896653973e-08 1.4505452364e-05
 6.1929001038e-08 6.1929001038e-08 -1.0405145446e-11
 6.1964984805e-08 6.1964984805e-08 9.6555824207e-06
 6.2006288887e-08 6.2006288887e-08 3.3985549007e-07
 6.2055204749e-08 6.2055204749e-08 7.0348510383e-06
 6.2112867657e-08 6.2112867657e-08 1.4102188071e-07
 6.2181769516e-08 6.2181769516e-08 5.4447748170e-06
 6.2263769599e-08 6.2263769599e-08 -2.1412935634e-07
 6.2362111000e-08 6.2362111000e-08 4.3646742014e-06
 6.2479221575e-08 6.2479221575e-08 -6.0912720077e-07
 6.2618795031e-08 6.2618795031e-08 3.5606388319e-06
 6.2783093897e-08 6.2783093897e-08 -9.9558535424e-07
 6.2975182521e-08 6.2975182521e-08 2.9369131040e-06
 6.3195902065e-08 6.3195902065e-08 -1.3287326950e-06
 6.3447037323e-08 6.3447037323e-08 2.4697310112e-06
 6.3728870460e-08 6.3728870460e-08 -1.5692038275e-06
 6.4044427245e-08 6.4044427245e-08 2.1507449593e-06
 6.4396900578e-08 6.4396900578e-08 -1.7096280150e-06
 6.4794089017e-08 6.4794089017e-08 1.9551757256e-06
 6.5245186147e-08 6.5245186147e-08 -1.7720440449e-06
 6.5766660030e-08 6.5766660030e-08 1.8481243867e-06
 6.6379278309e-08 6.6379278309e-08 -1.7866221679e-06
 6.7119242590e-08 6.7119242590e-08 1.7967277326e-06
 6.7906877165e-08 6.7906877165e-08 -1.7778528935e-06
 6.8491098801e-08 6.8491098801e-08 1.7672609516e-06
 6.8911704556e-08 6.8911704556e-08 -1.7464192510e-06
 6.9606412253e-08 6.9606412253e-08 1.7360662942e-06
 7.0139352186e-08 7.0139352186e-08 -1.7210901129e-06
 7.0500000000e-08 7.0500000000e-08 1.7003380645e-06
 7.0509325539e-08 7.0509325539e-08 1.3080999841e-03
 7.0520476251e-08 7.0520476251e-08 1.7272623408e-03
 7.0531496172e-08 7.0531496172e-08 1.5103042859e-03
 7.0544201776e-08 7.0544201776e-08 1.5582684469e-03
 7.0555456125e-08 7.0555456125e-08 1.4932971957e-03
 7.0570915917e-08 7.0570915917e-08 1.4759118082e-03
 7.0592579574e-08 7.0592579574e-08 1.4186544205e-03
 7.0624856359e-08 7.0624856359e-08 1.3654176471e-03
 7.0667992226e-08 7.0667992226e-08 1.2890304604e-03
 7.0709287202e-08 7.0709287202e-08 1.2577028985e-03
 7.0728772904e-08 7.0728772904e-08 1.3379406023e-03
 7.0742846059e-08 7.0742846059e-08 1.4948507726e-03
 7.0757676660e-08 7.0757676660e-08 1.8029701760e-03
 7.0770636552e-08 7.0770636552e-08 2.0979258307e-03
 7.0775411744e-08 7.0775411744e-08 2.1872922306e-03
 7.0781876914e-08 7.0781876914e-08 2.3064810572e-03
 7.0788480884e-08 7.0788480884e-08 2.3959716108e-03
 7.0795470316e-08 7.0795470316e-08 2.4833943862e-03
 7.0805148940e-08 7.0805148940e-08 2.5776256655e-03
 7.0813424606e-08 7.0813424606e-08 2.6455905376e-03
 7.0821533407e-08 7.0821533407e-08 2.7028050980e-03
 7.0830540080e-08 7.0830540080e-08 2.7578794441e-03
 7.0843063475e-08 7.0843063475e-08 2.8235069743e-03
 7.0861402125e-08 7.0861402125e-08 2.9032379466e-03
 7.0888678814e-08 7.0888678814e-08 2.9988483825e-03
 7.0930929178e-08 7.0930929178e-08 3.1148022942e-03
 7.0965464589e-08 7.0965464589e-08 3.1868912854e-03
 7.1000000000e-08 7.1000000000e-08 3.2556598727e-03
 7.1002503370e-08 7.1002503370e-08 9.6257569597e-04
 7.1006499307e-08 7.1006499307e-08 -2.3231352521e-04
 7.1011482793e-08 7.1011482793e-08 1.8674104030e-04
 7.1015182917e-08 7.1015182917e-08 2.0014590908e-05
 7.1019496598e-08 7.1019496598e-08 8.5675653361e-05
 7.1023642269e-08 7.1023642269e-08 6.0781169839e-05
 7.1031933613e-08 7.1031933613e-08 7.6407847805e-05
 7.1039104280e-08 7.1039104280e-08 6.9122286271e-05
 7.1052134926e-08 7.1052134926e-08 7.6333197406e-05
 7.1064310457e-08 7.1064310457e-08 7.2594370470e-05
 7.1082795567e-08 7.1082795567e-08 7.6733521760e-05
 7.1102441492e-08 7.1102441492e-08 7.4014647861e-05
 7.1129955942e-08 7.1129955942e-08 7.6535698459e-05
 7.1159830604e-08 7.1159830604e-08 7.3717915657e-05
 7.1195152315e-08 7.1195152315e-08 7.4374700849e-05
 7.1228346914e-08 7.1228346914e-08 6.9609052416e-05
 7.1257256008e-08 7.1257256008e-08 6.6994549173e-05
 7.1281809061e-08 7.1281809061e-08 6.2130129230e-05
 7.1311972086e-08 7.1311972086e-08 6.1602602187e-05
 7.1335670461e-08 7.1335670461e-08 6.0229394365e-05
 7.1357685920e-08 7.1357685920e-08 6.0935156093e-05
 7.1386041729e-08 7.1386041729e-08 6.0304051964e-05
 7.1424535338e-08 7.1424535338e-08 6.1001418654e-05
 7.1487120687e-08 7.1487120687e-08 6.0871329827e-05
 7.1560723629e-08 7.1560723629e-08 6.1647055307e-05
 7.1707929512e-08 7.1707929512e-08 6.2310941042e-05
 7.1758794306e-08 7.1758794306e-08 6.4913564530e-05
 7.1818369201e-08 7.1818369201e-08 6.6122910061e-05
 7.1868717556e-08 7.1868717556e-08 6.8919390500e-05
 7.1938711928e-08 7.1938711928e-08 6.9610428689e-05
 7.1969355964e-08 7.1969355964e-08 7.0542253658e-05
 7.2000000000e-08 7.2000000000e-08 7.0260361351e-05
 7.2004519801e-08 7.2004519801e-08 7.0313421246e-05
 7.2013559402e-08 7.2013559402e-08 7.0583092392e-05
 7.2022033890e-08 7.2022033890e-08 7.0420270334e-05
 7.2033520676e-08 7.2033520676e-08 7.0542997210e-05
 7.2051337012e-08 7.2051337012e-08 7.0440904067e-05
 7.2075342599e-08 7.2075342599e-08 7.0442789637e-05
 7.2112105821e-08 7.2112105821e-08 7.0227922999e-05
 7.2168014003e-08 7.2168014003e-08 6.9909667011e-05
 7.2244739784e-08 7.2244739784e-08 6.9232686981e-05
 7.2331280726e-08 7.2331280726e-08 6.8443617941e-05
 7.2431433416e-08 7.2431433416e-08 6.7408251667e-05
 7.2549673642e-08 7.2549673642e-08 6.6209770415e-05
 7.2690419468e-08 7.2690419468e-08 6.4719374046e-05
 7.2858612074e-08 7.2858612074e-08 6.2995278527e-05
 7.3059916239e-08 7.3059916239e-08 6.0915592058e-05
 7.3301582839e-08 7.3301582839e-08 5.8511719694e-05
 7.3520347289e-08 7.3520347289e-08 5.6344507630e-05
 7.3865815641e-08 7.3865815641e-08 5.3102018629e-05
 7.4274378839e-08 7.4274378839e-08 4.9355543964e-05
 7.4762889718e-08 7.4762889718e-08 4.5198792486e-05
 7.5339732351e-08 7.5339732351e-08 4.0560645126e-05
 7.6015700502e-08 7.6015700502e-08 3.5680714145e-05
 7.6742694085e-08 7.6742694085e-08 3.0922701997e-05
 7.7607018904e-08 7.7607018904e-08 2.6067420820e-05
 7.8576174082e-08 7.8576174082e-08 2.1394079367e-05
 7.9288087041e-08 7.9288087041e-08 1.8542262293e-05
 8.0000000000e-08 8.0000000000e-08 1.6011864387e-05
 8.0012981467e-08 8.0012981467e-08 -2.7107147621e-03
 8.0026927388e-08 8.0026927388e-08 -2.3612988477e-03
 8.0036446447e-08 8.0036446447e-08 -2.0534183187e-03
 8.0047200043e-08 8.0047200043e-08 -2.0914263216e-03
 8.0059317562e-08 8.0059317562e-08 -1.9124222179e-03
 8.0072374543e-08 8.0072374543e-08 -1.8704103639e-03
 8.0088655442e-08 8.0088655442e-08 -1.7011106838e-03
 8.0110554231e-08 8.0110554231e-08 -1.5699766864e-03
 8.0138257315e-08 8.0138257315e-08 -1.3128854502e-03
 8.0176634355e-08 8.0176634355e-08 -1.0457661466e-03
 8.0222912502e-08 8.0222912502e-08 -8.0309623696e-04
 8.0246653610e-08 8.0246653610e-08 -8.2560880229e-04
 8.0271266037e-08 8.0271266037e-08 -9.7056615137e-04
 8.0295741452e-08 8.0295741452e-08 -2.0842449092e-03
 8.0313766811e-08 8.0313766811e-08 -3.3635860630e-03
 8.0330256385e-08 8.0330256385e-08 -4.4003318974e-03
 8.0348237297e-08 8.0348237297e-08 -4.9570848903e-03
 8.0365487756e-08 8.0365487756e-08 -5.2642619846e-03
 8.0382873428e-08 8.0382873428e-08 -5.2989894624e-03
 8.0402397425e-08 8.0402397425e-08 -5.3584854901e-03
 8.0428632620e-08 8.0428632620e-08 -5.2467092925e-03
 8.0461843086e-08 8.0461843086e-08 -5.1678718645e-03
 8.0500000000e-08 8.0500000000e-08 -4.8886573251e-03
 8.0503831147e-08 8.0503831147e-08 -3.9881863494e-03
 8.0510417099e-08 8.0510417099e-08 -2.8444582280e-03
 8.0516957701e-08 8.0516957701e-08 -2.2290310516e-03
 8.0524641519e-08 8.0524641519e-08 -1.6942583469e-03
 8.0531190797e-08 8.0531190797e-08 -1.4172549411e-03
 8.0542679360e-08 8.0542679360e-08 -1.0628912383e-03
 8.0555538426e-08 8.0555538426e-08 -8.2800393125e-04
 8.0572739869e-08 8.0572739869e-08 -6.2439116762e-04
 8.0592220559e-08 8.0592220559e-08 -4.8613934312e-04
 8.0617550178e-08 8.0617550178e-08 -3.7176836062e-04
 8.0647711005e-08 8.0647711005e-08 -2.8819920187e-04
 8.0687015581e-08 8.0687015581e-08 -2.2166425616e-04
 8.0734199353e-08 8.0734199353e-08 -1.7195877971e-04
 8.0795362820e-08 8.0795362820e-08 -1.3550986410e-04
 8.0868353299e-08 8.0868353299e-08 -1.0881090980e-04
 8.0934176649e-08 8.0934176649e-08 -9.8429483213e-05
 8.1000000000e-08 8.1000000000e-08 -9.1969585794e-05
 8.1006565993e-08 8.1006565993e-08 -9.3080441435e-05
 8.1018418208e-08 8.1018418208e-08 -9.3653509772e-05
 8.1032013311e-08 8.1032013311e-08 -9.3924603646e-05
 8.1055247965e-08 8.1055247965e-08 -9.6005727850e-05
 8.1101717273e-08 8.1101717273e-08 -1.0393853713e-04
 8.1172262039e-08 8.1172262039e-08 -1.3838252154e-04
 8.1229735434e-08 8.1229735434e-08 -2.3948336308e-04
 8.1256696357e-08 8.1256696357e-08 -3.7775927894e-04
 8.1285063234e-08 8.1285063234e-08 -5.2923753755e-04
 8.1307728627e-08 8.1307728627e-08 -5.8200301579e-04
 8.1325522901e-08 8.1325522901e-08 -5.5466948133e-04
 8.1344497830e-08 8.1344497830e-08 -5.2316634695e-04
 8.1366763330e-08 8.1366763330e-08 -4.5568362787e-04
 8.1399564037e-08 8.1399564037e-08 -3.4127700157e-04
 8.1457600640e-08 8.1457600640e-08 -3.0182256606e-05
 8.1537185457e-08 8.1537185457e-08 7.7981098639e-05
 8.1614257703e-08 8.1614257703e-08 -1.8392525070e-05
 8.1667624580e-08 8.1667624580e-08 6.2874379605e-05
 8.1723984782e-08 8.1723984782e-08 -9.2489983850e-06
 8.1767658111e-08 8.1767658111e-08 4.4133038092e-05
 8.1800955729e-08 8.1800955729e-08 -5.3496356533e-06
 8.1831140351e-08 8.1831140351e-08 2.5577317709e-05
 8.1863362732e-08 8.1863362732e-08 -2.3541497493e-06
 8.1897123561e-08 8.1897123561e-08 1.5473406938e-05
 8.1929463472e-08 8.1929463472e-08 -7.3843943265e-07
 8.1965462151e-08 8.1965462151e-08 1.0218221583e-05
 8.2006787922e-08 8.2006787922e-08 -1.1944192956e-07
 8.2055758992e-08 8.2055758992e-08 7.4114827879e-06
 8.2113472633e-08 8.2113472633e-08 -1.8764709003e-07
 8.2182452090e-08 8.2182452090e-08 5.7297530103e-06
 8.2264529736e-08 8.2264529736e-08 -4.7493133709e-07
 8.2362978820e-08 8.2362978820e-08 4.6000343638e-06
 8.2480201530e-08 8.2480201530e-08 -8.3159920862e-07
 8.2619918213e-08 8.2619918213e-08 3.7669569731e-06
 8.2784362215e-08 8.2784362215e-08 -1.1946388282e-06
 8.2976621285e-08 8.2976621285e-08 3.1249463261e-06
 8.3197504190e-08 8.3197504190e-08 -1.5121959266e-06
 8.3448822257e-08 8.3448822257e-08 2.6453422708e-06
 8.3730832261e-08 8.3730832261e-08 -1.7414178586e-06
 8.4046598115e-08 8.4046598115e-08 2.3173106361e-06
 8.4399295649e-08 8.4399295649e-08 -1.8733833767e-06
 8.4796773826e-08 8.4796773826e-08 2.1149369322e-06
 8.5248213154e-08 8.5248213154e-08 -1.9294804248e-06
 8.5770157418e-08 8.5770157418e-08 2.0027976323e-06
 8.6165207795e-08 8.6165207795e-08 -1.9259411478e-06
 8.6525556896e-08 8.6525556896e-08 1.9330127750e-06
 8.6974392244e-08 8.6974392244e-08 -1.8915492231e-06
 8.7431583745e-08 8.7431583745e-08 1.8839567032e-06
 8.7958338511e-08 8.7958338511e-08 -1.8602579039e-06
 8.8614497893e-08 8.8614497893e-08 1.8503960538e-06
 8.9462794668e-08 8.9462794668e-08 -1.8388050505e-06
 9.0500000000e-08 9.0500000000e-08 1.8310342127e-06
 9.0517765685e-08 9.0517765685e-08 1.4338955682e-03
 9.0535014370e-08 9.0535014370e-08 1.6535533517e-03
 9.0551788625e-08 9.0551788625e-08 1.4563873023e-03
 9.0570443612e-08 9.0570443612e-08 1.5058452225e-03
 9.0589417734e-08 9.0589417734e-08 1.4069999228e-03
 9.0612893646e-08 9.0612893646e-08 1.4000177557e-03
 9.0643132586e-08 9.0643132586e-08 1.3184548235e-03
 9.0683694253e-08 9.0683694253e-08 1.2819962518e-03
 9.0720832842e-08 9.0720832842e-08 1.2627722142e-03
 9.0737091935e-08 9.0737091935e-08 1.4407279900e-03
 9.0755408414e-08 9.0755408414e-08 1.7112780437e-03
 9.0768813762e-08 9.0768813762e-08 2.0945599605e-03
 9.0773971659e-08 9.0773971659e-08 2.1341516004e-03
 9.0780353963e-08 9.0780353963e-08 2.3003234657e-03
 9.0787116128e-08 9.0787116128e-08 2.3648723015e-03
 9.0794024572e-08 9.0794024572e-08 2.4764605031e-03
 9.0802603588e-08 9.0802603588e-08 2.5469362600e-03
 9.0811525491e-08 9.0811525491e-08 2.6368434247e-03
 9.0819439253e-08 9.0819439253e-08 2.6845891184e-03
 9.0828150209e-08 9.0828150209e-08 2.7471009937e-03
 9.0839535967e-08 9.0839535967e-08 2.8036835340e-03
 9.0855767829e-08 9.0855767829e-08 2.8823399441e-03
 9.0881031338e-08 9.0881031338e-08 2.9725959336e-03
 9.0917490726e-08 9.0917490726e-08 3.0822544747e-03
 9.0958745363e-08 9.0958745363e-08 3.1735311897e-03
 9.1000000000e-08 9.1000000000e-08 3.2559863300e-03
 9.1002803458e-08 9.1002803458e-08 8.9204651565e-04
 9.1007135490e-08 9.1007135490e-08 -2.3880533258e-04
 9.1012589054e-08 9.1012589054e-08 1.9987517437e-04
 9.1016559817e-08 9.1016559817e-08 1.3729300516e-05
 9.1021234774e-08 9.1021234774e-08 9.1109129623e-05
 9.1025643744e-08 9.1025643744e-08 5.9069719325e-05
 9.1034461683e-08 9.1034461683e-08 7.8670317341e-05
 9.1041982035e-08 9.1041982035e-08 6.8321667824e-05
 9.1056748338e-08 9.1056748338e-08 7.7664016378e-05
 9.1069673204e-08 9.1069673204e-08 7.2012466728e-05
 9.1090136333e-08 9.1090136333e-08 7.7569755672e-05
 9.1111003393e-08 9.1111003393e-08 7.3431157056e-05
 9.1140998851e-08 9.1140998851e-08 7.6960877994e-05
 9.1172158113e-08 9.1172158113e-08 7.2835047620e-05
 9.1207874949e-08 9.1207874949e-08 7.3945197103e-05
 9.1239366508e-08 9.1239366508e-08 6.7745517413e-05
 9.1266583141e-08 9.1266583141e-08 6.5804270868e-05
 9.1290844271e-08 9.1290844271e-08 6.1164300635e-05
 9.1308714583e-08 9.1308714583e-08 6.1996082119e-05
 9.1330710194e-08 9.1330710194e-08 6.0038207803e-05
 9.1352624838e-08 9.1352624838e-08 6.1151902083e-05
 9.1381386999e-08 9.1381386999e-08 6.0102729796e-05
 9.1417409033e-08 9.1417409033e-08 6.1143076784e-05
 9.1476748387e-08 9.1476748387e-08 6.0644219631e-05
 9.1545691450e-08 9.1545691450e-08 6.1751947367e-05
 9.1683577576e-08 9.1683577576e-08 6.1825764691e-05
 9.1730968693e-08 9.1730968693e-08 6.4087992822e-05
 9.1795560253e-08 9.1795560253e-08 6.5140274911e-05
 9.1846227435e-08 9.1846227435e-08 6.8255897470e-05
 9.1901858691e-08 9.1901858691e-08 6.8843995094e-05
 9.1950929345e-08 9.1950929345e-08 7.0541386788e-05
 9.2000000000e-08 9.2000000000e-08 7.0092520280e-05
 9.2007410413e-08 9.2007410413e-08 7.0318485002e-05
 9.2020213942e-08 9.2020213942e-08 7.0602050387e-05
 9.2031706802e-08 9.2031706802e-08 7.0415057804e-05
 9.2048532141e-08 9.2048532141e-08 7.0541144956e-05
 9.2076539480e-08 9.2076539480e-08 7.0364385700e-05
 9.2114909912e-08 9.2114909912e-08 7.0274681163e-05
 9.2176024680e-08 9.2176024680e-08 6.9796489169e-05
 9.2253516635e-08 9.2253516635e-08 6.9197810800e-05
 9.2340985547e-08 9.2340985547e-08 6.8305882236e-05
 9.2442853290e-08 9.2442853290e-08 6.7327875119e-05
 9.2563198617e-08 9.2563198617e-08 6.6033528046e-05
 9.2706707410e-08 9.2706707410e-08 6.4580842389e-05
 9.2877962306e-08 9.2877962306e-08 6.2764947153e-05
 9.3044000702e-08 9.3044000702e-08 6.1098024661e-05
 9.3288318467e-08 9.3288318467e-08 5.8623945270e-05
 9.3579023497e-08 9.3579023497e-08 5.5804769957e-05
 9.3927034711e-08 9.3927034711e-08 5.2505891561e-05
 9.4342027951e-08 9.4342027951e-08 4.8784303773e-05
 9.4839412557e-08 9.4839412557e-08 4.4539911076e-05
 9.5432802665e-08 9.5432802665e-08 3.9878186402e-05
 9.6114070772e-08 9.6114070772e-08 3.4981975902e-05
 9.6853251766e-08 9.6853251766e-08 3.0279041582e-05
 9.7726308624e-08 9.7726308624e-08 2.5424955255e-05
 9.8709131796e-08 9.8709131796e-08 2.0847459866e-05
 9.9354565898e-08 9.9354565898e-08 1.8268012082e-05
 1.0000000000e-07 1.0000000000e-07 1.6036360718e-05
