Title: * mosfet noise analysis simulation
Date: Tue Jul 28 22:33:45  2026
Command: ngspice-46+, Build Wed Apr  8 07:34:31 UTC 2026
Plotname: Noise Spectral Density Curves
Flags: real
No. Variables: 3
No. Points: 181
Variables:
	0	frequency	frequency grid=3
	1	freq	frequency
	2	temp_noise	voltage-density
Values:
 0	1.000000000000000e+00
	1.000000000000000e+00
	1.195479651600800e-08

 1	1.122018454301963e+00
	1.122018454301963e+00
	1.195473541812946e-08

 2	1.258925411794167e+00
	1.258925411794167e+00
	1.195465850178956e-08

 3	1.412537544622754e+00
	1.412537544622754e+00
	1.195456167196564e-08

 4	1.584893192461113e+00
	1.584893192461113e+00
	1.195443977378523e-08

 5	1.778279410038922e+00
	1.778279410038922e+00
	1.195428631837030e-08

 6	1.995262314968879e+00
	1.995262314968879e+00
	1.195409313785150e-08

 7	2.238721138568339e+00
	2.238721138568339e+00
	1.195384995130346e-08

 8	2.511886431509579e+00
	2.511886431509579e+00
	1.195354381868085e-08

 9	2.818382931264452e+00
	2.818382931264452e+00
	1.195315845398373e-08

 10	3.162277660168377e+00
	3.162277660168377e+00
	1.195267336156522e-08

 11	3.548133892335751e+00
	3.548133892335751e+00
	1.195206275036104e-08

 12	3.981071705534969e+00
	3.981071705534969e+00
	1.195129416944594e-08

 13	4.466835921509626e+00
	4.466835921509626e+00
	1.195032679419652e-08

 14	5.011872336272718e+00
	5.011872336272718e+00
	1.194910927486324e-08

 15	5.623413251903484e+00
	5.623413251903484e+00
	1.194757703783748e-08

 16	6.309573444801925e+00
	6.309573444801925e+00
	1.194564890357403e-08

 17	7.079457843841370e+00
	7.079457843841370e+00
	1.194322285318909e-08

 18	7.943282347242804e+00
	7.943282347242804e+00
	1.194017073743143e-08

 19	8.912509381337442e+00
	8.912509381337442e+00
	1.193633167643773e-08

 20	9.999999999999984e+00
	9.999999999999984e+00
	1.193150384629757e-08

 21	1.122018454301961e+01
	1.122018454301961e+01
	1.192543428970682e-08

 22	1.258925411794165e+01
	1.258925411794165e+01
	1.191780632519829e-08

 23	1.412537544622752e+01
	1.412537544622752e+01
	1.190822406759636e-08

 24	1.584893192461110e+01
	1.584893192461110e+01
	1.189619352079319e-08

 25	1.778279410038919e+01
	1.778279410038919e+01
	1.188109967886542e-08

 26	1.995262314968875e+01
	1.995262314968875e+01
	1.186217909945694e-08

 27	2.238721138568335e+01
	2.238721138568335e+01
	1.183848753580450e-08

 28	2.511886431509575e+01
	2.511886431509575e+01
	1.180886249314178e-08

 29	2.818382931264447e+01
	2.818382931264447e+01
	1.177188110067122e-08

 30	3.162277660168372e+01
	3.162277660168372e+01
	1.172581458183552e-08

 31	3.548133892335746e+01
	3.548133892335746e+01
	1.166858201111606e-08

 32	3.981071705534962e+01
	3.981071705534962e+01
	1.159770812171226e-08

 33	4.466835921509619e+01
	4.466835921509619e+01
	1.151029279074078e-08

 34	5.011872336272709e+01
	5.011872336272709e+01
	1.140300345059847e-08

 35	5.623413251903474e+01
	5.623413251903474e+01
	1.127210571850565e-08

 36	6.309573444801914e+01
	6.309573444801914e+01
	1.111355111424517e-08

 37	7.079457843841358e+01
	7.079457843841358e+01
	1.092314217266813e-08

 38	7.943282347242791e+01
	7.943282347242791e+01
	1.069679201616242e-08

 39	8.912509381337428e+01
	8.912509381337428e+01
	1.043088455011970e-08

 40	9.999999999999969e+01
	9.999999999999969e+01
	1.012272071782862e-08

 41	1.122018454301960e+02
	1.122018454301960e+02
	9.771006560122958e-09

 42	1.258925411794163e+02
	1.258925411794163e+02
	9.376306448090272e-09

 43	1.412537544622750e+02
	1.412537544622750e+02
	8.941362142315012e-09

 44	1.584893192461108e+02
	1.584893192461108e+02
	8.471180230040506e-09

 45	1.778279410038917e+02
	1.778279410038917e+02
	7.972826498048837e-09

 46	1.995262314968873e+02
	1.995262314968873e+02
	7.454931179189521e-09

 47	2.238721138568332e+02
	2.238721138568332e+02
	6.926982539945655e-09

 48	2.511886431509571e+02
	2.511886431509571e+02
	6.398539096618035e-09

 49	2.818382931264443e+02
	2.818382931264443e+02
	5.878502155536044e-09

 50	3.162277660168368e+02
	3.162277660168368e+02
	5.374559311015985e-09

 51	3.548133892335741e+02
	3.548133892335741e+02
	4.892853378001776e-09

 52	3.981071705534957e+02
	3.981071705534957e+02
	4.437873985492781e-09

 53	4.466835921509614e+02
	4.466835921509614e+02
	4.012528617097216e-09

 54	5.011872336272703e+02
	5.011872336272703e+02
	3.618332320276889e-09

 55	5.623413251903468e+02
	5.623413251903468e+02
	3.255656839855814e-09

 56	6.309573444801906e+02
	6.309573444801906e+02
	2.923992478904917e-09

 57	7.079457843841349e+02
	7.079457843841349e+02
	2.622191921063364e-09

 58	7.943282347242780e+02
	7.943282347242780e+02
	2.348679622120865e-09

 59	8.912509381337416e+02
	8.912509381337416e+02
	2.101621055456722e-09

 60	9.999999999999955e+02
	9.999999999999955e+02
	1.879052860083238e-09

 61	1.122018454301958e+03
	1.122018454301958e+03
	1.678978520521699e-09

 62	1.258925411794161e+03
	1.258925411794161e+03
	1.499435586096895e-09

 63	1.412537544622747e+03
	1.412537544622747e+03
	1.338540488020418e-09

 64	1.584893192461106e+03
	1.584893192461106e+03
	1.194516380040087e-09

 65	1.778279410038914e+03
	1.778279410038914e+03
	1.065708528732373e-09

 66	1.995262314968869e+03
	1.995262314968869e+03
	9.505908516464945e-10

 67	2.238721138568328e+03
	2.238721138568328e+03
	8.477663643174875e-10

 68	2.511886431509567e+03
	2.511886431509567e+03
	7.559635963258754e-10

 69	2.818382931264438e+03
	2.818382931264438e+03
	6.740304775523360e-10

 70	3.162277660168362e+03
	3.162277660168362e+03
	6.009267648024959e-10

 71	3.548133892335735e+03
	3.548133892335735e+03
	5.357157550384903e-10

 72	3.981071705534950e+03
	3.981071705534950e+03
	4.775557928989471e-10

 73	4.466835921509605e+03
	4.466835921509605e+03
	4.256919074675469e-10

 74	5.011872336272693e+03
	5.011872336272693e+03
	3.794477901606053e-10

 75	5.623413251903457e+03
	5.623413251903457e+03
	3.382182391985497e-10

 76	6.309573444801895e+03
	6.309573444801895e+03
	3.014621365060950e-10

 77	7.079457843841336e+03
	7.079457843841336e+03
	2.686959825117406e-10

 78	7.943282347242766e+03
	7.943282347242766e+03
	2.394879876817511e-10

 79	8.912509381337401e+03
	8.912509381337401e+03
	2.134527026356172e-10

 80	9.999999999999938e+03
	9.999999999999938e+03
	1.902461584387962e-10

 81	1.122018454301956e+04
	1.122018454301956e+04
	1.695614830333420e-10

 82	1.258925411794159e+04
	1.258925411794159e+04
	1.511249572517922e-10

 83	1.412537544622745e+04
	1.412537544622745e+04
	1.346924734202306e-10

 84	1.584893192461103e+04
	1.584893192461103e+04
	1.200463604320594e-10

 85	1.778279410038911e+04
	1.778279410038911e+04
	1.069925408791533e-10

 86	1.995262314968866e+04
	1.995262314968866e+04
	9.535798797937294e-11

 87	2.238721138568325e+04
	2.238721138568325e+04
	8.498845243002346e-11

 88	2.511886431509563e+04
	2.511886431509563e+04
	7.574643176769493e-11

 89	2.818382931264435e+04
	2.818382931264435e+04
	6.750935723234452e-11

 90	3.162277660168357e+04
	3.162277660168357e+04
	6.016797545250212e-11

 91	3.548133892335730e+04
	3.548133892335730e+04
	5.362490445382447e-11

 92	3.981071705534944e+04
	3.981071705534944e+04
	4.779334551877434e-11

 93	4.466835921509599e+04
	4.466835921509599e+04
	4.259593429479539e-11

 94	5.011872336272686e+04
	5.011872336272686e+04
	3.796371625096403e-11

 95	5.623413251903449e+04
	5.623413251903449e+04
	3.383523313430515e-11

 96	6.309573444801885e+04
	6.309573444801885e+04
	3.015570847561983e-11

 97	7.079457843841326e+04
	7.079457843841326e+04
	2.687632146135496e-11

 98	7.943282347242754e+04
	7.943282347242754e+04
	2.395355962219730e-11

 99	8.912509381337385e+04
	8.912509381337385e+04
	2.134864181089349e-11

 100	9.999999999999920e+04
	9.999999999999920e+04
	1.902700385627624e-11

 101	1.122018454301954e+05
	1.122018454301954e+05
	1.695784009908189e-11

 102	1.258925411794157e+05
	1.258925411794157e+05
	1.511369474795334e-11

 103	1.412537544622743e+05
	1.412537544622743e+05
	1.347009764870405e-11

 104	1.584893192461100e+05
	1.584893192461100e+05
	1.200523964458811e-11

 105	1.778279410038908e+05
	1.778279410038908e+05
	1.069968322763196e-11

 106	1.995262314968862e+05
	1.995262314968862e+05
	9.536104646913508e-12

 107	2.238721138568320e+05
	2.238721138568320e+05
	8.499064055803590e-12

 108	2.511886431509558e+05
	2.511886431509558e+05
	7.574800650715199e-12

 109	2.818382931264429e+05
	2.818382931264429e+05
	6.751050085068684e-12

 110	3.162277660168351e+05
	3.162277660168351e+05
	6.016881736947285e-12

 111	3.548133892335723e+05
	3.548133892335723e+05
	5.362553672131257e-12

 112	3.981071705534937e+05
	3.981071705534937e+05
	4.779383378605417e-12

 113	4.466835921509591e+05
	4.466835921509591e+05
	4.259632557778745e-12

 114	5.011872336272677e+05
	5.011872336272677e+05
	3.796404444005249e-12

 115	5.623413251903439e+05
	5.623413251903439e+05
	3.383552290118360e-12

 116	6.309573444801874e+05
	6.309573444801874e+05
	3.015597804862778e-12

 117	7.079457843841313e+05
	7.079457843841313e+05
	2.687658460017063e-12

 118	7.943282347242740e+05
	7.943282347242740e+05
	2.395382702720275e-12

 119	8.912509381337371e+05
	8.912509381337371e+05
	2.134892213374014e-12

 120	9.999999999999905e+05
	9.999999999999905e+05
	1.902730442949526e-12

 121	1.122018454301953e+06
	1.122018454301953e+06
	1.695816746866942e-12

 122	1.258925411794155e+06
	1.258925411794155e+06
	1.511405506837378e-12

 123	1.412537544622740e+06
	1.412537544622740e+06
	1.347049698268350e-12

 124	1.584893192461098e+06
	1.584893192461098e+06
	1.200568419797116e-12

 125	1.778279410038905e+06
	1.778279410038905e+06
	1.070017954097500e-12

 126	1.995262314968860e+06
	1.995262314968860e+06
	9.536659759614129e-13

 127	2.238721138568317e+06
	2.238721138568317e+06
	8.499685654127251e-13

 128	2.511886431509554e+06
	2.511886431509554e+06
	7.575497208388970e-13

 129	2.818382931264425e+06
	2.818382931264425e+06
	6.751831002891407e-13

 130	3.162277660168346e+06
	3.162277660168346e+06
	6.017757486546632e-13

 131	3.548133892335718e+06
	3.548133892335718e+06
	5.363535948098758e-13

 132	3.981071705534931e+06
	3.981071705534931e+06
	4.780485262588473e-13

 133	4.466835921509584e+06
	4.466835921509584e+06
	4.260868697768725e-13

 134	5.011872336272670e+06
	5.011872336272670e+06
	3.797791251926775e-13

 135	5.623413251903431e+06
	5.623413251903431e+06
	3.385108160710301e-13

 136	6.309573444801864e+06
	6.309573444801864e+06
	3.017343358883711e-13

 137	7.079457843841302e+06
	7.079457843841302e+06
	2.689616814902323e-13

 138	7.943282347242728e+06
	7.943282347242728e+06
	2.397579773941659e-13

 139	8.912509381337358e+06
	8.912509381337358e+06
	2.137357049836730e-13

 140	9.999999999999890e+06
	9.999999999999890e+06
	1.905495599885887e-13

 141	1.122018454301951e+07
	1.122018454301951e+07
	1.698918699673633e-13

 142	1.258925411794153e+07
	1.258925411794153e+07
	1.514885109206270e-13

 143	1.412537544622738e+07
	1.412537544622738e+07
	1.350952687644587e-13

 144	1.584893192461096e+07
	1.584893192461096e+07
	1.204945972579578e-13

 145	1.778279410038903e+07
	1.778279410038903e+07
	1.074927291953625e-13

 146	1.995262314968857e+07
	1.995262314968857e+07
	9.591710229306494e-14

 147	2.238721138568314e+07
	2.238721138568314e+07
	8.561406529147637e-14

 148	2.511886431509551e+07
	2.511886431509551e+07
	7.644683339166770e-14

 149	2.818382931264421e+07
	2.818382931264421e+07
	6.829366530297245e-14

 150	3.162277660168342e+07
	3.162277660168342e+07
	6.104623692106663e-14

 151	3.548133892335713e+07
	3.548133892335713e+07
	5.460818902131901e-14

 152	3.981071705534925e+07
	3.981071705534925e+07
	4.889382837528738e-14

 153	4.466835921509578e+07
	4.466835921509578e+07
	4.382696341534994e-14

 154	5.011872336272663e+07
	5.011872336272663e+07
	3.933985705928373e-14

 155	5.623413251903423e+07
	5.623413251903423e+07
	3.537228064369334e-14

 156	6.309573444801856e+07
	6.309573444801856e+07
	3.187065427827086e-14

 157	7.079457843841292e+07
	7.079457843841292e+07
	2.878726051400118e-14

 158	7.943282347242716e+07
	7.943282347242716e+07
	2.607952033050779e-14

 159	8.912509381337343e+07
	8.912509381337343e+07
	2.370932337950459e-14

 160	9.999999999999873e+07
	9.999999999999873e+07
	2.164240841967512e-14

 161	1.122018454301949e+08
	1.122018454301949e+08
	1.984779490015067e-14

 162	1.258925411794151e+08
	1.258925411794151e+08
	1.829727216935149e-14

 163	1.412537544622736e+08
	1.412537544622736e+08
	1.696495757748052e-14

 164	1.584893192461093e+08
	1.584893192461093e+08
	1.582693703670679e-14

 165	1.778279410038899e+08
	1.778279410038899e+08
	1.486099957394519e-14

 166	1.995262314968853e+08
	1.995262314968853e+08
	1.404647018711610e-14

 167	2.238721138568310e+08
	2.238721138568310e+08
	1.336413392713171e-14

 168	2.511886431509547e+08
	2.511886431509547e+08
	1.279623166540861e-14

 169	2.818382931264416e+08
	2.818382931264416e+08
	1.232649860703173e-14

 170	3.162277660168337e+08
	3.162277660168337e+08
	1.194021355769099e-14

 171	3.548133892335706e+08
	3.548133892335706e+08
	1.162423106449449e-14

 172	3.981071705534918e+08
	3.981071705534918e+08
	1.136697795948132e-14

 173	4.466835921509570e+08
	4.466835921509570e+08
	1.115840706401040e-14

 174	5.011872336272654e+08
	5.011872336272654e+08
	1.098991062673860e-14

 175	5.623413251903414e+08
	5.623413251903414e+08
	1.085420250921958e-14

 176	6.309573444801846e+08
	6.309573444801846e+08
	1.074518084676670e-14

 177	7.079457843841281e+08
	7.079457843841281e+08
	1.065778268733742e-14

 178	7.943282347242705e+08
	7.943282347242705e+08
	1.058784010434053e-14

 179	8.912509381337330e+08
	8.912509381337330e+08
	1.053194458321022e-14

 180	9.999999999999859e+08
	9.999999999999859e+08
	1.048732385765481e-14

