Title: * mosfet ac analysis circuit
Date: Tue Jul 28 20:21:14  2026
Command: ngspice-46+, Build Wed Apr  8 07:34:31 UTC 2026
Plotname: Transient Analysis
Flags: real
No. Variables: 6
No. Points: 618
Variables:
	0	time	time
	1	v(gate_3)	voltage
	2	i(vgq)	current
	3	i(vdq)	current
	4	i(vsq)	current
	5	i(vbq)	current
Values:
 0	0.000000000000000e+00
	0.000000000000000e+00
	0.000000000000000e+00
	-1.552393199125121e-07
	1.552393128984212e-07
	7.014090912842563e-15

 1	1.000000000000000e-13
	0.000000000000000e+00
	-1.851238563801013e-18
	-1.552393199115163e-07
	1.552393128962969e-07
	7.012907988748155e-15

 2	2.000000000000000e-13
	0.000000000000000e+00
	9.942724321816893e-19
	-1.552393199119882e-07
	1.552393128962092e-07
	7.011577589870078e-15

 3	4.000000000000000e-13
	0.000000000000000e+00
	2.995301636853549e-18
	-1.552393199047060e-07
	1.552393128841501e-07
	7.012487101357880e-15

 4	8.000000000000000e-13
	0.000000000000000e+00
	2.060549845000446e-19
	-1.552393199050237e-07
	1.552393128911743e-07
	7.014566176174297e-15

 5	1.600000000000000e-12
	0.000000000000000e+00
	2.450401279636515e-19
	-1.552393199106811e-07
	1.552393128941118e-07
	7.015111916052666e-15

 6	3.200000000000000e-12
	0.000000000000000e+00
	8.866894512159986e-20
	-1.552393199100588e-07
	1.552393128962325e-07
	7.014514481365744e-15

 7	6.400000000000000e-12
	0.000000000000000e+00
	2.817431736015807e-20
	-1.552393199123363e-07
	1.552393128976521e-07
	7.014027978910918e-15

 8	1.280000000000000e-11
	0.000000000000000e+00
	1.234685918257406e-19
	-1.552393199121664e-07
	1.552393128979218e-07
	7.014110774860070e-15

 9	2.280000000000000e-11
	0.000000000000000e+00
	2.723859389808564e-20
	-1.552393199125225e-07
	1.552393128983800e-07
	7.014103221076528e-15

 10	3.280000000000000e-11
	0.000000000000000e+00
	-2.948297319237591e-21
	-1.552393199124473e-07
	1.552393128983869e-07
	7.014105532911102e-15

 11	4.280000000000000e-11
	0.000000000000000e+00
	-2.951086270216809e-21
	-1.552393199124473e-07
	1.552393128983869e-07
	7.014105319417234e-15

 12	5.279999999999999e-11
	0.000000000000000e+00
	-2.951093382783946e-21
	-1.552393199124473e-07
	1.552393128983869e-07
	7.014105318332730e-15

 13	6.279999999999999e-11
	0.000000000000000e+00
	-2.951092307991777e-21
	-1.552393199124473e-07
	1.552393128983869e-07
	7.014105318496611e-15

 14	7.280000000000000e-11
	0.000000000000000e+00
	-2.951092285687968e-21
	-1.552393199124473e-07
	1.552393128983869e-07
	7.014105318500012e-15

 15	8.280000000000000e-11
	0.000000000000000e+00
	-2.951092287610816e-21
	-1.552393199124473e-07
	1.552393128983869e-07
	7.014105318499717e-15

 16	9.280000000000001e-11
	0.000000000000000e+00
	-2.951092287672446e-21
	-1.552393199124473e-07
	1.552393128983869e-07
	7.014105318499710e-15

 17	1.028000000000000e-10
	0.000000000000000e+00
	-2.951092287672446e-21
	-1.552393199124473e-07
	1.552393128983869e-07
	7.014105318499710e-15

 18	1.128000000000000e-10
	0.000000000000000e+00
	-2.951092287672446e-21
	-1.552393199124473e-07
	1.552393128983869e-07
	7.014105318499710e-15

 19	1.228000000000000e-10
	0.000000000000000e+00
	-2.951092287672446e-21
	-1.552393199124473e-07
	1.552393128983869e-07
	7.014105318499710e-15

 20	1.328000000000000e-10
	0.000000000000000e+00
	-2.951092287672446e-21
	-1.552393199124473e-07
	1.552393128983869e-07
	7.014105318499710e-15

 21	1.428000000000000e-10
	0.000000000000000e+00
	-2.951092287672446e-21
	-1.552393199124473e-07
	1.552393128983869e-07
	7.014105318499710e-15

 22	1.528000000000000e-10
	0.000000000000000e+00
	-2.951092287672446e-21
	-1.552393199124473e-07
	1.552393128983869e-07
	7.014105318499710e-15

 23	1.628000000000000e-10
	0.000000000000000e+00
	-2.951092287672446e-21
	-1.552393199124473e-07
	1.552393128983869e-07
	7.014105318499710e-15

 24	1.728000000000000e-10
	0.000000000000000e+00
	-2.951092287672446e-21
	-1.552393199124473e-07
	1.552393128983869e-07
	7.014105318499710e-15

 25	1.828000000000000e-10
	0.000000000000000e+00
	-2.951092287672446e-21
	-1.552393199124473e-07
	1.552393128983869e-07
	7.014105318499710e-15

 26	1.927999999999999e-10
	0.000000000000000e+00
	-2.951092287672446e-21
	-1.552393199124473e-07
	1.552393128983869e-07
	7.014105318499710e-15

 27	2.027999999999999e-10
	0.000000000000000e+00
	-2.951092287672446e-21
	-1.552393199124473e-07
	1.552393128983869e-07
	7.014105318499710e-15

 28	2.127999999999999e-10
	0.000000000000000e+00
	-2.951092287672446e-21
	-1.552393199124473e-07
	1.552393128983869e-07
	7.014105318499710e-15

 29	2.227999999999999e-10
	0.000000000000000e+00
	-2.951092287672446e-21
	-1.552393199124473e-07
	1.552393128983869e-07
	7.014105318499710e-15

 30	2.327999999999999e-10
	0.000000000000000e+00
	-2.951092287672446e-21
	-1.552393199124473e-07
	1.552393128983869e-07
	7.014105318499710e-15

 31	2.427999999999999e-10
	0.000000000000000e+00
	-2.951092287672446e-21
	-1.552393199124473e-07
	1.552393128983869e-07
	7.014105318499710e-15

 32	2.527999999999999e-10
	0.000000000000000e+00
	-2.951092287672446e-21
	-1.552393199124473e-07
	1.552393128983869e-07
	7.014105318499710e-15

 33	2.628000000000000e-10
	0.000000000000000e+00
	-2.951092287672446e-21
	-1.552393199124473e-07
	1.552393128983869e-07
	7.014105318499710e-15

 34	2.728000000000000e-10
	0.000000000000000e+00
	-2.951092287672446e-21
	-1.552393199124473e-07
	1.552393128983869e-07
	7.014105318499710e-15

 35	2.828000000000000e-10
	0.000000000000000e+00
	-2.951092287672446e-21
	-1.552393199124473e-07
	1.552393128983869e-07
	7.014105318499710e-15

 36	2.928000000000000e-10
	0.000000000000000e+00
	-2.951092287672446e-21
	-1.552393199124473e-07
	1.552393128983869e-07
	7.014105318499710e-15

 37	3.028000000000000e-10
	0.000000000000000e+00
	-2.951092287672446e-21
	-1.552393199124473e-07
	1.552393128983869e-07
	7.014105318499710e-15

 38	3.128000000000000e-10
	0.000000000000000e+00
	-2.951092287672446e-21
	-1.552393199124473e-07
	1.552393128983869e-07
	7.014105318499710e-15

 39	3.228000000000001e-10
	0.000000000000000e+00
	-2.951092287672446e-21
	-1.552393199124473e-07
	1.552393128983869e-07
	7.014105318499710e-15

 40	3.328000000000001e-10
	0.000000000000000e+00
	-2.951092287672446e-21
	-1.552393199124473e-07
	1.552393128983869e-07
	7.014105318499710e-15

 41	3.428000000000001e-10
	0.000000000000000e+00
	-2.951092287672446e-21
	-1.552393199124473e-07
	1.552393128983869e-07
	7.014105318499710e-15

 42	3.528000000000001e-10
	0.000000000000000e+00
	-2.951092287672446e-21
	-1.552393199124473e-07
	1.552393128983869e-07
	7.014105318499710e-15

 43	3.628000000000001e-10
	0.000000000000000e+00
	-2.951092287672446e-21
	-1.552393199124473e-07
	1.552393128983869e-07
	7.014105318499710e-15

 44	3.728000000000001e-10
	0.000000000000000e+00
	-2.951092287672446e-21
	-1.552393199124473e-07
	1.552393128983869e-07
	7.014105318499710e-15

 45	3.828000000000002e-10
	0.000000000000000e+00
	-2.951092287672446e-21
	-1.552393199124473e-07
	1.552393128983869e-07
	7.014105318499710e-15

 46	3.928000000000002e-10
	0.000000000000000e+00
	-2.951092287672446e-21
	-1.552393199124473e-07
	1.552393128983869e-07
	7.014105318499710e-15

 47	4.028000000000002e-10
	0.000000000000000e+00
	-2.951092287672446e-21
	-1.552393199124473e-07
	1.552393128983869e-07
	7.014105318499710e-15

 48	4.128000000000002e-10
	0.000000000000000e+00
	-2.951092287672446e-21
	-1.552393199124473e-07
	1.552393128983869e-07
	7.014105318499710e-15

 49	4.228000000000002e-10
	0.000000000000000e+00
	-2.951092287672446e-21
	-1.552393199124473e-07
	1.552393128983869e-07
	7.014105318499710e-15

 50	4.328000000000003e-10
	0.000000000000000e+00
	-2.951092287672446e-21
	-1.552393199124473e-07
	1.552393128983869e-07
	7.014105318499710e-15

 51	4.428000000000003e-10
	0.000000000000000e+00
	-2.951092287672446e-21
	-1.552393199124473e-07
	1.552393128983869e-07
	7.014105318499710e-15

 52	4.528000000000003e-10
	0.000000000000000e+00
	-2.951092287672446e-21
	-1.552393199124473e-07
	1.552393128983869e-07
	7.014105318499710e-15

 53	4.628000000000003e-10
	0.000000000000000e+00
	-2.951092287672446e-21
	-1.552393199124473e-07
	1.552393128983869e-07
	7.014105318499710e-15

 54	4.728000000000003e-10
	0.000000000000000e+00
	-2.951092287672446e-21
	-1.552393199124473e-07
	1.552393128983869e-07
	7.014105318499710e-15

 55	4.828000000000002e-10
	0.000000000000000e+00
	-2.951092287672446e-21
	-1.552393199124473e-07
	1.552393128983869e-07
	7.014105318499710e-15

 56	4.928000000000002e-10
	0.000000000000000e+00
	-2.951092287672446e-21
	-1.552393199124473e-07
	1.552393128983869e-07
	7.014105318499710e-15

 57	5.028000000000002e-10
	0.000000000000000e+00
	-2.951092287672446e-21
	-1.552393199124473e-07
	1.552393128983869e-07
	7.014105318499710e-15

 58	5.128000000000001e-10
	0.000000000000000e+00
	-2.951092287672446e-21
	-1.552393199124473e-07
	1.552393128983869e-07
	7.014105318499710e-15

 59	5.228000000000001e-10
	0.000000000000000e+00
	-2.951092287672446e-21
	-1.552393199124473e-07
	1.552393128983869e-07
	7.014105318499710e-15

 60	5.328000000000001e-10
	0.000000000000000e+00
	-2.951092287672446e-21
	-1.552393199124473e-07
	1.552393128983869e-07
	7.014105318499710e-15

 61	5.428000000000000e-10
	0.000000000000000e+00
	-2.951092287672446e-21
	-1.552393199124473e-07
	1.552393128983869e-07
	7.014105318499710e-15

 62	5.528000000000000e-10
	0.000000000000000e+00
	-2.951092287672446e-21
	-1.552393199124473e-07
	1.552393128983869e-07
	7.014105318499710e-15

 63	5.628000000000000e-10
	0.000000000000000e+00
	-2.951092287672446e-21
	-1.552393199124473e-07
	1.552393128983869e-07
	7.014105318499710e-15

 64	5.727999999999999e-10
	0.000000000000000e+00
	-2.951092287672446e-21
	-1.552393199124473e-07
	1.552393128983869e-07
	7.014105318499710e-15

 65	5.827999999999999e-10
	0.000000000000000e+00
	-2.951092287672446e-21
	-1.552393199124473e-07
	1.552393128983869e-07
	7.014105318499710e-15

 66	5.927999999999999e-10
	0.000000000000000e+00
	-2.951092287672446e-21
	-1.552393199124473e-07
	1.552393128983869e-07
	7.014105318499710e-15

 67	6.027999999999998e-10
	0.000000000000000e+00
	-2.951092287672446e-21
	-1.552393199124473e-07
	1.552393128983869e-07
	7.014105318499710e-15

 68	6.127999999999998e-10
	0.000000000000000e+00
	-2.951092287672446e-21
	-1.552393199124473e-07
	1.552393128983869e-07
	7.014105318499710e-15

 69	6.227999999999998e-10
	0.000000000000000e+00
	-2.951092287672446e-21
	-1.552393199124473e-07
	1.552393128983869e-07
	7.014105318499710e-15

 70	6.327999999999997e-10
	0.000000000000000e+00
	-2.951092287672446e-21
	-1.552393199124473e-07
	1.552393128983869e-07
	7.014105318499710e-15

 71	6.427999999999997e-10
	0.000000000000000e+00
	-2.951092287672446e-21
	-1.552393199124473e-07
	1.552393128983869e-07
	7.014105318499710e-15

 72	6.527999999999996e-10
	0.000000000000000e+00
	-2.951092287672446e-21
	-1.552393199124473e-07
	1.552393128983869e-07
	7.014105318499710e-15

 73	6.627999999999996e-10
	0.000000000000000e+00
	-2.951092287672446e-21
	-1.552393199124473e-07
	1.552393128983869e-07
	7.014105318499710e-15

 74	6.727999999999996e-10
	0.000000000000000e+00
	-2.951092287672446e-21
	-1.552393199124473e-07
	1.552393128983869e-07
	7.014105318499710e-15

 75	6.827999999999995e-10
	0.000000000000000e+00
	-2.951092287672446e-21
	-1.552393199124473e-07
	1.552393128983869e-07
	7.014105318499710e-15

 76	6.927999999999995e-10
	0.000000000000000e+00
	-2.951092287672446e-21
	-1.552393199124473e-07
	1.552393128983869e-07
	7.014105318499710e-15

 77	7.027999999999995e-10
	0.000000000000000e+00
	-2.951092287672446e-21
	-1.552393199124473e-07
	1.552393128983869e-07
	7.014105318499710e-15

 78	7.127999999999994e-10
	0.000000000000000e+00
	-2.951092287672446e-21
	-1.552393199124473e-07
	1.552393128983869e-07
	7.014105318499710e-15

 79	7.227999999999994e-10
	0.000000000000000e+00
	-2.951092287672446e-21
	-1.552393199124473e-07
	1.552393128983869e-07
	7.014105318499710e-15

 80	7.327999999999994e-10
	0.000000000000000e+00
	-2.951092287672446e-21
	-1.552393199124473e-07
	1.552393128983869e-07
	7.014105318499710e-15

 81	7.427999999999993e-10
	0.000000000000000e+00
	-2.951092287672446e-21
	-1.552393199124473e-07
	1.552393128983869e-07
	7.014105318499710e-15

 82	7.527999999999993e-10
	0.000000000000000e+00
	-2.951092287672446e-21
	-1.552393199124473e-07
	1.552393128983869e-07
	7.014105318499710e-15

 83	7.627999999999993e-10
	0.000000000000000e+00
	-2.951092287672446e-21
	-1.552393199124473e-07
	1.552393128983869e-07
	7.014105318499710e-15

 84	7.727999999999992e-10
	0.000000000000000e+00
	-2.951092287672446e-21
	-1.552393199124473e-07
	1.552393128983869e-07
	7.014105318499710e-15

 85	7.827999999999992e-10
	0.000000000000000e+00
	-2.951092287672446e-21
	-1.552393199124473e-07
	1.552393128983869e-07
	7.014105318499710e-15

 86	7.927999999999992e-10
	0.000000000000000e+00
	-2.951092287672446e-21
	-1.552393199124473e-07
	1.552393128983869e-07
	7.014105318499710e-15

 87	8.027999999999991e-10
	0.000000000000000e+00
	-2.951092287672446e-21
	-1.552393199124473e-07
	1.552393128983869e-07
	7.014105318499710e-15

 88	8.127999999999991e-10
	0.000000000000000e+00
	-2.951092287672446e-21
	-1.552393199124473e-07
	1.552393128983869e-07
	7.014105318499710e-15

 89	8.227999999999991e-10
	0.000000000000000e+00
	-2.951092287672446e-21
	-1.552393199124473e-07
	1.552393128983869e-07
	7.014105318499710e-15

 90	8.327999999999990e-10
	0.000000000000000e+00
	-2.951092287672446e-21
	-1.552393199124473e-07
	1.552393128983869e-07
	7.014105318499710e-15

 91	8.427999999999990e-10
	0.000000000000000e+00
	-2.951092287672446e-21
	-1.552393199124473e-07
	1.552393128983869e-07
	7.014105318499710e-15

 92	8.527999999999990e-10
	0.000000000000000e+00
	-2.951092287672446e-21
	-1.552393199124473e-07
	1.552393128983869e-07
	7.014105318499710e-15

 93	8.627999999999989e-10
	0.000000000000000e+00
	-2.951092287672446e-21
	-1.552393199124473e-07
	1.552393128983869e-07
	7.014105318499710e-15

 94	8.727999999999989e-10
	0.000000000000000e+00
	-2.951092287672446e-21
	-1.552393199124473e-07
	1.552393128983869e-07
	7.014105318499710e-15

 95	8.827999999999989e-10
	0.000000000000000e+00
	-2.951092287672446e-21
	-1.552393199124473e-07
	1.552393128983869e-07
	7.014105318499710e-15

 96	8.927999999999988e-10
	0.000000000000000e+00
	-2.951092287672446e-21
	-1.552393199124473e-07
	1.552393128983869e-07
	7.014105318499710e-15

 97	9.027999999999988e-10
	0.000000000000000e+00
	-2.951092287672446e-21
	-1.552393199124473e-07
	1.552393128983869e-07
	7.014105318499710e-15

 98	9.127999999999988e-10
	0.000000000000000e+00
	-2.951092287672446e-21
	-1.552393199124473e-07
	1.552393128983869e-07
	7.014105318499710e-15

 99	9.227999999999987e-10
	0.000000000000000e+00
	-2.951092287672446e-21
	-1.552393199124473e-07
	1.552393128983869e-07
	7.014105318499710e-15

 100	9.327999999999987e-10
	0.000000000000000e+00
	-2.951092287672446e-21
	-1.552393199124473e-07
	1.552393128983869e-07
	7.014105318499710e-15

 101	9.427999999999986e-10
	0.000000000000000e+00
	-2.951092287672446e-21
	-1.552393199124473e-07
	1.552393128983869e-07
	7.014105318499710e-15

 102	9.527999999999986e-10
	0.000000000000000e+00
	-2.951092287672446e-21
	-1.552393199124473e-07
	1.552393128983869e-07
	7.014105318499710e-15

 103	9.627999999999986e-10
	0.000000000000000e+00
	-2.951092287672446e-21
	-1.552393199124473e-07
	1.552393128983869e-07
	7.014105318499710e-15

 104	9.727999999999985e-10
	0.000000000000000e+00
	-2.951092287672446e-21
	-1.552393199124473e-07
	1.552393128983869e-07
	7.014105318499710e-15

 105	9.827999999999985e-10
	0.000000000000000e+00
	-2.951092287672446e-21
	-1.552393199124473e-07
	1.552393128983869e-07
	7.014105318499710e-15

 106	9.913999999999993e-10
	0.000000000000000e+00
	6.385578752443668e-20
	-1.552393199122076e-07
	1.552393128980812e-07
	7.014086002036362e-15

 107	1.000000000000000e-09
	0.000000000000000e+00
	3.454049318905233e-21
	-1.552393199126320e-07
	1.552393128987309e-07
	7.013902310996036e-15

 108	1.000000485851497e-09
	4.858514968165979e-07
	-8.006803248856577e-06
	3.533139445830291e-06
	4.464965526196598e-06
	8.698277221687897e-09

 109	1.000001457554491e-09
	1.457554490449794e-06
	-8.051653652334148e-06
	3.547265577259811e-06
	4.478112671253763e-06
	2.627540417399787e-08

 110	1.000003400960478e-09
	3.400960477922980e-06
	-8.138168408632912e-06
	3.573374984708559e-06
	4.502564068979263e-06
	6.222935503354548e-08

 111	1.000007287772453e-09
	7.287772452662558e-06
	-8.299165579962737e-06
	3.617676780604981e-06
	4.544588263561935e-06
	1.369005357918920e-07

 112	1.000015061396402e-09
	1.506139640214171e-05
	-8.580301127667072e-06
	3.680680939047251e-06
	4.605893352390696e-06
	2.937268363906828e-07

 113	1.000030608644301e-09
	3.060864430130682e-05
	-9.022697631668303e-06
	3.739185288055741e-06
	4.666003327165072e-06
	6.175090165108389e-07

 114	1.000046725332495e-09
	4.672533249455833e-05
	-9.362849052967993e-06
	3.743205893405968e-06
	4.673013453277552e-06
	9.466297062704771e-07

 115	1.000068043318024e-09
	6.804331802382375e-05
	-9.698207815679684e-06
	3.710046088764009e-06
	4.640822147705415e-06
	1.347339579180708e-06

 116	1.000091346727628e-09
	9.134672762817023e-05
	-9.971861970415150e-06
	3.658436307777800e-06
	4.585553018494352e-06
	1.727872644173691e-06

 117	1.000124015322219e-09
	1.240153222188950e-04
	-1.025846215298419e-05
	3.590037308548954e-06
	4.507102878464451e-06
	2.161321965958186e-06

 118	1.000164011794264e-09
	1.640117942635267e-04
	-1.051098594664829e-05
	3.524807321168284e-06
	4.427789202927325e-06
	2.558389422576937e-06

 119	1.000211066871871e-09
	2.110668718704668e-04
	-1.071632005693848e-05
	3.471825267792879e-06
	4.360683349768962e-06
	2.883811439380690e-06

 120	1.000265263272238e-09
	2.652632722384279e-04
	-1.087105241169168e-05
	3.432996845811960e-06
	4.310556868430641e-06
	3.127498697428353e-06

 121	1.000327000500516e-09
	3.270005005160419e-04
	-1.097871171546007e-05
	3.406662774948362e-06
	4.276641093129022e-06
	3.295407847359477e-06

 122	1.000398270955855e-09
	3.982709558548282e-04
	-1.104839168857919e-05
	3.389878743325910e-06
	4.255485490590550e-06
	3.403027454650763e-06

 123	1.000481837855869e-09
	4.818378558687631e-04
	-1.108927467619037e-05
	3.380148589408469e-06
	4.243782106110272e-06
	3.465343980679457e-06

 124	1.000583022444909e-09
	5.830224449093409e-04
	-1.111033564568790e-05
	3.375279849163220e-06
	4.238609086537690e-06
	3.496446709981425e-06

 125	1.000709943501066e-09
	7.099435010661709e-04
	-1.111899221073119e-05
	3.373514262748972e-06
	4.237722423161804e-06
	3.507755524827758e-06

 126	1.000878014265881e-09
	8.780142658811862e-04
	-1.112133848983266e-05
	3.373417425755224e-06
	4.239435238004248e-06
	3.508485826074170e-06

 127	1.001117492432795e-09
	1.117492432794511e-03
	-1.112194312178374e-05
	3.373953514520221e-06
	4.242755562018276e-06
	3.505234045246142e-06

 128	1.001504398765262e-09
	1.504398765261504e-03
	-1.112402021656450e-05
	3.374542301079979e-06
	4.247793931049447e-06
	3.501683984432585e-06

 129	1.002278211430196e-09
	2.278211430195490e-03
	-1.113049340728321e-05
	3.375117312038521e-06
	4.257209825572204e-06
	3.498166269673285e-06

 130	1.003825836760064e-09
	3.825836760063670e-03
	-1.114442320784578e-05
	3.375891487469540e-06
	4.276035679747976e-06
	3.492496040628695e-06

 131	1.006504122929691e-09
	6.504122929690589e-03
	-1.116872673560784e-05
	3.376744408861515e-06
	4.309563762643880e-06
	3.482418564102922e-06

 132	1.011156882009506e-09
	1.115688200950600e-02
	-1.121191898045061e-05
	3.376511277093708e-06
	4.370715914113117e-06
	3.464691789243728e-06

 133	1.016062258209607e-09
	1.606225820960725e-02
	-1.125922521160198e-05
	3.373672901104503e-06
	4.439661510576046e-06
	3.445890799921389e-06

 134	1.020817997240472e-09
	2.081799724047163e-02
	-1.130688200268847e-05
	3.367979835068849e-06
	4.511345958151447e-06
	3.427556209468100e-06

 135	1.025639578686231e-09
	2.563957868623072e-02
	-1.135685677293333e-05
	3.358701947634961e-06
	4.589285459834217e-06
	3.408869365464400e-06

 136	1.030422631884514e-09
	3.042263188451421e-02
	-1.140812557499639e-05
	3.345484612958988e-06
	4.672406447720267e-06
	3.390234514317104e-06

 137	1.035220266491221e-09
	3.522026649122099e-02
	-1.146125863905056e-05
	3.327600657800485e-06
	4.762210541315204e-06
	3.371447439935171e-06

 138	1.040008435652234e-09
	4.000843565223347e-02
	-1.151601798478938e-05
	3.304450628937212e-06
	4.858963502189289e-06
	3.352603853662961e-06

 139	1.044801012235542e-09
	4.480101223554230e-02
	-1.157257706786639e-05
	3.275202423948290e-06
	4.963723015431473e-06
	3.333651628486730e-06

 140	1.049593278179621e-09
	4.959327817962131e-02
	-1.163090164719972e-05
	3.239007029039316e-06
	5.077282828066736e-06
	3.314611790093980e-06

 141	1.054389801706020e-09
	5.438980170601968e-02
	-1.169106530829978e-05
	3.194840552973364e-06
	5.200755797396760e-06
	3.295468957929557e-06

 142	1.059190689476006e-09
	5.919068947600595e-02
	-1.175308895664926e-05
	3.141578358386711e-06
	5.335284952113500e-06
	3.276225646149144e-06

 143	1.063998385683489e-09
	6.399838568348871e-02
	-1.181702279447683e-05
	3.077924385885462e-06
	5.482223116640057e-06
	3.256875291951553e-06

 144	1.068814321233216e-09
	6.881432123321639e-02
	-1.188290477652320e-05
	3.002425774256951e-06
	5.643063381293904e-06
	3.237415620972149e-06

 145	1.073640583830132e-09
	7.364058383013189e-02
	-1.195078205242344e-05
	2.913434238577955e-06
	5.819505842202049e-06
	3.217841971643326e-06

 146	1.078479104454497e-09
	7.847910445449668e-02
	-1.202070033172410e-05
	2.809096816754669e-06
	6.013452936647818e-06
	3.198150578321675e-06

 147	1.083332076676605e-09
	8.333207667660535e-02
	-1.209270965484825e-05
	2.687327315638488e-06
	6.227045445341742e-06
	3.178336893867890e-06

 148	1.088201766890707e-09
	8.820176689070706e-02
	-1.216686184386007e-05
	2.545787217091325e-06
	6.462678250627816e-06
	3.158396376141133e-06

 149	1.093090629939220e-09
	9.309062993921943e-02
	-1.224321226280112e-05
	2.381859528538340e-06
	6.723028695435377e-06
	3.138324038827252e-06

 150	1.098001276404995e-09
	9.800127640499487e-02
	-1.232181945084044e-05
	2.192625501404016e-06
	7.011079340024439e-06
	3.118114609412067e-06

 151	1.102936517823925e-09
	1.029365178239253e-01
	-1.240274593080252e-05
	1.974838859878913e-06
	7.330144697634908e-06
	3.097762373288493e-06

 152	1.107899378020681e-09
	1.078993780206812e-01
	-1.248605852360607e-05
	1.724901043406783e-06
	7.683896318853102e-06
	3.077261161346302e-06

 153	1.112893127327202e-09
	1.128931273272019e-01
	-1.257182904568546e-05
	1.438835860899799e-06
	8.076388935185226e-06
	3.056604249600150e-06

 154	1.117921312678651e-09
	1.179213126786513e-01
	-1.266013497023026e-05
	1.112264836037264e-06
	8.512085851283193e-06
	3.035784282909932e-06

 155	1.122987798649553e-09
	1.229877986495525e-01
	-1.275106030262270e-05
	7.403827589649869e-07
	8.995884381381458e-06
	3.014793162276350e-06

 156	1.128096814121194e-09
	1.280968141211940e-01
	-1.284469659143343e-05
	3.179337428818276e-07
	9.533140929063399e-06
	2.993621919488115e-06

 157	1.133253009920427e-09
	1.332530099204265e-01
	-1.294114417633403e-05
	-1.608126967350568e-07
	1.012969631344275e-05
	2.972260559626570e-06

 158	1.138461528560521e-09
	1.384615285605210e-01
	-1.304051370645414e-05
	-7.020861185282025e-07
	1.079190195495757e-05
	2.950697870024799e-06

 159	1.143728090008373e-09
	1.437280900083726e-01
	-1.314292801512475e-05
	-1.312641417644348e-06
	1.152664824921437e-05
	2.928921183554755e-06

 160	1.149059098629748e-09
	1.490590986297478e-01
	-1.324852446655973e-05
	-1.999788903067694e-06
	1.234139728857495e-05
	2.906916081052590e-06

 161	1.154461777093776e-09
	1.544617770937757e-01
	-1.335745790789793e-05
	-2.771431176545191e-06
	1.324422306802201e-05
	2.884666016420992e-06

 162	1.159944337327064e-09
	1.599443373270639e-01
	-1.346990445253360e-05
	-3.636111544534439e-06
	1.424386416332469e-05
	2.862151833743166e-06

 163	1.165516201129022e-09
	1.655162011290218e-01
	-1.358606638329303e-05
	-4.603080792889557e-06
	1.534979603682502e-05
	2.839351139357578e-06

 164	1.171188289888282e-09
	1.711882898882817e-01
	-1.370617861740191e-05
	-5.682392589442292e-06
	1.657233373630035e-05
	2.816237470544001e-06

 165	1.176973412342877e-09
	1.769734123428771e-01
	-1.383051739325648e-05
	-6.885042918140028e-06
	1.792278113801082e-05
	2.792779173385697e-06

 166	1.182886794380215e-09
	1.828867943802149e-01
	-1.395941218533837e-05
	-8.223176988472361e-06
	1.941365131699249e-05
	2.768937856818375e-06

 167	1.188946821818968e-09
	1.889468218189680e-01
	-1.409326247134639e-05
	-9.710400659962068e-06
	2.105899692489194e-05
	2.744666206416436e-06

 168	1.195176111731195e-09
	1.951761117311945e-01
	-1.423256200411184e-05
	-1.136225642597479e-05
	2.287491362583831e-05
	2.719904804248198e-06

 169	1.201603113409503e-09
	2.016031134095028e-01
	-1.437793521109872e-05
	-1.319696669301175e-05
	2.488032456945244e-05
	2.694577334658159e-06

 170	1.208264602223255e-09
	2.082646022232552e-01
	-1.453019408930320e-05
	-1.523662873390119e-05
	2.709823977213345e-05
	2.668583051070767e-06

 171	1.215209773021298e-09
	2.152097730212984e-01
	-1.469043190202900e-05
	-1.750921665372509e-05
	2.955786425490858e-05
	2.641784300845507e-06

 172	1.222507415082950e-09
	2.225074150829495e-01
	-1.486018793929361e-05
	-2.005213193825421e-05
	3.229833541407027e-05
	2.613984463477635e-06

 173	1.230259626463120e-09
	2.302596264631198e-01
	-1.504176342234586e-05
	-2.291902468543644e-05
	3.537590270838085e-05
	2.584885399401313e-06

 174	1.238631340419920e-09
	2.386313404199203e-01
	-1.523890367141065e-05
	-2.619448817467462e-05
	3.887939684393030e-05
	2.553995002154855e-06

 175	1.247926114603162e-09
	2.479261146031619e-01
	-1.545855414242276e-05
	-3.003169913781747e-05
	4.296986556385405e-05
	2.520387716386191e-06

 176	1.257926114603162e-09
	2.579261146031618e-01
	-1.569515349598558e-05
	-3.437179998316760e-05
	4.758184229008047e-05
	2.485111189072770e-06

 177	1.267926114603162e-09
	2.679261146031618e-01
	-1.593130374914226e-05
	-3.890487452409857e-05
	5.238534550299645e-05
	2.450832770244221e-06

 178	1.276395703770677e-09
	2.763957037706770e-01
	-1.613030997805514e-05
	-4.287567576958567e-05
	5.658330973693505e-05
	2.422676010705491e-06

 179	1.283796527355199e-09
	2.837965273551994e-01
	-1.630307856944115e-05
	-4.643161137565900e-05
	6.033599121298520e-05
	2.398698732114834e-06

 180	1.290752447284745e-09
	2.907524472847449e-01
	-1.646432166071808e-05
	-4.983841399049201e-05
	6.392606283134832e-05
	2.376672819861966e-06

 181	1.297430443592664e-09
	2.974304435926640e-01
	-1.661788280985206e-05
	-5.316144761924102e-05
	6.742331516990598e-05
	2.356015259187060e-06

 182	1.304595781036413e-09
	3.045957810364132e-01
	-1.678115840881681e-05
	-5.677762181000105e-05
	7.122440499509517e-05
	2.334375223722681e-06

 183	1.311046645332508e-09
	3.110466453325075e-01
	-1.692648963807005e-05
	-6.007326606391160e-05
	7.468432984445626e-05
	2.315425857525480e-06

 184	1.317455263629664e-09
	3.174552636296642e-01
	-1.706927769423565e-05
	-6.338087307949155e-05
	7.815308527984484e-05
	2.297065493882306e-06

 185	1.323565675514299e-09
	3.235656755142992e-01
	-1.720378481441207e-05
	-6.656270000558890e-05
	8.148648122325866e-05
	2.280003596742220e-06

 186	1.329552960892835e-09
	3.295529608928346e-01
	-1.733394306301221e-05
	-6.970463085896807e-05
	8.477486970860342e-05
	2.263704213377343e-06

 187	1.335374953591171e-09
	3.353749535911706e-01
	-1.745885239389904e-05
	-7.278092687019516e-05
	8.799152360336634e-05
	2.248255660728188e-06

 188	1.341082695061599e-09
	3.410826950615992e-01
	-1.757965038102224e-05
	-7.581556151685590e-05
	9.116171826290604e-05
	2.233493634971824e-06

 189	1.346676397931311e-09
	3.466763979313108e-01
	-1.769636921090031e-05
	-7.880636935369381e-05
	9.428334349191160e-05
	2.219395072682220e-06

 190	1.352175835064030e-09
	3.521758350640296e-01
	-1.780945493488940e-05
	-8.176208199776738e-05
	9.736564814514416e-05
	2.205888787512194e-06

 191	1.357587868652123e-09
	3.575878686521231e-01
	-1.791907830118117e-05
	-8.468493671855307e-05
	1.004110756810329e-04
	2.192939338700584e-06

 192	1.362922910244735e-09
	3.629229102447348e-01
	-1.802548104082564e-05
	-8.757939064158529e-05
	1.034243670535696e-04
	2.180504628841365e-06

 193	1.368187551650184e-09
	3.681875516501844e-01
	-1.812882440540713e-05
	-9.044809088590611e-05
	1.064083616001010e-04
	2.168553691213124e-06

 194	1.373388567887272e-09
	3.733885678872720e-01
	-1.822927137764842e-05
	-9.329398513168496e-05
	1.093661998273350e-04
	2.157056681998968e-06

 195	1.378531285993429e-09
	3.785312859934294e-01
	-1.832695452653799e-05
	-9.611939559241620e-05
	1.123003616905279e-04
	2.145988428426760e-06

 196	1.383620622432892e-09
	3.836206224328919e-01
	-1.842199695680504e-05
	-9.892655233884797e-05
	1.152132234693810e-04
	2.135325826272281e-06

 197	1.388660761660062e-09
	3.886607616600617e-01
	-1.851450645992357e-05
	-1.017173916029176e-04
	1.181068496948636e-04
	2.125048367977941e-06

 198	1.393655459790855e-09
	3.936554597908553e-01
	-1.860458165098617e-05
	-1.044937018995189e-04
	1.209831462222286e-04
	2.115137328276594e-06

 199	1.398608011360546e-09
	3.986080113605456e-01
	-1.869231163091982e-05
	-1.072570887539453e-04
	1.238438246809112e-04
	2.105575703953735e-06

 200	1.403521358938664e-09
	4.035213589386637e-01
	-1.877777825837347e-05
	-1.100090215299215e-04
	1.266904519098434e-04
	2.096347878451186e-06

 201	1.408398114704132e-09
	4.083981147041319e-01
	-1.886105675684706e-05
	-1.127508339422452e-04
	1.295244512143401e-04
	2.087439484751658e-06

 202	1.413240611751809e-09
	4.132406117518092e-01
	-1.894221681850382e-05
	-1.154837431419902e-04
	1.323471227354961e-04
	2.078837224997595e-06

 203	1.418050929777489e-09
	4.180509297774888e-01
	-1.902132322099821e-05
	-1.182088561095281e-04
	1.351596505783595e-04
	2.070528752166910e-06

 204	1.422830924811446e-09
	4.228309248114464e-01
	-1.909843648720456e-05
	-1.209271796425581e-04
	1.379631135751333e-04
	2.062502554629474e-06

 205	1.427582249829435e-09
	4.275822498294347e-01
	-1.917361336611409e-05
	-1.236396262866334e-04
	1.407584917865716e-04
	2.054747866175407e-06

 206	1.432306374266075e-09
	4.323063742660747e-01
	-1.924690727580348e-05
	-1.263470205326023e-04
	1.435466732231878e-04
	2.047254585218440e-06

 207	1.437004599227096e-09
	4.370045992270957e-01
	-1.931836865922250e-05
	-1.290501033031657e-04
	1.463284587547777e-04
	2.040013207610199e-06

 208	1.441678071055959e-09
	4.416780710559586e-01
	-1.938804529943066e-05
	-1.317495361064690e-04
	1.491045666383961e-04
	2.033014767504043e-06

 209	1.446327792231944e-09
	4.463277922319444e-01
	-1.945598258081343e-05
	-1.344459041626677e-04
	1.518756359565978e-04
	2.026250786883036e-06

 210	1.450954631078410e-09
	4.509546310784104e-01
	-1.952222372153539e-05
	-1.371397192638070e-04
	1.546422297544874e-04
	2.019713230855077e-06

 211	1.455559329428957e-09
	4.555593294289568e-01
	-1.958680996646236e-05
	-1.398314218002549e-04
	1.574048372974103e-04
	2.013394469306646e-06

 212	1.460142509470471e-09
	4.601425094704704e-01
	-1.964978076036557e-05
	-1.425213825978267e-04
	1.601638761155983e-04
	2.007287242593795e-06

 213	1.464704679116711e-09
	4.647046791167105e-01
	-1.971117389340361e-05
	-1.452099041383075e-04
	1.629196933999429e-04
	2.001384631768851e-06

 214	1.469246236633222e-09
	4.692462366332215e-01
	-1.977102563059533e-05
	-1.478972215400439e-04
	1.656725671386569e-04
	1.995680031982785e-06

 215	1.473767474236269e-09
	4.737674742362692e-01
	-1.982937082238752e-05
	-1.505835030995510e-04
	1.684227067928866e-04
	1.990167129052744e-06

 216	1.478268580998027e-09
	4.782685809980266e-01
	-1.988624300194780e-05
	-1.532688505579043e-04
	1.711702536812890e-04
	1.984839878563078e-06

 217	1.482749645034589e-09
	4.827496450345885e-01
	-1.994167446961323e-05
	-1.559532990518271e-04
	1.739152810342046e-04
	1.979692487235707e-06

 218	1.487210654967305e-09
	4.872106549673054e-01
	-1.999569636529552e-05
	-1.586368167198826e-04
	1.766577936888153e-04
	1.974719396363422e-06

 219	1.491651501000897e-09
	4.916515010008971e-01
	-2.004833873372423e-05
	-1.613193041499012e-04
	1.793977276167930e-04
	1.969915266832692e-06

 220	1.496071975094605e-09
	4.960719750946054e-01
	-2.009963057674055e-05
	-1.640005933352511e-04
	1.821349489460360e-04
	1.965274965955367e-06

 221	1.500471771077983e-09
	5.004717710779828e-01
	-2.014959990358755e-05
	-1.666804466381940e-04
	1.848692529864553e-04
	1.960793555325662e-06

 222	1.504850483689463e-09
	5.048504836894634e-01
	-2.019827376741410e-05
	-1.693585551287021e-04
	1.876003626157948e-04
	1.956466280320132e-06

 223	1.509207607782362e-09
	5.092076077823616e-01
	-2.024567830310963e-05
	-1.720345370426738e-04
	1.903279267856274e-04
	1.952288560156188e-06

 224	1.513542536348387e-09
	5.135425363483870e-01
	-2.029183875137081e-05
	-1.747079355262577e-04
	1.930515182980689e-04
	1.948255979559382e-06

 225	1.517854558737241e-09
	5.178545587372410e-01
	-2.033677948503557e-05
	-1.773782164996552e-04
	1.957706317039563e-04
	1.944364280735819e-06

 226	1.522181678775344e-09
	5.221816787753442e-01
	-2.038092010736865e-05
	-1.800689537050854e-04
	1.985092984385214e-04
	1.940575373933557e-06

 227	1.526540448708526e-09
	5.265404487085255e-01
	-2.042442960609144e-05
	-1.827906880659298e-04
	2.012782438563508e-04
	1.936873815669993e-06

 228	1.530923852506601e-09
	5.309238525066009e-01
	-2.046723323732390e-05
	-1.855393232850136e-04
	2.040732912765932e-04
	1.933265245745013e-06

 229	1.535336766324549e-09
	5.353367663245493e-01
	-2.050937914399740e-05
	-1.883181902947709e-04
	2.068978246990083e-04
	1.929744739760668e-06

 230	1.539778195075167e-09
	5.397781950751668e-01
	-2.055085707749233e-05
	-1.911269500335744e-04
	2.097514947914751e-04
	1.926312319591950e-06

 231	1.544250205097751e-09
	5.442502050977510e-01
	-2.059168620925110e-05
	-1.939671996058479e-04
	2.126359202451652e-04
	1.922965569933773e-06

 232	1.548753309599051e-09
	5.487533095990509e-01
	-2.063187075018580e-05
	-1.968395644538375e-04
	2.155517318615859e-04
	1.919703342437426e-06

 233	1.553288845280817e-09
	5.532888452808172e-01
	-2.067142230745387e-05
	-1.997452028816401e-04
	2.185001012858768e-04
	1.916523903217178e-06

 234	1.557857759844134e-09
	5.578577598441337e-01
	-2.071034872334035e-05
	-2.026850358074113e-04
	2.214819586832476e-04
	1.913425847504388e-06

 235	1.562461235127925e-09
	5.624612351279250e-01
	-2.074865966994167e-05
	-2.056601450107708e-04
	2.244983970362898e-04
	1.910407644423098e-06

 236	1.567100370646664e-09
	5.671003706466640e-01
	-2.078636386013382e-05
	-2.086715707229003e-04
	2.275504667224255e-04
	1.907467860607843e-06

 237	1.571776348429719e-09
	5.717763484297187e-01
	-2.082347045380988e-05
	-2.117204182980412e-04
	2.306392837042616e-04
	1.904605047589391e-06

 238	1.576490351440059e-09
	5.764903514400586e-01
	-2.085998836421954e-05
	-2.148078060034729e-04
	2.337659765718520e-04
	1.901817795840164e-06

 239	1.581243608401639e-09
	5.812436084016388e-01
	-2.089592661510330e-05
	-2.179348947353330e-04
	2.369317166441468e-04
	1.899104706289289e-06

 240	1.586037374091467e-09
	5.860373740914667e-01
	-2.093129417236559e-05
	-2.211028757907255e-04
	2.401377055603097e-04
	1.896464402782248e-06

 241	1.590872942675023e-09
	5.908729426750230e-01
	-2.096610003701959e-05
	-2.243129802814619e-04
	2.433851847940426e-04
	1.893895524439651e-06

 242	1.595751644598428e-09
	5.957516445984281e-01
	-2.100035320954894e-05
	-2.275664778059864e-04
	2.466754342876745e-04
	1.891396727861663e-06

 243	1.600674851811226e-09
	6.006748518112257e-01
	-2.103406271623084e-05
	-2.308646806674379e-04
	2.500097766989983e-04
	1.888966684670205e-06

 244	1.605643979120531e-09
	6.056439791205311e-01
	-2.106723760577360e-05
	-2.342089455874012e-04
	2.533895791118690e-04
	1.886604081305583e-06

 245	1.610660487841768e-09
	6.106604878417674e-01
	-2.109988696121437e-05
	-2.376006770112062e-04
	2.568162563546639e-04
	1.884307617757365e-06

 246	1.615725888268397e-09
	6.157258882683970e-01
	-2.113201990233885e-05
	-2.410413296881669e-04
	2.602912735835679e-04
	1.882076006937451e-06

 247	1.620841743338871e-09
	6.208417433388704e-01
	-2.116364559499997e-05
	-2.445324121287550e-04
	2.638161497500964e-04
	1.879907973658689e-06

 248	1.626009671908113e-09
	6.260096719081131e-01
	-2.119477325633794e-05
	-2.480754898721234e-04
	2.673924608746123e-04
	1.877802253849014e-06

 249	1.631231352439914e-09
	6.312313524399140e-01
	-2.122541216140213e-05
	-2.516721891202427e-04
	2.710218436879118e-04
	1.875757593733751e-06

 250	1.636508526928152e-09
	6.365085269281514e-01
	-2.125557164983998e-05
	-2.553242006164345e-04
	2.747059995172498e-04
	1.873772749024361e-06

 251	1.641843005327880e-09
	6.418430053278796e-01
	-2.128526113391246e-05
	-2.590332839711308e-04
	2.784466986210663e-04
	1.871846483976688e-06

 252	1.647236669570150e-09
	6.472366695701497e-01
	-2.131449010275427e-05
	-2.628012717998851e-04
	2.822457843318792e-04
	1.869977570759632e-06

 253	1.652691478961197e-09
	6.526914789611965e-01
	-2.134326813278907e-05
	-2.666300749329213e-04
	2.861051782773284e-04
	1.868164788381747e-06

 254	1.658209474607503e-09
	6.582094746075026e-01
	-2.137160489107448e-05
	-2.705216870633644e-04
	2.900268850323694e-04
	1.866406922069433e-06

 255	1.663792785405689e-09
	6.637927854056890e-01
	-2.139951014547319e-05
	-2.744781906171620e-04
	2.940129980004226e-04
	1.864702762212965e-06

 256	1.669443633362479e-09
	6.694436333624788e-01
	-2.142699376938513e-05
	-2.785017622892462e-04
	2.980657049550372e-04
	1.863051103593584e-06

 257	1.675164339860223e-09
	6.751643398602226e-01
	-2.145406574965507e-05
	-2.825946793914022e-04
	3.021872943966499e-04
	1.861450744407917e-06

 258	1.680957331927920e-09
	6.809573319279203e-01
	-2.148073619262985e-05
	-2.867593263600390e-04
	3.063801620673390e-04
	1.859900485329203e-06

 259	1.686825149018553e-09
	6.868251490185527e-01
	-2.150701533081235e-05
	-2.909982017899576e-04
	3.106468179922610e-04
	1.858399128508919e-06

 260	1.692770449728588e-09
	6.927704497285879e-01
	-2.153291352748494e-05
	-2.953139255993406e-04
	3.149898936502953e-04
	1.856945476529892e-06

 261	1.698796019154029e-09
	6.987960191540287e-01
	-2.155844128249885e-05
	-2.997092468359374e-04
	3.194121497871273e-04
	1.855538331309295e-06

 262	1.704904775880220e-09
	7.049047758802196e-01
	-2.158360923475110e-05
	-3.041870514071361e-04
	3.239164841489695e-04
	1.854176492917876e-06

 263	1.711099779334259e-09
	7.110997793342594e-01
	-2.160842816477457e-05
	-3.087503702668624e-04
	3.285059396732858e-04
	1.852858758351274e-06

 264	1.717384236581727e-09
	7.173842365817271e-01
	-2.163290899373228e-05
	-3.134023873909218e-04
	3.331837124644343e-04
	1.851583920220211e-06

 265	1.723761508990808e-09
	7.237615089908075e-01
	-2.165706278091468e-05
	-3.181464478459376e-04
	3.379531598615754e-04
	1.850350765276926e-06

 266	1.730235117845364e-09
	7.302351178453642e-01
	-2.168090071658846e-05
	-3.229860652637288e-04
	3.428178079073416e-04
	1.849158072975971e-06

 267	1.736808748636811e-09
	7.368087486368109e-01
	-2.170443410978906e-05
	-3.279249284933995e-04
	3.477813579894065e-04
	1.848004613781716e-06

 268	1.743486253779257e-09
	7.434862537792571e-01
	-2.172767437117091e-05
	-3.329669072053334e-04
	3.528476924290998e-04
	1.846889147404224e-06

 269	1.750271652546085e-09
	7.502716525460849e-01
	-2.175063298744742e-05
	-3.381160554919790e-04
	3.580208780584885e-04
	1.845810420937582e-06

 270	1.757169126870903e-09
	7.571691268709029e-01
	-2.177332148443046e-05
	-3.433766123527481e-04
	3.633051666703478e-04
	1.844767166830145e-06

 271	1.764272424408349e-09
	7.642724244083487e-01
	-2.179603730539070e-05
	-3.488217094161554e-04
	3.687740014796955e-04
	1.843745241851623e-06

 272	1.771661939598203e-09
	7.716619395982033e-01
	-2.181900104217849e-05
	-3.545156538747528e-04
	3.744919198434124e-04
	1.842735073518881e-06

 273	1.779312835981093e-09
	7.793128359810928e-01
	-2.184208858128409e-05
	-3.604423783481213e-04
	3.804427242054151e-04
	1.841742723990654e-06

 274	1.787255689057870e-09
	7.872556890578696e-01
	-2.186535339449717e-05
	-3.666287356216393e-04
	3.866533229381756e-04
	1.840766077960378e-06

 275	1.795495044592245e-09
	7.954950445922447e-01
	-2.188876725385352e-05
	-3.730817196482454e-04
	3.931306804885291e-04
	1.839806413570205e-06

 276	1.804050455634190e-09
	8.040504556341898e-01
	-2.191234490395712e-05
	-3.798203218659975e-04
	3.998938037651716e-04
	1.838863004783547e-06

 277	1.812934774389546e-09
	8.129347743895456e-01
	-2.193607988913209e-05
	-3.868586290186239e-04
	4.069567731193692e-04
	1.837935788387145e-06

 278	1.822165312812742e-09
	8.221653128127416e-01
	-2.195997652058092e-05
	-3.942145991130547e-04
	4.143375516331725e-04
	1.837024000463176e-06

 279	1.831757598999228e-09
	8.317575989992277e-01
	-2.198403257251835e-05
	-4.019051553963851e-04
	4.220530611528618e-04
	1.836126816041929e-06

 280	1.841728054740076e-09
	8.417280547400763e-01
	-2.200824668197586e-05
	-4.099483186463394e-04
	4.301213223386128e-04
	1.835242989701564e-06

 281	1.851728054740076e-09
	8.517280547400763e-01
	-2.203175766549357e-05
	-4.180652693968698e-04
	4.382626254470173e-04
	1.834401615346180e-06

 282	1.861728054740076e-09
	8.617280547400762e-01
	-2.205454620480222e-05
	-4.262315915588027e-04
	4.464525383396346e-04
	1.833599423970516e-06

 283	1.871728054740077e-09
	8.717280547400764e-01
	-2.207665875447457e-05
	-4.344466277180359e-04
	4.546904554639240e-04
	1.832831008586848e-06

 284	1.881728054740077e-09
	8.817280547400765e-01
	-2.209813302425242e-05
	-4.427097210315906e-04
	4.629757624753798e-04
	1.832091580462976e-06

 285	1.891728054740077e-09
	8.917280547400768e-01
	-2.211900308891254e-05
	-4.510202133738256e-04
	4.713078398317700e-04
	1.831376630969089e-06

 286	1.901728054740077e-09
	9.017280547400769e-01
	-2.213930002296796e-05
	-4.593774450425977e-04
	4.796860631888591e-04
	1.830681876706172e-06

 287	1.911728054740077e-09
	9.117280547400771e-01
	-2.215905217354893e-05
	-4.677807545105431e-04
	4.881098034472323e-04
	1.830003236859211e-06

 288	1.921728054740077e-09
	9.217280547400772e-01
	-2.217828545053993e-05
	-4.762294780836466e-04
	4.965784267235193e-04
	1.829336810667472e-06

 289	1.931728054740078e-09
	9.317280547400775e-01
	-2.219702363228604e-05
	-4.847229494739481e-04
	5.050912942505258e-04
	1.828678855708898e-06

 290	1.941728054740078e-09
	9.417280547400776e-01
	-2.221528868340402e-05
	-4.932604992942003e-04
	5.136477622105090e-04
	1.828025767094977e-06

 291	1.951728054740078e-09
	9.517280547400778e-01
	-2.223310107960043e-05
	-5.018414544831171e-04
	5.222471815052479e-04
	1.827374057469422e-06

 292	1.961728054740078e-09
	9.617280547400779e-01
	-2.225048013325932e-05
	-5.104651376708378e-04
	5.308888974663638e-04
	1.826720337732877e-06

 293	1.971728054740078e-09
	9.717280547400781e-01
	-2.226744431237381e-05
	-5.191308664947328e-04
	5.395722495086844e-04
	1.826061298421135e-06

 294	1.981728054740078e-09
	9.817280547400783e-01
	-2.228401154504331e-05
	-5.278379528758639e-04
	5.482965707292932e-04
	1.825393691613259e-06

 295	1.990864027370039e-09
	9.908640273700393e-01
	-2.229879932756799e-05
	-5.358282922151129e-04
	5.563023184506867e-04
	1.824773091993359e-06

 296	2.000000000000001e-09
	1.000000000000000e+00
	-2.231329586718860e-05
	-5.438520315947024e-04
	5.643411870624849e-04
	1.824140399406200e-06

 297	2.000000501071956e-09
	1.000000000000000e+00
	-3.470543506534150e-07
	-5.532475749064928e-04
	5.517757033202561e-04
	1.818925934018938e-06

 298	2.000001503215868e-09
	1.000000000000000e+00
	-3.412830993706153e-07
	-5.532474712506227e-04
	5.517803577971276e-04
	1.808396553916612e-06

 299	2.000003507503692e-09
	1.000000000000000e+00
	-3.301896469662102e-07
	-5.532465684756297e-04
	5.517898604790475e-04
	1.786897646705788e-06

 300	2.000007516079339e-09
	1.000000000000000e+00
	-3.096943422247413e-07
	-5.532422645493564e-04
	5.518095413980326e-04
	1.742417492535257e-06

 301	2.000015533230632e-09
	1.000000000000000e+00
	-2.743891951610440e-07
	-5.532260971776508e-04
	5.518507655712583e-04
	1.649720801686977e-06

 302	2.000031567533220e-09
	1.000000000000000e+00
	-2.201600755202804e-07
	-5.531768606581292e-04
	5.519358254917882e-04
	1.461195242219426e-06

 303	2.000052423561925e-09
	1.000000000000000e+00
	-1.708719763302839e-07
	-5.531007286520452e-04
	5.520433601377994e-04
	1.228240490652013e-06

 304	2.000077277617173e-09
	1.000000000000000e+00
	-1.305966477272778e-07
	-5.530126904019152e-04
	5.521587176687282e-04
	9.845693810980602e-07

 305	2.000109125461344e-09
	1.000000000000000e+00
	-9.502661007743777e-08
	-5.529183568456664e-04
	5.522810233644060e-04
	7.323600913927834e-07

 306	2.000153040076733e-09
	1.000000000000000e+00
	-6.202211770291799e-08
	-5.528236955173086e-04
	5.524061093908171e-04
	4.796082442814748e-07

 307	2.000227444451195e-09
	1.000000000000000e+00
	-2.873410589795549e-08
	-5.527278860922049e-04
	5.525361667154113e-04
	2.204534827495199e-07

 308	2.000295561934165e-09
	1.000000000000000e+00
	-1.327206228030999e-08
	-5.526842703204073e-04
	5.525967358441932e-04
	1.008065385252224e-07

 309	2.000380057104545e-09
	1.000000000000000e+00
	-4.256171247995473e-09
	-5.526593279784064e-04
	5.526315980494135e-04
	3.198610023705776e-08

 310	2.000467770509932e-09
	1.000000000000000e+00
	-6.989951957964308e-10
	-5.526496002508165e-04
	5.526451343012545e-04
	5.164944811349193e-09

 311	2.000586293555532e-09
	1.000000000000000e+00
	6.251770300831107e-10
	-5.526459810538627e-04
	5.526501094054825e-04
	-4.753528611262586e-09

 312	2.000733065740655e-09
	1.000000000000000e+00
	6.450622657393392e-10
	-5.526459254623031e-04
	5.526501602468667e-04
	-4.879846842978603e-09

 313	2.000961792302654e-09
	1.000000000000000e+00
	2.832621848201613e-10
	-5.526469209991686e-04
	5.526487827560220e-04
	-2.145019040923033e-09

 314	2.001322866425727e-09
	1.000000000000000e+00
	2.197616997630719e-11
	-5.526476454598514e-04
	5.526477884002278e-04
	-1.649165349964794e-10

 315	2.002045014671874e-09
	1.000000000000000e+00
	-3.739204262199013e-11
	-5.526478098891418e-04
	5.526475631535082e-04
	2.841276788435387e-10

 316	2.003489311164168e-09
	1.000000000000000e+00
	-9.426581158055145e-12
	-5.526477320957486e-04
	5.526476699687996e-04
	7.155353298327876e-11

 317	2.006154880410428e-09
	1.000000000000000e+00
	6.840209889741626e-13
	-5.526477040095261e-04
	5.526477085229822e-04
	-5.197477678436369e-12

 318	2.011486018902949e-09
	1.000000000000000e+00
	2.875191887410264e-13
	-5.526477051156237e-04
	5.526477070047816e-04
	-2.176676926468119e-12

 319	2.021486018902949e-09
	1.000000000000000e+00
	-1.178332743025283e-16
	-5.526477059150006e-04
	5.526477059071600e-04
	7.959219427886435e-15

 320	2.031486018902949e-09
	1.000000000000000e+00
	-1.536472274674376e-15
	-5.526477059189192e-04
	5.526477059017716e-04
	1.868393089463078e-14

 321	2.041486018902949e-09
	1.000000000000000e+00
	-3.306608954469959e-17
	-5.526477059147362e-04
	5.526477059075117e-04
	7.257912242914545e-15

 322	2.051486018902949e-09
	1.000000000000000e+00
	6.840289513854912e-18
	-5.526477059146271e-04
	5.526477059076622e-04
	6.958096643542805e-15

 323	2.061486018902949e-09
	1.000000000000000e+00
	-5.255080534306646e-19
	-5.526477059146469e-04
	5.526477059076357e-04
	7.011862730502847e-15

 324	2.071486018902950e-09
	1.000000000000000e+00
	-8.524517840372226e-20
	-5.526477059146482e-04
	5.526477059076333e-04
	7.014931761712941e-15

 325	2.081486018902950e-09
	1.000000000000000e+00
	-8.651517068226635e-20
	-5.526477059146480e-04
	5.526477059076333e-04
	7.014413343394650e-15

 326	2.091486018902950e-09
	1.000000000000000e+00
	-8.669033178936697e-20
	-5.526477059146480e-04
	5.526477059076337e-04
	7.014328760336311e-15

 327	2.101486018902950e-09
	1.000000000000000e+00
	-8.669007154291249e-20
	-5.526477059146480e-04
	5.526477059076337e-04
	7.014328966548926e-15

 328	2.111486018902950e-09
	1.000000000000000e+00
	-8.668999309695243e-20
	-5.526477059146480e-04
	5.526477059076337e-04
	7.014329028707492e-15

 329	2.121486018902950e-09
	1.000000000000000e+00
	-8.668999299229123e-20
	-5.526477059146480e-04
	5.526477059076337e-04
	7.014329028790421e-15

 330	2.131486018902951e-09
	1.000000000000000e+00
	-8.668999314482797e-20
	-5.526477059146480e-04
	5.526477059076337e-04
	7.014329028669557e-15

 331	2.141486018902951e-09
	1.000000000000000e+00
	-8.668999314622388e-20
	-5.526477059146480e-04
	5.526477059076337e-04
	7.014329028668450e-15

 332	2.151486018902951e-09
	1.000000000000000e+00
	-8.668999314593730e-20
	-5.526477059146480e-04
	5.526477059076337e-04
	7.014329028668677e-15

 333	2.161486018902951e-09
	1.000000000000000e+00
	-8.668999314593268e-20
	-5.526477059146480e-04
	5.526477059076337e-04
	7.014329028668680e-15

 334	2.171486018902951e-09
	1.000000000000000e+00
	-8.668999314593268e-20
	-5.526477059146480e-04
	5.526477059076337e-04
	7.014329028668680e-15

 335	2.181486018902951e-09
	1.000000000000000e+00
	-8.668999314593268e-20
	-5.526477059146480e-04
	5.526477059076337e-04
	7.014329028668680e-15

 336	2.191486018902952e-09
	1.000000000000000e+00
	-8.668999314593268e-20
	-5.526477059146480e-04
	5.526477059076337e-04
	7.014329028668680e-15

 337	2.201486018902952e-09
	1.000000000000000e+00
	-8.668999314593268e-20
	-5.526477059146480e-04
	5.526477059076337e-04
	7.014329028668680e-15

 338	2.211486018902952e-09
	1.000000000000000e+00
	-8.668999314593268e-20
	-5.526477059146480e-04
	5.526477059076337e-04
	7.014329028668680e-15

 339	2.221486018902952e-09
	1.000000000000000e+00
	-8.668999314593268e-20
	-5.526477059146480e-04
	5.526477059076337e-04
	7.014329028668680e-15

 340	2.231486018902952e-09
	1.000000000000000e+00
	-8.668999314593268e-20
	-5.526477059146480e-04
	5.526477059076337e-04
	7.014329028668680e-15

 341	2.241486018902952e-09
	1.000000000000000e+00
	-8.668999314593268e-20
	-5.526477059146480e-04
	5.526477059076337e-04
	7.014329028668680e-15

 342	2.251486018902953e-09
	1.000000000000000e+00
	-8.668999314593268e-20
	-5.526477059146480e-04
	5.526477059076337e-04
	7.014329028668680e-15

 343	2.261486018902953e-09
	1.000000000000000e+00
	-8.668999314593268e-20
	-5.526477059146480e-04
	5.526477059076337e-04
	7.014329028668680e-15

 344	2.271486018902953e-09
	1.000000000000000e+00
	-8.668999314593268e-20
	-5.526477059146480e-04
	5.526477059076337e-04
	7.014329028668680e-15

 345	2.281486018902953e-09
	1.000000000000000e+00
	-8.668999314593268e-20
	-5.526477059146480e-04
	5.526477059076337e-04
	7.014329028668680e-15

 346	2.291486018902953e-09
	1.000000000000000e+00
	-8.668999314593268e-20
	-5.526477059146480e-04
	5.526477059076337e-04
	7.014329028668680e-15

 347	2.301486018902954e-09
	1.000000000000000e+00
	-8.668999314593268e-20
	-5.526477059146480e-04
	5.526477059076337e-04
	7.014329028668680e-15

 348	2.311486018902954e-09
	1.000000000000000e+00
	-8.668999314593268e-20
	-5.526477059146480e-04
	5.526477059076337e-04
	7.014329028668680e-15

 349	2.321486018902954e-09
	1.000000000000000e+00
	-8.668999314593268e-20
	-5.526477059146480e-04
	5.526477059076337e-04
	7.014329028668680e-15

 350	2.331486018902954e-09
	1.000000000000000e+00
	-8.668999314593268e-20
	-5.526477059146480e-04
	5.526477059076337e-04
	7.014329028668680e-15

 351	2.341486018902954e-09
	1.000000000000000e+00
	-8.668999314593268e-20
	-5.526477059146480e-04
	5.526477059076337e-04
	7.014329028668680e-15

 352	2.351486018902954e-09
	1.000000000000000e+00
	-8.668999314593268e-20
	-5.526477059146480e-04
	5.526477059076337e-04
	7.014329028668680e-15

 353	2.361486018902955e-09
	1.000000000000000e+00
	-8.668999314593268e-20
	-5.526477059146480e-04
	5.526477059076337e-04
	7.014329028668680e-15

 354	2.371486018902955e-09
	1.000000000000000e+00
	-8.668999314593268e-20
	-5.526477059146480e-04
	5.526477059076337e-04
	7.014329028668680e-15

 355	2.381486018902955e-09
	1.000000000000000e+00
	-8.668999314593268e-20
	-5.526477059146480e-04
	5.526477059076337e-04
	7.014329028668680e-15

 356	2.391486018902955e-09
	1.000000000000000e+00
	-8.668999314593268e-20
	-5.526477059146480e-04
	5.526477059076337e-04
	7.014329028668680e-15

 357	2.401486018902955e-09
	1.000000000000000e+00
	-8.668999314593268e-20
	-5.526477059146480e-04
	5.526477059076337e-04
	7.014329028668680e-15

 358	2.411486018902955e-09
	1.000000000000000e+00
	-8.668999314593268e-20
	-5.526477059146480e-04
	5.526477059076337e-04
	7.014329028668680e-15

 359	2.421486018902956e-09
	1.000000000000000e+00
	-8.668999314593268e-20
	-5.526477059146480e-04
	5.526477059076337e-04
	7.014329028668680e-15

 360	2.431486018902956e-09
	1.000000000000000e+00
	-8.668999314593268e-20
	-5.526477059146480e-04
	5.526477059076337e-04
	7.014329028668680e-15

 361	2.441486018902956e-09
	1.000000000000000e+00
	-8.668999314593268e-20
	-5.526477059146480e-04
	5.526477059076337e-04
	7.014329028668680e-15

 362	2.451486018902956e-09
	1.000000000000000e+00
	-8.668999314593268e-20
	-5.526477059146480e-04
	5.526477059076337e-04
	7.014329028668680e-15

 363	2.461486018902956e-09
	1.000000000000000e+00
	-8.668999314593268e-20
	-5.526477059146480e-04
	5.526477059076337e-04
	7.014329028668680e-15

 364	2.471486018902956e-09
	1.000000000000000e+00
	-8.668999314593268e-20
	-5.526477059146480e-04
	5.526477059076337e-04
	7.014329028668680e-15

 365	2.481486018902957e-09
	1.000000000000000e+00
	-8.668999314593268e-20
	-5.526477059146480e-04
	5.526477059076337e-04
	7.014329028668680e-15

 366	2.491486018902957e-09
	1.000000000000000e+00
	-8.668999314593268e-20
	-5.526477059146480e-04
	5.526477059076337e-04
	7.014329028668680e-15

 367	2.501486018902957e-09
	1.000000000000000e+00
	-8.668999314593268e-20
	-5.526477059146480e-04
	5.526477059076337e-04
	7.014329028668680e-15

 368	2.511486018902957e-09
	1.000000000000000e+00
	-8.668999314593268e-20
	-5.526477059146480e-04
	5.526477059076337e-04
	7.014329028668680e-15

 369	2.521486018902957e-09
	1.000000000000000e+00
	-8.668999314593268e-20
	-5.526477059146480e-04
	5.526477059076337e-04
	7.014329028668680e-15

 370	2.531486018902957e-09
	1.000000000000000e+00
	-8.668999314593268e-20
	-5.526477059146480e-04
	5.526477059076337e-04
	7.014329028668680e-15

 371	2.541486018902958e-09
	1.000000000000000e+00
	-8.668999314593268e-20
	-5.526477059146480e-04
	5.526477059076337e-04
	7.014329028668680e-15

 372	2.551486018902958e-09
	1.000000000000000e+00
	-8.668999314593268e-20
	-5.526477059146480e-04
	5.526477059076337e-04
	7.014329028668680e-15

 373	2.561486018902958e-09
	1.000000000000000e+00
	-8.668999314593268e-20
	-5.526477059146480e-04
	5.526477059076337e-04
	7.014329028668680e-15

 374	2.571486018902958e-09
	1.000000000000000e+00
	-8.668999314593268e-20
	-5.526477059146480e-04
	5.526477059076337e-04
	7.014329028668680e-15

 375	2.581486018902958e-09
	1.000000000000000e+00
	-8.668999314593268e-20
	-5.526477059146480e-04
	5.526477059076337e-04
	7.014329028668680e-15

 376	2.591486018902959e-09
	1.000000000000000e+00
	-8.668999314593268e-20
	-5.526477059146480e-04
	5.526477059076337e-04
	7.014329028668680e-15

 377	2.601486018902959e-09
	1.000000000000000e+00
	-8.668999314593268e-20
	-5.526477059146480e-04
	5.526477059076337e-04
	7.014329028668680e-15

 378	2.611486018902959e-09
	1.000000000000000e+00
	-8.668999314593268e-20
	-5.526477059146480e-04
	5.526477059076337e-04
	7.014329028668680e-15

 379	2.621486018902959e-09
	1.000000000000000e+00
	-8.668999314593268e-20
	-5.526477059146480e-04
	5.526477059076337e-04
	7.014329028668680e-15

 380	2.631486018902959e-09
	1.000000000000000e+00
	-8.668999314593268e-20
	-5.526477059146480e-04
	5.526477059076337e-04
	7.014329028668680e-15

 381	2.641486018902959e-09
	1.000000000000000e+00
	-8.668999314593268e-20
	-5.526477059146480e-04
	5.526477059076337e-04
	7.014329028668680e-15

 382	2.651486018902960e-09
	1.000000000000000e+00
	-8.668999314593268e-20
	-5.526477059146480e-04
	5.526477059076337e-04
	7.014329028668680e-15

 383	2.661486018902960e-09
	1.000000000000000e+00
	-8.668999314593268e-20
	-5.526477059146480e-04
	5.526477059076337e-04
	7.014329028668680e-15

 384	2.671486018902960e-09
	1.000000000000000e+00
	-8.668999314593268e-20
	-5.526477059146480e-04
	5.526477059076337e-04
	7.014329028668680e-15

 385	2.681486018902960e-09
	1.000000000000000e+00
	-8.668999314593268e-20
	-5.526477059146480e-04
	5.526477059076337e-04
	7.014329028668680e-15

 386	2.691486018902960e-09
	1.000000000000000e+00
	-8.668999314593268e-20
	-5.526477059146480e-04
	5.526477059076337e-04
	7.014329028668680e-15

 387	2.701486018902960e-09
	1.000000000000000e+00
	-8.668999314593268e-20
	-5.526477059146480e-04
	5.526477059076337e-04
	7.014329028668680e-15

 388	2.711486018902961e-09
	1.000000000000000e+00
	-8.668999314593268e-20
	-5.526477059146480e-04
	5.526477059076337e-04
	7.014329028668680e-15

 389	2.721486018902961e-09
	1.000000000000000e+00
	-8.668999314593268e-20
	-5.526477059146480e-04
	5.526477059076337e-04
	7.014329028668680e-15

 390	2.731486018902961e-09
	1.000000000000000e+00
	-8.668999314593268e-20
	-5.526477059146480e-04
	5.526477059076337e-04
	7.014329028668680e-15

 391	2.741486018902961e-09
	1.000000000000000e+00
	-8.668999314593268e-20
	-5.526477059146480e-04
	5.526477059076337e-04
	7.014329028668680e-15

 392	2.751486018902961e-09
	1.000000000000000e+00
	-8.668999314593268e-20
	-5.526477059146480e-04
	5.526477059076337e-04
	7.014329028668680e-15

 393	2.761486018902961e-09
	1.000000000000000e+00
	-8.668999314593268e-20
	-5.526477059146480e-04
	5.526477059076337e-04
	7.014329028668680e-15

 394	2.771486018902962e-09
	1.000000000000000e+00
	-8.668999314593268e-20
	-5.526477059146480e-04
	5.526477059076337e-04
	7.014329028668680e-15

 395	2.781486018902962e-09
	1.000000000000000e+00
	-8.668999314593268e-20
	-5.526477059146480e-04
	5.526477059076337e-04
	7.014329028668680e-15

 396	2.791486018902962e-09
	1.000000000000000e+00
	-8.668999314593268e-20
	-5.526477059146480e-04
	5.526477059076337e-04
	7.014329028668680e-15

 397	2.801486018902962e-09
	1.000000000000000e+00
	-8.668999314593268e-20
	-5.526477059146480e-04
	5.526477059076337e-04
	7.014329028668680e-15

 398	2.811486018902962e-09
	1.000000000000000e+00
	-8.668999314593268e-20
	-5.526477059146480e-04
	5.526477059076337e-04
	7.014329028668680e-15

 399	2.821486018902962e-09
	1.000000000000000e+00
	-8.668999314593268e-20
	-5.526477059146480e-04
	5.526477059076337e-04
	7.014329028668680e-15

 400	2.831486018902963e-09
	1.000000000000000e+00
	-8.668999314593268e-20
	-5.526477059146480e-04
	5.526477059076337e-04
	7.014329028668680e-15

 401	2.841486018902963e-09
	1.000000000000000e+00
	-8.668999314593268e-20
	-5.526477059146480e-04
	5.526477059076337e-04
	7.014329028668680e-15

 402	2.851486018902963e-09
	1.000000000000000e+00
	-8.668999314593268e-20
	-5.526477059146480e-04
	5.526477059076337e-04
	7.014329028668680e-15

 403	2.861486018902963e-09
	1.000000000000000e+00
	-8.668999314593268e-20
	-5.526477059146480e-04
	5.526477059076337e-04
	7.014329028668680e-15

 404	2.871486018902963e-09
	1.000000000000000e+00
	-8.668999314593268e-20
	-5.526477059146480e-04
	5.526477059076337e-04
	7.014329028668680e-15

 405	2.881486018902963e-09
	1.000000000000000e+00
	-8.668999314593268e-20
	-5.526477059146480e-04
	5.526477059076337e-04
	7.014329028668680e-15

 406	2.891486018902964e-09
	1.000000000000000e+00
	-8.668999314593268e-20
	-5.526477059146480e-04
	5.526477059076337e-04
	7.014329028668680e-15

 407	2.901486018902964e-09
	1.000000000000000e+00
	-8.668999314593268e-20
	-5.526477059146480e-04
	5.526477059076337e-04
	7.014329028668680e-15

 408	2.911486018902964e-09
	1.000000000000000e+00
	-8.668999314593268e-20
	-5.526477059146480e-04
	5.526477059076337e-04
	7.014329028668680e-15

 409	2.921486018902964e-09
	1.000000000000000e+00
	-8.668999314593268e-20
	-5.526477059146480e-04
	5.526477059076337e-04
	7.014329028668680e-15

 410	2.931486018902964e-09
	1.000000000000000e+00
	-8.668999314593268e-20
	-5.526477059146480e-04
	5.526477059076337e-04
	7.014329028668680e-15

 411	2.941486018902965e-09
	1.000000000000000e+00
	-8.668999314593268e-20
	-5.526477059146480e-04
	5.526477059076337e-04
	7.014329028668680e-15

 412	2.951486018902965e-09
	1.000000000000000e+00
	-8.668999314593268e-20
	-5.526477059146480e-04
	5.526477059076337e-04
	7.014329028668680e-15

 413	2.961486018902965e-09
	1.000000000000000e+00
	-8.668999314593268e-20
	-5.526477059146480e-04
	5.526477059076337e-04
	7.014329028668680e-15

 414	2.971486018902965e-09
	1.000000000000000e+00
	-8.668999314593268e-20
	-5.526477059146480e-04
	5.526477059076337e-04
	7.014329028668680e-15

 415	2.981486018902965e-09
	1.000000000000000e+00
	-8.668999314593268e-20
	-5.526477059146480e-04
	5.526477059076337e-04
	7.014329028668680e-15

 416	2.991486018902965e-09
	1.000000000000000e+00
	-8.668999314593268e-20
	-5.526477059146480e-04
	5.526477059076337e-04
	7.014329028668680e-15

 417	3.001486018902966e-09
	1.000000000000000e+00
	-8.668999314593268e-20
	-5.526477059146480e-04
	5.526477059076337e-04
	7.014329028668680e-15

 418	3.011486018902966e-09
	1.000000000000000e+00
	-8.668999314593268e-20
	-5.526477059146480e-04
	5.526477059076337e-04
	7.014329028668680e-15

 419	3.021486018902966e-09
	1.000000000000000e+00
	-8.668999314593268e-20
	-5.526477059146480e-04
	5.526477059076337e-04
	7.014329028668680e-15

 420	3.031486018902966e-09
	1.000000000000000e+00
	-8.668999314593268e-20
	-5.526477059146480e-04
	5.526477059076337e-04
	7.014329028668680e-15

 421	3.041486018902966e-09
	1.000000000000000e+00
	-8.668999314593268e-20
	-5.526477059146480e-04
	5.526477059076337e-04
	7.014329028668680e-15

 422	3.051486018902966e-09
	1.000000000000000e+00
	-8.668999314593268e-20
	-5.526477059146480e-04
	5.526477059076337e-04
	7.014329028668680e-15

 423	3.061486018902967e-09
	1.000000000000000e+00
	-8.668999314593268e-20
	-5.526477059146480e-04
	5.526477059076337e-04
	7.014329028668680e-15

 424	3.071486018902967e-09
	1.000000000000000e+00
	-8.668999314593268e-20
	-5.526477059146480e-04
	5.526477059076337e-04
	7.014329028668680e-15

 425	3.081486018902967e-09
	1.000000000000000e+00
	-8.668999314593268e-20
	-5.526477059146480e-04
	5.526477059076337e-04
	7.014329028668680e-15

 426	3.091486018902967e-09
	1.000000000000000e+00
	-8.668999314593268e-20
	-5.526477059146480e-04
	5.526477059076337e-04
	7.014329028668680e-15

 427	3.101486018902967e-09
	1.000000000000000e+00
	-8.668999314593268e-20
	-5.526477059146480e-04
	5.526477059076337e-04
	7.014329028668680e-15

 428	3.111486018902967e-09
	1.000000000000000e+00
	-8.668999314593268e-20
	-5.526477059146480e-04
	5.526477059076337e-04
	7.014329028668680e-15

 429	3.121486018902968e-09
	1.000000000000000e+00
	-8.668999314593268e-20
	-5.526477059146480e-04
	5.526477059076337e-04
	7.014329028668680e-15

 430	3.131486018902968e-09
	1.000000000000000e+00
	-8.668999314593268e-20
	-5.526477059146480e-04
	5.526477059076337e-04
	7.014329028668680e-15

 431	3.141486018902968e-09
	1.000000000000000e+00
	-8.668999314593268e-20
	-5.526477059146480e-04
	5.526477059076337e-04
	7.014329028668680e-15

 432	3.151486018902968e-09
	1.000000000000000e+00
	-8.668999314593268e-20
	-5.526477059146480e-04
	5.526477059076337e-04
	7.014329028668680e-15

 433	3.161486018902968e-09
	1.000000000000000e+00
	-8.668999314593268e-20
	-5.526477059146480e-04
	5.526477059076337e-04
	7.014329028668680e-15

 434	3.171486018902968e-09
	1.000000000000000e+00
	-8.668999314593268e-20
	-5.526477059146480e-04
	5.526477059076337e-04
	7.014329028668680e-15

 435	3.181486018902969e-09
	1.000000000000000e+00
	-8.668999314593268e-20
	-5.526477059146480e-04
	5.526477059076337e-04
	7.014329028668680e-15

 436	3.191486018902969e-09
	1.000000000000000e+00
	-8.668999314593268e-20
	-5.526477059146480e-04
	5.526477059076337e-04
	7.014329028668680e-15

 437	3.201486018902969e-09
	1.000000000000000e+00
	-8.668999314593268e-20
	-5.526477059146480e-04
	5.526477059076337e-04
	7.014329028668680e-15

 438	3.211486018902969e-09
	1.000000000000000e+00
	-8.668999314593268e-20
	-5.526477059146480e-04
	5.526477059076337e-04
	7.014329028668680e-15

 439	3.221486018902969e-09
	1.000000000000000e+00
	-8.668999314593268e-20
	-5.526477059146480e-04
	5.526477059076337e-04
	7.014329028668680e-15

 440	3.231486018902970e-09
	1.000000000000000e+00
	-8.668999314593268e-20
	-5.526477059146480e-04
	5.526477059076337e-04
	7.014329028668680e-15

 441	3.241486018902970e-09
	1.000000000000000e+00
	-8.668999314593268e-20
	-5.526477059146480e-04
	5.526477059076337e-04
	7.014329028668680e-15

 442	3.251486018902970e-09
	1.000000000000000e+00
	-8.668999314593268e-20
	-5.526477059146480e-04
	5.526477059076337e-04
	7.014329028668680e-15

 443	3.261486018902970e-09
	1.000000000000000e+00
	-8.668999314593268e-20
	-5.526477059146480e-04
	5.526477059076337e-04
	7.014329028668680e-15

 444	3.271486018902970e-09
	1.000000000000000e+00
	-8.668999314593268e-20
	-5.526477059146480e-04
	5.526477059076337e-04
	7.014329028668680e-15

 445	3.281486018902970e-09
	1.000000000000000e+00
	-8.668999314593268e-20
	-5.526477059146480e-04
	5.526477059076337e-04
	7.014329028668680e-15

 446	3.291486018902971e-09
	1.000000000000000e+00
	-8.668999314593268e-20
	-5.526477059146480e-04
	5.526477059076337e-04
	7.014329028668680e-15

 447	3.301486018902971e-09
	1.000000000000000e+00
	-8.668999314593268e-20
	-5.526477059146480e-04
	5.526477059076337e-04
	7.014329028668680e-15

 448	3.311486018902971e-09
	1.000000000000000e+00
	-8.668999314593268e-20
	-5.526477059146480e-04
	5.526477059076337e-04
	7.014329028668680e-15

 449	3.321486018902971e-09
	1.000000000000000e+00
	-8.668999314593268e-20
	-5.526477059146480e-04
	5.526477059076337e-04
	7.014329028668680e-15

 450	3.331486018902971e-09
	1.000000000000000e+00
	-8.668999314593268e-20
	-5.526477059146480e-04
	5.526477059076337e-04
	7.014329028668680e-15

 451	3.341486018902971e-09
	1.000000000000000e+00
	-8.668999314593268e-20
	-5.526477059146480e-04
	5.526477059076337e-04
	7.014329028668680e-15

 452	3.351486018902972e-09
	1.000000000000000e+00
	-8.668999314593268e-20
	-5.526477059146480e-04
	5.526477059076337e-04
	7.014329028668680e-15

 453	3.361486018902972e-09
	1.000000000000000e+00
	-8.668999314593268e-20
	-5.526477059146480e-04
	5.526477059076337e-04
	7.014329028668680e-15

 454	3.371486018902972e-09
	1.000000000000000e+00
	-8.668999314593268e-20
	-5.526477059146480e-04
	5.526477059076337e-04
	7.014329028668680e-15

 455	3.381486018902972e-09
	1.000000000000000e+00
	-8.668999314593268e-20
	-5.526477059146480e-04
	5.526477059076337e-04
	7.014329028668680e-15

 456	3.391486018902972e-09
	1.000000000000000e+00
	-8.668999314593268e-20
	-5.526477059146480e-04
	5.526477059076337e-04
	7.014329028668680e-15

 457	3.401486018902972e-09
	1.000000000000000e+00
	-8.668999314593268e-20
	-5.526477059146480e-04
	5.526477059076337e-04
	7.014329028668680e-15

 458	3.411486018902973e-09
	1.000000000000000e+00
	-8.668999314593268e-20
	-5.526477059146480e-04
	5.526477059076337e-04
	7.014329028668680e-15

 459	3.421486018902973e-09
	1.000000000000000e+00
	-8.668999314593268e-20
	-5.526477059146480e-04
	5.526477059076337e-04
	7.014329028668680e-15

 460	3.431486018902973e-09
	1.000000000000000e+00
	-8.668999314593268e-20
	-5.526477059146480e-04
	5.526477059076337e-04
	7.014329028668680e-15

 461	3.441486018902973e-09
	1.000000000000000e+00
	-8.668999314593268e-20
	-5.526477059146480e-04
	5.526477059076337e-04
	7.014329028668680e-15

 462	3.451486018902973e-09
	1.000000000000000e+00
	-8.668999314593268e-20
	-5.526477059146480e-04
	5.526477059076337e-04
	7.014329028668680e-15

 463	3.461486018902973e-09
	1.000000000000000e+00
	-8.668999314593268e-20
	-5.526477059146480e-04
	5.526477059076337e-04
	7.014329028668680e-15

 464	3.471486018902974e-09
	1.000000000000000e+00
	-8.668999314593268e-20
	-5.526477059146480e-04
	5.526477059076337e-04
	7.014329028668680e-15

 465	3.481486018902974e-09
	1.000000000000000e+00
	-8.668999314593268e-20
	-5.526477059146480e-04
	5.526477059076337e-04
	7.014329028668680e-15

 466	3.491486018902974e-09
	1.000000000000000e+00
	-8.668999314593268e-20
	-5.526477059146480e-04
	5.526477059076337e-04
	7.014329028668680e-15

 467	3.501486018902974e-09
	1.000000000000000e+00
	-8.668999314593268e-20
	-5.526477059146480e-04
	5.526477059076337e-04
	7.014329028668680e-15

 468	3.511486018902974e-09
	1.000000000000000e+00
	-8.668999314593268e-20
	-5.526477059146480e-04
	5.526477059076337e-04
	7.014329028668680e-15

 469	3.521486018902975e-09
	1.000000000000000e+00
	-8.668999314593268e-20
	-5.526477059146480e-04
	5.526477059076337e-04
	7.014329028668680e-15

 470	3.531486018902975e-09
	1.000000000000000e+00
	-8.668999314593268e-20
	-5.526477059146480e-04
	5.526477059076337e-04
	7.014329028668680e-15

 471	3.541486018902975e-09
	1.000000000000000e+00
	-8.668999314593268e-20
	-5.526477059146480e-04
	5.526477059076337e-04
	7.014329028668680e-15

 472	3.551486018902975e-09
	1.000000000000000e+00
	-8.668999314593268e-20
	-5.526477059146480e-04
	5.526477059076337e-04
	7.014329028668680e-15

 473	3.561486018902975e-09
	1.000000000000000e+00
	-8.668999314593268e-20
	-5.526477059146480e-04
	5.526477059076337e-04
	7.014329028668680e-15

 474	3.571486018902975e-09
	1.000000000000000e+00
	-8.668999314593268e-20
	-5.526477059146480e-04
	5.526477059076337e-04
	7.014329028668680e-15

 475	3.581486018902976e-09
	1.000000000000000e+00
	-8.668999314593268e-20
	-5.526477059146480e-04
	5.526477059076337e-04
	7.014329028668680e-15

 476	3.591486018902976e-09
	1.000000000000000e+00
	-8.668999314593268e-20
	-5.526477059146480e-04
	5.526477059076337e-04
	7.014329028668680e-15

 477	3.601486018902976e-09
	1.000000000000000e+00
	-8.668999314593268e-20
	-5.526477059146480e-04
	5.526477059076337e-04
	7.014329028668680e-15

 478	3.611486018902976e-09
	1.000000000000000e+00
	-8.668999314593268e-20
	-5.526477059146480e-04
	5.526477059076337e-04
	7.014329028668680e-15

 479	3.621486018902976e-09
	1.000000000000000e+00
	-8.668999314593268e-20
	-5.526477059146480e-04
	5.526477059076337e-04
	7.014329028668680e-15

 480	3.631486018902976e-09
	1.000000000000000e+00
	-8.668999314593268e-20
	-5.526477059146480e-04
	5.526477059076337e-04
	7.014329028668680e-15

 481	3.641486018902977e-09
	1.000000000000000e+00
	-8.668999314593268e-20
	-5.526477059146480e-04
	5.526477059076337e-04
	7.014329028668680e-15

 482	3.651486018902977e-09
	1.000000000000000e+00
	-8.668999314593268e-20
	-5.526477059146480e-04
	5.526477059076337e-04
	7.014329028668680e-15

 483	3.661486018902977e-09
	1.000000000000000e+00
	-8.668999314593268e-20
	-5.526477059146480e-04
	5.526477059076337e-04
	7.014329028668680e-15

 484	3.671486018902977e-09
	1.000000000000000e+00
	-8.668999314593268e-20
	-5.526477059146480e-04
	5.526477059076337e-04
	7.014329028668680e-15

 485	3.681486018902977e-09
	1.000000000000000e+00
	-8.668999314593268e-20
	-5.526477059146480e-04
	5.526477059076337e-04
	7.014329028668680e-15

 486	3.691486018902977e-09
	1.000000000000000e+00
	-8.668999314593268e-20
	-5.526477059146480e-04
	5.526477059076337e-04
	7.014329028668680e-15

 487	3.701486018902978e-09
	1.000000000000000e+00
	-8.668999314593268e-20
	-5.526477059146480e-04
	5.526477059076337e-04
	7.014329028668680e-15

 488	3.711486018902978e-09
	1.000000000000000e+00
	-8.668999314593268e-20
	-5.526477059146480e-04
	5.526477059076337e-04
	7.014329028668680e-15

 489	3.721486018902978e-09
	1.000000000000000e+00
	-8.668999314593268e-20
	-5.526477059146480e-04
	5.526477059076337e-04
	7.014329028668680e-15

 490	3.731486018902978e-09
	1.000000000000000e+00
	-8.668999314593268e-20
	-5.526477059146480e-04
	5.526477059076337e-04
	7.014329028668680e-15

 491	3.741486018902977e-09
	1.000000000000000e+00
	-8.668999314593268e-20
	-5.526477059146480e-04
	5.526477059076337e-04
	7.014329028668680e-15

 492	3.751486018902977e-09
	1.000000000000000e+00
	-8.668999314593268e-20
	-5.526477059146480e-04
	5.526477059076337e-04
	7.014329028668680e-15

 493	3.761486018902977e-09
	1.000000000000000e+00
	-8.668999314593268e-20
	-5.526477059146480e-04
	5.526477059076337e-04
	7.014329028668680e-15

 494	3.771486018902977e-09
	1.000000000000000e+00
	-8.668999314593268e-20
	-5.526477059146480e-04
	5.526477059076337e-04
	7.014329028668680e-15

 495	3.781486018902977e-09
	1.000000000000000e+00
	-8.668999314593268e-20
	-5.526477059146480e-04
	5.526477059076337e-04
	7.014329028668680e-15

 496	3.791486018902976e-09
	1.000000000000000e+00
	-8.668999314593268e-20
	-5.526477059146480e-04
	5.526477059076337e-04
	7.014329028668680e-15

 497	3.801486018902976e-09
	1.000000000000000e+00
	-8.668999314593268e-20
	-5.526477059146480e-04
	5.526477059076337e-04
	7.014329028668680e-15

 498	3.811486018902976e-09
	1.000000000000000e+00
	-8.668999314593268e-20
	-5.526477059146480e-04
	5.526477059076337e-04
	7.014329028668680e-15

 499	3.821486018902976e-09
	1.000000000000000e+00
	-8.668999314593268e-20
	-5.526477059146480e-04
	5.526477059076337e-04
	7.014329028668680e-15

 500	3.831486018902975e-09
	1.000000000000000e+00
	-8.668999314593268e-20
	-5.526477059146480e-04
	5.526477059076337e-04
	7.014329028668680e-15

 501	3.841486018902975e-09
	1.000000000000000e+00
	-8.668999314593268e-20
	-5.526477059146480e-04
	5.526477059076337e-04
	7.014329028668680e-15

 502	3.851486018902975e-09
	1.000000000000000e+00
	-8.668999314593268e-20
	-5.526477059146480e-04
	5.526477059076337e-04
	7.014329028668680e-15

 503	3.861486018902975e-09
	1.000000000000000e+00
	-8.668999314593268e-20
	-5.526477059146480e-04
	5.526477059076337e-04
	7.014329028668680e-15

 504	3.871486018902974e-09
	1.000000000000000e+00
	-8.668999314593268e-20
	-5.526477059146480e-04
	5.526477059076337e-04
	7.014329028668680e-15

 505	3.881486018902974e-09
	1.000000000000000e+00
	-8.668999314593268e-20
	-5.526477059146480e-04
	5.526477059076337e-04
	7.014329028668680e-15

 506	3.891486018902974e-09
	1.000000000000000e+00
	-8.668999314593268e-20
	-5.526477059146480e-04
	5.526477059076337e-04
	7.014329028668680e-15

 507	3.901486018902974e-09
	1.000000000000000e+00
	-8.668999314593268e-20
	-5.526477059146480e-04
	5.526477059076337e-04
	7.014329028668680e-15

 508	3.911486018902973e-09
	1.000000000000000e+00
	-8.668999314593268e-20
	-5.526477059146480e-04
	5.526477059076337e-04
	7.014329028668680e-15

 509	3.921486018902973e-09
	1.000000000000000e+00
	-8.668999314593268e-20
	-5.526477059146480e-04
	5.526477059076337e-04
	7.014329028668680e-15

 510	3.931486018902973e-09
	1.000000000000000e+00
	-8.668999314593268e-20
	-5.526477059146480e-04
	5.526477059076337e-04
	7.014329028668680e-15

 511	3.941486018902973e-09
	1.000000000000000e+00
	-8.668999314593268e-20
	-5.526477059146480e-04
	5.526477059076337e-04
	7.014329028668680e-15

 512	3.951486018902972e-09
	1.000000000000000e+00
	-8.668999314593268e-20
	-5.526477059146480e-04
	5.526477059076337e-04
	7.014329028668680e-15

 513	3.961486018902972e-09
	1.000000000000000e+00
	-8.668999314593268e-20
	-5.526477059146480e-04
	5.526477059076337e-04
	7.014329028668680e-15

 514	3.971486018902972e-09
	1.000000000000000e+00
	-8.668999314593268e-20
	-5.526477059146480e-04
	5.526477059076337e-04
	7.014329028668680e-15

 515	3.981486018902972e-09
	1.000000000000000e+00
	-8.668999314593268e-20
	-5.526477059146480e-04
	5.526477059076337e-04
	7.014329028668680e-15

 516	3.991486018902971e-09
	1.000000000000000e+00
	-8.668999314593268e-20
	-5.526477059146480e-04
	5.526477059076337e-04
	7.014329028668680e-15

 517	4.001486018902971e-09
	1.000000000000000e+00
	-8.668999314593268e-20
	-5.526477059146480e-04
	5.526477059076337e-04
	7.014329028668680e-15

 518	4.011486018902971e-09
	1.000000000000000e+00
	-8.668999314593268e-20
	-5.526477059146480e-04
	5.526477059076337e-04
	7.014329028668680e-15

 519	4.021486018902971e-09
	1.000000000000000e+00
	-8.668999314593268e-20
	-5.526477059146480e-04
	5.526477059076337e-04
	7.014329028668680e-15

 520	4.031486018902970e-09
	1.000000000000000e+00
	-8.668999314593268e-20
	-5.526477059146480e-04
	5.526477059076337e-04
	7.014329028668680e-15

 521	4.041486018902970e-09
	1.000000000000000e+00
	-8.668999314593268e-20
	-5.526477059146480e-04
	5.526477059076337e-04
	7.014329028668680e-15

 522	4.051486018902970e-09
	1.000000000000000e+00
	-8.668999314593268e-20
	-5.526477059146480e-04
	5.526477059076337e-04
	7.014329028668680e-15

 523	4.061486018902970e-09
	1.000000000000000e+00
	-8.668999314593268e-20
	-5.526477059146480e-04
	5.526477059076337e-04
	7.014329028668680e-15

 524	4.071486018902970e-09
	1.000000000000000e+00
	-8.668999314593268e-20
	-5.526477059146480e-04
	5.526477059076337e-04
	7.014329028668680e-15

 525	4.081486018902969e-09
	1.000000000000000e+00
	-8.668999314593268e-20
	-5.526477059146480e-04
	5.526477059076337e-04
	7.014329028668680e-15

 526	4.091486018902969e-09
	1.000000000000000e+00
	-8.668999314593268e-20
	-5.526477059146480e-04
	5.526477059076337e-04
	7.014329028668680e-15

 527	4.101486018902969e-09
	1.000000000000000e+00
	-8.668999314593268e-20
	-5.526477059146480e-04
	5.526477059076337e-04
	7.014329028668680e-15

 528	4.111486018902969e-09
	1.000000000000000e+00
	-8.668999314593268e-20
	-5.526477059146480e-04
	5.526477059076337e-04
	7.014329028668680e-15

 529	4.121486018902968e-09
	1.000000000000000e+00
	-8.668999314593268e-20
	-5.526477059146480e-04
	5.526477059076337e-04
	7.014329028668680e-15

 530	4.131486018902968e-09
	1.000000000000000e+00
	-8.668999314593268e-20
	-5.526477059146480e-04
	5.526477059076337e-04
	7.014329028668680e-15

 531	4.141486018902968e-09
	1.000000000000000e+00
	-8.668999314593268e-20
	-5.526477059146480e-04
	5.526477059076337e-04
	7.014329028668680e-15

 532	4.151486018902968e-09
	1.000000000000000e+00
	-8.668999314593268e-20
	-5.526477059146480e-04
	5.526477059076337e-04
	7.014329028668680e-15

 533	4.161486018902967e-09
	1.000000000000000e+00
	-8.668999314593268e-20
	-5.526477059146480e-04
	5.526477059076337e-04
	7.014329028668680e-15

 534	4.171486018902967e-09
	1.000000000000000e+00
	-8.668999314593268e-20
	-5.526477059146480e-04
	5.526477059076337e-04
	7.014329028668680e-15

 535	4.181486018902967e-09
	1.000000000000000e+00
	-8.668999314593268e-20
	-5.526477059146480e-04
	5.526477059076337e-04
	7.014329028668680e-15

 536	4.191486018902967e-09
	1.000000000000000e+00
	-8.668999314593268e-20
	-5.526477059146480e-04
	5.526477059076337e-04
	7.014329028668680e-15

 537	4.201486018902966e-09
	1.000000000000000e+00
	-8.668999314593268e-20
	-5.526477059146480e-04
	5.526477059076337e-04
	7.014329028668680e-15

 538	4.211486018902966e-09
	1.000000000000000e+00
	-8.668999314593268e-20
	-5.526477059146480e-04
	5.526477059076337e-04
	7.014329028668680e-15

 539	4.221486018902966e-09
	1.000000000000000e+00
	-8.668999314593268e-20
	-5.526477059146480e-04
	5.526477059076337e-04
	7.014329028668680e-15

 540	4.231486018902966e-09
	1.000000000000000e+00
	-8.668999314593268e-20
	-5.526477059146480e-04
	5.526477059076337e-04
	7.014329028668680e-15

 541	4.241486018902965e-09
	1.000000000000000e+00
	-8.668999314593268e-20
	-5.526477059146480e-04
	5.526477059076337e-04
	7.014329028668680e-15

 542	4.251486018902965e-09
	1.000000000000000e+00
	-8.668999314593268e-20
	-5.526477059146480e-04
	5.526477059076337e-04
	7.014329028668680e-15

 543	4.261486018902965e-09
	1.000000000000000e+00
	-8.668999314593268e-20
	-5.526477059146480e-04
	5.526477059076337e-04
	7.014329028668680e-15

 544	4.271486018902965e-09
	1.000000000000000e+00
	-8.668999314593268e-20
	-5.526477059146480e-04
	5.526477059076337e-04
	7.014329028668680e-15

 545	4.281486018902964e-09
	1.000000000000000e+00
	-8.668999314593268e-20
	-5.526477059146480e-04
	5.526477059076337e-04
	7.014329028668680e-15

 546	4.291486018902964e-09
	1.000000000000000e+00
	-8.668999314593268e-20
	-5.526477059146480e-04
	5.526477059076337e-04
	7.014329028668680e-15

 547	4.301486018902964e-09
	1.000000000000000e+00
	-8.668999314593268e-20
	-5.526477059146480e-04
	5.526477059076337e-04
	7.014329028668680e-15

 548	4.311486018902964e-09
	1.000000000000000e+00
	-8.668999314593268e-20
	-5.526477059146480e-04
	5.526477059076337e-04
	7.014329028668680e-15

 549	4.321486018902963e-09
	1.000000000000000e+00
	-8.668999314593268e-20
	-5.526477059146480e-04
	5.526477059076337e-04
	7.014329028668680e-15

 550	4.331486018902963e-09
	1.000000000000000e+00
	-8.668999314593268e-20
	-5.526477059146480e-04
	5.526477059076337e-04
	7.014329028668680e-15

 551	4.341486018902963e-09
	1.000000000000000e+00
	-8.668999314593268e-20
	-5.526477059146480e-04
	5.526477059076337e-04
	7.014329028668680e-15

 552	4.351486018902963e-09
	1.000000000000000e+00
	-8.668999314593268e-20
	-5.526477059146480e-04
	5.526477059076337e-04
	7.014329028668680e-15

 553	4.361486018902963e-09
	1.000000000000000e+00
	-8.668999314593268e-20
	-5.526477059146480e-04
	5.526477059076337e-04
	7.014329028668680e-15

 554	4.371486018902962e-09
	1.000000000000000e+00
	-8.668999314593268e-20
	-5.526477059146480e-04
	5.526477059076337e-04
	7.014329028668680e-15

 555	4.381486018902962e-09
	1.000000000000000e+00
	-8.668999314593268e-20
	-5.526477059146480e-04
	5.526477059076337e-04
	7.014329028668680e-15

 556	4.391486018902962e-09
	1.000000000000000e+00
	-8.668999314593268e-20
	-5.526477059146480e-04
	5.526477059076337e-04
	7.014329028668680e-15

 557	4.401486018902962e-09
	1.000000000000000e+00
	-8.668999314593268e-20
	-5.526477059146480e-04
	5.526477059076337e-04
	7.014329028668680e-15

 558	4.411486018902961e-09
	1.000000000000000e+00
	-8.668999314593268e-20
	-5.526477059146480e-04
	5.526477059076337e-04
	7.014329028668680e-15

 559	4.421486018902961e-09
	1.000000000000000e+00
	-8.668999314593268e-20
	-5.526477059146480e-04
	5.526477059076337e-04
	7.014329028668680e-15

 560	4.431486018902961e-09
	1.000000000000000e+00
	-8.668999314593268e-20
	-5.526477059146480e-04
	5.526477059076337e-04
	7.014329028668680e-15

 561	4.441486018902961e-09
	1.000000000000000e+00
	-8.668999314593268e-20
	-5.526477059146480e-04
	5.526477059076337e-04
	7.014329028668680e-15

 562	4.451486018902960e-09
	1.000000000000000e+00
	-8.668999314593268e-20
	-5.526477059146480e-04
	5.526477059076337e-04
	7.014329028668680e-15

 563	4.461486018902960e-09
	1.000000000000000e+00
	-8.668999314593268e-20
	-5.526477059146480e-04
	5.526477059076337e-04
	7.014329028668680e-15

 564	4.471486018902960e-09
	1.000000000000000e+00
	-8.668999314593268e-20
	-5.526477059146480e-04
	5.526477059076337e-04
	7.014329028668680e-15

 565	4.481486018902960e-09
	1.000000000000000e+00
	-8.668999314593268e-20
	-5.526477059146480e-04
	5.526477059076337e-04
	7.014329028668680e-15

 566	4.491486018902959e-09
	1.000000000000000e+00
	-8.668999314593268e-20
	-5.526477059146480e-04
	5.526477059076337e-04
	7.014329028668680e-15

 567	4.501486018902959e-09
	1.000000000000000e+00
	-8.668999314593268e-20
	-5.526477059146480e-04
	5.526477059076337e-04
	7.014329028668680e-15

 568	4.511486018902959e-09
	1.000000000000000e+00
	-8.668999314593268e-20
	-5.526477059146480e-04
	5.526477059076337e-04
	7.014329028668680e-15

 569	4.521486018902959e-09
	1.000000000000000e+00
	-8.668999314593268e-20
	-5.526477059146480e-04
	5.526477059076337e-04
	7.014329028668680e-15

 570	4.531486018902958e-09
	1.000000000000000e+00
	-8.668999314593268e-20
	-5.526477059146480e-04
	5.526477059076337e-04
	7.014329028668680e-15

 571	4.541486018902958e-09
	1.000000000000000e+00
	-8.668999314593268e-20
	-5.526477059146480e-04
	5.526477059076337e-04
	7.014329028668680e-15

 572	4.551486018902958e-09
	1.000000000000000e+00
	-8.668999314593268e-20
	-5.526477059146480e-04
	5.526477059076337e-04
	7.014329028668680e-15

 573	4.561486018902958e-09
	1.000000000000000e+00
	-8.668999314593268e-20
	-5.526477059146480e-04
	5.526477059076337e-04
	7.014329028668680e-15

 574	4.571486018902957e-09
	1.000000000000000e+00
	-8.668999314593268e-20
	-5.526477059146480e-04
	5.526477059076337e-04
	7.014329028668680e-15

 575	4.581486018902957e-09
	1.000000000000000e+00
	-8.668999314593268e-20
	-5.526477059146480e-04
	5.526477059076337e-04
	7.014329028668680e-15

 576	4.591486018902957e-09
	1.000000000000000e+00
	-8.668999314593268e-20
	-5.526477059146480e-04
	5.526477059076337e-04
	7.014329028668680e-15

 577	4.601486018902957e-09
	1.000000000000000e+00
	-8.668999314593268e-20
	-5.526477059146480e-04
	5.526477059076337e-04
	7.014329028668680e-15

 578	4.611486018902956e-09
	1.000000000000000e+00
	-8.668999314593268e-20
	-5.526477059146480e-04
	5.526477059076337e-04
	7.014329028668680e-15

 579	4.621486018902956e-09
	1.000000000000000e+00
	-8.668999314593268e-20
	-5.526477059146480e-04
	5.526477059076337e-04
	7.014329028668680e-15

 580	4.631486018902956e-09
	1.000000000000000e+00
	-8.668999314593268e-20
	-5.526477059146480e-04
	5.526477059076337e-04
	7.014329028668680e-15

 581	4.641486018902956e-09
	1.000000000000000e+00
	-8.668999314593268e-20
	-5.526477059146480e-04
	5.526477059076337e-04
	7.014329028668680e-15

 582	4.651486018902956e-09
	1.000000000000000e+00
	-8.668999314593268e-20
	-5.526477059146480e-04
	5.526477059076337e-04
	7.014329028668680e-15

 583	4.661486018902955e-09
	1.000000000000000e+00
	-8.668999314593268e-20
	-5.526477059146480e-04
	5.526477059076337e-04
	7.014329028668680e-15

 584	4.671486018902955e-09
	1.000000000000000e+00
	-8.668999314593268e-20
	-5.526477059146480e-04
	5.526477059076337e-04
	7.014329028668680e-15

 585	4.681486018902955e-09
	1.000000000000000e+00
	-8.668999314593268e-20
	-5.526477059146480e-04
	5.526477059076337e-04
	7.014329028668680e-15

 586	4.691486018902955e-09
	1.000000000000000e+00
	-8.668999314593268e-20
	-5.526477059146480e-04
	5.526477059076337e-04
	7.014329028668680e-15

 587	4.701486018902954e-09
	1.000000000000000e+00
	-8.668999314593268e-20
	-5.526477059146480e-04
	5.526477059076337e-04
	7.014329028668680e-15

 588	4.711486018902954e-09
	1.000000000000000e+00
	-8.668999314593268e-20
	-5.526477059146480e-04
	5.526477059076337e-04
	7.014329028668680e-15

 589	4.721486018902954e-09
	1.000000000000000e+00
	-8.668999314593268e-20
	-5.526477059146480e-04
	5.526477059076337e-04
	7.014329028668680e-15

 590	4.731486018902954e-09
	1.000000000000000e+00
	-8.668999314593268e-20
	-5.526477059146480e-04
	5.526477059076337e-04
	7.014329028668680e-15

 591	4.741486018902953e-09
	1.000000000000000e+00
	-8.668999314593268e-20
	-5.526477059146480e-04
	5.526477059076337e-04
	7.014329028668680e-15

 592	4.751486018902953e-09
	1.000000000000000e+00
	-8.668999314593268e-20
	-5.526477059146480e-04
	5.526477059076337e-04
	7.014329028668680e-15

 593	4.761486018902953e-09
	1.000000000000000e+00
	-8.668999314593268e-20
	-5.526477059146480e-04
	5.526477059076337e-04
	7.014329028668680e-15

 594	4.771486018902953e-09
	1.000000000000000e+00
	-8.668999314593268e-20
	-5.526477059146480e-04
	5.526477059076337e-04
	7.014329028668680e-15

 595	4.781486018902952e-09
	1.000000000000000e+00
	-8.668999314593268e-20
	-5.526477059146480e-04
	5.526477059076337e-04
	7.014329028668680e-15

 596	4.791486018902952e-09
	1.000000000000000e+00
	-8.668999314593268e-20
	-5.526477059146480e-04
	5.526477059076337e-04
	7.014329028668680e-15

 597	4.801486018902952e-09
	1.000000000000000e+00
	-8.668999314593268e-20
	-5.526477059146480e-04
	5.526477059076337e-04
	7.014329028668680e-15

 598	4.811486018902952e-09
	1.000000000000000e+00
	-8.668999314593268e-20
	-5.526477059146480e-04
	5.526477059076337e-04
	7.014329028668680e-15

 599	4.821486018902951e-09
	1.000000000000000e+00
	-8.668999314593268e-20
	-5.526477059146480e-04
	5.526477059076337e-04
	7.014329028668680e-15

 600	4.831486018902951e-09
	1.000000000000000e+00
	-8.668999314593268e-20
	-5.526477059146480e-04
	5.526477059076337e-04
	7.014329028668680e-15

 601	4.841486018902951e-09
	1.000000000000000e+00
	-8.668999314593268e-20
	-5.526477059146480e-04
	5.526477059076337e-04
	7.014329028668680e-15

 602	4.851486018902951e-09
	1.000000000000000e+00
	-8.668999314593268e-20
	-5.526477059146480e-04
	5.526477059076337e-04
	7.014329028668680e-15

 603	4.861486018902950e-09
	1.000000000000000e+00
	-8.668999314593268e-20
	-5.526477059146480e-04
	5.526477059076337e-04
	7.014329028668680e-15

 604	4.871486018902950e-09
	1.000000000000000e+00
	-8.668999314593268e-20
	-5.526477059146480e-04
	5.526477059076337e-04
	7.014329028668680e-15

 605	4.881486018902950e-09
	1.000000000000000e+00
	-8.668999314593268e-20
	-5.526477059146480e-04
	5.526477059076337e-04
	7.014329028668680e-15

 606	4.891486018902950e-09
	1.000000000000000e+00
	-8.668999314593268e-20
	-5.526477059146480e-04
	5.526477059076337e-04
	7.014329028668680e-15

 607	4.901486018902949e-09
	1.000000000000000e+00
	-8.668999314593268e-20
	-5.526477059146480e-04
	5.526477059076337e-04
	7.014329028668680e-15

 608	4.911486018902949e-09
	1.000000000000000e+00
	-8.668999314593268e-20
	-5.526477059146480e-04
	5.526477059076337e-04
	7.014329028668680e-15

 609	4.921486018902949e-09
	1.000000000000000e+00
	-8.668999314593268e-20
	-5.526477059146480e-04
	5.526477059076337e-04
	7.014329028668680e-15

 610	4.931486018902949e-09
	1.000000000000000e+00
	-8.668999314593268e-20
	-5.526477059146480e-04
	5.526477059076337e-04
	7.014329028668680e-15

 611	4.941486018902949e-09
	1.000000000000000e+00
	-8.668999314593268e-20
	-5.526477059146480e-04
	5.526477059076337e-04
	7.014329028668680e-15

 612	4.951486018902948e-09
	1.000000000000000e+00
	-8.668999314593268e-20
	-5.526477059146480e-04
	5.526477059076337e-04
	7.014329028668680e-15

 613	4.961486018902948e-09
	1.000000000000000e+00
	-8.668999314593268e-20
	-5.526477059146480e-04
	5.526477059076337e-04
	7.014329028668680e-15

 614	4.971486018902948e-09
	1.000000000000000e+00
	-8.668999314593268e-20
	-5.526477059146480e-04
	5.526477059076337e-04
	7.014329028668680e-15

 615	4.981486018902948e-09
	1.000000000000000e+00
	-8.668999314593268e-20
	-5.526477059146480e-04
	5.526477059076337e-04
	7.014329028668680e-15

 616	4.990743009451474e-09
	1.000000000000000e+00
	-1.469429603396584e-19
	-5.526477059146478e-04
	5.526477059076344e-04
	7.013853800676560e-15

 617	5.000000000000000e-09
	1.000000000000000e+00
	-7.605761067367429e-20
	-5.526477059146478e-04
	5.526477059076337e-04
	7.014334296173875e-15

