Title: * noise analysis
Date: 2026-07-20
Plotname: Noise Spectral Density Curves
Flags: real
No. Variables: 3
No. Points: 181
Variables:
	0	frequency	frequency	grid=3
	1	freq	frequency
	2	noise_spectrum	voltage-density
Values:
 0	1.000000000000000e+00
	1.000000000000000e+00
	3.560852651868084e-05
 1	1.122018454301963e+00
	1.122018454301963e+00
	3.560852578012673e-05
 2	1.258925411794167e+00
	1.258925411794167e+00
	3.560852485034231e-05
 3	1.412537544622754e+00
	1.412537544622754e+00
	3.560852367981325e-05
 4	1.584893192461113e+00
	1.584893192461113e+00
	3.560852220620474e-05
 5	1.778279410038922e+00
	1.778279410038922e+00
	3.560852035104197e-05
 6	1.995262314968879e+00
	1.995262314968879e+00
	3.560851801553110e-05
 7	2.238721138568339e+00
	2.238721138568339e+00
	3.560851507529822e-05
 8	2.511886431509579e+00
	2.511886431509579e+00
	3.560851137376605e-05
 9	2.818382931264452e+00
	2.818382931264452e+00
	3.560850671381587e-05
 10	3.162277660168377e+00
	3.162277660168377e+00
	3.560850084729051e-05
 11	3.548133892335751e+00
	3.548133892335751e+00
	3.560849346177954e-05
 12	3.981071705534969e+00
	3.981071705534969e+00
	3.560848416398297e-05
 13	4.466835921509626e+00
	4.466835921509626e+00
	3.560847245876786e-05
 14	5.011872336272718e+00
	5.011872336272718e+00
	3.560845772280247e-05
 15	5.623413251903484e+00
	5.623413251903484e+00
	3.560843917136452e-05
 16	6.309573444801925e+00
	6.309573444801925e+00
	3.560841581655658e-05
 17	7.079457843841370e+00
	7.079457843841370e+00
	3.560838641470427e-05
 18	7.943282347242804e+00
	7.943282347242804e+00
	3.560834940013786e-05
 19	8.912509381337442e+00
	8.912509381337442e+00
	3.560830280183313e-05
 20	9.999999999999984e+00
	9.999999999999984e+00
	3.560824413847671e-05
 21	1.122018454301961e+01
	1.122018454301961e+01
	3.560817028637366e-05
 22	1.258925411794165e+01
	1.258925411794165e+01
	3.560807731317338e-05
 23	1.412537544622752e+01
	1.412537544622752e+01
	3.560796026857479e-05
 24	1.584893192461110e+01
	1.584893192461110e+01
	3.560781292089051e-05
 25	1.778279410038919e+01
	1.778279410038919e+01
	3.560762742548123e-05
 26	1.995262314968875e+01
	1.995262314968875e+01
	3.560739390746665e-05
 27	2.238721138568335e+01
	2.238721138568335e+01
	3.560709993659143e-05
 28	2.511886431509575e+01
	2.511886431509575e+01
	3.560672986644043e-05
 29	2.818382931264447e+01
	2.818382931264447e+01
	3.560626400306652e-05
 30	3.162277660168372e+01
	3.162277660168372e+01
	3.560567755915782e-05
 31	3.548133892335746e+01
	3.548133892335746e+01
	3.560493933868337e-05
 32	3.981071705534962e+01
	3.981071705534962e+01
	3.560401008297433e-05
 33	4.466835921509619e+01
	4.466835921509619e+01
	3.560284039175243e-05
 34	5.011872336272709e+01
	5.011872336272709e+01
	3.560136811090934e-05
 35	5.623413251903474e+01
	5.623413251903474e+01
	3.559951505190832e-05
 36	6.309573444801914e+01
	6.309573444801914e+01
	3.559718287440283e-05
 37	7.079457843841358e+01
	7.079457843841358e+01
	3.559424792276463e-05
 38	7.943282347242791e+01
	7.943282347242791e+01
	3.559055475728262e-05
 39	8.912509381337428e+01
	8.912509381337428e+01
	3.558590806038719e-05
 40	9.999999999999969e+01
	9.999999999999969e+01
	3.558006252605911e-05
 41	1.122018454301960e+02
	1.122018454301960e+02
	3.557271025571878e-05
 42	1.258925411794163e+02
	1.258925411794163e+02
	3.556346508645468e-05
 43	1.412537544622750e+02
	1.412537544622750e+02
	3.555184316938034e-05
 44	1.584893192461108e+02
	1.584893192461108e+02
	3.553723900240262e-05
 45	1.778279410038917e+02
	1.778279410038917e+02
	3.551889601336662e-05
 46	1.995262314968873e+02
	1.995262314968873e+02
	3.549587070573183e-05
 47	2.238721138568332e+02
	2.238721138568332e+02
	3.546698935236035e-05
 48	2.511886431509571e+02
	2.511886431509571e+02
	3.543079630628338e-05
 49	2.818382931264443e+02
	2.818382931264443e+02
	3.538549327126533e-05
 50	3.162277660168368e+02
	3.162277660168368e+02
	3.532886945798544e-05
 51	3.548133892335741e+02
	3.548133892335741e+02
	3.525822360778423e-05
 52	3.981071705534957e+02
	3.981071705534957e+02
	3.517028060627067e-05
 53	4.466835921509614e+02
	4.466835921509614e+02
	3.506110807554720e-05
 54	5.011872336272703e+02
	5.011872336272703e+02
	3.492604214699305e-05
 55	5.623413251903468e+02
	5.623413251903468e+02
	3.475963666173855e-05
 56	6.309573444801906e+02
	6.309573444801906e+02
	3.455565606907580e-05
 57	7.079457843841349e+02
	7.079457843841349e+02
	3.430713839692802e-05
 58	7.943282347242780e+02
	7.943282347242780e+02
	3.400655896230035e-05
 59	8.912509381337416e+02
	8.912509381337416e+02
	3.364612487262868e-05
 60	9.999999999999955e+02
	9.999999999999955e+02
	3.321822081150342e-05
 61	1.122018454301958e+03
	1.122018454301958e+03
	3.271600440503530e-05
 62	1.258925411794161e+03
	1.258925411794161e+03
	3.213411376571565e-05
 63	1.412537544622747e+03
	1.412537544622747e+03
	3.146940575589283e-05
 64	1.584893192461106e+03
	1.584893192461106e+03
	3.072160410613613e-05
 65	1.778279410038914e+03
	1.778279410038914e+03
	2.989372023522388e-05
 66	1.995262314968869e+03
	1.995262314968869e+03
	2.899213226570907e-05
 67	2.238721138568328e+03
	2.238721138568328e+03
	2.802627160424612e-05
 68	2.511886431509567e+03
	2.511886431509567e+03
	2.700795429684555e-05
 69	2.818382931264438e+03
	2.818382931264438e+03
	2.595047493982292e-05
 70	3.162277660168362e+03
	3.162277660168362e+03
	2.486762477161642e-05
 71	3.548133892335735e+03
	3.548133892335735e+03
	2.377279049151717e-05
 72	3.981071705534950e+03
	3.981071705534950e+03
	2.267824578519435e-05
 73	4.466835921509605e+03
	4.466835921509605e+03
	2.159468616433584e-05
 74	5.011872336272693e+03
	5.011872336272693e+03
	2.053100210107220e-05
 75	5.623413251903457e+03
	5.623413251903457e+03
	1.949424876603925e-05
 76	6.309573444801895e+03
	6.309573444801895e+03
	1.848975526553985e-05
 77	7.079457843841336e+03
	7.079457843841336e+03
	1.752131724969028e-05
 78	7.943282347242766e+03
	7.943282347242766e+03
	1.659142695122613e-05
 79	8.912509381337401e+03
	8.912509381337401e+03
	1.570150794769798e-05
 80	9.999999999999938e+03
	9.999999999999938e+03
	1.485213431940856e-05
 81	1.122018454301956e+04
	1.122018454301956e+04
	1.404322362830792e-05
 82	1.258925411794159e+04
	1.258925411794159e+04
	1.327419992863474e-05
 83	1.412537544622745e+04
	1.412537544622745e+04
	1.254412723416915e-05
 84	1.584893192461103e+04
	1.584893192461103e+04
	1.185181615450537e-05
 85	1.778279410038911e+04
	1.778279410038911e+04
	1.119590740189202e-05
 86	1.995262314968866e+04
	1.995262314968866e+04
	1.057493606389679e-05
 87	2.238721138568325e+04
	2.238721138568325e+04
	9.987380293810939e-06
 88	2.511886431509563e+04
	2.511886431509563e+04
	9.431697624233809e-06
 89	2.818382931264435e+04
	2.818382931264435e+04
	8.906351600592097e-06
 90	3.162277660168357e+04
	3.162277660168357e+04
	8.409830937981591e-06
 91	3.548133892335730e+04
	3.548133892335730e+04
	7.940662963985562e-06
 92	3.981071705534944e+04
	3.981071705534944e+04
	7.497422735492851e-06
 93	4.466835921509599e+04
	4.466835921509599e+04
	7.078738909393734e-06
 94	5.011872336272686e+04
	5.011872336272686e+04
	6.683297199335138e-06
 95	5.623413251903449e+04
	5.623413251903449e+04
	6.309842054907221e-06
 96	6.309573444801885e+04
	6.309573444801885e+04
	5.957177046757909e-06
 97	7.079457843841326e+04
	7.079457843841326e+04
	5.624164322905104e-06
 98	7.943282347242754e+04
	7.943282347242754e+04
	5.309723410757306e-06
 99	8.912509381337385e+04
	8.912509381337385e+04
	5.012829570087809e-06
 100	9.999999999999920e+04
	9.999999999999920e+04
	4.732511849596016e-06
 101	1.122018454301954e+05
	1.122018454301954e+05
	4.467850959886018e-06
 102	1.258925411794157e+05
	1.258925411794157e+05
	4.217977045682982e-06
 103	1.412537544622743e+05
	1.412537544622743e+05
	3.982067417553135e-06
 104	1.584893192461100e+05
	1.584893192461100e+05
	3.759344286492235e-06
 105	1.778279410038908e+05
	1.778279410038908e+05
	3.549072532121980e-06
 106	1.995262314968862e+05
	1.995262314968862e+05
	3.350557525833429e-06
 107	2.238721138568320e+05
	2.238721138568320e+05
	3.163143023243987e-06
 108	2.511886431509558e+05
	2.511886431509558e+05
	2.986209135185718e-06
 109	2.818382931264429e+05
	2.818382931264429e+05
	2.819170382662071e-06
 110	3.162277660168351e+05
	3.162277660168351e+05
	2.661473838453363e-06
 111	3.548133892335723e+05
	3.548133892335723e+05
	2.512597356059876e-06
 112	3.981071705534937e+05
	3.981071705534937e+05
	2.372047885250412e-06
 113	4.466835921509591e+05
	4.466835921509591e+05
	2.239359872487631e-06
 114	5.011872336272677e+05
	5.011872336272677e+05
	2.114093743819586e-06
 115	5.623413251903439e+05
	5.623413251903439e+05
	1.995834467377612e-06
 116	6.309573444801874e+05
	6.309573444801874e+05
	1.884190192342444e-06
 117	7.079457843841313e+05
	7.079457843841313e+05
	1.778790961087295e-06
 118	7.943282347242740e+05
	7.943282347242740e+05
	1.679287491144132e-06
 119	8.912509381337371e+05
	8.912509381337371e+05
	1.585350023642026e-06
 120	9.999999999999905e+05
	9.999999999999905e+05
	1.496667234915262e-06
 121	1.122018454301953e+06
	1.122018454301953e+06
	1.412945208059532e-06
 122	1.258925411794155e+06
	1.258925411794155e+06
	1.333906461316745e-06
 123	1.412537544622740e+06
	1.412537544622740e+06
	1.259289030285003e-06
 124	1.584893192461098e+06
	1.584893192461098e+06
	1.188845601074367e-06
 125	1.778279410038905e+06
	1.778279410038905e+06
	1.122342691657272e-06
 126	1.995262314968860e+06
	1.995262314968860e+06
	1.059559878791577e-06
 127	2.238721138568317e+06
	2.238721138568317e+06
	1.000289068022489e-06
 128	2.511886431509554e+06
	2.511886431509554e+06
	9.443338043951713e-07
 129	2.818382931264425e+06
	2.818382931264425e+06
	8.915086216319094e-07
 130	3.162277660168346e+06
	3.162277660168346e+06
	8.416384276455911e-07
 131	3.548133892335718e+06
	3.548133892335718e+06
	7.945579243744056e-07
 132	3.981071705534931e+06
	3.981071705534931e+06
	7.501110600310407e-07
 133	4.466835921509584e+06
	4.466835921509584e+06
	7.081505119630016e-07
 134	5.011872336272670e+06
	5.011872336272670e+06
	6.685371984191018e-07
 135	5.623413251903431e+06
	5.623413251903431e+06
	6.311398176106878e-07
 136	6.309573444801864e+06
	6.309573444801864e+06
	5.958344125449224e-07
 137	7.079457843841302e+06
	7.079457843841302e+06
	5.625039601915868e-07
 138	7.943282347242728e+06
	7.943282347242728e+06
	5.310379836245484e-07
 139	8.912509381337358e+06
	8.912509381337358e+06
	5.013321858544755e-07
 140	9.999999999999890e+06
	9.999999999999890e+06
	4.732881041407338e-07
 141	1.122018454301951e+07
	1.122018454301951e+07
	4.468127836378713e-07
 142	1.258925411794153e+07
	1.258925411794153e+07
	4.218184692958861e-07
 143	1.412537544622738e+07
	1.412537544622738e+07
	3.982223149937408e-07
 144	1.584893192461096e+07
	1.584893192461096e+07
	3.759461089425475e-07
 145	1.778279410038903e+07
	1.778279410038903e+07
	3.549160144486372e-07
 146	1.995262314968857e+07
	1.995262314968857e+07
	3.350623251775580e-07
 147	2.238721138568314e+07
	2.238721138568314e+07
	3.163192341080285e-07
 148	2.511886431509551e+07
	2.511886431509551e+07
	2.986246154102102e-07
 149	2.818382931264421e+07
	2.818382931264421e+07
	2.819198185254587e-07
 150	3.162277660168342e+07
	3.162277660168342e+07
	2.661494737651287e-07
 151	3.548133892335713e+07
	3.548133892335713e+07
	2.512613087841807e-07
 152	3.981071705534925e+07
	3.981071705534925e+07
	2.372059753213638e-07
 153	4.466835921509578e+07
	4.466835921509578e+07
	2.239368856317745e-07
 154	5.011872336272663e+07
	5.011872336272663e+07
	2.114100580697315e-07
 155	5.623413251903423e+07
	5.623413251903423e+07
	1.995839713102097e-07
 156	6.309573444801856e+07
	6.309573444801856e+07
	1.884194267257605e-07
 157	7.079457843841292e+07
	7.079457843841292e+07
	1.778794184628472e-07
 158	7.943282347242716e+07
	7.943282347242716e+07
	1.679290107870942e-07
 159	8.912509381337343e+07
	8.912509381337343e+07
	1.585352222910398e-07
 160	9.999999999999873e+07
	9.999999999999873e+07
	1.496669165807740e-07
 161	1.122018454301949e+08
	1.122018454301949e+08
	1.412946990793227e-07
 162	1.258925411794151e+08
	1.258925411794151e+08
	1.333908196049923e-07
 163	1.412537544622736e+08
	1.412537544622736e+08
	1.259290804020073e-07
 164	1.584893192461093e+08
	1.584893192461093e+08
	1.188847493189990e-07
 165	1.778279410038899e+08
	1.778279410038899e+08
	1.122344778479156e-07
 166	1.995262314968853e+08
	1.995262314968853e+08
	1.059562237522090e-07
 167	2.238721138568310e+08
	2.238721138568310e+08
	1.000291780283653e-07
 168	2.511886431509547e+08
	2.511886431509547e+08
	9.443369595943961e-08
 169	2.818382931264416e+08
	2.818382931264416e+08
	8.915123203274228e-08
 170	3.162277660168337e+08
	3.162277660168337e+08
	8.416427850705964e-08
 171	3.548133892335706e+08
	3.548133892335706e+08
	7.945630742674704e-08
 172	3.981071705534918e+08
	3.981071705534918e+08
	7.501171589188968e-08
 173	4.466835921509570e+08
	4.466835921509570e+08
	7.081577440481140e-08
 174	5.011872336272654e+08
	5.011872336272654e+08
	6.685457812323836e-08
 175	5.623413251903414e+08
	5.623413251903414e+08
	6.311500086105990e-08
 176	6.309573444801846e+08
	6.309573444801846e+08
	5.958465168655400e-08
 177	7.079457843841281e+08
	7.079457843841281e+08
	5.625183397717829e-08
 178	7.943282347242705e+08
	7.943282347242705e+08
	5.310550679868173e-08
 179	8.912509381337330e+08
	8.912509381337330e+08
	5.013524848446372e-08
 180	1.000000000000000e+09
	1.000000000000000e+09
	4.733122229900765e-08
