 v-sweep         v(drain_iv)     v(gate_iv)      id              is              ib              ig              kcl            
 0.00000000e+00  0.00000000e+00  0.00000000e+00  0.00000000e+00  0.00000000e+00  0.00000000e+00  0.00000000e+00  0.00000000e+00 
 1.00000000e-01  1.00000000e-01  0.00000000e+00 -1.33280450e-10  1.33280350e-10  1.00000000e-16  0.00000000e+00  6.02772315e-27 
 2.00000000e-01  2.00000000e-01  0.00000000e+00 -1.40744527e-10  1.40744327e-10  2.00000000e-16  0.00000000e+00  1.20554463e-26 
 3.00000000e-01  3.00000000e-01  0.00000000e+00 -1.45531826e-10  1.45531526e-10  3.00000000e-16  0.00000000e+00  7.76628631e-27 
 4.00000000e-01  4.00000000e-01  0.00000000e+00 -1.50035791e-10  1.50035391e-10  4.00000000e-16  0.00000000e+00  2.41108926e-26 
 5.00000000e-01  5.00000000e-01  0.00000000e+00 -1.54445447e-10  1.54444947e-10  5.00000000e-16  0.00000000e+00  2.15601602e-26 
 6.00000000e-01  6.00000000e-01  0.00000000e+00 -1.58804604e-10  1.58804004e-10  6.00000000e-16  0.00000000e+00  1.03170187e-26 
 7.00000000e-01  7.00000000e-01  0.00000000e+00 -1.63130454e-10  1.63129754e-10  7.00000000e-16  0.00000000e+00  1.63447049e-26 
 8.00000000e-01  8.00000000e-01  0.00000000e+00 -1.67432080e-10  1.67431280e-10  8.00000000e-16  0.00000000e+00  3.47690444e-27 
 9.00000000e-01  9.00000000e-01  0.00000000e+00 -1.71715177e-10  1.71714277e-10  9.00000000e-16  0.00000000e+00  2.55078174e-27 
 1.00000000e+00  1.00000000e+00  0.00000000e+00 -1.75983744e-10  1.75982744e-10  1.00000000e-15  0.00000000e+00  8.57866513e-27 
 1.10000000e+00  1.10000000e+00  0.00000000e+00 -1.80240970e-10  1.80239870e-10  1.10000000e-15  0.00000000e+00  1.12430428e-26 
 1.20000000e+00  1.20000000e+00  0.00000000e+00 -1.84490052e-10  1.84488852e-10  1.20000000e-15  0.00000000e+00  5.21535666e-27 
 0.00000000e+00  0.00000000e+00  2.00000000e-01  0.00000000e+00  0.00000000e+00  0.00000000e+00  0.00000000e+00  0.00000000e+00 
 1.00000000e-01  1.00000000e-01  2.00000000e-01 -1.34380708e-08  1.34380707e-08  1.00000000e-16  0.00000000e+00  3.18771173e-26 
 2.00000000e-01  2.00000000e-01  2.00000000e-01 -1.41911274e-08  1.41911272e-08  2.00000000e-16  0.00000000e+00  6.37542346e-26 
 3.00000000e-01  3.00000000e-01  2.00000000e-01 -1.46726224e-08  1.46726221e-08  3.00000000e-16  0.00000000e+00  9.56312903e-26 
 4.00000000e-01  4.00000000e-01  2.00000000e-01 -1.51254477e-08  1.51254473e-08  4.00000000e-16  0.00000000e+00  1.27508469e-25 
 5.00000000e-01  5.00000000e-01  2.00000000e-01 -1.55687377e-08  1.55687372e-08  5.00000000e-16  0.00000000e+00  1.81374682e-24 
 6.00000000e-01  6.00000000e-01  2.00000000e-01 -1.60069220e-08  1.60069214e-08  6.00000000e-16  0.00000000e+00  3.49998523e-24 
 7.00000000e-01  7.00000000e-01  2.00000000e-01 -1.64417380e-08  1.64417373e-08  7.00000000e-16  0.00000000e+00  1.87750108e-24 
 8.00000000e-01  8.00000000e-01  2.00000000e-01 -1.68741034e-08  1.68741026e-08  8.00000000e-16  0.00000000e+00  2.55017037e-25 
 9.00000000e-01  9.00000000e-01  2.00000000e-01 -1.73045938e-08  1.73045929e-08  9.00000000e-16  0.00000000e+00  1.94125534e-24 
 1.00000000e+00  1.00000000e+00  2.00000000e-01 -1.77336130e-08  1.77336120e-08  1.00000000e-15  0.00000000e+00  3.18771395e-25 
 1.10000000e+00  1.10000000e+00  2.00000000e-01 -1.81614833e-08  1.81614822e-08  1.10000000e-15  0.00000000e+00  1.30371275e-24 
 1.20000000e+00  1.20000000e+00  2.00000000e-01 -1.85885270e-08  1.85885258e-08  1.20000000e-15  0.00000000e+00  3.82525555e-25 
 0.00000000e+00  0.00000000e+00  4.00000000e-01  0.00000000e+00  0.00000000e+00  0.00000000e+00  0.00000000e+00  0.00000000e+00 
 1.00000000e-01  1.00000000e-01  4.00000000e-01 -9.47035586e-07  9.47035586e-07  1.00000000e-16  0.00000000e+00  3.14009862e-23 
 2.00000000e-01  2.00000000e-01  4.00000000e-01 -1.00477615e-06  1.00477615e-06  2.00000000e-16  0.00000000e+00  1.48956264e-22 
 3.00000000e-01  3.00000000e-01  4.00000000e-01 -1.03491459e-06  1.03491459e-06  3.00000000e-16  0.00000000e+00  1.16761599e-23 
 4.00000000e-01  4.00000000e-01  4.00000000e-01 -1.06255794e-06  1.06255794e-06  4.00000000e-16  0.00000000e+00  1.25603945e-22 
 5.00000000e-01  5.00000000e-01  4.00000000e-01 -1.08941830e-06  1.08941830e-06  5.00000000e-16  0.00000000e+00  1.60632424e-22 
 6.00000000e-01  6.00000000e-01  4.00000000e-01 -1.11586390e-06  1.11586390e-06  6.00000000e-16  0.00000000e+00  2.33523199e-23 
 7.00000000e-01  7.00000000e-01  4.00000000e-01 -1.14203420e-06  1.14203420e-06  7.00000000e-16  0.00000000e+00  1.13927785e-22 
 8.00000000e-01  8.00000000e-01  4.00000000e-01 -1.16800180e-06  1.16800180e-06  8.00000000e-16  0.00000000e+00  3.94496524e-23 
 9.00000000e-01  9.00000000e-01  4.00000000e-01 -1.19381204e-06  1.19381204e-06  9.00000000e-16  0.00000000e+00  1.76729757e-22 
 1.00000000e+00  1.00000000e+00  4.00000000e-01 -1.21949658e-06  1.21949658e-06  1.00000000e-15  0.00000000e+00  1.09506612e-22 
 1.10000000e+00  1.10000000e+00  4.00000000e-01 -1.24508025e-06  1.24508025e-06  1.10000000e-15  0.00000000e+00  2.77734924e-23 
 1.20000000e+00  1.20000000e+00  4.00000000e-01 -1.27058668e-06  1.27058668e-06  1.20000000e-15  0.00000000e+00  4.67046399e-23 
 0.00000000e+00  0.00000000e+00  6.00000000e-01  0.00000000e+00  0.00000000e+00  0.00000000e+00  0.00000000e+00  0.00000000e+00 
 1.00000000e-01  1.00000000e-01  6.00000000e-01 -1.86408848e-05  1.86408848e-05  1.00000000e-16  0.00000000e+00  2.67837895e-21 
 2.00000000e-01  2.00000000e-01  6.00000000e-01 -2.51480382e-05  2.51480382e-05  2.00000000e-16  0.00000000e+00  1.96862610e-21 
 3.00000000e-01  3.00000000e-01  6.00000000e-01 -2.62437538e-05  2.62437538e-05  3.00000000e-16  0.00000000e+00  1.25887326e-21 
 4.00000000e-01  4.00000000e-01  6.00000000e-01 -2.66857441e-05  2.66857441e-05  4.00000000e-16  0.00000000e+00  5.49120418e-22 
 5.00000000e-01  5.00000000e-01  6.00000000e-01 -2.70471325e-05  2.70471325e-05  5.00000000e-16  0.00000000e+00  1.60632424e-22 
 6.00000000e-01  6.00000000e-01  6.00000000e-01 -2.73831025e-05  2.73831025e-05  6.00000000e-16  0.00000000e+00  8.70385267e-22 
 7.00000000e-01  7.00000000e-01  6.00000000e-01 -2.77053577e-05  2.77053577e-05  7.00000000e-16  0.00000000e+00  1.58013811e-21 
 8.00000000e-01  8.00000000e-01  6.00000000e-01 -2.80182369e-05  2.80182369e-05  8.00000000e-16  0.00000000e+00  1.09824084e-21 
 9.00000000e-01  9.00000000e-01  6.00000000e-01 -2.83239910e-05  2.83239910e-05  9.00000000e-16  0.00000000e+00  3.88487994e-22 
 1.00000000e+00  1.00000000e+00  6.00000000e-01 -2.86240335e-05  2.86240335e-05  1.00000000e-15  0.00000000e+00  3.21264849e-22 
 1.10000000e+00  1.10000000e+00  6.00000000e-01 -2.89193586e-05  2.89193586e-05  1.10000000e-15  0.00000000e+00  1.03101769e-21 
 1.20000000e+00  1.20000000e+00  6.00000000e-01 -2.92107339e-05  2.92107339e-05  1.20000000e-15  0.00000000e+00  1.64736125e-21 
 0.00000000e+00  0.00000000e+00  8.00000000e-01  0.00000000e+00  0.00000000e+00  0.00000000e+00  0.00000000e+00  0.00000000e+00 
 1.00000000e-01  1.00000000e-01  8.00000000e-01 -4.99692018e-05  4.99692018e-05  1.00000000e-16  0.00000000e+00  4.09788463e-21 
 2.00000000e-01  2.00000000e-01  8.00000000e-01 -8.42571484e-05  8.42571484e-05  2.00000000e-16  0.00000000e+00  8.19576926e-21 
 3.00000000e-01  3.00000000e-01  8.00000000e-01 -1.03543820e-04  1.03543820e-04  3.00000000e-16  0.00000000e+00  1.25887326e-21 
 4.00000000e-01  4.00000000e-01  8.00000000e-01 -1.10797647e-04  1.10797647e-04  4.00000000e-16  0.00000000e+00  2.83901137e-21 
 5.00000000e-01  5.00000000e-01  8.00000000e-01 -1.13007925e-04  1.13007925e-04  5.00000000e-16  0.00000000e+00  6.93689600e-21 
 6.00000000e-01  6.00000000e-01  8.00000000e-01 -1.14252793e-04  1.14252793e-04  6.00000000e-16  0.00000000e+00  2.51774652e-21 
 7.00000000e-01  7.00000000e-01  8.00000000e-01 -1.15283360e-04  1.15283360e-04  7.00000000e-16  0.00000000e+00  1.58013811e-21 
 8.00000000e-01  8.00000000e-01  8.00000000e-01 -1.16226443e-04  1.16226443e-04  8.00000000e-16  0.00000000e+00  5.67802274e-21 
 9.00000000e-01  9.00000000e-01  8.00000000e-01 -1.17117074e-04  1.17117074e-04  9.00000000e-16  0.00000000e+00  3.77661978e-21 
 1.00000000e+00  1.00000000e+00  8.00000000e-01 -1.17970057e-04  1.17970057e-04  1.00000000e-15  0.00000000e+00  3.21264849e-22 
 1.10000000e+00  1.10000000e+00  8.00000000e-01 -1.18793629e-04  1.18793629e-04  1.10000000e-15  0.00000000e+00  4.41914948e-21 
 1.20000000e+00  1.20000000e+00  8.00000000e-01 -1.19593178e-04  1.19593178e-04  1.20000000e-15  0.00000000e+00  8.51703411e-21 
 0.00000000e+00  0.00000000e+00  1.00000000e+00  0.00000000e+00  0.00000000e+00  0.00000000e+00  0.00000000e+00  0.00000000e+00 
 1.00000000e-01  1.00000000e-01  1.00000000e+00 -7.64291184e-05  7.64291184e-05  1.00000000e-16  0.00000000e+00  4.09788463e-21 
 2.00000000e-01  2.00000000e-01  1.00000000e+00 -1.36825594e-04  1.36825594e-04  2.00000000e-16  0.00000000e+00  1.89092850e-20 
 3.00000000e-01  3.00000000e-01  1.00000000e+00 -1.81468731e-04  1.81468731e-04  3.00000000e-16  0.00000000e+00  1.25887326e-21 
 4.00000000e-01  4.00000000e-01  1.00000000e+00 -2.10818514e-04  2.10818514e-04  4.00000000e-16  0.00000000e+00  1.07135158e-20 
 5.00000000e-01  5.00000000e-01  1.00000000e+00 -2.26266804e-04  2.26266804e-04  5.00000000e-16  0.00000000e+00  6.93689600e-21 
 6.00000000e-01  6.00000000e-01  1.00000000e+00 -2.32350639e-04  2.32350639e-04  6.00000000e-16  0.00000000e+00  2.51774652e-21 
 7.00000000e-01  7.00000000e-01  1.00000000e+00 -2.35110759e-04  2.35110759e-04  7.00000000e-16  0.00000000e+00  1.19723890e-20 
 8.00000000e-01  8.00000000e-01  1.00000000e+00 -2.37072799e-04  2.37072799e-04  8.00000000e-16  0.00000000e+00  2.14270316e-20 
 9.00000000e-01  9.00000000e-01  1.00000000e+00 -2.38771748e-04  2.38771748e-04  9.00000000e-16  0.00000000e+00  3.77661978e-21 
 1.00000000e+00  1.00000000e+00  1.00000000e+00 -2.40335378e-04  2.40335378e-04  1.00000000e-15  0.00000000e+00  1.32312623e-20 
 1.10000000e+00  1.10000000e+00  1.00000000e+00 -2.41808887e-04  2.41808887e-04  1.10000000e-15  0.00000000e+00  4.41914948e-21 
 1.20000000e+00  1.20000000e+00  1.00000000e+00 -2.43214434e-04  2.43214434e-04  1.20000000e-15  0.00000000e+00  5.03549304e-21 
 0.00000000e+00  0.00000000e+00  1.20000000e+00  0.00000000e+00  0.00000000e+00  0.00000000e+00  0.00000000e+00  0.00000000e+00 
 1.00000000e-01  1.00000000e-01  1.20000000e+00 -9.99787541e-05  9.99787541e-05  1.00000000e-16  0.00000000e+00  4.09788463e-21 
 2.00000000e-01  2.00000000e-01  1.20000000e+00 -1.84014812e-04  1.84014812e-04  2.00000000e-16  0.00000000e+00  1.89092850e-20 
 3.00000000e-01  3.00000000e-01  1.20000000e+00 -2.52329523e-04  2.52329523e-04  3.00000000e-16  0.00000000e+00  1.25887326e-21 
 4.00000000e-01  4.00000000e-01  1.20000000e+00 -3.05173420e-04  3.05173420e-04  4.00000000e-16  0.00000000e+00  3.78185701e-20 
 5.00000000e-01  5.00000000e-01  1.20000000e+00 -3.42904796e-04  3.42904796e-04  5.00000000e-16  0.00000000e+00  2.01681583e-20 
 6.00000000e-01  6.00000000e-01  1.20000000e+00 -3.66335907e-04  3.66335907e-04  6.00000000e-16  0.00000000e+00  2.51774652e-21 
 7.00000000e-01  7.00000000e-01  1.20000000e+00 -3.78032318e-04  3.78032318e-04  7.00000000e-16  0.00000000e+00  1.51326653e-20 
 8.00000000e-01  8.00000000e-01  1.20000000e+00 -3.83361683e-04  3.83361683e-04  8.00000000e-16  0.00000000e+00  2.14270316e-20 
 9.00000000e-01  9.00000000e-01  1.20000000e+00 -3.86630038e-04  3.86630038e-04  9.00000000e-16  0.00000000e+00  3.77661978e-21 
 1.00000000e+00  1.00000000e+00  1.20000000e+00 -3.89264198e-04  3.89264198e-04  1.00000000e-15  0.00000000e+00  1.38737920e-20 
 1.10000000e+00  1.10000000e+00  1.20000000e+00 -3.91617739e-04  3.91617739e-04  1.10000000e-15  0.00000000e+00  2.26859048e-20 
 1.20000000e+00  1.20000000e+00  1.20000000e+00 -3.93800820e-04  3.93800820e-04  1.20000000e-15  0.00000000e+00  4.91746156e-20 
