Vg Cgg_1kHz Cgg_10kHz Cgg_100kHz Cgg_1MHz Cgb_1MHz Cgs_1MHz Cgd_1MHz
-8.000000e-01 1.018711e-14 1.018711e-14 1.018719e-14 1.018711e-14 -6.764037e-15 -1.550854e-15 -1.872219e-15
-7.500000e-01 9.933465e-15 9.933470e-15 9.933497e-15 9.933465e-15 -6.507495e-15 -1.552063e-15 -1.873906e-15
-7.000000e-01 9.584740e-15 9.584747e-15 9.584788e-15 9.584740e-15 -6.155699e-15 -1.553384e-15 -1.875673e-15
-6.500000e-01 9.146046e-15 9.146050e-15 9.145998e-15 9.146046e-15 -5.713710e-15 -1.554832e-15 -1.877519e-15
-6.000000e-01 8.657854e-15 8.657862e-15 8.657870e-15 8.657854e-15 -5.222001e-15 -1.556424e-15 -1.879429e-15
-5.500000e-01 8.176140e-15 8.176143e-15 8.176108e-15 8.176140e-15 -4.736499e-15 -1.558191e-15 -1.881450e-15
-5.000000e-01 7.741615e-15 7.741620e-15 7.741615e-15 7.741615e-15 -4.297900e-15 -1.560164e-15 -1.883551e-15
-4.500000e-01 7.369877e-15 7.369884e-15 7.369829e-15 7.369877e-15 -3.921753e-15 -1.562376e-15 -1.885763e-15
-4.000000e-01 7.059445e-15 7.059445e-15 7.059477e-15 7.059445e-15 -3.606499e-15 -1.564875e-15 -1.888087e-15
-3.500000e-01 6.801821e-15 6.801821e-15 6.801805e-15 6.801821e-15 -3.343623e-15 -1.567676e-15 -1.890522e-15
-3.000000e-01 6.587359e-15 6.587356e-15 6.587423e-15 6.587359e-15 -3.123400e-15 -1.570859e-15 -1.893100e-15
-2.500000e-01 6.407514e-15 6.407511e-15 6.407578e-15 6.407514e-15 -2.937252e-15 -1.574440e-15 -1.895822e-15
-2.000000e-01 6.255362e-15 6.255357e-15 6.255426e-15 6.255362e-15 -2.778225e-15 -1.578419e-15 -1.898703e-15
-1.500000e-01 6.125428e-15 6.125433e-15 6.125396e-15 6.125428e-15 -2.640922e-15 -1.582748e-15 -1.901758e-15
-1.000000e-01 6.013415e-15 6.013415e-15 6.013351e-15 6.013415e-15 -2.521158e-15 -1.587252e-15 -1.905005e-15
-5.000000e-02 5.915821e-15 5.915826e-15 5.915789e-15 5.915821e-15 -2.415701e-15 -1.591645e-15 -1.908475e-15
0.000000e+00 5.829861e-15 5.829861e-15 5.829846e-15 5.829861e-15 -2.322055e-15 -1.595624e-15 -1.912183e-15
5.000000e-02 5.753340e-15 5.753333e-15 5.753292e-15 5.753340e-15 -2.238260e-15 -1.598918e-15 -1.916146e-15
1.000000e-01 5.684633e-15 5.684636e-15 5.684696e-15 5.684633e-15 -2.162741e-15 -1.601465e-15 -1.920427e-15
1.500000e-01 5.622626e-15 5.622629e-15 5.622626e-15 5.622626e-15 -2.094272e-15 -1.603311e-15 -1.925043e-15
2.000000e-01 5.566524e-15 5.566524e-15 5.566444e-15 5.566524e-15 -2.031820e-15 -1.604632e-15 -1.930072e-15
2.500000e-01 5.515769e-15 5.515774e-15 5.515833e-15 5.515769e-15 -1.974572e-15 -1.605603e-15 -1.935611e-15
3.000000e-01 5.470171e-15 5.470174e-15 5.470155e-15 5.470171e-15 -1.921716e-15 -1.606510e-15 -1.941961e-15
3.500000e-01 5.430383e-15 5.430387e-15 5.430367e-15 5.430383e-15 -1.872362e-15 -1.608038e-15 -1.949998e-15
4.000000e-01 5.399936e-15 5.399939e-15 5.399968e-15 5.399936e-15 -1.824711e-15 -1.612622e-15 -1.962603e-15
4.500000e-01 5.391533e-15 5.391533e-15 5.391533e-15 5.391533e-15 -1.773495e-15 -1.628951e-15 -1.989071e-15
5.000000e-01 5.447619e-15 5.447613e-15 5.447555e-15 5.447619e-15 -1.700921e-15 -1.688220e-15 -2.058462e-15
5.500000e-01 5.706580e-15 5.706578e-15 5.706500e-15 5.706580e-15 -1.554769e-15 -1.892352e-15 -2.259459e-15
6.000000e-01 6.433202e-15 6.433204e-15 6.433202e-15 6.433202e-15 -1.248093e-15 -2.416243e-15 -2.768866e-15
6.500000e-01 7.530687e-15 7.530684e-15 7.530734e-15 7.530687e-15 -8.415158e-16 -3.093431e-15 -3.595740e-15
7.000000e-01 8.325888e-15 8.325887e-15 8.325873e-15 8.325888e-15 -5.807564e-16 -3.338864e-15 -4.406268e-15
7.500000e-01 8.679372e-15 8.679373e-15 8.679356e-15 8.679372e-15 -4.885898e-16 -3.106975e-15 -5.083807e-15
8.000000e-01 8.825014e-15 8.825014e-15 8.824982e-15 8.825014e-15 -4.679474e-16 -2.678259e-15 -5.678808e-15
8.500000e-01 8.900454e-15 8.900460e-15 8.900422e-15 8.900454e-15 -4.682816e-16 -2.232100e-15 -6.200072e-15
9.000000e-01 8.953150e-15 8.953144e-15 8.953102e-15 8.953150e-15 -4.734223e-16 -1.837332e-15 -6.642395e-15
9.500000e-01 8.996838e-15 8.996843e-15 8.996870e-15 8.996838e-15 -4.789450e-16 -1.508120e-15 -7.009773e-15
1.000000e+00 9.034796e-15 9.034800e-15 9.034749e-15 9.034796e-15 -4.837833e-16 -1.239053e-15 -7.311960e-15
1.050000e+00 9.067519e-15 9.067520e-15 9.067535e-15 9.067519e-15 -4.877940e-16 -1.020438e-15 -7.559287e-15
1.100000e+00 9.095403e-15 9.095396e-15 9.095387e-15 9.095403e-15 -4.910407e-16 -8.433302e-16 -7.761032e-15
1.150000e+00 9.119276e-15 9.119274e-15 9.119260e-15 9.119276e-15 -4.936191e-16 -7.003772e-16 -7.925280e-15
1.200000e+00 9.140252e-15 9.140252e-15 9.140268e-15 9.140252e-15 -4.955767e-16 -5.857539e-16 -8.058922e-15
