Title: * noise analysis
Date: 2026-07-20
Plotname: Noise Spectral Density Curves
Flags: real
No. Variables: 3
No. Points: 181
Variables:
	0	frequency	frequency	grid=3
	1	freq	frequency
	2	noise_spectrum	voltage-density
Values:
 0	1.000000000000000e+00
	1.000000000000000e+00
	3.414312468892427e-05
 1	1.122018454301963e+00
	1.122018454301963e+00
	3.414312398076398e-05
 2	1.258925411794167e+00
	1.258925411794167e+00
	3.414312308924311e-05
 3	1.412537544622754e+00
	1.412537544622754e+00
	3.414312196688498e-05
 4	1.584893192461113e+00
	1.584893192461113e+00
	3.414312055392010e-05
 5	1.778279410038922e+00
	1.778279410038922e+00
	3.414311877510312e-05
 6	1.995262314968879e+00
	1.995262314968879e+00
	3.414311653570586e-05
 7	2.238721138568339e+00
	2.238721138568339e+00
	3.414311371647280e-05
 8	2.511886431509579e+00
	2.511886431509579e+00
	3.414311016727031e-05
 9	2.818382931264452e+00
	2.818382931264452e+00
	3.414310569909171e-05
 10	3.162277660168377e+00
	3.162277660168377e+00
	3.414310007399230e-05
 11	3.548133892335751e+00
	3.548133892335751e+00
	3.414309299241831e-05
 12	3.981071705534969e+00
	3.981071705534969e+00
	3.414308407725528e-05
 13	4.466835921509626e+00
	4.466835921509626e+00
	3.414307285374654e-05
 14	5.011872336272718e+00
	5.011872336272718e+00
	3.414305872421242e-05
 15	5.623413251903484e+00
	5.623413251903484e+00
	3.414304093622443e-05
 16	6.309573444801925e+00
	6.309573444801925e+00
	3.414301854254021e-05
 17	7.079457843841370e+00
	7.079457843841370e+00
	3.414299035066650e-05
 18	7.943282347242804e+00
	7.943282347242804e+00
	3.414295485936578e-05
 19	8.912509381337442e+00
	8.912509381337442e+00
	3.414291017872769e-05
 20	9.999999999999984e+00
	9.999999999999984e+00
	3.414285392955268e-05
 21	1.122018454301961e+01
	1.122018454301961e+01
	3.414278311669569e-05
 22	1.258925411794165e+01
	1.258925411794165e+01
	3.414269396963471e-05
 23	1.412537544622752e+01
	1.412537544622752e+01
	3.414258174178906e-05
 24	1.584893192461110e+01
	1.584893192461110e+01
	3.414244045792490e-05
 25	1.778279410038919e+01
	1.778279410038919e+01
	3.414226259623450e-05
 26	1.995262314968875e+01
	1.995262314968875e+01
	3.414203868821985e-05
 27	2.238721138568335e+01
	2.238721138568335e+01
	3.414175681516970e-05
 28	2.511886431509575e+01
	2.511886431509575e+01
	3.414140197456806e-05
 29	2.818382931264447e+01
	2.818382931264447e+01
	3.414095528293560e-05
 30	3.162277660168372e+01
	3.162277660168372e+01
	3.414039297303615e-05
 31	3.548133892335746e+01
	3.548133892335746e+01
	3.413968513265348e-05
 32	3.981071705534962e+01
	3.981071705534962e+01
	3.413879411873628e-05
 33	4.466835921509619e+01
	4.466835921509619e+01
	3.413767256398294e-05
 34	5.011872336272709e+01
	5.011872336272709e+01
	3.413626087212195e-05
 35	5.623413251903474e+01
	5.623413251903474e+01
	3.413448407232052e-05
 36	6.309573444801914e+01
	6.309573444801914e+01
	3.413224787124628e-05
 37	7.079457843841358e+01
	7.079457843841358e+01
	3.412943370208855e-05
 38	7.943282347242791e+01
	7.943282347242791e+01
	3.412589252196868e-05
 39	8.912509381337428e+01
	8.912509381337428e+01
	3.412143705124865e-05
 40	9.999999999999969e+01
	9.999999999999969e+01
	3.411583207902249e-05
 41	1.122018454301960e+02
	1.122018454301960e+02
	3.410878237770437e-05
 42	1.258925411794163e+02
	1.258925411794163e+02
	3.409991767619960e-05
 43	1.412537544622750e+02
	1.412537544622750e+02
	3.408877403752322e-05
 44	1.584893192461108e+02
	1.584893192461108e+02
	3.407477087789504e-05
 45	1.778279410038917e+02
	1.778279410038917e+02
	3.405718276048059e-05
 46	1.995262314968873e+02
	1.995262314968873e+02
	3.403510501658504e-05
 47	2.238721138568332e+02
	2.238721138568332e+02
	3.400741222162795e-05
 48	2.511886431509571e+02
	2.511886431509571e+02
	3.397270863308384e-05
 49	2.818382931264443e+02
	2.818382931264443e+02
	3.392926996025264e-05
 50	3.162277660168368e+02
	3.162277660168368e+02
	3.387497639473323e-05
 51	3.548133892335741e+02
	3.548133892335741e+02
	3.380723784313655e-05
 52	3.981071705534957e+02
	3.981071705534957e+02
	3.372291397230286e-05
 53	4.466835921509614e+02
	4.466835921509614e+02
	3.361823423401628e-05
 54	5.011872336272703e+02
	5.011872336272703e+02
	3.348872669246774e-05
 55	5.623413251903468e+02
	5.623413251903468e+02
	3.332916931528444e-05
 56	6.309573444801906e+02
	6.309573444801906e+02
	3.313358316418677e-05
 57	7.079457843841349e+02
	7.079457843841349e+02
	3.289529277401737e-05
 58	7.943282347242780e+02
	7.943282347242780e+02
	3.260708312598370e-05
 59	8.912509381337416e+02
	8.912509381337416e+02
	3.226148202934283e-05
 60	9.999999999999955e+02
	9.999999999999955e+02
	3.185118756163630e-05
 61	1.122018454301958e+03
	1.122018454301958e+03
	3.136963893385940e-05
 62	1.258925411794161e+03
	1.258925411794161e+03
	3.081169491667809e-05
 63	1.412537544622747e+03
	1.412537544622747e+03
	3.017434172206538e-05
 64	1.584893192461106e+03
	1.584893192461106e+03
	2.945731444959259e-05
 65	1.778279410038914e+03
	1.778279410038914e+03
	2.866350058839581e-05
 66	1.995262314968869e+03
	1.995262314968869e+03
	2.779901578104695e-05
 67	2.238721138568328e+03
	2.238721138568328e+03
	2.687290330211975e-05
 68	2.511886431509567e+03
	2.511886431509567e+03
	2.589649293029345e-05
 69	2.818382931264438e+03
	2.818382931264438e+03
	2.488253214770736e-05
 70	3.162277660168362e+03
	3.162277660168362e+03
	2.384424464035923e-05
 71	3.548133892335735e+03
	3.548133892335735e+03
	2.279446620323687e-05
 72	3.981071705534950e+03
	3.981071705534950e+03
	2.174496542175037e-05
 73	4.466835921509605e+03
	4.466835921509605e+03
	2.070599765414355e-05
 74	5.011872336272693e+03
	5.011872336272693e+03
	1.968608750211882e-05
 75	5.623413251903457e+03
	5.623413251903457e+03
	1.869199979425406e-05
 76	6.309573444801895e+03
	6.309573444801895e+03
	1.772884432770263e-05
 77	7.079457843841336e+03
	7.079457843841336e+03
	1.680026054990779e-05
 78	7.943282347242766e+03
	7.943282347242766e+03
	1.590863813059288e-05
 79	8.912509381337401e+03
	8.912509381337401e+03
	1.505534206276183e-05
 80	9.999999999999938e+03
	9.999999999999938e+03
	1.424092280160678e-05
 81	1.122018454301956e+04
	1.122018454301956e+04
	1.346530130172348e-05
 82	1.258925411794159e+04
	1.258925411794159e+04
	1.272792531936018e-05
 83	1.412537544622745e+04
	1.412537544622745e+04
	1.202789738708014e-05
 84	1.584893192461103e+04
	1.584893192461103e+04
	1.136407706162222e-05
 85	1.778279410038911e+04
	1.778279410038911e+04
	1.073516099417675e-05
 86	1.995262314968866e+04
	1.995262314968866e+04
	1.013974455803172e-05
 87	2.238721138568325e+04
	2.238721138568325e+04
	9.576368535216929e-06
 88	2.511886431509563e+04
	2.511886431509563e+04
	9.043553935672549e-06
 89	2.818382931264435e+04
	2.818382931264435e+04
	8.539827534717034e-06
 90	3.162277660168357e+04
	3.162277660168357e+04
	8.063740241525836e-06
 91	3.548133892335730e+04
	3.548133892335730e+04
	7.613879988736472e-06
 92	3.981071705534944e+04
	3.981071705534944e+04
	7.188880474081566e-06
 93	4.466835921509599e+04
	4.466835921509599e+04
	6.787426789487579e-06
 94	5.011872336272686e+04
	5.011872336272686e+04
	6.408258735574023e-06
 95	5.623413251903449e+04
	5.623413251903449e+04
	6.050172431736423e-06
 96	6.309573444801885e+04
	6.309573444801885e+04
	5.712020685412334e-06
 97	7.079457843841326e+04
	7.079457843841326e+04
	5.392712470768073e-06
 98	7.943282347242754e+04
	7.943282347242754e+04
	5.091211780019979e-06
 99	8.912509381337385e+04
	8.912509381337385e+04
	4.806536044188904e-06
 100	9.999999999999920e+04
	9.999999999999920e+04
	4.537754269640114e-06
 101	1.122018454301954e+05
	1.122018454301954e+05
	4.283984998595427e-06
 102	1.258925411794157e+05
	1.258925411794157e+05
	4.044394173029857e-06
 103	1.412537544622743e+05
	1.412537544622743e+05
	3.818192959738393e-06
 104	1.584893192461100e+05
	1.584893192461100e+05
	3.604635578153208e-06
 105	1.778279410038908e+05
	1.778279410038908e+05
	3.403017160385725e-06
 106	1.995262314968862e+05
	1.995262314968862e+05
	3.212671663954482e-06
 107	2.238721138568320e+05
	2.238721138568320e+05
	3.032969850974057e-06
 108	2.511886431509558e+05
	2.511886431509558e+05
	2.863317342643522e-06
 109	2.818382931264429e+05
	2.818382931264429e+05
	2.703152754247763e-06
 110	3.162277660168351e+05
	3.162277660168351e+05
	2.551945913241666e-06
 111	3.548133892335723e+05
	3.548133892335723e+05
	2.409196161077717e-06
 112	3.981071705534937e+05
	3.981071705534937e+05
	2.274430738074979e-06
 113	4.466835921509591e+05
	4.466835921509591e+05
	2.147203249671885e-06
 114	5.011872336272677e+05
	5.011872336272677e+05
	2.027092211751521e-06
 115	5.623413251903439e+05
	5.623413251903439e+05
	1.913699672297175e-06
 116	6.309573444801874e+05
	6.309573444801874e+05
	1.806649906369245e-06
 117	7.079457843841313e+05
	7.079457843841313e+05
	1.705588181247626e-06
 118	7.943282347242740e+05
	7.943282347242740e+05
	1.610179588523845e-06
 119	8.912509381337371e+05
	8.912509381337371e+05
	1.520107939929766e-06
 120	9.999999999999905e+05
	9.999999999999905e+05
	1.435074723736394e-06
 121	1.122018454301953e+06
	1.122018454301953e+06
	1.354798118633718e-06
 122	1.258925411794155e+06
	1.258925411794155e+06
	1.279012062100505e-06
 123	1.412537544622740e+06
	1.412537544622740e+06
	1.207465370384168e-06
 124	1.584893192461098e+06
	1.584893192461098e+06
	1.139920907329868e-06
 125	1.778279410038905e+06
	1.778279410038905e+06
	1.076154799420868e-06
 126	1.995262314968860e+06
	1.995262314968860e+06
	1.015955694516099e-06
 127	2.238721138568317e+06
	2.238721138568317e+06
	9.591240618937466e-07
 128	2.511886431509554e+06
	2.511886431509554e+06
	9.054715313301432e-07
 129	2.818382931264425e+06
	2.818382931264425e+06
	8.548202690602919e-07
 130	3.162277660168346e+06
	3.162277660168346e+06
	8.070023885793298e-07
 131	3.548133892335718e+06
	3.548133892335718e+06
	7.618593943527879e-07
 132	3.981071705534931e+06
	3.981071705534931e+06
	7.192416566073777e-07
 133	4.466835921509584e+06
	4.466835921509584e+06
	6.790079154731472e-07
 134	5.011872336272670e+06
	5.011872336272670e+06
	6.410248128422155e-07
 135	5.623413251903431e+06
	5.623413251903431e+06
	6.051664503989653e-07
 136	6.309573444801864e+06
	6.309573444801864e+06
	5.713139723616726e-07
 137	7.079457843841302e+06
	7.079457843841302e+06
	5.393551715562335e-07
 138	7.943282347242728e+06
	7.943282347242728e+06
	5.091841175190530e-07
 139	8.912509381337358e+06
	8.912509381337358e+06
	4.807008053984876e-07
 140	9.999999999999890e+06
	9.999999999999890e+06
	4.538108244926476e-07
 141	1.122018454301951e+07
	1.122018454301951e+07
	4.284250453260711e-07
 142	1.258925411794153e+07
	1.258925411794153e+07
	4.044593242289230e-07
 143	1.412537544622738e+07
	1.412537544622738e+07
	3.818342244401819e-07
 144	1.584893192461096e+07
	1.584893192461096e+07
	3.604747528108726e-07
 145	1.778279410038903e+07
	1.778279410038903e+07
	3.403101112349920e-07
 146	1.995262314968857e+07
	1.995262314968857e+07
	3.212734619844997e-07
 147	2.238721138568314e+07
	2.238721138568314e+07
	3.033017061707566e-07
 148	2.511886431509551e+07
	2.511886431509551e+07
	2.863352745982605e-07
 149	2.818382931264421e+07
	2.818382931264421e+07
	2.703179303175548e-07
 150	3.162277660168342e+07
	3.162277660168342e+07
	2.551965822229435e-07
 151	3.548133892335713e+07
	3.548133892335713e+07
	2.409211090772260e-07
 152	3.981071705534925e+07
	3.981071705534925e+07
	2.274441933802144e-07
 153	4.466835921509578e+07
	4.466835921509578e+07
	2.147211645304110e-07
 154	5.011872336272663e+07
	5.011872336272663e+07
	2.027098507600171e-07
 155	5.623413251903423e+07
	5.623413251903423e+07
	1.913704393525162e-07
 156	6.309573444801856e+07
	6.309573444801856e+07
	1.806653446795266e-07
 157	7.079457843841292e+07
	7.079457843841292e+07
	1.705590836195273e-07
 158	7.943282347242716e+07
	7.943282347242716e+07
	1.610181579455307e-07
 159	8.912509381337343e+07
	8.912509381337343e+07
	1.520109432918690e-07
 160	9.999999999999873e+07
	9.999999999999873e+07
	1.435075843320709e-07
 161	1.122018454301949e+08
	1.122018454301949e+08
	1.354798958203850e-07
 162	1.258925411794151e+08
	1.258925411794151e+08
	1.279012691689486e-07
 163	1.412537544622736e+08
	1.412537544622736e+08
	1.207465842509419e-07
 164	1.584893192461093e+08
	1.584893192461093e+08
	1.139921261373932e-07
 165	1.778279410038899e+08
	1.778279410038899e+08
	1.076155064916504e-07
 166	1.995262314968853e+08
	1.995262314968853e+08
	1.015955893609764e-07
 167	2.238721138568310e+08
	2.238721138568310e+08
	9.591242111929486e-08
 168	2.511886431509547e+08
	2.511886431509547e+08
	9.054716432887604e-08
 169	2.818382931264416e+08
	2.818382931264416e+08
	8.548203530174157e-08
 170	3.162277660168337e+08
	3.162277660168337e+08
	8.070024515382947e-08
 171	3.548133892335706e+08
	3.548133892335706e+08
	7.618594415653532e-08
 172	3.981071705534918e+08
	3.981071705534918e+08
	7.192416920118079e-08
 173	4.466835921509570e+08
	4.466835921509570e+08
	6.790079420227261e-08
 174	5.011872336272654e+08
	5.011872336272654e+08
	6.410248327515899e-08
 175	5.623413251903414e+08
	5.623413251903414e+08
	6.051664653288920e-08
 176	6.309573444801846e+08
	6.309573444801846e+08
	5.713139835575368e-08
 177	7.079457843841281e+08
	7.079457843841281e+08
	5.393551799519470e-08
 178	7.943282347242705e+08
	7.943282347242705e+08
	5.091841238149522e-08
 179	8.912509381337330e+08
	8.912509381337330e+08
	4.807008101197437e-08
 180	1.000000000000000e+09
	1.000000000000000e+09
	4.538108280330858e-08
