 time time power_switching
 0.0000000000e+00 0.0000000000e+00 9.4571766128e-12
 2.4437420077e-13 2.4437420077e-13 -2.0773582134e-06
 4.5481323278e-13 4.5481323278e-13 -2.1514468098e-06
 8.7569129681e-13 8.7569129681e-13 -2.2947608433e-06
 1.7174474249e-12 1.7174474249e-12 -2.5599728879e-06
 3.4009596810e-12 3.4009596810e-12 -3.0131894395e-06
 6.7142501845e-12 6.7142501845e-12 -3.6720463492e-06
 9.8371614983e-12 9.8371614983e-12 -4.0830337601e-06
 1.3085968315e-11 1.3085968315e-11 -4.3632728366e-06
 1.6634523065e-11 1.6634523065e-11 -4.5579293422e-06
 2.0492918433e-11 2.0492918433e-11 -4.6869281675e-06
 2.4791038665e-11 2.4791038665e-11 -4.7700553378e-06
 2.9620658453e-11 2.9620658453e-11 -4.8201900394e-06
 3.5066643969e-11 3.5066643969e-11 -4.8472837525e-06
 4.1229884567e-11 4.1229884567e-11 -4.8590545384e-06
 4.8228384433e-11 4.8228384433e-11 -4.8609786461e-06
 5.6210628425e-11 5.6210628425e-11 -4.8564119205e-06
 6.5364964965e-11 6.5364964965e-11 -4.8467457458e-06
 7.5922978811e-11 7.5922978811e-11 -4.8314952793e-06
 8.4209032353e-11 8.4209032353e-11 -4.8161538146e-06
 9.7650775492e-11 9.7650775492e-11 -4.7841587603e-06
 1.0863917372e-10 1.0863917372e-10 -4.7488696140e-06
 1.1865977425e-10 1.1865977425e-10 -4.7069222824e-06
 1.2876842642e-10 1.2876842642e-10 -4.6525712440e-06
 1.3828884939e-10 1.3828884939e-10 -4.5870665333e-06
 1.4647909270e-10 1.4647909270e-10 -4.5163252704e-06
 1.5380745482e-10 1.5380745482e-10 -4.4389118906e-06
 1.6034522722e-10 1.6034522722e-10 -4.3561137136e-06
 1.6629503777e-10 1.6629503777e-10 -4.2672606306e-06
 1.7174866171e-10 1.7174866171e-10 -4.1724579587e-06
 1.7678787256e-10 1.7678787256e-10 -4.0715916000e-06
 1.8146965488e-10 1.8146965488e-10 -3.9646840621e-06
 1.9083321951e-10 1.9083321951e-10 -3.7062491603e-06
 1.9447975452e-10 1.9447975452e-10 -3.5856033572e-06
 2.0177282456e-10 2.0177282456e-10 -3.3047572259e-06
 2.0534824075e-10 2.0534824075e-10 -3.1446004923e-06
 2.1249907312e-10 2.1249907312e-10 -2.8014793017e-06
 2.1516989994e-10 2.1516989994e-10 -2.6914681607e-06
 2.2051155360e-10 2.2051155360e-10 -2.5037746991e-06
 2.2781782742e-10 2.2781782742e-10 -2.3055419068e-06
 2.3497644517e-10 2.3497644517e-10 -2.1651954262e-06
 2.4278767605e-10 2.4278767605e-10 -2.0624188341e-06
 2.4701111778e-10 2.4701111778e-10 -2.0261942499e-06
 2.5545800122e-10 2.5545800122e-10 -1.9905157760e-06
 2.6130155329e-10 2.6130155329e-10 -1.9890063209e-06
 2.7298865741e-10 2.7298865741e-10 -1.9890075339e-06
 2.8212643937e-10 2.8212643937e-10 -1.9890091476e-06
 2.8937201864e-10 2.8937201864e-10 -1.9890110921e-06
 2.9609981624e-10 2.9609981624e-10 -1.9890136726e-06
 3.0220123975e-10 3.0220123975e-10 -1.9890169123e-06
 3.0793803692e-10 3.0793803692e-10 -1.9890210143e-06
 3.1331555667e-10 3.1331555667e-10 -1.9890260834e-06
 3.1841151866e-10 3.1841151866e-10 -1.9890322963e-06
 3.2325295441e-10 3.2325295441e-10 -1.9890398045e-06
 3.3293582590e-10 3.3293582590e-10 -1.9890611114e-06
 3.3681101017e-10 3.3681101017e-10 -1.9890726961e-06
 3.4456137871e-10 3.4456137871e-10 -1.9891028212e-06
 3.4811345492e-10 3.4811345492e-10 -1.9891203902e-06
 3.5521760733e-10 3.5521760733e-10 -1.9891643007e-06
 3.5851718521e-10 3.5851718521e-10 -1.9891893287e-06
 3.6511634097e-10 3.6511634097e-10 -1.9892497229e-06
 3.6822407530e-10 3.6822407530e-10 -1.9892835042e-06
 3.7443954397e-10 3.7443954397e-10 -1.9893624579e-06
 3.7739903992e-10 3.7739903992e-10 -1.9894057690e-06
 3.8331803184e-10 3.8331803184e-10 -1.9895039418e-06
 3.8616192582e-10 3.8616192582e-10 -1.9895566793e-06
 3.9184971377e-10 3.9184971377e-10 -1.9896725824e-06
 3.9460305401e-10 3.9460305401e-10 -1.9897333953e-06
 4.0010973449e-10 4.0010973449e-10 -1.9898627303e-06
 4.0279215930e-10 4.0279215930e-10 -1.9899287373e-06
 4.0815700891e-10 4.0815700891e-10 -1.9900640186e-06
 4.1078419006e-10 4.1078419006e-10 -1.9901307236e-06
 4.1603855236e-10 4.1603855236e-10 -1.9902614169e-06
 4.1862317973e-10 4.1862317973e-10 -1.9903229384e-06
 4.2379243449e-10 4.2379243449e-10 -1.9904363129e-06
 4.2634490525e-10 4.2634490525e-10 -1.9904860024e-06
 4.3144984677e-10 4.3144984677e-10 -1.9905687638e-06
 4.3416331010e-10 4.3416331010e-10 -1.9906022093e-06
 4.3959023675e-10 4.3959023675e-10 -1.9906432078e-06
 4.4264138499e-10 4.4264138499e-10 -1.9906498219e-06
 4.4874368146e-10 4.4874368146e-10 -1.9906250358e-06
 4.5219094562e-10 4.5219094562e-10 -1.9905887316e-06
 4.5908547393e-10 4.5908547393e-10 -1.9904706456e-06
 4.6297901853e-10 4.6297901853e-10 -1.9903808196e-06
 4.7076610772e-10 4.7076610772e-10 -1.9901645911e-06
 4.7516600880e-10 4.7516600880e-10 -1.9900297904e-06
 4.8396581096e-10 4.8396581096e-10 -1.9897575929e-06
 4.8891018299e-10 4.8891018299e-10 -1.9896147603e-06
 4.9445509149e-10 4.9445509149e-10 -1.9894710155e-06
 5.0000000000e-10 5.0000000000e-10 -1.9893486639e-06
 5.0096392395e-10 5.0096392395e-10 -3.0744092885e-10
 5.0200069986e-10 5.0200069986e-10 -2.7348618399e-10
 5.0330157249e-10 5.0330157249e-10 -2.3576342920e-10
 5.0590331774e-10 5.0590331774e-10 -1.7525357597e-10
 5.1110680824e-10 5.1110680824e-10 -9.7085578793e-11
 5.1750293779e-10 5.1750293779e-10 -4.7210295829e-11
 5.2494990493e-10 5.2494990493e-10 -2.0559665675e-11
 5.3361643696e-10 5.3361643696e-10 -7.9272518264e-12
 5.4204815797e-10 5.4204815797e-10 -3.2049168864e-12
 5.5359741548e-10 5.5359741548e-10 -9.7953254018e-13
 5.6421959518e-10 5.6421959518e-10 -3.5628151479e-13
 5.7397696067e-10 5.7397696067e-10 -1.6791564781e-13
 5.8397070900e-10 5.8397070900e-10 -8.1682290490e-14
 5.9323142042e-10 5.9323142042e-10 -2.4850096431e-15
 6.0202001965e-10 6.0202001965e-10 3.9580819111e-14
 6.1026404856e-10 6.1026404856e-10 6.6136975221e-14
 6.1813375487e-10 6.1813375487e-10 9.1302145094e-14
 6.2566612195e-10 6.2566612195e-10 1.1522136846e-13
 6.3290900620e-10 6.3290900620e-10 1.3806893464e-13
 6.3988815831e-10 6.3988815831e-10 1.5994478317e-13
 6.4663013671e-10 6.4663013671e-10 1.8094827898e-13
 6.5315567018e-10 6.5315567018e-10 2.0115793166e-13
 6.5948387431e-10 6.5948387431e-10 2.2064510373e-13
 6.6563123205e-10 6.6563123205e-10 2.3947121833e-13
 6.7161256311e-10 6.7161256311e-10 2.5769107008e-13
 6.7744102170e-10 6.7744102170e-10 2.7535306873e-13
 6.8312842909e-10 6.8312842909e-10 2.9250046369e-13
 6.8868540642e-10 6.8868540642e-10 3.0917191881e-13
 6.9412154780e-10 6.9412154780e-10 3.2540217876e-13
 6.9944554041e-10 6.9944554041e-10 3.4122254995e-13
 7.0466527782e-10 7.0466527782e-10 3.5666134067e-13
 7.0978795202e-10 7.0978795202e-10 3.7174422075e-13
 7.1482013445e-10 7.1482013445e-10 3.8649453475e-13
 7.1976784501e-10 7.1976784501e-10 4.0093356791e-13
 7.2966326613e-10 7.2966326613e-10 4.2962319569e-13
 7.3404942522e-10 7.3404942522e-10 4.4225969881e-13
 7.4282174341e-10 7.4282174341e-10 4.6738558965e-13
 7.4705524045e-10 7.4705524045e-10 4.7944118096e-13
 7.5552223454e-10 7.5552223454e-10 5.0341589940e-13
 7.5962462586e-10 7.5962462586e-10 5.1496659223e-13
 7.6782940852e-10 7.6782940852e-10 5.3794004198e-13
 7.7182163180e-10 7.7182163180e-10 5.4905653067e-13
 7.7980607837e-10 7.7980607837e-10 5.7116818274e-13
 7.8379180194e-10 7.8379180194e-10 5.8214532229e-13
 7.9176324910e-10 7.9176324910e-10 6.0397807260e-13
 7.9613096003e-10 7.9613096003e-10 6.1587164267e-13
 8.0486638190e-10 8.0486638190e-10 6.3951139413e-13
 8.0969298433e-10 8.0969298433e-10 6.5248818305e-13
 8.1934618919e-10 8.1934618919e-10 6.7825848433e-13
 8.2467243604e-10 8.2467243604e-10 6.9237153292e-13
 8.3075351707e-10 8.3075351707e-10 7.0839115396e-13
 8.3645791509e-10 8.3645791509e-10 7.2332650388e-13
 8.4245779922e-10 8.4245779922e-10 7.3893777705e-13
 8.4858625945e-10 8.4858625945e-10 7.5477812036e-13
 8.5494425763e-10 8.5494425763e-10 7.7109651851e-13
 8.6151320505e-10 8.6151320505e-10 7.8782986691e-13
 8.6831551509e-10 8.6831551509e-10 8.0501823530e-13
 8.7535697214e-10 8.7535697214e-10 8.2265663013e-13
 8.8265025287e-10 8.8265025287e-10 8.4075464199e-13
 8.9020638955e-10 8.9020638955e-10 8.5931455858e-13
 8.9803827157e-10 8.9803827157e-10 8.7833991861e-13
 9.0615942745e-10 9.0615942745e-10 8.9783240124e-13
 9.1458459469e-10 9.1458459469e-10 9.1779331940e-13
 9.2332959618e-10 9.2332959618e-10 9.3822357358e-13
 9.3241148447e-10 9.3241148447e-10 9.5912429804e-13
 9.4184858646e-10 9.4184858646e-10 9.8049703776e-13
 9.5166059066e-10 9.5166059066e-10 1.0023432895e-12
 9.6186862245e-10 9.6186862245e-10 1.0246624363e-12
 9.7104916677e-10 9.7104916677e-10 1.0443745505e-12
 9.8552458339e-10 9.8552458339e-10 1.0747265213e-12
 9.9276229169e-10 9.9276229169e-10 1.0895556603e-12
 1.0000000000e-09 1.0000000000e-09 1.1041367904e-12
 1.0018094271e-09 1.0018094271e-09 1.1077368828e-12
 1.0045410304e-09 1.0045410304e-09 1.1131455830e-12
 1.0080804641e-09 1.0080804641e-09 1.1200979485e-12
 1.0151593315e-09 1.0151593315e-09 1.1337966787e-12
 1.0293170663e-09 1.0293170663e-09 1.1603014521e-12
 1.0430690194e-09 1.0430690194e-09 1.1848318899e-12
 1.0572303675e-09 1.0572303675e-09 1.2087638708e-12
 1.0733451556e-09 1.0733451556e-09 1.2342740426e-12
 1.0915859997e-09 1.0915859997e-09 1.2608703137e-12
 1.1129891594e-09 1.1129891594e-09 1.2889722357e-12
 1.1418866998e-09 1.1418866998e-09 1.3217443318e-12
 1.1811861843e-09 1.1811861843e-09 1.3575758996e-12
 1.2136320526e-09 1.2136320526e-09 1.3804616288e-12
 1.2403945247e-09 1.2403945247e-09 1.3954353226e-12
 1.2653924848e-09 1.2653924848e-09 1.4067447937e-12
 1.2738748670e-09 1.2738748670e-09 1.4100458271e-12
 1.2812239528e-09 1.2812239528e-09 1.4127123423e-12
 1.2876316450e-09 1.2876316450e-09 1.4149024237e-12
 1.2941863532e-09 1.2941863532e-09 1.4170211684e-12
 1.3007306503e-09 1.3007306503e-09 1.4190205660e-12
 1.3074273936e-09 1.3074273936e-09 1.4209528660e-12
 1.3142683252e-09 1.3142683252e-09 1.4228142673e-12
 1.3213136816e-09 1.3213136816e-09 1.4246188277e-12
 1.3286016599e-09 1.3286016599e-09 1.4263721243e-12
 1.3361917233e-09 1.3361917233e-09 1.4280826093e-12
 1.3441541813e-09 1.3441541813e-09 1.4297580879e-12
 1.3525860194e-09 1.3525860194e-09 1.4314081395e-12
 1.3616239822e-09 1.3616239822e-09 1.4330447248e-12
 1.3714767867e-09 1.3714767867e-09 1.4346847744e-12
 1.3824935985e-09 1.3824935985e-09 1.4363552387e-12
 1.3923424537e-09 1.3923424537e-09 1.4377141499e-12
 1.4120401642e-09 1.4120401642e-09 1.4400999878e-12
 1.4270300101e-09 1.4270300101e-09 1.4416500944e-12
 1.4443507517e-09 1.4443507517e-09 1.4431954648e-12
 1.4765506099e-09 1.4765506099e-09 1.4455054313e-12
 1.5016220016e-09 1.5016220016e-09 1.4468837821e-12
 1.5246707681e-09 1.5246707681e-09 1.4478911525e-12
 1.5330809900e-09 1.5330809900e-09 1.4482036645e-12
 1.5404840414e-09 1.5404840414e-09 1.4484580154e-12
 1.5434573422e-09 1.5434573422e-09 1.4485550568e-12
 1.5494039438e-09 1.5494039438e-09 1.4487412084e-12
 1.5612971469e-09 1.5612971469e-09 1.4490843913e-12
 1.5757933843e-09 1.5757933843e-09 1.4494551248e-12
 1.5901639384e-09 1.5901639384e-09 1.4497766176e-12
 1.6038697082e-09 1.6038697082e-09 1.4500454697e-12
 1.6222547349e-09 1.6222547349e-09 1.4503564722e-12
 1.6447612218e-09 1.6447612218e-09 1.4506719773e-12
 1.6712782848e-09 1.6712782848e-09 1.4509685691e-12
 1.6831104045e-09 1.6831104045e-09 1.4510778181e-12
 1.6938029877e-09 1.6938029877e-09 1.4511661881e-12
 1.7034337755e-09 1.7034337755e-09 1.4512383672e-12
 1.7092766976e-09 1.7092766976e-09 1.4512789982e-12
 1.7149027609e-09 1.7149027609e-09 1.4513160426e-12
 1.7196493150e-09 1.7196493150e-09 1.4513457991e-12
 1.7291424232e-09 1.7291424232e-09 1.4514015208e-12
 1.7349222159e-09 1.7349222159e-09 1.4514330913e-12
 1.7391559680e-09 1.7391559680e-09 1.4514551441e-12
 1.7476234722e-09 1.7476234722e-09 1.4514967281e-12
 1.7521554210e-09 1.7521554210e-09 1.4515176591e-12
 1.7612193187e-09 1.7612193187e-09 1.4515569658e-12
 1.7668369818e-09 1.7668369818e-09 1.4515796993e-12
 1.7780723081e-09 1.7780723081e-09 1.4516217639e-12
 1.7861178810e-09 1.7861178810e-09 1.4516492779e-12
 1.8022090270e-09 1.8022090270e-09 1.4516985460e-12
 1.8322840894e-09 1.8322840894e-09 1.4517735014e-12
 1.8569773672e-09 1.8569773672e-09 1.4518211359e-12
 1.8685405833e-09 1.8685405833e-09 1.4518396918e-12
 1.8726781110e-09 1.8726781110e-09 1.4518458052e-12
 1.8809531662e-09 1.8809531662e-09 1.4518573296e-12
 1.8840314033e-09 1.8840314033e-09 1.4518613875e-12
 1.8901878775e-09 1.8901878775e-09 1.4518691598e-12
 1.8939590770e-09 1.8939590770e-09 1.4518737028e-12
 1.9015014760e-09 1.9015014760e-09 1.4518823240e-12
 1.9077177393e-09 1.9077177393e-09 1.4518889862e-12
 1.9201502657e-09 1.9201502657e-09 1.4519012158e-12
 1.9314669401e-09 1.9314669401e-09 1.4519111821e-12
 1.9394568490e-09 1.9394568490e-09 1.4519176013e-12
 1.9451423883e-09 1.9451423883e-09 1.4519218799e-12
 1.9507247793e-09 1.9507247793e-09 1.4519258625e-12
 1.9561430283e-09 1.9561430283e-09 1.4519295329e-12
 1.9617043699e-09 1.9617043699e-09 1.4519331109e-12
 1.9674332491e-09 1.9674332491e-09 1.4519366068e-12
 1.9734285253e-09 1.9734285253e-09 1.4519400697e-12
 1.9797596737e-09 1.9797596737e-09 1.4519435217e-12
 1.9865239796e-09 1.9865239796e-09 1.4519469907e-12
 1.9938379313e-09 1.9938379313e-09 1.4519505026e-12
 2.0018579858e-09 2.0018579858e-09 1.4519540873e-12
 2.0107997397e-09 2.0107997397e-09 1.4519577798e-12
 2.0209771471e-09 2.0209771471e-09 1.4519616242e-12
 2.0299067284e-09 2.0299067284e-09 1.4519647073e-12
 2.0477658910e-09 2.0477658910e-09 1.4519701632e-12
 2.0612701709e-09 2.0612701709e-09 1.4519737235e-12
 2.0747085009e-09 2.0747085009e-09 1.4519768428e-12
 2.0918685781e-09 2.0918685781e-09 1.4519802972e-12
 2.1137295621e-09 2.1137295621e-09 1.4519839732e-12
 2.1427601103e-09 2.1427601103e-09 1.4519878414e-12
 2.1833872428e-09 2.1833872428e-09 1.4519917935e-12
 2.2379684091e-09 2.2379684091e-09 1.4519952512e-12
 2.2996072063e-09 2.2996072063e-09 1.4519975173e-12
 2.3608280549e-09 2.3608280549e-09 1.4519987283e-12
 2.4189514944e-09 2.4189514944e-09 1.4519993276e-12
 2.4697450618e-09 2.4697450618e-09 1.4519996025e-12
 2.5146262374e-09 2.5146262374e-09 1.4519997370e-12
 2.5433003358e-09 2.5433003358e-09 1.4519997894e-12
 2.5706102380e-09 2.5706102380e-09 1.4519998249e-12
 2.5953975326e-09 2.5953975326e-09 1.4519998490e-12
 2.6192689710e-09 2.6192689710e-09 1.4519998670e-12
 2.6461688757e-09 2.6461688757e-09 1.4519998828e-12
 2.6823549098e-09 2.6823549098e-09 1.4519998986e-12
 2.7235305369e-09 2.7235305369e-09 1.4519999111e-12
 2.7618314116e-09 2.7618314116e-09 1.4519999190e-12
 2.7952621808e-09 2.7952621808e-09 1.4519999238e-12
 2.8266945062e-09 2.8266945062e-09 1.4519999270e-12
 2.8578774327e-09 2.8578774327e-09 1.4519999294e-12
 2.8898690404e-09 2.8898690404e-09 1.4519999312e-12
 2.9237921564e-09 2.9237921564e-09 1.4519999325e-12
 2.9607000830e-09 2.9607000830e-09 1.4519999336e-12
 3.0016695231e-09 3.0016695231e-09 1.4519999344e-12
 3.0480563105e-09 3.0480563105e-09 1.4519999350e-12
 3.1017223017e-09 3.1017223017e-09 1.4519999354e-12
 3.1653705080e-09 3.1653705080e-09 1.4519999357e-12
 3.2431640572e-09 3.2431640572e-09 1.4519999359e-12
 3.3419201777e-09 3.3419201777e-09 1.4519999360e-12
 3.4736437805e-09 3.4736437805e-09 1.4519999360e-12
 3.6615181661e-09 3.6615181661e-09 1.4519999360e-12
 3.9556957077e-09 3.9556957077e-09 1.4519999360e-12
 4.3994145502e-09 4.3994145502e-09 1.4519999360e-12
 4.8778287655e-09 4.8778287655e-09 1.4519999360e-12
 5.3352655100e-09 5.3352655100e-09 1.4519999360e-12
 5.7624754739e-09 5.7624754739e-09 1.4519999360e-12
 6.1501639997e-09 6.1501639997e-09 1.4519999360e-12
 6.4863641083e-09 6.4863641083e-09 1.4519999360e-12
 6.7774432233e-09 6.7774432233e-09 1.4519999360e-12
 7.0332974912e-09 7.0332974912e-09 1.4519999360e-12
 7.2610538245e-09 7.2610538245e-09 1.4519999360e-12
 7.4664462986e-09 7.4664462986e-09 1.4519999360e-12
 7.6540133987e-09 7.6540133987e-09 1.4519999360e-12
 7.8270722701e-09 7.8270722701e-09 1.4519999360e-12
 7.9880882578e-09 7.9880882578e-09 1.4519999360e-12
 8.1389451717e-09 8.1389451717e-09 1.4519999360e-12
 8.2810903126e-09 8.2810903126e-09 1.4519999360e-12
 8.4156532591e-09 8.4156532591e-09 1.4519999360e-12
 8.5435350515e-09 8.5435350515e-09 1.4519999360e-12
 8.6654667356e-09 8.6654667356e-09 1.4519999360e-12
 8.7820508466e-09 8.7820508466e-09 1.4519999360e-12
 8.8937918301e-09 8.8937918301e-09 1.4519999360e-12
 9.0011178258e-09 9.0011178258e-09 1.4519999360e-12
 9.1043965462e-09 9.1043965462e-09 1.4519999360e-12
 9.2039471639e-09 9.2039471639e-09 1.4519999360e-12
 9.3000492953e-09 9.3000492953e-09 1.4519999360e-12
 9.3929498821e-09 9.3929498821e-09 1.4519999360e-12
 9.4828685544e-09 9.4828685544e-09 1.4519999360e-12
 9.5700018686e-09 9.5700018686e-09 1.4519999360e-12
 9.6545266971e-09 9.6545266971e-09 1.4519999360e-12
 9.7366029758e-09 9.7366029758e-09 1.4519999360e-12
 9.8163759538e-09 9.8163759538e-09 1.4519999360e-12
 9.8939780574e-09 9.8939780574e-09 1.4519999360e-12
 9.9695304451e-09 9.9695304451e-09 1.4519999360e-12
 1.0043144321e-08 1.0043144321e-08 1.4519999360e-12
 1.0114922048e-08 1.0114922048e-08 1.4519999360e-12
 1.0184958099e-08 1.0184958099e-08 1.4519999360e-12
 1.0253339883e-08 1.0253339883e-08 1.4519999360e-12
 1.0320148449e-08 1.0320148449e-08 1.4519999360e-12
 1.0385459111e-08 1.0385459111e-08 1.4519999360e-12
 1.0449341985e-08 1.0449341985e-08 1.4519999360e-12
 1.0500000000e-08 1.0500000000e-08 1.4519999360e-12
 1.0507222531e-08 1.0507222531e-08 1.9890062386e-06
 1.0513947673e-08 1.0513947673e-08 1.9890062488e-06
 1.0522491133e-08 1.0522491133e-08 1.9890062610e-06
 1.0528822355e-08 1.0528822355e-08 1.9890062696e-06
 1.0535590866e-08 1.0535590866e-08 1.9890062783e-06
 1.0542024186e-08 1.0542024186e-08 1.9890062863e-06
 1.0548553154e-08 1.0548553154e-08 1.9890062941e-06
 1.0555037878e-08 1.0555037878e-08 1.9890063016e-06
 1.0561559468e-08 1.0561559468e-08 1.9890063088e-06
 1.0568102013e-08 1.0568102013e-08 1.9890063160e-06
 1.0574690927e-08 1.0574690927e-08 1.9890063230e-06
 1.0581336565e-08 1.0581336565e-08 1.9890063299e-06
 1.0588058821e-08 1.0588058821e-08 1.9890063368e-06
 1.0594877635e-08 1.0594877635e-08 1.9890063437e-06
 1.0601817930e-08 1.0601817930e-08 1.9890063507e-06
 1.0608908789e-08 1.0608908789e-08 1.9890063578e-06
 1.0616185451e-08 1.0616185451e-08 1.9890063651e-06
 1.0623690744e-08 1.0623690744e-08 1.9890063727e-06
 1.0631477639e-08 1.0631477639e-08 1.9890063805e-06
 1.0639612670e-08 1.0639612670e-08 1.9890063888e-06
 1.0648181065e-08 1.0648181065e-08 1.9890063976e-06
 1.0657294454e-08 1.0657294454e-08 1.9890064072e-06
 1.0667102967e-08 1.0667102967e-08 1.9890064177e-06
 1.0677814953e-08 1.0677814953e-08 1.9890064294e-06
 1.0687481356e-08 1.0687481356e-08 1.9890064402e-06
 1.0700963498e-08 1.0700963498e-08 1.9890064558e-06
 1.0713048324e-08 1.0713048324e-08 1.9890064701e-06
 1.0725443633e-08 1.0725443633e-08 1.9890064852e-06
 1.0739741395e-08 1.0739741395e-08 1.9890065031e-06
 1.0755958231e-08 1.0755958231e-08 1.9890065238e-06
 1.0772622477e-08 1.0772622477e-08 1.9890065455e-06
 1.0789500781e-08 1.0789500781e-08 1.9890065679e-06
 1.0792675197e-08 1.0792675197e-08 1.9908164627e-06
 1.0799024027e-08 1.0799024027e-08 2.0853401761e-06
 1.0800793037e-08 1.0800793037e-08 2.1372399335e-06
 1.0804331055e-08 1.0804331055e-08 2.2744694463e-06
 1.0811407091e-08 1.0811407091e-08 2.6826744107e-06
 1.0813176568e-08 1.0813176568e-08 2.8126296005e-06
 1.0816715521e-08 1.0816715521e-08 3.1060022635e-06
 1.0823793427e-08 1.0823793427e-08 3.8265928884e-06
 1.0825721625e-08 1.0825721625e-08 4.0538276928e-06
 1.0829578020e-08 1.0829578020e-08 4.5480177414e-06
 1.0837290810e-08 1.0837290810e-08 5.6952064751e-06
 1.0839615026e-08 1.0839615026e-08 6.0824015759e-06
 1.0844263460e-08 1.0844263460e-08 6.9143916918e-06
 1.0853560327e-08 1.0853560327e-08 8.8084411596e-06
 1.0856408141e-08 1.0856408141e-08 9.4498980874e-06
 1.0862103771e-08 1.0862103771e-08 1.0818807378e-05
 1.0865109299e-08 1.0865109299e-08 1.1587298650e-05
 1.0871120356e-08 1.0871120356e-08 1.3219611403e-05
 1.0874441091e-08 1.0874441091e-08 1.4175720916e-05
 1.0881082559e-08 1.0881082559e-08 1.6203508422e-05
 1.0884776193e-08 1.0884776193e-08 1.7397666136e-05
 1.0892163461e-08 1.0892163461e-08 1.9927473741e-05
 1.0896257436e-08 1.0896257436e-08 2.1410221584e-05
 1.0904445386e-08 1.0904445386e-08 2.4546760984e-05
 1.0907429721e-08 1.0907429721e-08 2.5746179437e-05
 1.0913398391e-08 1.0913398391e-08 2.8233974393e-05
 1.0915900663e-08 1.0915900663e-08 2.9311828645e-05
 1.0920905208e-08 1.0920905208e-08 3.1529597222e-05
 1.0927106512e-08 1.0927106512e-08 3.4389299774e-05
 1.0932421648e-08 1.0932421648e-08 3.6936981681e-05
 1.0933750432e-08 1.0933750432e-08 3.7587777077e-05
 1.0936408000e-08 1.0936408000e-08 3.8905869783e-05
 1.0941723135e-08 1.0941723135e-08 4.1607389347e-05
 1.0944847699e-08 1.0944847699e-08 4.3235662616e-05
 1.0951096825e-08 1.0951096825e-08 4.6579783723e-05
 1.0954975703e-08 1.0954975703e-08 4.8713233632e-05
 1.0962733458e-08 1.0962733458e-08 5.3109387354e-05
 1.0964412821e-08 1.0964412821e-08 5.4083297383e-05
 1.0967771546e-08 1.0967771546e-08 5.6054366248e-05
 1.0971421934e-08 1.0971421934e-08 5.6935369069e-05
 1.0976019532e-08 1.0976019532e-08 5.2397234903e-05
 1.0979259232e-08 1.0979259232e-08 4.6377880224e-05
 1.0982452504e-08 1.0982452504e-08 3.9362789593e-05
 1.0986091590e-08 1.0986091590e-08 3.1345762480e-05
 1.0991162833e-08 1.0991162833e-08 2.1758994732e-05
 1.0995581416e-08 1.0995581416e-08 1.5590583311e-05
 1.1000000000e-08 1.1000000000e-08 1.1375208602e-05
 1.1002079844e-08 1.1002079844e-08 7.5455400837e-06
 1.1004067514e-08 1.1004067514e-08 6.0102588678e-06
 1.1006171987e-08 1.1006171987e-08 4.6746877707e-06
 1.1010380932e-08 1.1010380932e-08 2.7522972241e-06
 1.1015688119e-08 1.1015688119e-08 1.3228980960e-06
 1.1021431511e-08 1.1021431511e-08 5.3861355227e-07
 1.1028131116e-08 1.1028131116e-08 1.4098520259e-07
 1.1036044702e-08 1.1036044702e-08 -1.4994715514e-08
 1.1045947776e-08 1.1045947776e-08 -4.7392033899e-08
 1.1053853212e-08 1.1053853212e-08 -3.3086107757e-08
 1.1061163082e-08 1.1061163082e-08 -1.7802523404e-08
 1.1068654985e-08 1.1068654985e-08 -7.7439935388e-09
 1.1076611118e-08 1.1076611118e-08 -2.4852208490e-09
 1.1085524570e-08 1.1085524570e-08 -2.5609361960e-10
 1.1091403282e-08 1.1091403282e-08 1.0964561737e-10
 1.1099091555e-08 1.1099091555e-08 1.7921923886e-10
 1.1108177901e-08 1.1108177901e-08 1.2415831829e-10
 1.1123830115e-08 1.1123830115e-08 4.5041567855e-11
 1.1135133765e-08 1.1135133765e-08 1.8860664986e-11
 1.1146030122e-08 1.1146030122e-08 1.0030999849e-11
 1.1157742807e-08 1.1157742807e-08 8.0961058877e-12
 1.1169290113e-08 1.1169290113e-08 8.4389596332e-12
 1.1180768480e-08 1.1180768480e-08 8.9934419791e-12
 1.1192409448e-08 1.1192409448e-08 9.3167650332e-12
 1.1204180160e-08 1.1204180160e-08 9.4414444830e-12
 1.1216089310e-08 1.1216089310e-08 9.4705233974e-12
 1.1228190677e-08 1.1228190677e-08 9.4688056973e-12
 1.1240521794e-08 1.1240521794e-08 9.4626493891e-12
 1.1253122142e-08 1.1253122142e-08 9.4588244189e-12
 1.1266043159e-08 1.1266043159e-08 9.4573360805e-12
 1.1279344164e-08 1.1279344164e-08 9.4570066612e-12
 1.1293094371e-08 1.1293094371e-08 9.4570431002e-12
 1.1307377029e-08 1.1307377029e-08 9.4571210691e-12
 1.1322292919e-08 1.1322292919e-08 9.4571640858e-12
 1.1337965325e-08 1.1337965325e-08 9.4571778727e-12
 1.1354547297e-08 1.1354547297e-08 9.4571792741e-12
 1.1372219717e-08 1.1372219717e-08 9.4571779030e-12
 1.1391199948e-08 1.1391199948e-08 9.4571769785e-12
 1.1411782561e-08 1.1411782561e-08 9.4571766538e-12
 1.1434356316e-08 1.1434356316e-08 9.4571765635e-12
 1.1459437028e-08 1.1459437028e-08 9.4571766545e-12
 1.1487727238e-08 1.1487727238e-08 9.4571766414e-12
 1.1519623870e-08 1.1519623870e-08 9.4571766344e-12
 1.1553018029e-08 1.1553018029e-08 9.4571765986e-12
 1.1587248439e-08 1.1587248439e-08 9.4571766458e-12
 1.1623190645e-08 1.1623190645e-08 9.4571765893e-12
 1.1661775035e-08 1.1661775035e-08 9.4571766109e-12
 1.1703734650e-08 1.1703734650e-08 9.4571766113e-12
 1.1750699994e-08 1.1750699994e-08 9.4571766054e-12
 1.1806305497e-08 1.1806305497e-08 9.4571766238e-12
 1.1861522217e-08 1.1861522217e-08 9.4571765921e-12
 1.1913331616e-08 1.1913331616e-08 9.4571765981e-12
 1.1937470647e-08 1.1937470647e-08 9.4571766033e-12
 1.1959026742e-08 1.1959026742e-08 9.4571766044e-12
 1.1983217619e-08 1.1983217619e-08 9.4571766527e-12
 1.2000000000e-08 1.2000000000e-08 9.4571765409e-12
 1.2004195595e-08 1.2004195595e-08 9.4571765924e-12
 1.2009275477e-08 1.2009275477e-08 9.4571765537e-12
 1.2015191765e-08 1.2015191765e-08 9.4571766129e-12
 1.2027024341e-08 1.2027024341e-08 9.4571765185e-12
 1.2050689493e-08 1.2050689493e-08 9.4571765813e-12
 1.2080524999e-08 1.2080524999e-08 9.4571766335e-12
 1.2113079119e-08 1.2113079119e-08 9.4571766334e-12
 1.2156739888e-08 1.2156739888e-08 9.4571766201e-12
 1.2201787571e-08 1.2201787571e-08 9.4571766466e-12
 1.2233534526e-08 1.2233534526e-08 9.4571765901e-12
 1.2268831168e-08 1.2268831168e-08 9.4571765894e-12
 1.2301553378e-08 1.2301553378e-08 9.4571766107e-12
 1.2344142729e-08 1.2344142729e-08 9.4571766169e-12
 1.2393512702e-08 1.2393512702e-08 9.4571766097e-12
 1.2448964238e-08 1.2448964238e-08 9.4571765975e-12
 1.2460432198e-08 1.2460432198e-08 9.4571765825e-12
 1.2470389084e-08 1.2470389084e-08 9.4571765535e-12
 1.2483932274e-08 1.2483932274e-08 9.4571766300e-12
 1.2496567069e-08 1.2496567069e-08 9.4571766042e-12
 1.2507212681e-08 1.2507212681e-08 9.4571765683e-12
 1.2515912696e-08 1.2515912696e-08 9.4571765880e-12
 1.2530031359e-08 1.2530031359e-08 9.4571766372e-12
 1.2540575423e-08 1.2540575423e-08 9.4571766075e-12
 1.2550924826e-08 1.2550924826e-08 9.4571765578e-12
 1.2563980799e-08 1.2563980799e-08 9.4571766118e-12
 1.2581180895e-08 1.2581180895e-08 9.4571765720e-12
 1.2606315406e-08 1.2606315406e-08 9.4571766051e-12
 1.2642963458e-08 1.2642963458e-08 9.4571766252e-12
 1.2695966185e-08 1.2695966185e-08 9.4571766323e-12
 1.2756306590e-08 1.2756306590e-08 9.4571766232e-12
 1.2820382776e-08 1.2820382776e-08 9.4571766193e-12
 1.2887752456e-08 1.2887752456e-08 9.4571766234e-12
 1.2957140739e-08 1.2957140739e-08 9.4571766420e-12
 1.3027730195e-08 1.3027730195e-08 9.4571766206e-12
 1.3099294482e-08 1.3099294482e-08 9.4571766126e-12
 1.3171668768e-08 1.3171668768e-08 9.4571766087e-12
 1.3244732693e-08 1.3244732693e-08 9.4571766248e-12
 1.3318444277e-08 1.3318444277e-08 9.4571766108e-12
 1.3392789573e-08 1.3392789573e-08 9.4571766289e-12
 1.3467764341e-08 1.3467764341e-08 9.4571766178e-12
 1.3543375191e-08 1.3543375191e-08 9.4571766073e-12
 1.3619635205e-08 1.3619635205e-08 9.4571766094e-12
 1.3696560591e-08 1.3696560591e-08 9.4571766217e-12
 1.3774170111e-08 1.3774170111e-08 9.4571766208e-12
 1.3852484620e-08 1.3852484620e-08 9.4571766105e-12
 1.3931526629e-08 1.3931526629e-08 9.4571766285e-12
 1.4011320163e-08 1.4011320163e-08 9.4571766211e-12
 1.4091890729e-08 1.4091890729e-08 9.4571766104e-12
 1.4173265304e-08 1.4173265304e-08 9.4571766051e-12
 1.4255472348e-08 1.4255472348e-08 9.4571765995e-12
 1.4338541857e-08 1.4338541857e-08 9.4571766265e-12
 1.4422505411e-08 1.4422505411e-08 9.4571766153e-12
 1.4507396240e-08 1.4507396240e-08 9.4571766284e-12
 1.4593249294e-08 1.4593249294e-08 9.4571766172e-12
 1.4680101324e-08 1.4680101324e-08 9.4571766212e-12
 1.4767990964e-08 1.4767990964e-08 9.4571766261e-12
 1.4856958818e-08 1.4856958818e-08 9.4571766169e-12
 1.4947047566e-08 1.4947047566e-08 9.4571766133e-12
 1.5038302060e-08 1.5038302060e-08 9.4571766053e-12
 1.5130769437e-08 1.5130769437e-08 9.4571766241e-12
 1.5224499241e-08 1.5224499241e-08 9.4571766235e-12
 1.5319543545e-08 1.5319543545e-08 9.4571766168e-12
 1.5415957090e-08 1.5415957090e-08 9.4571766143e-12
 1.5513797424e-08 1.5513797424e-08 9.4571766262e-12
 1.5613125062e-08 1.5613125062e-08 9.4571766146e-12
 1.5714003643e-08 1.5714003643e-08 9.4571766103e-12
 1.5816500106e-08 1.5816500106e-08 9.4571766145e-12
 1.5920684875e-08 1.5920684875e-08 9.4571766072e-12
 1.6026632056e-08 1.6026632056e-08 9.4571766194e-12
 1.6134419642e-08 1.6134419642e-08 9.4571766234e-12
 1.6244129737e-08 1.6244129737e-08 9.4571766011e-12
 1.6355848791e-08 1.6355848791e-08 9.4571766147e-12
 1.6469667843e-08 1.6469667843e-08 9.4571766275e-12
 1.6585682790e-08 1.6585682790e-08 9.4571766224e-12
 1.6703994661e-08 1.6703994661e-08 9.4571766229e-12
 1.6824709909e-08 1.6824709909e-08 9.4571766056e-12
 1.6947940722e-08 1.6947940722e-08 9.4571766254e-12
 1.7073805346e-08 1.7073805346e-08 9.4571766186e-12
 1.7202428425e-08 1.7202428425e-08 9.4571766203e-12
 1.7333941362e-08 1.7333941362e-08 9.4571766141e-12
 1.7468482688e-08 1.7468482688e-08 9.4571765992e-12
 1.7606198457e-08 1.7606198457e-08 9.4571766170e-12
 1.7747242648e-08 1.7747242648e-08 9.4571766177e-12
 1.7891777587e-08 1.7891777587e-08 9.4571766165e-12
 1.8039974388e-08 1.8039974388e-08 9.4571766264e-12
 1.8192013395e-08 1.8192013395e-08 9.4571766131e-12
 1.8348084650e-08 1.8348084650e-08 9.4571766171e-12
 1.8508388367e-08 1.8508388367e-08 9.4571766191e-12
 1.8673135406e-08 1.8673135406e-08 9.4571766169e-12
 1.8842547772e-08 1.8842547772e-08 9.4571766177e-12
 1.9016859102e-08 1.9016859102e-08 9.4571766141e-12
 1.9196315167e-08 1.9196315167e-08 9.4571766207e-12
 1.9381174361e-08 1.9381174361e-08 9.4571766172e-12
 1.9571708201e-08 1.9571708201e-08 9.4571766125e-12
 1.9768201809e-08 1.9768201809e-08 9.4571766101e-12
 1.9884100904e-08 1.9884100904e-08 9.4571766127e-12
 2.0000000000e-08 2.0000000000e-08 9.4571766162e-12
 2.0002936393e-08 2.0002936393e-08 -2.7835176078e-06
 2.0008809180e-08 2.0008809180e-08 -3.8651622035e-06
 2.0012091984e-08 2.0012091984e-08 -4.2208279619e-06
 2.0018657591e-08 2.0018657591e-08 -4.6209503010e-06
 2.0028656548e-08 2.0028656548e-08 -4.8531768073e-06
 2.0040279339e-08 2.0040279339e-08 -4.9056108596e-06
 2.0049089838e-08 2.0049089838e-08 -4.8924025360e-06
 2.0066710836e-08 2.0066710836e-08 -4.8567444552e-06
 2.0085719237e-08 2.0085719237e-08 -4.8174579870e-06
 2.0107692640e-08 2.0107692640e-08 -4.7560281594e-06
 2.0131848358e-08 2.0131848358e-08 -4.6417324172e-06
 2.0157090223e-08 2.0157090223e-08 -4.4182025752e-06
 2.0182836298e-08 2.0182836298e-08 -3.9669028600e-06
 2.0203414370e-08 2.0203414370e-08 -3.2757328595e-06
 2.0218715795e-08 2.0218715795e-08 -2.5918838218e-06
 2.0233630054e-08 2.0233630054e-08 -2.2001993871e-06
 2.0245088211e-08 2.0245088211e-08 -2.0458060817e-06
 2.0256429415e-08 2.0256429415e-08 -1.9897740023e-06
 2.0268939730e-08 2.0268939730e-08 -1.9890070600e-06
 2.0284175635e-08 2.0284175635e-08 -1.9890096865e-06
 2.0300675507e-08 2.0300675507e-08 -1.9890161277e-06
 2.0315793468e-08 2.0315793468e-08 -1.9890291279e-06
 2.0329106484e-08 2.0329106484e-08 -1.9890518597e-06
 2.0340862668e-08 2.0340862668e-08 -1.9890876488e-06
 2.0351279092e-08 2.0351279092e-08 -1.9891390217e-06
 2.0360627016e-08 2.0360627016e-08 -1.9892077979e-06
 2.0368951484e-08 2.0368951484e-08 -1.9892927536e-06
 2.0376914642e-08 2.0376914642e-08 -1.9893992601e-06
 2.0384498653e-08 2.0384498653e-08 -1.9895261883e-06
 2.0391844986e-08 2.0391844986e-08 -1.9896731003e-06
 2.0398978631e-08 2.0398978631e-08 -1.9898357220e-06
 2.0405951192e-08 2.0405951192e-08 -1.9900078756e-06
 2.0412789758e-08 2.0412789758e-08 -1.9901803949e-06
 2.0419522781e-08 2.0419522781e-08 -1.9903420651e-06
 2.0426171421e-08 2.0426171421e-08 -1.9904802681e-06
 2.0432754657e-08 2.0432754657e-08 -1.9905824341e-06
 2.0439288155e-08 2.0439288155e-08 -1.9906376809e-06
 2.0445785508e-08 2.0445785508e-08 -1.9906385870e-06
 2.0452258297e-08 2.0452258297e-08 -1.9905826753e-06
 2.0458716534e-08 2.0458716534e-08 -1.9904732588e-06
 2.0465168847e-08 2.0465168847e-08 -1.9903193538e-06
 2.0471622706e-08 2.0471622706e-08 -1.9901345582e-06
 2.0478084587e-08 2.0478084587e-08 -1.9899350522e-06
 2.0484560117e-08 2.0484560117e-08 -1.9897371233e-06
 2.0492280059e-08 2.0492280059e-08 -1.9895229814e-06
 2.0500000000e-08 2.0500000000e-08 -1.9893471879e-06
 2.0501929985e-08 2.0501929985e-08 -2.7460992138e-10
 2.0504193324e-08 2.0504193324e-08 -2.1171830873e-10
 2.0506972279e-08 2.0506972279e-08 -1.5455807110e-10
 2.0512530187e-08 2.0512530187e-08 -8.2322956955e-11
 2.0523646005e-08 2.0523646005e-08 -2.3670657544e-11
 2.0534891782e-08 2.0534891782e-08 -6.8750045329e-12
 2.0553602859e-08 2.0553602859e-08 -9.7550277388e-13
 2.0581893553e-08 2.0581893553e-08 -9.9197193950e-14
 2.0610838053e-08 2.0610838053e-08 6.8124734950e-14
 2.0637765161e-08 2.0637765161e-08 1.5346486459e-13
 2.0662454708e-08 2.0662454708e-08 2.2992630030e-13
 2.0684583218e-08 2.0684583218e-08 2.9704963190e-13
 2.0704390094e-08 2.0704390094e-08 3.5602958396e-13
 2.0722365520e-08 2.0722365520e-08 4.0867142875e-13
 2.0738900485e-08 2.0738900485e-08 4.5636100370e-13
 2.0754301690e-08 2.0754301690e-08 5.0015340321e-13
 2.0768819228e-08 2.0768819228e-08 5.4088168013e-13
 2.0782643518e-08 2.0782643518e-08 5.7916774752e-13
 2.0795917865e-08 2.0795917865e-08 6.1547218191e-13
 2.0808753025e-08 2.0808753025e-08 6.5014413894e-13
 2.0821235341e-08 2.0821235341e-08 6.8344975751e-13
 2.0833432734e-08 2.0833432734e-08 7.1559244033e-13
 2.0845399586e-08 2.0845399586e-08 7.4672862450e-13
 2.0857180105e-08 2.0857180105e-08 7.7697853447e-13
 2.0868810682e-08 2.0868810682e-08 8.0643379817e-13
 2.0880321642e-08 2.0880321642e-08 8.3516348149e-13
 2.0891738532e-08 2.0891738532e-08 8.6321926477e-13
 2.0903083062e-08 2.0903083062e-08 8.9064026835e-13
 2.0914373824e-08 2.0914373824e-08 9.1745763624e-13
 2.0925626834e-08 2.0925626834e-08 9.4369845456e-13
 2.0936855963e-08 2.0936855963e-08 9.6938828140e-13
 2.0948073267e-08 2.0948073267e-08 9.9455159096e-13
 2.0959289263e-08 2.0959289263e-08 1.0192096400e-12
 2.0970513143e-08 2.0970513143e-08 1.0433756078e-12
 2.0981752960e-08 2.0981752960e-08 1.0670480410e-12
 2.0990876480e-08 2.0990876480e-08 1.0858556209e-12
 2.1000000000e-08 2.1000000000e-08 1.1042711202e-12
 2.1002280880e-08 2.1002280880e-08 1.1088035648e-12
 2.1005468441e-08 2.1005468441e-08 1.1151012259e-12
 2.1009531968e-08 2.1009531968e-08 1.1230549664e-12
 2.1017659021e-08 2.1017659021e-08 1.1386870841e-12
 2.1033913128e-08 2.1033913128e-08 1.1687489356e-12
 2.1055874742e-08 2.1055874742e-08 1.2065940839e-12
 2.1081539788e-08 2.1081539788e-08 1.2465105189e-12
 2.1112609345e-08 2.1112609345e-08 1.2884345530e-12
 2.1155078059e-08 2.1155078059e-08 1.3348003911e-12
 2.1211699979e-08 2.1211699979e-08 1.3795374652e-12
 2.1263792654e-08 2.1263792654e-08 1.4069075238e-12
 2.1309586320e-08 2.1309586320e-08 1.4228010489e-12
 2.1344183319e-08 2.1344183319e-08 1.4310409340e-12
 2.1370551513e-08 2.1370551513e-08 1.4356932620e-12
 2.1398552455e-08 2.1398552455e-08 1.4395036779e-12
 2.1431491286e-08 2.1431491286e-08 1.4428825894e-12
 2.1475405303e-08 2.1475405303e-08 1.4460637001e-12
 2.1539713547e-08 2.1539713547e-08 1.4489491135e-12
 2.1595367184e-08 2.1595367184e-08 1.4503330976e-12
 2.1634523789e-08 2.1634523789e-08 1.4509023431e-12
 2.1671501853e-08 2.1671501853e-08 1.4512522965e-12
 2.1710374114e-08 2.1710374114e-08 1.4514978023e-12
 2.1724886543e-08 2.1724886543e-08 1.4515639821e-12
 2.1737675389e-08 2.1737675389e-08 1.4516140628e-12
 2.1747435079e-08 2.1747435079e-08 1.4516480579e-12
 2.1758071751e-08 2.1758071751e-08 1.4516816026e-12
 2.1767680981e-08 2.1767680981e-08 1.4517091088e-12
 2.1783854522e-08 2.1783854522e-08 1.4517502066e-12
 2.1798376953e-08 2.1798376953e-08 1.4517821699e-12
 2.1824738455e-08 2.1824738455e-08 1.4518303755e-12
 2.1853588642e-08 2.1853588642e-08 1.4518713161e-12
 2.1878105244e-08 2.1878105244e-08 1.4518982699e-12
 2.1886193144e-08 2.1886193144e-08 1.4519057557e-12
 2.1895604510e-08 2.1895604510e-08 1.4519137445e-12
 2.1905361592e-08 2.1905361592e-08 1.4519213022e-12
 2.1920906418e-08 2.1920906418e-08 1.4519320127e-12
 2.1935561462e-08 2.1935561462e-08 1.4519407808e-12
 2.1950352621e-08 2.1950352621e-08 1.4519484862e-12
 2.1962135793e-08 2.1962135793e-08 1.4519538937e-12
 2.1972556212e-08 2.1972556212e-08 1.4519581950e-12
 2.1983032576e-08 2.1983032576e-08 1.4519621122e-12
 2.1993963399e-08 2.1993963399e-08 1.4519658077e-12
 2.2005754808e-08 2.2005754808e-08 1.4519693915e-12
 2.2018945608e-08 2.2018945608e-08 1.4519729591e-12
 2.2034150812e-08 2.2034150812e-08 1.4519765621e-12
 2.2052255543e-08 2.2052255543e-08 1.4519802378e-12
 2.2074733056e-08 2.2074733056e-08 1.4519840216e-12
 2.2104268273e-08 2.2104268273e-08 1.4519879399e-12
 2.2146360432e-08 2.2146360432e-08 1.4519919827e-12
 2.2213279788e-08 2.2213279788e-08 1.4519959689e-12
 2.2314828176e-08 2.2314828176e-08 1.4519988742e-12
 2.2436350479e-08 2.2436350479e-08 1.4520000306e-12
 2.2498297138e-08 2.2498297138e-08 1.4520001059e-12
 2.2560714488e-08 2.2560714488e-08 1.4520000770e-12
 2.2620363422e-08 2.2620363422e-08 1.4520000323e-12
 2.2673158501e-08 2.2673158501e-08 1.4519999986e-12
 2.2739629041e-08 2.2739629041e-08 1.4519999698e-12
 2.2813131057e-08 2.2813131057e-08 1.4519999518e-12
 2.2871363816e-08 2.2871363816e-08 1.4519999442e-12
 2.2928182786e-08 2.2928182786e-08 1.4519999403e-12
 2.2988549209e-08 2.2988549209e-08 1.4519999381e-12
 2.3055804863e-08 2.3055804863e-08 1.4519999369e-12
 2.3135191869e-08 2.3135191869e-08 1.4519999362e-12
 2.3232285279e-08 2.3232285279e-08 1.4519999360e-12
 2.3355423175e-08 2.3355423175e-08 1.4519999359e-12
 2.3519051311e-08 2.3519051311e-08 1.4519999359e-12
 2.3751847738e-08 2.3751847738e-08 1.4519999360e-12
 2.4123568947e-08 2.4123568947e-08 1.4519999360e-12
 2.4713059224e-08 2.4713059224e-08 1.4519999360e-12
 2.5627560394e-08 2.5627560394e-08 1.4519999360e-12
 2.6627560394e-08 2.6627560394e-08 1.4519999360e-12
 2.7627560394e-08 2.7627560394e-08 1.4519999360e-12
 2.8627560394e-08 2.8627560394e-08 1.4519999360e-12
 2.9627560394e-08 2.9627560394e-08 1.4519999360e-12
 3.0500000000e-08 3.0500000000e-08 1.4519999360e-12
 3.0503696512e-08 3.0503696512e-08 1.9890062332e-06
 3.0511089537e-08 3.0511089537e-08 1.9890062447e-06
 3.0517229276e-08 3.0517229276e-08 1.9890062538e-06
 3.0524025716e-08 3.0524025716e-08 1.9890062634e-06
 3.0530555708e-08 3.0530555708e-08 1.9890062721e-06
 3.0537187595e-08 3.0537187595e-08 1.9890062806e-06
 3.0543768170e-08 3.0543768170e-08 1.9890062886e-06
 3.0550370884e-08 3.0550370884e-08 1.9890062964e-06
 3.0556976981e-08 3.0556976981e-08 1.9890063040e-06
 3.0563608899e-08 3.0563608899e-08 1.9890063113e-06
 3.0570274197e-08 3.0570274197e-08 1.9890063185e-06
 3.0576989423e-08 3.0576989423e-08 1.9890063256e-06
 3.0583770571e-08 3.0583770571e-08 1.9890063326e-06
 3.0590637719e-08 3.0590637719e-08 1.9890063396e-06
 3.0597613920e-08 3.0597613920e-08 1.9890063466e-06
 3.0604726787e-08 3.0604726787e-08 1.9890063538e-06
 3.0612009313e-08 3.0612009313e-08 1.9890063611e-06
 3.0619501559e-08 3.0619501559e-08 1.9890063686e-06
 3.0627252756e-08 3.0627252756e-08 1.9890063764e-06
 3.0635324396e-08 3.0635324396e-08 1.9890063845e-06
 3.0643794685e-08 3.0643794685e-08 1.9890063932e-06
 3.0652765230e-08 3.0652765230e-08 1.9890064025e-06
 3.0662371376e-08 3.0662371376e-08 1.9890064127e-06
 3.0672798837e-08 3.0672798837e-08 1.9890064240e-06
 3.0682220664e-08 3.0682220664e-08 1.9890064344e-06
 3.0695153468e-08 3.0695153468e-08 1.9890064491e-06
 3.0706745001e-08 3.0706745001e-08 1.9890064627e-06
 3.0718506514e-08 3.0718506514e-08 1.9890064768e-06
 3.0731925577e-08 3.0731925577e-08 1.9890064933e-06
 3.0747004903e-08 3.0747004903e-08 1.9890065123e-06
 3.0763217014e-08 3.0763217014e-08 1.9890065332e-06
 3.0779896571e-08 3.0779896571e-08 1.9890065551e-06
 3.0797139688e-08 3.0797139688e-08 2.0423118091e-06
 3.0804606347e-08 3.0804606347e-08 2.2870149614e-06
 3.0811851774e-08 3.0811851774e-08 2.7142789306e-06
 3.0818176056e-08 3.0818176056e-08 3.2400736541e-06
 3.0824598985e-08 3.0824598985e-08 3.9198984355e-06
 3.0830903606e-08 3.0830903606e-08 4.7300891897e-06
 3.0837239719e-08 3.0837239719e-08 5.6868717244e-06
 3.0843561643e-08 3.0843561643e-08 6.7838022421e-06
 3.0849901894e-08 3.0849901894e-08 8.0264693601e-06
 3.0856272881e-08 3.0856272881e-08 9.4186950457e-06
 3.0862722061e-08 3.0862722061e-08 1.0974184771e-05
 3.0869214977e-08 3.0869214977e-08 1.2688314793e-05
 3.0875727841e-08 3.0875727841e-08 1.4556384333e-05
 3.0882272414e-08 3.0882272414e-08 1.6582785818e-05
 3.0888850939e-08 3.0888850939e-08 1.8769536165e-05
 3.0895472305e-08 3.0895472305e-08 2.1121078767e-05
 3.0902146047e-08 3.0902146047e-08 2.3642653530e-05
 3.0907384031e-08 3.0907384031e-08 2.5727138148e-05
 3.0910461622e-08 3.0910461622e-08 2.6994678449e-05
 3.0916616803e-08 3.0916616803e-08 2.9623487064e-05
 3.0925218312e-08 3.0925218312e-08 3.3505004898e-05
 3.0933865649e-08 3.0933865649e-08 3.7643542811e-05
 3.0940708459e-08 3.0940708459e-08 4.1083867160e-05
 3.0948792223e-08 3.0948792223e-08 4.5331682566e-05
 3.0954226377e-08 3.0954226377e-08 4.8296190738e-05
 3.0959614352e-08 3.0959614352e-08 5.1319799533e-05
 3.0964085527e-08 3.0964085527e-08 5.3891196932e-05
 3.0973027879e-08 3.0973027879e-08 5.6122280690e-05
 3.0976027354e-08 3.0976027354e-08 5.2545699213e-05
 3.0979274607e-08 3.0979274607e-08 4.6522793834e-05
 3.0982608833e-08 3.0982608833e-08 3.9188953709e-05
 3.0986115838e-08 3.0986115838e-08 3.1453809057e-05
 3.0991250143e-08 3.0991250143e-08 2.1732629654e-05
 3.0995625072e-08 3.0995625072e-08 1.5620606189e-05
 3.1000000000e-08 3.1000000000e-08 1.1430062322e-05
 3.1002074377e-08 3.1002074377e-08 7.5942319637e-06
 3.1004054663e-08 3.1004054663e-08 6.0544945277e-06
 3.1006148760e-08 3.1006148760e-08 4.7153582365e-06
 3.1010336955e-08 3.1010336955e-08 2.7845698881e-06
 3.1015643078e-08 3.1015643078e-08 1.3395575246e-06
 3.1021390775e-08 3.1021390775e-08 5.4542696867e-07
 3.1028070527e-08 3.1028070527e-08 1.4391138635e-07
 3.1035955482e-08 3.1035955482e-08 -1.4127653290e-08
 3.1045813758e-08 3.1045813758e-08 -4.7469209217e-08
 3.1053719319e-08 3.1053719319e-08 -3.3311455673e-08
 3.1061030034e-08 3.1061030034e-08 -1.7968819643e-08
 3.1068520409e-08 3.1068520409e-08 -7.8359709087e-09
 3.1076473568e-08 3.1076473568e-08 -2.5254841523e-09
 3.1085379125e-08 3.1085379125e-08 -2.6872030308e-10
 3.1091243329e-08 3.1091243329e-08 1.0419808571e-10
 3.1098910012e-08 3.1098910012e-08 1.7807269958e-10
 3.1107961306e-08 3.1107961306e-08 1.2468295146e-10
 3.1123574553e-08 3.1123574553e-08 4.5816043144e-11
 3.1134845835e-08 3.1134845835e-08 1.9295003605e-11
 3.1145730073e-08 3.1145730073e-08 1.0192194159e-11
 3.1157436572e-08 3.1157436572e-08 8.1255363497e-12
 3.1168977786e-08 3.1168977786e-08 8.4317164588e-12
 3.1180451594e-08 3.1180451594e-08 8.9834268259e-12
 3.1192088616e-08 3.1192088616e-08 9.3111615562e-12
 3.1203854940e-08 3.1203854940e-08 9.4393546912e-12
 3.1215759114e-08 3.1215759114e-08 9.4700709076e-12
 3.1227854750e-08 3.1227854750e-08 9.4688606714e-12
 3.1240179113e-08 3.1240179113e-08 9.4627640102e-12
 3.1252771481e-08 3.1252771481e-08 9.4588915258e-12
 3.1265683069e-08 3.1265683069e-08 9.4573607785e-12
 3.1278972917e-08 3.1278972917e-08 9.4570114576e-12
 3.1292709904e-08 3.1292709904e-08 9.4570420191e-12
 3.1306976859e-08 3.1306976859e-08 9.4571196058e-12
 3.1321874022e-08 3.1321874022e-08 9.4571633257e-12
 3.1337523976e-08 3.1337523976e-08 9.4571776542e-12
 3.1354078839e-08 3.1354078839e-08 9.4571793156e-12
 3.1371718930e-08 3.1371718930e-08 9.4571779680e-12
 3.1390659806e-08 3.1390659806e-08 9.4571769415e-12
 3.1411193809e-08 3.1411193809e-08 9.4571765266e-12
 3.1433706827e-08 3.1433706827e-08 9.4571765201e-12
 3.1458710489e-08 3.1458710489e-08 9.4571765437e-12
 3.1486901199e-08 3.1486901199e-08 9.4571766155e-12
 3.1518757875e-08 3.1518757875e-08 9.4571766426e-12
 3.1552138185e-08 3.1552138185e-08 9.4571766024e-12
 3.1586335005e-08 3.1586335005e-08 9.4571766004e-12
 3.1622221145e-08 3.1622221145e-08 9.4571766070e-12
 3.1660735823e-08 3.1660735823e-08 9.4571765942e-12
 3.1702597327e-08 3.1702597327e-08 9.4571766258e-12
 3.1749397107e-08 3.1749397107e-08 9.4571766243e-12
 3.1805005343e-08 3.1805005343e-08 9.4571766130e-12
 3.1860318808e-08 3.1860318808e-08 9.4571766366e-12
 3.1912173320e-08 3.1912173320e-08 9.4571766169e-12
 3.1936367898e-08 3.1936367898e-08 9.4571766155e-12
 3.1958014647e-08 3.1958014647e-08 9.4571766494e-12
 3.1982047597e-08 3.1982047597e-08 9.4571766013e-12
 3.2000000000e-08 3.2000000000e-08 9.4571766465e-12
 3.2004410965e-08 3.2004410965e-08 9.4571766357e-12
 3.2009622693e-08 3.2009622693e-08 9.4571767413e-12
 3.2015758748e-08 3.2015758748e-08 9.4571766426e-12
 3.2028030857e-08 3.2028030857e-08 9.4571765854e-12
 3.2052575075e-08 3.2052575075e-08 9.4571766161e-12
 3.2082696189e-08 3.2082696189e-08 9.4571766185e-12
 3.2115516048e-08 3.2115516048e-08 9.4571765900e-12
 3.2159918689e-08 3.2159918689e-08 9.4571765906e-12
 3.2202802579e-08 3.2202802579e-08 9.4571766125e-12
 3.2235409179e-08 3.2235409179e-08 9.4571766650e-12
 3.2268575208e-08 3.2268575208e-08 9.4571766024e-12
 3.2301515016e-08 3.2301515016e-08 9.4571765985e-12
 3.2344313196e-08 3.2344313196e-08 9.4571766209e-12
 3.2393808359e-08 3.2393808359e-08 9.4571766047e-12
 3.2449457131e-08 3.2449457131e-08 9.4571766342e-12
 3.2460856642e-08 3.2460856642e-08 9.4571766645e-12
 3.2470702289e-08 3.2470702289e-08 9.4571766092e-12
 3.2484226564e-08 3.2484226564e-08 9.4571765965e-12
 3.2497172596e-08 3.2497172596e-08 9.4571766101e-12
 3.2507783583e-08 3.2507783583e-08 9.4571767028e-12
 3.2516443575e-08 3.2516443575e-08 9.4571766188e-12
 3.2530546348e-08 3.2530546348e-08 9.4571765655e-12
 3.2541135514e-08 3.2541135514e-08 9.4571767169e-12
 3.2551565444e-08 3.2551565444e-08 9.4571767062e-12
 3.2564759392e-08 3.2564759392e-08 9.4571766652e-12
 3.2582218981e-08 3.2582218981e-08 9.4571765549e-12
 3.2607932980e-08 3.2607932980e-08 9.4571766009e-12
 3.2645221437e-08 3.2645221437e-08 9.4571766086e-12
 3.2700936924e-08 3.2700936924e-08 9.4571765918e-12
 3.2778864323e-08 3.2778864323e-08 9.4571766099e-12
 3.2891000721e-08 3.2891000721e-08 9.4571766239e-12
 3.3007967374e-08 3.3007967374e-08 9.4571766068e-12
 3.3129231702e-08 3.3129231702e-08 9.4571766098e-12
 3.3240111921e-08 3.3240111921e-08 9.4571766087e-12
 3.3350376458e-08 3.3350376458e-08 9.4571766158e-12
 3.3467779685e-08 3.3467779685e-08 9.4571766120e-12
 3.3598726909e-08 3.3598726909e-08 9.4571766136e-12
 3.3751580595e-08 3.3751580595e-08 9.4571766130e-12
 3.3936527677e-08 3.3936527677e-08 9.4571766102e-12
 3.4168603100e-08 3.4168603100e-08 9.4571766186e-12
 3.4473400099e-08 3.4473400099e-08 9.4571766131e-12
 3.4900596236e-08 3.4900596236e-08 9.4571766123e-12
 3.5565816948e-08 3.5565816948e-08 9.4571766117e-12
 3.6565816948e-08 3.6565816948e-08 9.4571766114e-12
 3.7565816948e-08 3.7565816948e-08 9.4571766132e-12
 3.8565816948e-08 3.8565816948e-08 9.4571766133e-12
 3.9282908474e-08 3.9282908474e-08 9.4571766131e-12
 4.0000000000e-08 4.0000000000e-08 9.4571766147e-12
 4.0007812500e-08 4.0007812500e-08 -3.4407309517e-06
 4.0010188354e-08 4.0010188354e-08 -3.7928079411e-06
 4.0014940062e-08 4.0014940062e-08 -4.2762084053e-06
 4.0024443478e-08 4.0024443478e-08 -4.7404088941e-06
 4.0030862108e-08 4.0030862108e-08 -4.8414504771e-06
 4.0042886461e-08 4.0042886461e-08 -4.8891194494e-06
 4.0053254822e-08 4.0053254822e-08 -4.8797105507e-06
 4.0065369279e-08 4.0065369279e-08 -4.8574917382e-06
 4.0082347933e-08 4.0082347933e-08 -4.8239110651e-06
 4.0105135380e-08 4.0105135380e-08 -4.7645472749e-06
 4.0129384216e-08 4.0129384216e-08 -4.6570544004e-06
 4.0153835562e-08 4.0153835562e-08 -4.4557019751e-06
 4.0179864898e-08 4.0179864898e-08 -4.0366804613e-06
 4.0201165115e-08 4.0201165115e-08 -3.3723912345e-06
 4.0216984060e-08 4.0216984060e-08 -2.6549720119e-06
 4.0231002766e-08 4.0231002766e-08 -2.2523361208e-06
 4.0242566658e-08 4.0242566658e-08 -2.0712066472e-06
 4.0253839003e-08 4.0253839003e-08 -1.9949466011e-06
 4.0266057083e-08 4.0266057083e-08 -1.9890067601e-06
 4.0279920876e-08 4.0279920876e-08 -1.9890087443e-06
 4.0295899915e-08 4.0295899915e-08 -1.9890137026e-06
 4.0311570077e-08 4.0311570077e-08 -1.9890245201e-06
 4.0325506249e-08 4.0325506249e-08 -1.9890443293e-06
 4.0337809064e-08 4.0337809064e-08 -1.9890766320e-06
 4.0348724667e-08 4.0348724667e-08 -1.9891245446e-06
 4.0358485911e-08 4.0358485911e-08 -1.9891901971e-06
 4.0367057080e-08 4.0367057080e-08 -1.9892717806e-06
 4.0375248144e-08 4.0375248144e-08 -1.9893755646e-06
 4.0383017135e-08 4.0383017135e-08 -1.9895004419e-06
 4.0390532862e-08 4.0390532862e-08 -1.9896465516e-06
 4.0397818033e-08 4.0397818033e-08 -1.9898097900e-06
 4.0404931254e-08 4.0404931254e-08 -1.9899841833e-06
 4.0411900955e-08 4.0411900955e-08 -1.9901604691e-06
 4.0418758274e-08 4.0418758274e-08 -1.9903271345e-06
 4.0425525767e-08 4.0425525767e-08 -1.9904710016e-06
 4.0432223831e-08 4.0432223831e-08 -1.9905787689e-06
 4.0438869147e-08 4.0438869147e-08 -1.9906387569e-06
 4.0445476186e-08 4.0445476186e-08 -1.9906428445e-06
 4.0452057228e-08 4.0452057228e-08 -1.9905881122e-06
 4.0458622865e-08 4.0458622865e-08 -1.9904778086e-06
 4.0465182198e-08 4.0465182198e-08 -1.9903212960e-06
 4.0471743094e-08 4.0471743094e-08 -1.9901328563e-06
 4.0478312350e-08 4.0478312350e-08 -1.9899295234e-06
 4.0484999856e-08 4.0484999856e-08 -1.9897253142e-06
 4.0492499928e-08 4.0492499928e-08 -1.9895182394e-06
 4.0500000000e-08 4.0500000000e-08 -1.9893477612e-06
 4.0501875018e-08 4.0501875018e-08 -2.7679969017e-10
 4.0504095176e-08 4.0504095176e-08 -2.1446700449e-10
 4.0506826805e-08 4.0506826805e-08 -1.5739471169e-10
 4.0512290062e-08 4.0512290062e-08 -8.4725330062e-11
 4.0523216577e-08 4.0523216577e-08 -2.4868746276e-11
 4.0534290254e-08 4.0534290254e-08 -7.3503920232e-12
 4.0552395871e-08 4.0552395871e-08 -1.1014648622e-12
 4.0580487570e-08 4.0580487570e-08 -1.1143019175e-13
 4.0609497821e-08 4.0609497821e-08 6.3776172097e-14
 4.0636517522e-08 4.0636517522e-08 1.4951089118e-13
 4.0661326592e-08 4.0661326592e-08 2.2642471390e-13
 4.0683577057e-08 4.0683577057e-08 2.9398249586e-13
 4.0703483422e-08 4.0703483422e-08 3.5330945502e-13
 4.0721537132e-08 4.0721537132e-08 4.0622174753e-13
 4.0738134074e-08 4.0738134074e-08 4.5412456595e-13
 4.0753583697e-08 4.0753583697e-08 4.9808437088e-13
 4.0768139070e-08 4.0768139070e-08 5.3894514285e-13
 4.0781993274e-08 4.0781993274e-08 5.7733799212e-13
 4.0795291465e-08 4.0795291465e-08 6.1372984940e-13
 4.0808145748e-08 4.0808145748e-08 6.4847449037e-13
 4.0820643502e-08 4.0820643502e-08 6.8184156138e-13
 4.0832853407e-08 4.0832853407e-08 7.1403707920e-13
 4.0844830408e-08 4.0844830408e-08 7.4521946678e-13
 4.0856619145e-08 4.0856619145e-08 7.7551050668e-13
 4.0868256340e-08 4.0868256340e-08 8.0500306032e-13
 4.0879772579e-08 4.0879772579e-08 8.3376716017e-13
 4.0891193615e-08 4.0891193615e-08 8.6185521339e-13
 4.0902541324e-08 4.0902541324e-08 8.8930683629e-13
 4.0913834435e-08 4.0913834435e-08 9.1615345566e-13
 4.0925089078e-08 4.0925089078e-08 9.4242227540e-13
 4.0936319219e-08 4.0936319219e-08 9.6813889208e-13
 4.0947536994e-08 4.0947536994e-08 9.9332785472e-13
 4.0958752990e-08 4.0958752990e-08 1.0180106653e-12
 4.0969976458e-08 4.0969976458e-08 1.0422010440e-12
 4.0981215501e-08 4.0981215501e-08 1.0658983962e-12
 4.0992477223e-08 4.0992477223e-08 1.0890828255e-12
 4.1000000000e-08 4.1000000000e-08 1.1042391851e-12
 4.1001880694e-08 4.1001880694e-08 1.1079799693e-12
 4.1004876373e-08 4.1004876373e-08 1.1139073233e-12
 4.1008549215e-08 4.1008549215e-08 1.1211126912e-12
 4.1015894899e-08 4.1015894899e-08 1.1353005518e-12
 4.1030586267e-08 4.1030586267e-08 1.1627086956e-12
 4.1051726175e-08 4.1051726175e-08 1.1996786668e-12
 4.1076746194e-08 4.1076746194e-08 1.2393984455e-12
 4.1106624111e-08 4.1106624111e-08 1.2808850801e-12
 4.1146133959e-08 4.1146133959e-08 1.3260160552e-12
 4.1225153656e-08 4.1225153656e-08 1.3881485799e-12
 4.1283465512e-08 4.1283465512e-08 1.4152443036e-12
 4.1314223692e-08 4.1314223692e-08 1.4245864656e-12
 4.1342293608e-08 4.1342293608e-08 1.4309857707e-12
 4.1369100463e-08 4.1369100463e-08 1.4356888694e-12
 4.1396259593e-08 4.1396259593e-08 1.4393863832e-12
 4.1427673551e-08 4.1427673551e-08 1.4426501966e-12
 4.1469961864e-08 4.1469961864e-08 1.4458009178e-12
 4.1534139664e-08 4.1534139664e-08 1.4487965794e-12
 4.1586363604e-08 4.1586363604e-08 1.4501687615e-12
 4.1623844700e-08 4.1623844700e-08 1.4507645449e-12
 4.1654786877e-08 4.1654786877e-08 1.4510976525e-12
 4.1684907564e-08 4.1684907564e-08 1.4513310851e-12
 4.1705404780e-08 4.1705404780e-08 1.4514517618e-12
 4.1724995341e-08 4.1724995341e-08 1.4515456166e-12
 4.1739589068e-08 4.1739589068e-08 1.4516044215e-12
 4.1753366111e-08 4.1753366111e-08 1.4516527275e-12
 4.1763513716e-08 4.1763513716e-08 1.4516843852e-12
 4.1773271027e-08 4.1773271027e-08 1.4517120554e-12
 4.1789844077e-08 4.1789844077e-08 1.4517536744e-12
 4.1811818788e-08 4.1811818788e-08 1.4517999349e-12
 4.1840574087e-08 4.1840574087e-08 1.4518479649e-12
 4.1867359996e-08 4.1867359996e-08 1.4518824187e-12
 4.1877528428e-08 4.1877528428e-08 1.4518932146e-12
 4.1888122669e-08 4.1888122669e-08 1.4519033623e-12
 4.1896093327e-08 4.1896093327e-08 1.4519103370e-12
 4.1910362004e-08 4.1910362004e-08 1.4519215970e-12
 4.1920794843e-08 4.1920794843e-08 1.4519289223e-12
 4.1935150469e-08 4.1935150469e-08 1.4519379029e-12
 4.1949623780e-08 4.1949623780e-08 1.4519458156e-12
 4.1960933915e-08 4.1960933915e-08 1.4519512848e-12
 4.1971234607e-08 4.1971234607e-08 1.4519557789e-12
 4.1981667685e-08 4.1981667685e-08 1.4519599060e-12
 4.1992491928e-08 4.1992491928e-08 1.4519637805e-12
 4.2004140174e-08 4.2004140174e-08 1.4519675332e-12
 4.2017134821e-08 4.2017134821e-08 1.4519712644e-12
 4.2032048271e-08 4.2032048271e-08 1.4519750246e-12
 4.2049715978e-08 4.2049715978e-08 1.4519788539e-12
 4.2071513920e-08 4.2071513920e-08 1.4519827909e-12
 4.2099909956e-08 4.2099909956e-08 1.4519868653e-12
 4.2139880671e-08 4.2139880671e-08 1.4519910755e-12
 4.2202515294e-08 4.2202515294e-08 1.4519952750e-12
 4.2299409632e-08 4.2299409632e-08 1.4519985262e-12
 4.2420640544e-08 4.2420640544e-08 1.4519999611e-12
 4.2484923108e-08 4.2484923108e-08 1.4520000886e-12
 4.2549805064e-08 4.2549805064e-08 1.4520000758e-12
 4.2611010833e-08 4.2611010833e-08 1.4520000343e-12
 4.2664087425e-08 4.2664087425e-08 1.4520000009e-12
 4.2725988453e-08 4.2725988453e-08 1.4519999732e-12
 4.2807163334e-08 4.2807163334e-08 1.4519999522e-12
 4.2867013281e-08 4.2867013281e-08 1.4519999443e-12
 4.2923431039e-08 4.2923431039e-08 1.4519999403e-12
 4.2983302680e-08 4.2983302680e-08 1.4519999381e-12
 4.3049322854e-08 4.3049322854e-08 1.4519999369e-12
 4.3127192566e-08 4.3127192566e-08 1.4519999363e-12
 4.3222460037e-08 4.3222460037e-08 1.4519999360e-12
 4.3343152890e-08 4.3343152890e-08 1.4519999359e-12
 4.3503068627e-08 4.3503068627e-08 1.4519999359e-12
 4.3729215501e-08 4.3729215501e-08 1.4519999360e-12
 4.4086072045e-08 4.4086072045e-08 1.4519999360e-12
 4.4657653774e-08 4.4657653774e-08 1.4519999360e-12
 4.5535447190e-08 4.5535447190e-08 1.4519999360e-12
 4.6535447190e-08 4.6535447190e-08 1.4519999360e-12
 4.7535447190e-08 4.7535447190e-08 1.4519999360e-12
 4.8535447190e-08 4.8535447190e-08 1.4519999360e-12
 4.9535447190e-08 4.9535447190e-08 1.4519999360e-12
 5.0500000000e-08 5.0500000000e-08 1.4519999360e-12
 5.0503883491e-08 5.0503883491e-08 1.9890062335e-06
 5.0511650474e-08 5.0511650474e-08 1.9890062456e-06
 5.0517791940e-08 5.0517791940e-08 1.9890062546e-06
 5.0524634860e-08 5.0524634860e-08 1.9890062642e-06
 5.0531158460e-08 5.0531158460e-08 1.9890062729e-06
 5.0537796206e-08 5.0537796206e-08 1.9890062813e-06
 5.0544375188e-08 5.0544375188e-08 1.9890062894e-06
 5.0550979569e-08 5.0550979569e-08 1.9890062971e-06
 5.0557586943e-08 5.0557586943e-08 1.9890063046e-06
 5.0564221685e-08 5.0564221685e-08 1.9890063119e-06
 5.0570890830e-08 5.0570890830e-08 1.9890063191e-06
 5.0577611439e-08 5.0577611439e-08 1.9890063262e-06
 5.0584399621e-08 5.0584399621e-08 1.9890063332e-06
 5.0591275799e-08 5.0591275799e-08 1.9890063402e-06
 5.0598263367e-08 5.0598263367e-08 1.9890063473e-06
 5.0605390397e-08 5.0605390397e-08 1.9890063544e-06
 5.0612690456e-08 5.0612690456e-08 1.9890063618e-06
 5.0620204350e-08 5.0620204350e-08 1.9890063693e-06
 5.0627982294e-08 5.0627982294e-08 1.9890063771e-06
 5.0636087108e-08 5.0636087108e-08 1.9890063853e-06
 5.0644598832e-08 5.0644598832e-08 1.9890063940e-06
 5.0653621679e-08 5.0653621679e-08 1.9890064034e-06
 5.0663294815e-08 5.0663294815e-08 1.9890064137e-06
 5.0673809772e-08 5.0673809772e-08 1.9890064251e-06
 5.0683307677e-08 5.0683307677e-08 1.9890064356e-06
 5.0696395228e-08 5.0696395228e-08 1.9890064505e-06
 5.0708115697e-08 5.0708115697e-08 1.9890064643e-06
 5.0720016756e-08 5.0720016756e-08 1.9890064786e-06
 5.0733624594e-08 5.0733624594e-08 1.9890064954e-06
 5.0748947429e-08 5.0748947429e-08 1.9890065148e-06
 5.0765257312e-08 5.0765257312e-08 1.9890065359e-06
 5.0781976883e-08 5.0781976883e-08 1.9890065579e-06
 5.0799314089e-08 5.0799314089e-08 2.0930859259e-06
 5.0806519540e-08 5.0806519540e-08 2.3816672479e-06
 5.0813838999e-08 5.0813838999e-08 2.8641413300e-06
 5.0820130844e-08 5.0820130844e-08 3.4314155318e-06
 5.0826570493e-08 5.0826570493e-08 4.1580370820e-06
 5.0832870744e-08 5.0832870744e-08 5.0118379549e-06
 5.0839210654e-08 5.0839210654e-08 6.0136023101e-06
 5.0845534158e-08 5.0845534158e-08 7.1551079586e-06
 5.0851882465e-08 5.0851882465e-08 8.4438624307e-06
 5.0858271639e-08 5.0858271639e-08 9.8850526160e-06
 5.0864759397e-08 5.0864759397e-08 1.1496046349e-05
 5.0871254021e-08 5.0871254021e-08 1.3257162129e-05
 5.0877779721e-08 5.0877779721e-08 1.5175617985e-05
 5.0884333499e-08 5.0884333499e-08 1.7251756724e-05
 5.0890925100e-08 5.0890925100e-08 1.9489932863e-05
 5.0897561585e-08 5.0897561585e-08 2.1894158691e-05
 5.0904254553e-08 5.0904254553e-08 2.4470600847e-05
 5.0908449095e-08 5.0908449095e-08 2.6162165280e-05
 5.0916838179e-08 5.0916838179e-08 2.9720213794e-05
 5.0926237831e-08 5.0926237831e-08 3.3980476121e-05
 5.0928276396e-08 5.0928276396e-08 3.4941455493e-05
 5.0932353527e-08 5.0932353527e-08 3.6902770996e-05
 5.0939092723e-08 5.0939092723e-08 4.0258472085e-05
 5.0941935934e-08 5.0941935934e-08 4.1716164991e-05
 5.0947622356e-08 5.0947622356e-08 4.4704890999e-05
 5.0952819704e-08 5.0952819704e-08 4.7520626206e-05
 5.0958025548e-08 5.0958025548e-08 5.0419708622e-05
 5.0962657610e-08 5.0962657610e-08 5.3064068526e-05
 5.0971921732e-08 5.0971921732e-08 5.6765139026e-05
 5.0974788559e-08 5.0974788559e-08 5.4207556921e-05
 5.0978187776e-08 5.0978187776e-08 4.8576949331e-05
 5.0981550101e-08 5.0981550101e-08 4.1411126277e-05
 5.0984920337e-08 5.0984920337e-08 3.3880266631e-05
 5.0989406808e-08 5.0989406808e-08 2.4817158848e-05
 5.0994703404e-08 5.0994703404e-08 1.6636071650e-05
 5.0997351702e-08 5.0997351702e-08 1.3722867230e-05
 5.1000000000e-08 5.1000000000e-08 1.1485429714e-05
 5.1001835388e-08 5.1001835388e-08 7.8182775313e-06
 5.1003489680e-08 5.1003489680e-08 6.4683863277e-06
 5.1005142131e-08 5.1005142131e-08 5.3161501629e-06
 5.1008447032e-08 5.1008447032e-08 3.5391194323e-06
 5.1013640272e-08 5.1013640272e-08 1.7711103365e-06
 5.1019219755e-08 5.1019219755e-08 7.6892918672e-07
 5.1025511972e-08 5.1025511972e-08 2.4869110361e-07
 5.1032869574e-08 5.1032869574e-08 2.1890926230e-08
 5.1041856256e-08 5.1041856256e-08 -4.4539978428e-08
 5.1050249828e-08 5.1050249828e-08 -3.8167757346e-08
 5.1057670555e-08 5.1057670555e-08 -2.2322546534e-08
 5.1065048690e-08 5.1065048690e-08 -1.0588351478e-08
 5.1072766445e-08 5.1072766445e-08 -3.9338349855e-09
 5.1081222960e-08 5.1081222960e-08 -8.4266165516e-10
 5.1090842786e-08 5.1090842786e-08 2.1693118955e-10
 5.1097620572e-08 5.1097620572e-08 2.7631729615e-10
 5.1110152422e-08 5.1110152422e-08 1.6899414503e-10
 5.1119211985e-08 5.1119211985e-08 8.5663045303e-11
 5.1137331113e-08 5.1137331113e-08 1.3518956417e-11
 5.1150463746e-08 5.1150463746e-08 4.1459967517e-12
 5.1161832752e-08 5.1161832752e-08 5.4441585686e-12
 5.1173872069e-08 5.1173872069e-08 7.6727610022e-12
 5.1185783266e-08 5.1185783266e-08 8.9279219347e-12
 5.1197521492e-08 5.1197521492e-08 9.3969183078e-12
 5.1209403196e-08 5.1209403196e-08 9.5069452068e-12
 5.1221450980e-08 5.1221450980e-08 9.5008478926e-12
 5.1233672060e-08 5.1233672060e-08 9.4778799042e-12
 5.1246131575e-08 5.1246131575e-08 9.4635112823e-12
 5.1258883107e-08 5.1258883107e-08 9.4578566438e-12
 5.1271977776e-08 5.1271977776e-08 9.4565645851e-12
 5.1285480653e-08 5.1285480653e-08 9.4566745025e-12
 5.1299468631e-08 5.1299468631e-08 9.4569610826e-12
 5.1314032375e-08 5.1314032375e-08 9.4571244238e-12
 5.1329282296e-08 5.1329282296e-08 9.4571790729e-12
 5.1345354517e-08 5.1345354517e-08 9.4571861000e-12
 5.1362415314e-08 5.1362415314e-08 9.4571816233e-12
 5.1380651493e-08 5.1380651493e-08 9.4571779504e-12
 5.1400317814e-08 5.1400317814e-08 9.4571766226e-12
 5.1421750088e-08 5.1421750088e-08 9.4571763991e-12
 5.1445388177e-08 5.1445388177e-08 9.4571764993e-12
 5.1471824053e-08 5.1471824053e-08 9.4571765813e-12
 5.1501872644e-08 5.1501872644e-08 9.4571766546e-12
 5.1534503121e-08 5.1534503121e-08 9.4571766017e-12
 5.1568201159e-08 5.1568201159e-08 9.4571765843e-12
 5.1603102881e-08 5.1603102881e-08 9.4571766238e-12
 5.1640137896e-08 5.1640137896e-08 9.4571766220e-12
 5.1680085393e-08 5.1680085393e-08 9.4571765944e-12
 5.1723981665e-08 5.1723981665e-08 9.4571766128e-12
 5.1774276993e-08 5.1774276993e-08 9.4571766033e-12
 5.1829411817e-08 5.1829411817e-08 9.4571766193e-12
 5.1882869368e-08 5.1882869368e-08 9.4571766151e-12
 5.1914485338e-08 5.1914485338e-08 9.4571765911e-12
 5.1945957461e-08 5.1945957461e-08 9.4571766275e-12
 5.1969367593e-08 5.1969367593e-08 9.4571766029e-12
 5.1984683796e-08 5.1984683796e-08 9.4571766278e-12
 5.2000000000e-08 5.2000000000e-08 9.4571766489e-12
 5.2003829051e-08 5.2003829051e-08 9.4571765917e-12
 5.2008331523e-08 5.2008331523e-08 9.4571764823e-12
 5.2013862924e-08 5.2013862924e-08 9.4571765402e-12
 5.2024925725e-08 5.2024925725e-08 9.4571765748e-12
 5.2047051329e-08 5.2047051329e-08 9.4571765824e-12
 5.2076357684e-08 5.2076357684e-08 9.4571766372e-12
 5.2108436491e-08 5.2108436491e-08 9.4571765894e-12
 5.2148807317e-08 5.2148807317e-08 9.4571766325e-12
 5.2175343179e-08 5.2175343179e-08 9.4571766092e-12
 5.2196097280e-08 5.2196097280e-08 9.4571766397e-12
 5.2217896157e-08 5.2217896157e-08 9.4571766874e-12
 5.2240787637e-08 5.2240787637e-08 9.4571766376e-12
 5.2272392923e-08 5.2272392923e-08 9.4571766509e-12
 5.2310961713e-08 5.2310961713e-08 9.4571766252e-12
 5.2356558707e-08 5.2356558707e-08 9.4571766443e-12
 5.2408965197e-08 5.2408965197e-08 9.4571766278e-12
 5.2433884166e-08 5.2433884166e-08 9.4571766349e-12
 5.2446380915e-08 5.2446380915e-08 9.4571766292e-12
 5.2453838672e-08 5.2453838672e-08 9.4571766927e-12
 5.2460329934e-08 5.2460329934e-08 9.4571766293e-12
 5.2467835899e-08 5.2467835899e-08 9.4571765858e-12
 5.2478861716e-08 5.2478861716e-08 9.4571766088e-12
 5.2489189084e-08 5.2489189084e-08 9.4571766620e-12
 5.2500734735e-08 5.2500734735e-08 9.4571766474e-12
 5.2509905905e-08 5.2509905905e-08 9.4571765714e-12
 5.2524133050e-08 5.2524133050e-08 9.4571766135e-12
 5.2534275505e-08 5.2534275505e-08 9.4571766339e-12
 5.2543862545e-08 5.2543862545e-08 9.4571766325e-12
 5.2560430864e-08 5.2560430864e-08 9.4571766541e-12
 5.2577455061e-08 5.2577455061e-08 9.4571766086e-12
 5.2599076781e-08 5.2599076781e-08 9.4571766308e-12
 5.2631657447e-08 5.2631657447e-08 9.4571766698e-12
 5.2678984355e-08 5.2678984355e-08 9.4571766035e-12
 5.2748256936e-08 5.2748256936e-08 9.4571766237e-12
 5.2842922661e-08 5.2842922661e-08 9.4571766239e-12
 5.3032254110e-08 5.3032254110e-08 9.4571766162e-12
 5.3165211831e-08 5.3165211831e-08 9.4571766164e-12
 5.3273651368e-08 5.3273651368e-08 9.4571766236e-12
 5.3384791643e-08 5.3384791643e-08 9.4571766121e-12
 5.3501307247e-08 5.3501307247e-08 9.4571766183e-12
 5.3634378659e-08 5.3634378659e-08 9.4571766123e-12
 5.3793897079e-08 5.3793897079e-08 9.4571766070e-12
 5.3991166606e-08 5.3991166606e-08 9.4571766191e-12
 5.4243820505e-08 5.4243820505e-08 9.4571766121e-12
 5.4582591713e-08 5.4582591713e-08 9.4571766146e-12
 5.5070549799e-08 5.5070549799e-08 9.4571766167e-12
 5.5866521741e-08 5.5866521741e-08 9.4571766147e-12
 5.6866521741e-08 5.6866521741e-08 9.4571766125e-12
 5.7866521741e-08 5.7866521741e-08 9.4571766132e-12
 5.8866521741e-08 5.8866521741e-08 9.4571766133e-12
 5.9433260870e-08 5.9433260870e-08 9.4571766127e-12
 6.0000000000e-08 6.0000000000e-08 9.4571766129e-12
 6.0007812500e-08 6.0007812500e-08 -3.4407309517e-06
 6.0009932471e-08 6.0009932471e-08 -3.7614498843e-06
 6.0014172414e-08 6.0014172414e-08 -4.2168973852e-06
 6.0022652300e-08 6.0022652300e-08 -4.6858958053e-06
 6.0028632080e-08 6.0028632080e-08 -4.8093155982e-06
 6.0040192800e-08 6.0040192800e-08 -4.8833880964e-06
 6.0049574340e-08 6.0049574340e-08 -4.8820079490e-06
 6.0068337421e-08 6.0068337421e-08 -4.8539075572e-06
 6.0087266993e-08 6.0087266993e-08 -4.8154257996e-06
 6.0109025021e-08 6.0109025021e-08 -4.7520682947e-06
 6.0133331367e-08 6.0133331367e-08 -4.6324547268e-06
 6.0158793056e-08 6.0158793056e-08 -4.3973093145e-06
 6.0184246723e-08 6.0184246723e-08 -3.9314271342e-06
 6.0204451860e-08 6.0204451860e-08 -3.2287824619e-06
 6.0219500566e-08 6.0219500566e-08 -2.5646567653e-06
 6.0235125322e-08 6.0235125322e-08 -2.1733308151e-06
 6.0246688935e-08 6.0246688935e-08 -2.0321346909e-06
 6.0258101885e-08 6.0258101885e-08 -1.9889134044e-06
 6.0270791188e-08 6.0270791188e-08 -1.9890072758e-06
 6.0286934084e-08 6.0286934084e-08 -1.9890104125e-06
 6.0303745542e-08 6.0303745542e-08 -1.9890180127e-06
 6.0318782863e-08 6.0318782863e-08 -1.9890329892e-06
 6.0332008485e-08 6.0332008485e-08 -1.9890588796e-06
 6.0343674231e-08 6.0343674231e-08 -1.9890991293e-06
 6.0354001402e-08 6.0354001402e-08 -1.9891561463e-06
 6.0363287483e-08 6.0363287483e-08 -1.9892316923e-06
 6.0371616470e-08 6.0371616470e-08 -1.9893246428e-06
 6.0379591922e-08 6.0379591922e-08 -1.9894400102e-06
 6.0387207404e-08 6.0387207404e-08 -1.9895761644e-06
 6.0394593867e-08 6.0394593867e-08 -1.9897317303e-06
 6.0401777838e-08 6.0401777838e-08 -1.9899012796e-06
 6.0408808415e-08 6.0408808415e-08 -1.9900772138e-06
 6.0415712430e-08 6.0415712430e-08 -1.9902489234e-06
 6.0422517436e-08 6.0422517436e-08 -1.9904039205e-06
 6.0429244166e-08 6.0429244166e-08 -1.9905288060e-06
 6.0435911111e-08 6.0435911111e-08 -1.9906110014e-06
 6.0442533576e-08 6.0442533576e-08 -1.9906406124e-06
 6.0449124812e-08 6.0449124812e-08 -1.9906122529e-06
 6.0455696110e-08 6.0455696110e-08 -1.9905263554e-06
 6.0462257215e-08 6.0462257215e-08 -1.9903896013e-06
 6.0468816514e-08 6.0468816514e-08 -1.9902142360e-06
 6.0475381263e-08 6.0475381263e-08 -1.9900163041e-06
 6.0481957741e-08 6.0481957741e-08 -1.9898131339e-06
 6.0490978871e-08 6.0490978871e-08 -1.9895549944e-06
 6.0500000000e-08 6.0500000000e-08 -1.9893460278e-06
 6.0502255282e-08 6.0502255282e-08 -2.6371203761e-10
 6.0504766287e-08 6.0504766287e-08 -1.9761540217e-10
 6.0507814695e-08 6.0507814695e-08 -1.3998952470e-10
 6.0513911512e-08 6.0513911512e-08 -7.0210669447e-11
 6.0526105145e-08 6.0526105145e-08 -1.7961191591e-11
 6.0538368550e-08 6.0538368550e-08 -4.7104707535e-12
 6.0558204306e-08 6.0558204306e-08 -6.2160714648e-13
 6.0586700787e-08 6.0586700787e-08 -5.7673144950e-14
 6.0615332076e-08 6.0615332076e-08 8.2602473874e-14
 6.0641831634e-08 6.0641831634e-08 1.6626212041e-13
 6.0666068829e-08 6.0666068829e-08 2.4106488997e-13
 6.0687796542e-08 6.0687796542e-08 3.0677241675e-13
 6.0707286188e-08 6.0707286188e-08 3.6465022063e-13
 6.0725016662e-08 6.0725016662e-08 4.1644636600e-13
 6.0741363161e-08 6.0741363161e-08 4.6348429838e-13
 6.0756619990e-08 6.0756619990e-08 5.0677236508e-13
 6.0771026444e-08 6.0771026444e-08 5.4710527025e-13
 6.0784764546e-08 6.0784764546e-08 5.8507605437e-13
 6.0797971635e-08 6.0797971635e-08 6.2112497493e-13
 6.0810754133e-08 6.0810754133e-08 6.5558649204e-13
 6.0823195193e-08 6.0823195193e-08 6.8871589458e-13
 6.0835360405e-08 6.0835360405e-08 7.2070851765e-13
 6.0847302418e-08 6.0847302418e-08 7.5171464425e-13
 6.0859064131e-08 6.0859064131e-08 7.8184967384e-13
 6.0870680928e-08 6.0870680928e-08 8.1120140573e-13
 6.0882182349e-08 6.0882182349e-08 8.3983589853e-13
 6.0893593314e-08 6.0893593314e-08 8.6780258217e-13
 6.0904935027e-08 6.0904935027e-08 8.9513906768e-13
 6.0916225665e-08 6.0916225665e-08 9.2187567664e-13
 6.0927480900e-08 6.0927480900e-08 9.4803919513e-13
 6.0938714310e-08 6.0938714310e-08 9.7365510798e-13
 6.0949937707e-08 6.0949937707e-08 9.9874764031e-13
 6.0961161394e-08 6.0961161394e-08 1.0233371538e-12
 6.0972394381e-08 6.0972394381e-08 1.0474348580e-12
 6.0983644562e-08 6.0983644562e-08 1.0710362249e-12
 6.0991822281e-08 6.0991822281e-08 1.0878410737e-12
 6.1000000000e-08 6.1000000000e-08 1.1043294724e-12
 6.1002044430e-08 6.1002044430e-08 1.1083939401e-12
 6.1005007703e-08 6.1005007703e-08 1.1142539327e-12
 6.1008814554e-08 6.1008814554e-08 1.1217170529e-12
 6.1016428256e-08 6.1016428256e-08 1.1364031617e-12
 6.1031655659e-08 6.1031655659e-08 1.1647306587e-12
 6.1053078644e-08 6.1053078644e-08 1.2020130409e-12
 6.1078314801e-08 6.1078314801e-08 1.2418035254e-12
 6.1108582816e-08 6.1108582816e-08 1.2834345084e-12
 6.1149021514e-08 6.1149021514e-08 1.3289471050e-12
 6.1229898909e-08 6.1229898909e-08 1.3909265106e-12
 6.1287823798e-08 6.1287823798e-08 1.4168485084e-12
 6.1317971897e-08 6.1317971897e-08 1.4256530626e-12
 6.1345355859e-08 6.1345355859e-08 1.4316770785e-12
 6.1372356711e-08 6.1372356711e-08 1.4362577717e-12
 6.1399976841e-08 6.1399976841e-08 1.4398832185e-12
 6.1432190640e-08 6.1432190640e-08 1.4430917852e-12
 6.1476989389e-08 6.1476989389e-08 1.4462483882e-12
 6.1540380032e-08 6.1540380032e-08 1.4490132722e-12
 6.1595849850e-08 6.1595849850e-08 1.4503623434e-12
 6.1635000068e-08 6.1635000068e-08 1.4509206967e-12
 6.1672307568e-08 6.1672307568e-08 1.4512671876e-12
 6.1699831280e-08 6.1699831280e-08 1.4514439601e-12
 6.1716366392e-08 6.1716366392e-08 1.4515262730e-12
 6.1731871496e-08 6.1731871496e-08 1.4515914221e-12
 6.1744081140e-08 6.1744081140e-08 1.4516360031e-12
 6.1756756348e-08 6.1756756348e-08 1.4516770222e-12
 6.1766653146e-08 6.1766653146e-08 1.4517057447e-12
 6.1782860332e-08 6.1782860332e-08 1.4517474152e-12
 6.1797272083e-08 6.1797272083e-08 1.4517795097e-12
 6.1822819819e-08 6.1822819819e-08 1.4518269541e-12
 6.1851567136e-08 6.1851567136e-08 1.4518685689e-12
 6.1876334127e-08 6.1876334127e-08 1.4518963453e-12
 6.1884543663e-08 6.1884543663e-08 1.4519040838e-12
 6.1893646687e-08 6.1893646687e-08 1.4519119587e-12
 6.1902870702e-08 6.1902870702e-08 1.4519192680e-12
 6.1917960882e-08 6.1917960882e-08 1.4519299530e-12
 6.1930852848e-08 6.1930852848e-08 1.4519379576e-12
 6.1947874928e-08 6.1947874928e-08 1.4519471559e-12
 6.1960599940e-08 6.1960599940e-08 1.4519531253e-12
 6.1971073203e-08 6.1971073203e-08 1.4519575212e-12
 6.1981596415e-08 6.1981596415e-08 1.4519615192e-12
 6.1992516907e-08 6.1992516907e-08 1.4519652695e-12
 6.2004178789e-08 6.2004178789e-08 1.4519688720e-12
 6.2017177466e-08 6.2017177466e-08 1.4519724502e-12
 6.2032122686e-08 6.2032122686e-08 1.4519760621e-12
 6.2049846256e-08 6.2049846256e-08 1.4519797428e-12
 6.2071735965e-08 6.2071735965e-08 1.4519835283e-12
 6.2100290919e-08 6.2100290919e-08 1.4519874471e-12
 6.2140554670e-08 6.2140554670e-08 1.4519914958e-12
 6.2203772187e-08 6.2203772187e-08 1.4519955276e-12
 6.2301275189e-08 6.2301275189e-08 1.4519986225e-12
 6.2422566665e-08 6.2422566665e-08 1.4519999704e-12
 6.2486529693e-08 6.2486529693e-08 1.4520000860e-12
 6.2551082320e-08 6.2551082320e-08 1.4520000713e-12
 6.2612091792e-08 6.2612091792e-08 1.4520000307e-12
 6.2665091361e-08 6.2665091361e-08 1.4519999984e-12
 6.2727427594e-08 6.2727427594e-08 1.4519999716e-12
 6.2807506097e-08 6.2807506097e-08 1.4519999516e-12
 6.2867150164e-08 6.2867150164e-08 1.4519999440e-12
 6.2923611051e-08 6.2923611051e-08 1.4519999402e-12
 6.2983522326e-08 6.2983522326e-08 1.4519999380e-12
 6.3049654027e-08 6.3049654027e-08 1.4519999369e-12
 6.3127632901e-08 6.3127632901e-08 1.4519999363e-12
 6.3222996372e-08 6.3222996372e-08 1.4519999360e-12
 6.3343782939e-08 6.3343782939e-08 1.4519999359e-12
 6.3503812102e-08 6.3503812102e-08 1.4519999359e-12
 6.3730155244e-08 6.3730155244e-08 1.4519999360e-12
 6.4087483225e-08 6.4087483225e-08 1.4519999360e-12
 6.4659826513e-08 6.4659826513e-08 1.4519999360e-12
 6.5539167996e-08 6.5539167996e-08 1.4519999360e-12
 6.6539167996e-08 6.6539167996e-08 1.4519999360e-12
 6.7539167996e-08 6.7539167996e-08 1.4519999360e-12
 6.8539167996e-08 6.8539167996e-08 1.4519999360e-12
 6.9539167996e-08 6.9539167996e-08 1.4519999360e-12
 7.0500000000e-08 7.0500000000e-08 1.4519999360e-12
 7.0503876134e-08 7.0503876134e-08 1.9890062335e-06
 7.0511628401e-08 7.0511628401e-08 1.9890062456e-06
 7.0517769806e-08 7.0517769806e-08 1.9890062546e-06
 7.0524610904e-08 7.0524610904e-08 1.9890062642e-06
 7.0531134753e-08 7.0531134753e-08 1.9890062729e-06
 7.0537772268e-08 7.0537772268e-08 1.9890062813e-06
 7.0544351311e-08 7.0544351311e-08 1.9890062893e-06
 7.0550955625e-08 7.0550955625e-08 1.9890062971e-06
 7.0557562947e-08 7.0557562947e-08 1.9890063046e-06
 7.0564197576e-08 7.0564197576e-08 1.9890063119e-06
 7.0570866567e-08 7.0570866567e-08 1.9890063191e-06
 7.0577586962e-08 7.0577586962e-08 1.9890063262e-06
 7.0584374864e-08 7.0584374864e-08 1.9890063332e-06
 7.0591250683e-08 7.0591250683e-08 1.9890063402e-06
 7.0598237800e-08 7.0598237800e-08 1.9890063473e-06
 7.0605364268e-08 7.0605364268e-08 1.9890063544e-06
 7.0612663630e-08 7.0612663630e-08 1.9890063617e-06
 7.0620176664e-08 7.0620176664e-08 1.9890063692e-06
 7.0627953547e-08 7.0627953547e-08 1.9890063771e-06
 7.0636057043e-08 7.0636057043e-08 1.9890063853e-06
 7.0644567121e-08 7.0644567121e-08 1.9890063940e-06
 7.0653587888e-08 7.0653587888e-08 1.9890064034e-06
 7.0663258360e-08 7.0663258360e-08 1.9890064136e-06
 7.0673769832e-08 7.0673769832e-08 1.9890064250e-06
 7.0683264709e-08 7.0683264709e-08 1.9890064355e-06
 7.0696346082e-08 7.0696346082e-08 1.9890064505e-06
 7.0708061420e-08 7.0708061420e-08 1.9890064642e-06
 7.0719956927e-08 7.0719956927e-08 1.9890064786e-06
 7.0733557242e-08 7.0733557242e-08 1.9890064954e-06
 7.0748870361e-08 7.0748870361e-08 1.9890065147e-06
 7.0765176337e-08 7.0765176337e-08 1.9890065358e-06
 7.0781894281e-08 7.0781894281e-08 1.9890065578e-06
 7.0799227670e-08 7.0799227670e-08 2.0907467840e-06
 7.0806439415e-08 7.0806439415e-08 2.3774416724e-06
 7.0813756749e-08 7.0813756749e-08 2.8576595364e-06
 7.0820049342e-08 7.0820049342e-08 3.4231659595e-06
 7.0826488505e-08 7.0826488505e-08 4.1478578516e-06
 7.0832788845e-08 7.0832788845e-08 4.9998329746e-06
 7.0839128632e-08 7.0839128632e-08 5.9997298565e-06
 7.0845452034e-08 7.0845452034e-08 7.1393734623e-06
 7.0851799964e-08 7.0851799964e-08 8.4261984477e-06
 7.0858188282e-08 7.0858188282e-08 9.8653213827e-06
 7.0864674263e-08 7.0864674263e-08 1.1473946616e-05
 7.0871168817e-08 7.0871168817e-08 1.3233100273e-05
 7.0877693949e-08 7.0877693949e-08 1.5149439005e-05
 7.0884247333e-08 7.0884247333e-08 1.7223494791e-05
 7.0890838368e-08 7.0890838368e-08 1.9459512815e-05
 7.0897474200e-08 7.0897474200e-08 2.1861526739e-05
 7.0904166336e-08 7.0904166336e-08 2.4435660857e-05
 7.0908400211e-08 7.0908400211e-08 2.6142115899e-05
 7.0916867962e-08 7.0916867962e-08 2.9733256798e-05
 7.0926280432e-08 7.0926280432e-08 3.4000424132e-05
 7.0928343761e-08 7.0928343761e-08 3.4973435797e-05
 7.0932470418e-08 7.0932470418e-08 3.6959772090e-05
 7.0939238653e-08 7.0939238653e-08 4.0332686776e-05
 7.0942111158e-08 7.0942111158e-08 4.1806804624e-05
 7.0947856167e-08 7.0947856167e-08 4.4829848530e-05
 7.0953037221e-08 7.0953037221e-08 4.7640191240e-05
 7.0958232830e-08 7.0958232830e-08 5.0536745723e-05
 7.0962843466e-08 7.0962843466e-08 5.3171421915e-05
 7.0972064739e-08 7.0972064739e-08 5.6701942810e-05
 7.0974952335e-08 7.0974952335e-08 5.4008026544e-05
 7.0978327304e-08 7.0978327304e-08 4.8322611210e-05
 7.0981683217e-08 7.0981683217e-08 4.1134979716e-05
 7.0985068400e-08 7.0985068400e-08 3.3577899034e-05
 7.0989619761e-08 7.0989619761e-08 2.4447630031e-05
 7.0994809880e-08 7.0994809880e-08 1.6518056185e-05
 7.0997404940e-08 7.0997404940e-08 1.3684070437e-05
 7.1000000000e-08 7.1000000000e-08 1.1497192628e-05
 7.1001826878e-08 7.1001826878e-08 7.8345513302e-06
 7.1003469684e-08 7.1003469684e-08 6.4903792779e-06
 7.1005107280e-08 7.1005107280e-08 5.3438693894e-06
 7.1008382470e-08 7.1008382470e-08 3.5715902983e-06
 7.1013571988e-08 7.1013571988e-08 1.7895558468e-06
 7.1019146596e-08 7.1019146596e-08 7.7834529920e-07
 7.1025425299e-08 7.1025425299e-08 2.5317580397e-07
 7.1032762853e-08 7.1032762853e-08 2.3556199669e-08
 7.1041717723e-08 7.1041717723e-08 -4.4286658989e-08
 7.1050135483e-08 7.1050135483e-08 -3.8347817493e-08
 7.1057562655e-08 7.1057562655e-08 -2.2502057215e-08
 7.1064937909e-08 7.1064937909e-08 -1.0705527006e-08
 7.1072648873e-08 7.1072648873e-08 -3.9949139609e-09
 7.1081091507e-08 7.1081091507e-08 -8.6835691614e-10
 7.1090691288e-08 7.1090691288e-08 2.1012449721e-10
 7.1097441156e-08 7.1097441156e-08 2.7446147428e-10
 7.1109936148e-08 7.1109936148e-08 1.7016968790e-10
 7.1118955000e-08 7.1118955000e-08 8.6852093715e-11
 7.1136992702e-08 7.1136992702e-08 1.4041390207e-11
 7.1150107060e-08 7.1150107060e-08 4.2854076567e-12
 7.1161468526e-08 7.1161468526e-08 5.4587261478e-12
 7.1173497457e-08 7.1173497457e-08 7.6566988974e-12
 7.1185401940e-08 7.1185401940e-08 8.9147582862e-12
 7.1197135051e-08 7.1197135051e-08 9.3907508404e-12
 7.1209010873e-08 7.1209010873e-08 9.5050339552e-12
 7.1221052094e-08 7.1221052094e-08 9.5006246858e-12
 7.1233265764e-08 7.1233265764e-08 9.4780604663e-12
 7.1245716564e-08 7.1245716564e-08 9.4636711340e-12
 7.1258457805e-08 7.1258457805e-08 9.4579316903e-12
 7.1271540326e-08 7.1271540326e-08 9.4565864676e-12
 7.1285028826e-08 7.1285028826e-08 9.4566758783e-12
 7.1298999745e-08 7.1298999745e-08 9.4569581883e-12
 7.1313543185e-08 7.1313543185e-08 9.4571223699e-12
 7.1328768832e-08 7.1328768832e-08 9.4571783782e-12
 7.1344811856e-08 7.1344811856e-08 9.4571859785e-12
 7.1361837860e-08 7.1361837860e-08 9.4571816314e-12
 7.1380031875e-08 7.1380031875e-08 9.4571779922e-12
 7.1399646441e-08 7.1399646441e-08 9.4571766246e-12
 7.1421014506e-08 7.1421014506e-08 9.4571763921e-12
 7.1444571818e-08 7.1444571818e-08 9.4571764925e-12
 7.1470904411e-08 7.1470904411e-08 9.4571765602e-12
 7.1500818432e-08 7.1500818432e-08 9.4571766456e-12
 7.1533392562e-08 7.1533392562e-08 9.4571766244e-12
 7.1567065906e-08 7.1567065906e-08 9.4571766331e-12
 7.1601913468e-08 7.1601913468e-08 9.4571766405e-12
 7.1638860501e-08 7.1638860501e-08 9.4571766302e-12
 7.1678697943e-08 7.1678697943e-08 9.4571766066e-12
 7.1722435992e-08 7.1722435992e-08 9.4571766282e-12
 7.1772452693e-08 7.1772452693e-08 9.4571766164e-12
 7.1827603696e-08 7.1827603696e-08 9.4571766176e-12
 7.1881179186e-08 7.1881179186e-08 9.4571766129e-12
 7.1913938263e-08 7.1913938263e-08 9.4571766232e-12
 7.1946695245e-08 7.1946695245e-08 9.4571765994e-12
 7.1970325491e-08 7.1970325491e-08 9.4571765649e-12
 7.1985162746e-08 7.1985162746e-08 9.4571766466e-12
 7.2000000000e-08 7.2000000000e-08 9.4571765767e-12
 7.2003709314e-08 7.2003709314e-08 9.4571765915e-12
 7.2008117426e-08 7.2008117426e-08 9.4571765740e-12
 7.2013545333e-08 7.2013545333e-08 9.4571764897e-12
 7.2024401149e-08 7.2024401149e-08 9.4571764198e-12
 7.2046112779e-08 7.2046112779e-08 9.4571764908e-12
 7.2075295887e-08 7.2075295887e-08 9.4571766009e-12
 7.2107277926e-08 7.2107277926e-08 9.4571766377e-12
 7.2147000295e-08 7.2147000295e-08 9.4571766213e-12
 7.2172200214e-08 7.2172200214e-08 9.4571766360e-12
 7.2191721527e-08 7.2191721527e-08 9.4571766173e-12
 7.2211405340e-08 7.2211405340e-08 9.4571766569e-12
 7.2232854237e-08 7.2232854237e-08 9.4571765758e-12
 7.2262505197e-08 7.2262505197e-08 9.4571766199e-12
 7.2298827157e-08 7.2298827157e-08 9.4571766093e-12
 7.2341777979e-08 7.2341777979e-08 9.4571766322e-12
 7.2392733371e-08 7.2392733371e-08 9.4571766329e-12
 7.2448669796e-08 7.2448669796e-08 9.4571766619e-12
 7.2460269370e-08 7.2460269370e-08 9.4571766065e-12
 7.2470396751e-08 7.2470396751e-08 9.4571765231e-12
 7.2479566103e-08 7.2479566103e-08 9.4571766143e-12
 7.2491930601e-08 7.2491930601e-08 9.4571766629e-12
 7.2503769734e-08 7.2503769734e-08 9.4571765982e-12
 7.2512650001e-08 7.2512650001e-08 9.4571766242e-12
 7.2526895802e-08 7.2526895802e-08 9.4571767052e-12
 7.2537221293e-08 7.2537221293e-08 9.4571766690e-12
 7.2547065864e-08 7.2547065864e-08 9.4571767966e-12
 7.2564053898e-08 7.2564053898e-08 9.4571766838e-12
 7.2582057513e-08 7.2582057513e-08 9.4571767060e-12
 7.2605702214e-08 7.2605702214e-08 9.4571766636e-12
 7.2640640467e-08 7.2640640467e-08 9.4571766105e-12
 7.2692555406e-08 7.2692555406e-08 9.4571766378e-12
 7.2765347912e-08 7.2765347912e-08 9.4571766289e-12
 7.2868633362e-08 7.2868633362e-08 9.4571766228e-12
 7.2987092540e-08 7.2987092540e-08 9.4571766172e-12
 7.3113395532e-08 7.3113395532e-08 9.4571766197e-12
 7.3225126022e-08 7.3225126022e-08 9.4571766162e-12
 7.3334912997e-08 7.3334912997e-08 9.4571766277e-12
 7.3450799643e-08 7.3450799643e-08 9.4571766121e-12
 7.3579051420e-08 7.3579051420e-08 9.4571766202e-12
 7.3728134414e-08 7.3728134414e-08 9.4571766156e-12
 7.3907828027e-08 7.3907828027e-08 9.4571766121e-12
 7.4132251994e-08 7.4132251994e-08 9.4571766122e-12
 7.4425005985e-08 7.4425005985e-08 9.4571766113e-12
 7.4830997654e-08 7.4830997654e-08 9.4571766132e-12
 7.5451667401e-08 7.5451667401e-08 9.4571766101e-12
 7.6451667401e-08 7.6451667401e-08 9.4571766134e-12
 7.7451667401e-08 7.7451667401e-08 9.4571766126e-12
 7.8451667401e-08 7.8451667401e-08 9.4571766128e-12
 7.9225833700e-08 7.9225833700e-08 9.4571766124e-12
 8.0000000000e-08 8.0000000000e-08 9.4571766143e-12
 8.0007812500e-08 8.0007812500e-08 -3.4407309517e-06
 8.0010278547e-08 8.0010278547e-08 -3.8036221308e-06
 8.0015210641e-08 8.0015210641e-08 -4.2959914513e-06
 8.0025074829e-08 8.0025074829e-08 -4.7574210570e-06
 8.0031652081e-08 8.0031652081e-08 -4.8511105179e-06
 8.0043842728e-08 8.0043842728e-08 -4.8905535170e-06
 8.0054582057e-08 8.0054582057e-08 -4.8785054191e-06
 8.0067094066e-08 8.0067094066e-08 -4.8547837049e-06
 8.0084612646e-08 8.0084612646e-08 -4.8191716618e-06
 8.0107729504e-08 8.0107729504e-08 -4.7557964506e-06
 8.0132067814e-08 8.0132067814e-08 -4.6406341623e-06
 8.0156618582e-08 8.0156618582e-08 -4.4235739271e-06
 8.0182232671e-08 8.0182232671e-08 -3.9809140341e-06
 8.0202903562e-08 8.0202903562e-08 -3.2976656439e-06
 8.0218267756e-08 8.0218267756e-08 -2.6073754253e-06
 8.0232873899e-08 8.0232873899e-08 -2.2143033311e-06
 8.0244306280e-08 8.0244306280e-08 -2.0530515329e-06
 8.0255608834e-08 8.0255608834e-08 -1.9908896521e-06
 8.0268029257e-08 8.0268029257e-08 -1.9890069597e-06
 8.0282749171e-08 8.0282749171e-08 -1.9890093457e-06
 8.0299043518e-08 8.0299043518e-08 -1.9890152287e-06
 8.0314450077e-08 8.0314450077e-08 -1.9890275505e-06
 8.0328088908e-08 8.0328088908e-08 -1.9890495889e-06
 8.0340126068e-08 8.0340126068e-08 -1.9890848357e-06
 8.0350798950e-08 8.0350798950e-08 -1.9891361627e-06
 8.0360365280e-08 8.0360365280e-08 -1.9892055567e-06
 8.0368838867e-08 8.0368838867e-08 -1.9892914776e-06
 8.0376942803e-08 8.0376942803e-08 -1.9893997311e-06
 8.0384650169e-08 8.0384650169e-08 -1.9895290284e-06
 8.0392113922e-08 8.0392113922e-08 -1.9896789373e-06
 8.0399358462e-08 8.0399358462e-08 -1.9898448534e-06
 8.0406438460e-08 8.0406438460e-08 -1.9900201706e-06
 8.0413381734e-08 8.0413381734e-08 -1.9901950883e-06
 8.0420217959e-08 8.0420217959e-08 -1.9903576790e-06
 8.0426968964e-08 8.0426968964e-08 -1.9904946255e-06
 8.0433654381e-08 8.0433654381e-08 -1.9905928414e-06
 8.0440290340e-08 8.0440290340e-08 -1.9906412731e-06
 8.0446890825e-08 8.0446890825e-08 -1.9906328075e-06
 8.0453467722e-08 8.0453467722e-08 -1.9905658004e-06
 8.0460031283e-08 8.0460031283e-08 -1.9904448457e-06
 8.0466590328e-08 8.0466590328e-08 -1.9902804783e-06
 8.0473152478e-08 8.0473152478e-08 -1.9900877492e-06
 8.0479724327e-08 8.0479724327e-08 -1.9898839041e-06
 8.0486453060e-08 8.0486453060e-08 -1.9896815760e-06
 8.0493226530e-08 8.0493226530e-08 -1.9894990707e-06
 8.0500000000e-08 8.0500000000e-08 -1.9893471811e-06
 8.0501693367e-08 8.0501693367e-08 -2.8212207275e-10
 8.0503767713e-08 8.0503767713e-08 -2.2228440176e-10
 8.0506338724e-08 8.0506338724e-08 -1.6609276970e-10
 8.0511480747e-08 8.0511480747e-08 -9.2683730604e-11
 8.0521764793e-08 8.0521764793e-08 -2.9185043838e-11
 8.0532268223e-08 8.0532268223e-08 -9.1464414315e-12
 8.0548529506e-08 8.0548529506e-08 -1.6258701250e-12
 8.0575652496e-08 8.0575652496e-08 -1.5305973143e-13
 8.0604789796e-08 8.0604789796e-08 4.8670609865e-14
 8.0632144825e-08 8.0632144825e-08 1.3582505111e-13
 8.0657369239e-08 8.0657369239e-08 2.1431615433e-13
 8.0680052426e-08 8.0680052426e-08 2.8341496401e-13
 8.0700323189e-08 8.0700323189e-08 3.4400541130e-13
 8.0718665148e-08 8.0718665148e-08 3.9790510173e-13
 8.0735490787e-08 8.0735490787e-08 4.4658622904e-13
 8.0751120581e-08 8.0751120581e-08 4.9115963276e-13
 8.0765817823e-08 8.0765817823e-08 5.3250731457e-13
 8.0779785056e-08 8.0779785056e-08 5.7129322563e-13
 8.0793174303e-08 8.0793174303e-08 6.0800777895e-13
 8.0806102618e-08 8.0806102618e-08 6.4302157859e-13
 8.0818661131e-08 8.0818661131e-08 6.7661695004e-13
 8.0830921311e-08 8.0830921311e-08 7.0900939037e-13
 8.0842940171e-08 8.0842940171e-08 7.4036447867e-13
 8.0854763920e-08 8.0854763920e-08 7.7080955999e-13
 8.0866430495e-08 8.0866430495e-08 8.0044187342e-13
 8.0877971426e-08 8.0877971426e-08 8.2933487087e-13
 8.0889413215e-08 8.0889413215e-08 8.5754353996e-13
 8.0900778345e-08 8.0900778345e-08 8.8510929221e-13
 8.0912086039e-08 8.0912086039e-08 9.1206463229e-13
 8.0923352835e-08 8.0923352835e-08 9.3843728042e-13
 8.0934593042e-08 8.0934593042e-08 9.6425305554e-13
 8.0945819087e-08 8.0945819087e-08 9.8953679258e-13
 8.0957041800e-08 8.0957041800e-08 1.0143107521e-12
 8.0968270645e-08 8.0968270645e-08 1.0385902726e-12
 8.0979513907e-08 8.0979513907e-08 1.0623773419e-12
 8.0990778848e-08 8.0990778848e-08 1.0856550682e-12
 8.1000000000e-08 8.1000000000e-08 1.1042678704e-12
 8.1002305288e-08 8.1002305288e-08 1.1088485810e-12
 8.1005617677e-08 8.1005617677e-08 1.1153912627e-12
 8.1009734251e-08 8.1009734251e-08 1.1234448984e-12
 8.1017967398e-08 8.1017967398e-08 1.1392690615e-12
 8.1034433692e-08 8.1034433692e-08 1.1696804175e-12
 8.1056508576e-08 8.1056508576e-08 1.2076336664e-12
 8.1082270385e-08 8.1082270385e-08 1.2475742324e-12
 8.1113526734e-08 8.1113526734e-08 1.2895644481e-12
 8.1156497218e-08 8.1156497218e-08 1.3361444689e-12
 8.1212875011e-08 8.1212875011e-08 1.3802813397e-12
 8.1264623165e-08 8.1264623165e-08 1.4072459731e-12
 8.1310327582e-08 8.1310327582e-08 1.4229984244e-12
 8.1344478809e-08 8.1344478809e-08 1.4310900574e-12
 8.1370778907e-08 8.1370778907e-08 1.4357191676e-12
 8.1398836232e-08 8.1398836232e-08 1.4395296748e-12
 8.1431805636e-08 8.1431805636e-08 1.4429041720e-12
 8.1475892027e-08 8.1475892027e-08 1.4460883351e-12
 8.1539918595e-08 8.1539918595e-08 1.4489525129e-12
 8.1595581422e-08 8.1595581422e-08 1.4503346599e-12
 8.1634751925e-08 8.1634751925e-08 1.4509034174e-12
 8.1671876284e-08 8.1671876284e-08 1.4512542084e-12
 8.1711009149e-08 8.1711009149e-08 1.4515005542e-12
 8.1725519377e-08 8.1725519377e-08 1.4515663771e-12
 8.1738205114e-08 8.1738205114e-08 1.4516158054e-12
 8.1747881292e-08 8.1747881292e-08 1.4516493691e-12
 8.1758568201e-08 8.1758568201e-08 1.4516829388e-12
 8.1768222661e-08 8.1768222661e-08 1.4517104533e-12
 8.1784414749e-08 8.1784414749e-08 1.4517514055e-12
 8.1799264547e-08 8.1799264547e-08 1.4517838885e-12
 8.1825885336e-08 8.1825885336e-08 1.4518321419e-12
 8.1854641918e-08 8.1854641918e-08 1.4518725484e-12
 8.1879016506e-08 8.1879016506e-08 1.4518991051e-12
 8.1887050250e-08 8.1887050250e-08 1.4519064811e-12
 8.1896634971e-08 8.1896634971e-08 1.4519145481e-12
 8.1906715880e-08 8.1906715880e-08 1.4519222732e-12
 8.1915438990e-08 8.1915438990e-08 1.4519283863e-12
 8.1932885210e-08 8.1932885210e-08 1.4519392309e-12
 8.1944870727e-08 8.1944870727e-08 1.4519457141e-12
 8.1955635244e-08 8.1955635244e-08 1.4519509390e-12
 8.1966188906e-08 8.1966188906e-08 1.4519555698e-12
 8.1976364302e-08 8.1976364302e-08 1.4519596183e-12
 8.1986744037e-08 8.1986744037e-08 1.4519633673e-12
 8.1997852660e-08 8.1997852660e-08 1.4519669950e-12
 8.2010048759e-08 8.2010048759e-08 1.4519705666e-12
 8.2023804455e-08 8.2023804455e-08 1.4519741356e-12
 8.2039803022e-08 8.2039803022e-08 1.4519777500e-12
 8.2059077017e-08 8.2059077017e-08 1.4519814479e-12
 8.2083378478e-08 8.2083378478e-08 1.4519852622e-12
 8.2116023778e-08 8.2116023778e-08 1.4519892141e-12
 8.2164066844e-08 8.2164066844e-08 1.4519932665e-12
 8.2242543163e-08 8.2242543163e-08 1.4519970916e-12
 8.2355369937e-08 8.2355369937e-08 1.4519994530e-12
 8.2472120434e-08 8.2472120434e-08 1.4520001335e-12
 8.2530924465e-08 8.2530924465e-08 1.4520001373e-12
 8.2588727711e-08 8.2588727711e-08 1.4520000853e-12
 8.2645789569e-08 8.2645789569e-08 1.4520000337e-12
 8.2701781522e-08 8.2701781522e-08 1.4519999960e-12
 8.2763750392e-08 8.2763750392e-08 1.4519999690e-12
 8.2826435591e-08 8.2826435591e-08 1.4519999531e-12
 8.2883250560e-08 8.2883250560e-08 1.4519999452e-12
 8.2940942418e-08 8.2940942418e-08 1.4519999408e-12
 8.3003197968e-08 8.3003197968e-08 1.4519999383e-12
 8.3073597560e-08 8.3073597560e-08 1.4519999369e-12
 8.3156867710e-08 8.3156867710e-08 1.4519999362e-12
 8.3258959939e-08 8.3258959939e-08 1.4519999359e-12
 8.3389177150e-08 8.3389177150e-08 1.4519999359e-12
 8.3564112523e-08 8.3564112523e-08 1.4519999359e-12
 8.3817884416e-08 8.3817884416e-08 1.4519999360e-12
 8.4238477705e-08 8.4238477705e-08 1.4519999360e-12
 8.4883767853e-08 8.4883767853e-08 1.4519999360e-12
 8.5883767853e-08 8.5883767853e-08 1.4519999360e-12
 8.6883767853e-08 8.6883767853e-08 1.4519999360e-12
 8.7883767853e-08 8.7883767853e-08 1.4519999360e-12
 8.8883767853e-08 8.8883767853e-08 1.4519999360e-12
 8.9691883927e-08 8.9691883927e-08 1.4519999360e-12
 9.0500000000e-08 9.0500000000e-08 1.4519999360e-12
 9.0503560144e-08 9.0503560144e-08 1.9890062330e-06
 9.0510680432e-08 9.0510680432e-08 1.9890062441e-06
 9.0516822563e-08 9.0516822563e-08 1.9890062532e-06
 9.0523588548e-08 9.0523588548e-08 1.9890062628e-06
 9.0530127460e-08 9.0530127460e-08 1.9890062716e-06
 9.0536759168e-08 9.0536759168e-08 1.9890062801e-06
 9.0543345136e-08 9.0543345136e-08 1.9890062881e-06
 9.0549950863e-08 9.0549950863e-08 1.9890062960e-06
 9.0556560332e-08 9.0556560332e-08 1.9890063035e-06
 9.0563194573e-08 9.0563194573e-08 1.9890063108e-06
 9.0569861565e-08 9.0569861565e-08 1.9890063180e-06
 9.0576577523e-08 9.0576577523e-08 1.9890063251e-06
 9.0583358405e-08 9.0583358405e-08 1.9890063322e-06
 9.0590224095e-08 9.0590224095e-08 1.9890063392e-06
 9.0597197476e-08 9.0597197476e-08 1.9890063462e-06
 9.0604305915e-08 9.0604305915e-08 1.9890063534e-06
 9.0611582111e-08 9.0611582111e-08 1.9890063607e-06
 9.0619065734e-08 9.0619065734e-08 1.9890063681e-06
 9.0626805505e-08 9.0626805505e-08 1.9890063759e-06
 9.0634862224e-08 9.0634862224e-08 1.9890063841e-06
 9.0643313144e-08 9.0643313144e-08 1.9890063927e-06
 9.0652258522e-08 9.0652258522e-08 1.9890064020e-06
 9.0661831726e-08 9.0661831726e-08 1.9890064121e-06
 9.0672215467e-08 9.0672215467e-08 1.9890064233e-06
 9.0681599385e-08 9.0681599385e-08 1.9890064337e-06
 9.0694453475e-08 9.0694453475e-08 1.9890064483e-06
 9.0705974921e-08 9.0705974921e-08 1.9890064618e-06
 9.0717659296e-08 9.0717659296e-08 1.9890064758e-06
 9.0730974690e-08 9.0730974690e-08 1.9890064921e-06
 9.0745920020e-08 9.0745920020e-08 1.9890065110e-06
 9.0762078402e-08 9.0762078402e-08 1.9890065317e-06
 9.0778736676e-08 9.0778736676e-08 1.9890065536e-06
 9.0795929359e-08 9.0795929359e-08 2.0213415679e-06
 9.0803641490e-08 9.0803641490e-08 2.2442248661e-06
 9.0810828168e-08 9.0810828168e-08 2.6425747674e-06
 9.0817183719e-08 9.0817183719e-08 3.1481485805e-06
 9.0823593428e-08 9.0823593428e-08 3.8037671064e-06
 9.0829902526e-08 9.0829902526e-08 4.5919940966e-06
 9.0836235834e-08 9.0836235834e-08 5.5257620641e-06
 9.0842557670e-08 9.0842557670e-08 6.6001191792e-06
 9.0848894497e-08 9.0848894497e-08 7.8194995309e-06
 9.0855257979e-08 9.0855257979e-08 9.1872991866e-06
 9.0861690542e-08 9.0861690542e-08 1.0715537600e-05
 9.0868182566e-08 9.0868182566e-08 1.2405857238e-05
 9.0874689764e-08 9.0874689764e-08 1.4248701977e-05
 9.0881229844e-08 9.0881229844e-08 1.6250007285e-05
 9.0887802144e-08 9.0887802144e-08 1.8410904658e-05
 9.0894416228e-08 9.0894416228e-08 2.0735969075e-05
 9.0901080770e-08 9.0901080770e-08 2.3230047799e-05
 9.0906945446e-08 9.0906945446e-08 2.5549096174e-05
 9.0910138112e-08 9.0910138112e-08 2.6859982922e-05
 9.0916523443e-08 9.0916523443e-08 2.9582718522e-05
 9.0925310759e-08 9.0925310759e-08 3.3548023230e-05
 9.0934462085e-08 9.0934462085e-08 3.7937656002e-05
 9.0941570900e-08 9.0941570900e-08 4.1527666831e-05
 9.0949856802e-08 9.0949856802e-08 4.5905607569e-05
 9.0955243094e-08 9.0955243094e-08 4.8860357777e-05
 9.0960542294e-08 9.0960542294e-08 5.1848834207e-05
 9.0964472754e-08 9.0964472754e-08 5.4116477706e-05
 9.0972333673e-08 9.0972333673e-08 5.6527421437e-05
 9.0975269947e-08 9.0975269947e-08 5.3531098185e-05
 9.0978512699e-08 9.0978512699e-08 4.7893654930e-05
 9.0981803899e-08 9.0981803899e-08 4.0797458869e-05
 9.0985230146e-08 9.0985230146e-08 3.3162799906e-05
 9.0989914300e-08 9.0989914300e-08 2.3869340099e-05
 9.0994957150e-08 9.0994957150e-08 1.6304874475e-05
 9.0997478575e-08 9.0997478575e-08 1.3589647810e-05
 9.1000000000e-08 9.1000000000e-08 1.1481572665e-05
 9.1001814782e-08 9.1001814782e-08 7.8307421090e-06
 9.1003441450e-08 9.1003441450e-08 6.4990100608e-06
 9.1005058315e-08 9.1005058315e-08 5.3643207753e-06
 9.1008292045e-08 9.1008292045e-08 3.6047801282e-06
 9.1013476358e-08 9.1013476358e-08 1.8091576928e-06
 9.1019044490e-08 9.1019044490e-08 7.8875115304e-07
 9.1025305018e-08 9.1025305018e-08 2.5850504528e-07
 9.1032623064e-08 9.1032623064e-08 2.5578095335e-08
 9.1041545792e-08 9.1041545792e-08 -4.3939044723e-08
 9.1049995720e-08 9.1049995720e-08 -3.8529335942e-08
 9.1057431247e-08 9.1057431247e-08 -2.2696337537e-08
 9.1064802981e-08 9.1064802981e-08 -1.0836144109e-08
 9.1072505466e-08 9.1072505466e-08 -4.0647491649e-09
 9.1080931147e-08 9.1080931147e-08 -8.9867193187e-10
 9.1090506795e-08 9.1090506795e-08 2.0159183368e-10
 9.1097223550e-08 9.1097223550e-08 2.7187271883e-10
 9.1109674766e-08 9.1109674766e-08 1.7140305094e-10
 9.1118645355e-08 9.1118645355e-08 8.8203012673e-11
 9.1136586531e-08 9.1136586531e-08 1.4673891752e-11
 9.1149679193e-08 9.1149679193e-08 4.4632933686e-12
 9.1161031730e-08 9.1161031730e-08 5.4822122951e-12
 9.1173048368e-08 9.1173048368e-08 7.6396294512e-12
 9.1184944917e-08 9.1184944917e-08 8.8994284092e-12
 9.1196671994e-08 9.1196671994e-08 9.3832947367e-12
 9.1208540869e-08 9.1208540869e-08 9.5026217716e-12
 9.1220574333e-08 9.1220574333e-08 9.5002860665e-12
 9.1232779237e-08 9.1232779237e-08 9.4782500920e-12
 9.1245219719e-08 9.1245219719e-08 9.4638569778e-12
 9.1257948763e-08 9.1257948763e-08 9.4580226200e-12
 9.1271016882e-08 9.1271016882e-08 9.4566143219e-12
 9.1284488327e-08 9.1284488327e-08 9.4566783020e-12
 9.1298439004e-08 9.1298439004e-08 9.4569551326e-12
 9.1312958349e-08 9.1312958349e-08 9.4571200170e-12
 9.1328155187e-08 9.1328155187e-08 9.4571774478e-12
 9.1344163559e-08 9.1344163559e-08 9.4571858254e-12
 9.1361148219e-08 9.1361148219e-08 9.4571817501e-12
 9.1379292127e-08 9.1379292127e-08 9.4571781426e-12
 9.1398845215e-08 9.1398845215e-08 9.4571767167e-12
 9.1420137035e-08 9.1420137035e-08 9.4571764435e-12
 9.1443598478e-08 9.1443598478e-08 9.4571764867e-12
 9.1469808566e-08 9.1469808566e-08 9.4571765846e-12
 9.1499563089e-08 9.1499563089e-08 9.4571766060e-12
 9.1532070498e-08 9.1532070498e-08 9.4571766204e-12
 9.1565714906e-08 9.1565714906e-08 9.4571765983e-12
 9.1600498902e-08 9.1600498902e-08 9.4571766259e-12
 9.1637342634e-08 9.1637342634e-08 9.4571766263e-12
 9.1677050941e-08 9.1677050941e-08 9.4571765876e-12
 9.1720603765e-08 9.1720603765e-08 9.4571766218e-12
 9.1770295824e-08 9.1770295824e-08 9.4571766217e-12
 9.1825470183e-08 9.1825470183e-08 9.4571766152e-12
 9.1879188843e-08 9.1879188843e-08 9.4571766241e-12
 9.1913305005e-08 9.1913305005e-08 9.4571766420e-12
 9.1937179383e-08 9.1937179383e-08 9.4571765930e-12
 9.1958517760e-08 9.1958517760e-08 9.4571765977e-12
 9.1981158692e-08 9.1981158692e-08 9.4571766165e-12
 9.2000000000e-08 9.2000000000e-08 9.4571765956e-12
 9.2004517257e-08 9.2004517257e-08 9.4571765929e-12
 9.2009755497e-08 9.2009755497e-08 9.4571765809e-12
 9.2016039108e-08 9.2016039108e-08 9.4571765903e-12
 9.2028606330e-08 9.2028606330e-08 9.4571766194e-12
 9.2053740774e-08 9.2053740774e-08 9.4571766331e-12
 9.2084019718e-08 9.2084019718e-08 9.4571766437e-12
 9.2117001700e-08 9.2117001700e-08 9.4571766667e-12
 9.2161260545e-08 9.2161260545e-08 9.4571766332e-12
 9.2202421811e-08 9.2202421811e-08 9.4571766082e-12
 9.2235182192e-08 9.2235182192e-08 9.4571766461e-12
 9.2267764244e-08 9.2267764244e-08 9.4571766228e-12
 9.2300692774e-08 9.2300692774e-08 9.4571766225e-12
 9.2343525816e-08 9.2343525816e-08 9.4571766272e-12
 9.2393036380e-08 9.2393036380e-08 9.4571766240e-12
 9.2448664847e-08 9.2448664847e-08 9.4571766086e-12
 9.2460218926e-08 9.2460218926e-08 9.4571766288e-12
 9.2470293188e-08 9.2470293188e-08 9.4571765917e-12
 9.2479428702e-08 9.2479428702e-08 9.4571766466e-12
 9.2491764275e-08 9.2491764275e-08 9.4571765791e-12
 9.2503671463e-08 9.2503671463e-08 9.4571765961e-12
 9.2512575602e-08 9.2512575602e-08 9.4571766937e-12
 9.2526822804e-08 9.2526822804e-08 9.4571766963e-12
 9.2537142887e-08 9.2537142887e-08 9.4571765760e-12
 9.2546975800e-08 9.2546975800e-08 9.4571766468e-12
 9.2563939751e-08 9.2563939751e-08 9.4571766446e-12
 9.2581904813e-08 9.2581904813e-08 9.4571766121e-12
 9.2605476695e-08 9.2605476695e-08 9.4571766423e-12
 9.2640327666e-08 9.2640327666e-08 9.4571765981e-12
 9.2692074404e-08 9.2692074404e-08 9.4571766180e-12
 9.2764725623e-08 9.2764725623e-08 9.4571766291e-12
 9.2867665853e-08 9.2867665853e-08 9.4571766075e-12
 9.2986581875e-08 9.2986581875e-08 9.4571766120e-12
 9.3113153107e-08 9.3113153107e-08 9.4571766240e-12
 9.3224902179e-08 9.3224902179e-08 9.4571766197e-12
 9.3334681613e-08 9.3334681613e-08 9.4571766149e-12
 9.3450521663e-08 9.3450521663e-08 9.4571766203e-12
 9.3578707187e-08 9.3578707187e-08 9.4571766138e-12
 9.3727718745e-08 9.3727718745e-08 9.4571766043e-12
 9.3907329483e-08 9.3907329483e-08 9.4571766131e-12
 9.4131646441e-08 9.4131646441e-08 9.4571766090e-12
 9.4424238851e-08 9.4424238851e-08 9.4571766159e-12
 9.4829945148e-08 9.4829945148e-08 9.4571766103e-12
 9.5450007913e-08 9.5450007913e-08 9.4571766132e-12
 9.6450007913e-08 9.6450007913e-08 9.4571766135e-12
 9.7450007913e-08 9.7450007913e-08 9.4571766128e-12
 9.8450007913e-08 9.8450007913e-08 9.4571766128e-12
 9.9225003957e-08 9.9225003957e-08 9.4571766134e-12
 1.0000000000e-07 1.0000000000e-07 9.4571766123e-12
