v-sweep v(drain_iv) v(gate_iv) id is ib ig kcl
0.000000e+00 0.000000e+00 0.000000e+00 0.000000e+00 0.000000e+00 0.000000e+00 0.000000e+00 0.000000e+00
1.000000e-02 1.000000e-02 0.000000e+00 -4.501320e-14 3.493990e-14 1.007330e-14 0.000000e+00 6.310887e-30
2.000000e-02 2.000000e-02 0.000000e+00 -8.269760e-14 6.255090e-14 2.014670e-14 0.000000e+00 6.310887e-30
3.000000e-02 3.000000e-02 0.000000e+00 -1.131841e-13 8.296410e-14 3.022000e-14 0.000000e+00 6.310887e-30
4.000000e-02 4.000000e-02 0.000000e+00 -1.366022e-13 9.630880e-14 4.029340e-14 0.000000e+00 1.262177e-29
5.000000e-02 5.000000e-02 0.000000e+00 -1.566772e-13 1.063104e-13 5.036670e-14 0.000000e+00 1.000000e-19
6.000000e-02 6.000000e-02 0.000000e+00 -1.767521e-13 1.163120e-13 6.044010e-14 0.000000e+00 2.524355e-29
7.000000e-02 7.000000e-02 0.000000e+00 -1.968271e-13 1.263136e-13 7.051340e-14 0.000000e+00 1.000000e-19
8.000000e-02 8.000000e-02 0.000000e+00 -2.169020e-13 1.363152e-13 8.058680e-14 0.000000e+00 2.524355e-29
9.000000e-02 9.000000e-02 0.000000e+00 -2.369770e-13 1.463168e-13 9.066010e-14 0.000000e+00 1.000000e-19
1.000000e-01 1.000000e-01 0.000000e+00 -2.570519e-13 1.563184e-13 1.007335e-13 0.000000e+00 5.048710e-29
1.100000e-01 1.100000e-01 0.000000e+00 -2.771269e-13 1.663201e-13 1.108068e-13 0.000000e+00 2.524355e-29
1.200000e-01 1.200000e-01 0.000000e+00 -2.972018e-13 1.763217e-13 1.208802e-13 0.000000e+00 1.000000e-19
1.300000e-01 1.300000e-01 0.000000e+00 -3.172768e-13 1.863233e-13 1.309535e-13 0.000000e+00 0.000000e+00
1.400000e-01 1.400000e-01 0.000000e+00 -3.373517e-13 1.963249e-13 1.410269e-13 0.000000e+00 1.000000e-19
1.500000e-01 1.500000e-01 0.000000e+00 -3.574267e-13 2.063265e-13 1.511002e-13 0.000000e+00 5.048710e-29
1.600000e-01 1.600000e-01 0.000000e+00 -3.775016e-13 2.163281e-13 1.611735e-13 0.000000e+00 0.000000e+00
1.700000e-01 1.700000e-01 0.000000e+00 -3.975766e-13 2.263297e-13 1.712469e-13 0.000000e+00 2.524355e-29
1.800000e-01 1.800000e-01 0.000000e+00 -4.176516e-13 2.363313e-13 1.813202e-13 0.000000e+00 1.000000e-19
1.900000e-01 1.900000e-01 0.000000e+00 -4.377265e-13 2.463329e-13 1.913936e-13 0.000000e+00 0.000000e+00
2.000000e-01 2.000000e-01 0.000000e+00 -4.578015e-13 2.563345e-13 2.014669e-13 0.000000e+00 1.000000e-19
2.100000e-01 2.100000e-01 0.000000e+00 -4.778764e-13 2.663361e-13 2.115403e-13 0.000000e+00 2.524355e-29
2.200000e-01 2.200000e-01 0.000000e+00 -4.979514e-13 2.763377e-13 2.216136e-13 0.000000e+00 1.000000e-19
2.300000e-01 2.300000e-01 0.000000e+00 -5.180263e-13 2.863393e-13 2.316870e-13 0.000000e+00 0.000000e+00
2.400000e-01 2.400000e-01 0.000000e+00 -5.381013e-13 2.963410e-13 2.417603e-13 0.000000e+00 5.048710e-29
2.500000e-01 2.500000e-01 0.000000e+00 -5.581762e-13 3.063426e-13 2.518337e-13 0.000000e+00 1.000000e-19
2.600000e-01 2.600000e-01 0.000000e+00 -5.782512e-13 3.163442e-13 2.619070e-13 0.000000e+00 0.000000e+00
2.700000e-01 2.700000e-01 0.000000e+00 -5.983261e-13 3.263458e-13 2.719804e-13 0.000000e+00 1.000000e-19
2.800000e-01 2.800000e-01 0.000000e+00 -6.184011e-13 3.363474e-13 2.820537e-13 0.000000e+00 5.048710e-29
2.900000e-01 2.900000e-01 0.000000e+00 -6.384761e-13 3.463490e-13 2.921271e-13 0.000000e+00 5.048710e-29
3.000000e-01 3.000000e-01 0.000000e+00 -6.585510e-13 3.563506e-13 3.022004e-13 0.000000e+00 5.048710e-29
3.100000e-01 3.100000e-01 0.000000e+00 -6.786260e-13 3.663522e-13 3.122738e-13 0.000000e+00 0.000000e+00
3.200000e-01 3.200000e-01 0.000000e+00 -6.987009e-13 3.763538e-13 3.223471e-13 0.000000e+00 0.000000e+00
3.300000e-01 3.300000e-01 0.000000e+00 -7.187759e-13 3.863554e-13 3.324204e-13 0.000000e+00 1.000000e-19
3.400000e-01 3.400000e-01 0.000000e+00 -7.388508e-13 3.963570e-13 3.424938e-13 0.000000e+00 5.048710e-29
3.500000e-01 3.500000e-01 0.000000e+00 -7.589258e-13 4.063587e-13 3.525671e-13 0.000000e+00 0.000000e+00
3.600000e-01 3.600000e-01 0.000000e+00 -7.790007e-13 4.163603e-13 3.626405e-13 0.000000e+00 1.000000e-19
3.700000e-01 3.700000e-01 0.000000e+00 -7.990757e-13 4.263619e-13 3.727138e-13 0.000000e+00 5.048710e-29
3.800000e-01 3.800000e-01 0.000000e+00 -8.191507e-13 4.363635e-13 3.827872e-13 0.000000e+00 5.048710e-29
3.900000e-01 3.900000e-01 0.000000e+00 -8.392256e-13 4.463651e-13 3.928605e-13 0.000000e+00 0.000000e+00
4.000000e-01 4.000000e-01 0.000000e+00 -8.593006e-13 4.563667e-13 4.029339e-13 0.000000e+00 1.009742e-28
4.100000e-01 4.100000e-01 0.000000e+00 -8.793755e-13 4.663683e-13 4.130072e-13 0.000000e+00 5.048710e-29
4.200000e-01 4.200000e-01 0.000000e+00 -8.994505e-13 4.763699e-13 4.230806e-13 0.000000e+00 5.048710e-29
4.300000e-01 4.300000e-01 0.000000e+00 -9.195254e-13 4.863715e-13 4.331539e-13 0.000000e+00 1.009742e-28
4.400000e-01 4.400000e-01 0.000000e+00 -9.396004e-13 4.963731e-13 4.432273e-13 0.000000e+00 5.048710e-29
4.500000e-01 4.500000e-01 0.000000e+00 -9.596754e-13 5.063747e-13 4.533006e-13 0.000000e+00 1.000000e-19
4.600000e-01 4.600000e-01 0.000000e+00 -9.797503e-13 5.163764e-13 4.633740e-13 0.000000e+00 1.000000e-19
4.700000e-01 4.700000e-01 0.000000e+00 -9.998253e-13 5.263780e-13 4.734473e-13 0.000000e+00 0.000000e+00
4.800000e-01 4.800000e-01 0.000000e+00 -1.019900e-12 5.363796e-13 4.835206e-13 0.000000e+00 2.000000e-19
4.900000e-01 4.900000e-01 0.000000e+00 -1.040000e-12 5.463812e-13 4.935940e-13 0.000000e+00 2.480000e-17
5.000000e-01 5.000000e-01 0.000000e+00 -1.060100e-12 5.563828e-13 5.036673e-13 0.000000e+00 4.990000e-17
5.100000e-01 5.100000e-01 0.000000e+00 -1.080100e-12 5.663844e-13 5.137407e-13 0.000000e+00 2.510000e-17
5.200000e-01 5.200000e-01 0.000000e+00 -1.100200e-12 5.763860e-13 5.238140e-13 0.000000e+00 0.000000e+00
5.300000e-01 5.300000e-01 0.000000e+00 -1.120300e-12 5.863876e-13 5.338874e-13 0.000000e+00 2.500000e-17
5.400000e-01 5.400000e-01 0.000000e+00 -1.140300e-12 5.963892e-13 5.439607e-13 0.000000e+00 4.990000e-17
5.500000e-01 5.500000e-01 0.000000e+00 -1.160400e-12 6.063909e-13 5.540341e-13 0.000000e+00 2.500000e-17
5.600000e-01 5.600000e-01 0.000000e+00 -1.180500e-12 6.163925e-13 5.641074e-13 0.000000e+00 1.000000e-19
5.700000e-01 5.700000e-01 0.000000e+00 -1.200600e-12 6.263941e-13 5.741808e-13 0.000000e+00 2.510000e-17
5.800000e-01 5.800000e-01 0.000000e+00 -1.220600e-12 6.363957e-13 5.842541e-13 0.000000e+00 4.980000e-17
5.900000e-01 5.900000e-01 0.000000e+00 -1.240700e-12 6.463973e-13 5.943275e-13 0.000000e+00 2.480000e-17
6.000000e-01 6.000000e-01 0.000000e+00 -1.260800e-12 6.563989e-13 6.044008e-13 0.000000e+00 3.000000e-19
6.100000e-01 6.100000e-01 0.000000e+00 -1.280900e-12 6.664005e-13 6.144742e-13 0.000000e+00 2.530000e-17
6.200000e-01 6.200000e-01 0.000000e+00 -1.300900e-12 6.764021e-13 6.245475e-13 0.000000e+00 4.960000e-17
6.300000e-01 6.300000e-01 0.000000e+00 -1.321000e-12 6.864037e-13 6.346209e-13 0.000000e+00 2.460000e-17
6.400000e-01 6.400000e-01 0.000000e+00 -1.341100e-12 6.964054e-13 6.446942e-13 0.000000e+00 4.000000e-19
6.500000e-01 6.500000e-01 0.000000e+00 -1.361200e-12 7.064070e-13 6.547675e-13 0.000000e+00 2.550000e-17
6.600000e-01 6.600000e-01 0.000000e+00 -1.381200e-12 7.164086e-13 6.648409e-13 0.000000e+00 4.950000e-17
6.700000e-01 6.700000e-01 0.000000e+00 -1.401300e-12 7.264102e-13 6.749142e-13 0.000000e+00 2.440000e-17
6.800000e-01 6.800000e-01 0.000000e+00 -1.421400e-12 7.364118e-13 6.849876e-13 0.000000e+00 6.000000e-19
6.900000e-01 6.900000e-01 0.000000e+00 -1.441500e-12 7.464134e-13 6.950609e-13 0.000000e+00 2.570000e-17
7.000000e-01 7.000000e-01 0.000000e+00 -1.461500e-12 7.564150e-13 7.051343e-13 0.000000e+00 4.930000e-17
7.100000e-01 7.100000e-01 0.000000e+00 -1.481600e-12 7.664166e-13 7.152076e-13 0.000000e+00 2.420000e-17
7.200000e-01 7.200000e-01 0.000000e+00 -1.501700e-12 7.764183e-13 7.252810e-13 0.000000e+00 7.000000e-19
7.300000e-01 7.300000e-01 0.000000e+00 -1.521800e-12 7.864199e-13 7.353543e-13 0.000000e+00 2.580000e-17
7.400000e-01 7.400000e-01 0.000000e+00 -1.541800e-12 7.964215e-13 7.454277e-13 0.000000e+00 4.920000e-17
7.500000e-01 7.500000e-01 0.000000e+00 -1.561900e-12 8.064231e-13 7.555010e-13 0.000000e+00 2.410000e-17
7.600000e-01 7.600000e-01 0.000000e+00 -1.582000e-12 8.164247e-13 7.655744e-13 0.000000e+00 9.000000e-19
7.700000e-01 7.700000e-01 0.000000e+00 -1.602100e-12 8.264263e-13 7.756477e-13 0.000000e+00 2.600000e-17
7.800000e-01 7.800000e-01 0.000000e+00 -1.622100e-12 8.364279e-13 7.857211e-13 0.000000e+00 4.900000e-17
7.900000e-01 7.900000e-01 0.000000e+00 -1.642200e-12 8.464295e-13 7.957944e-13 0.000000e+00 2.390000e-17
8.000000e-01 8.000000e-01 0.000000e+00 -1.662300e-12 8.564312e-13 8.058677e-13 0.000000e+00 1.100000e-18
8.100000e-01 8.100000e-01 0.000000e+00 -1.682400e-12 8.664328e-13 8.159411e-13 0.000000e+00 2.610000e-17
8.200000e-01 8.200000e-01 0.000000e+00 -1.702400e-12 8.764344e-13 8.260144e-13 0.000000e+00 4.880000e-17
8.300000e-01 8.300000e-01 0.000000e+00 -1.722500e-12 8.864360e-13 8.360878e-13 0.000000e+00 2.380000e-17
8.400000e-01 8.400000e-01 0.000000e+00 -1.742600e-12 8.964376e-13 8.461611e-13 0.000000e+00 1.300000e-18
8.500000e-01 8.500000e-01 0.000000e+00 -1.762700e-12 9.064392e-13 8.562345e-13 0.000000e+00 2.630000e-17
8.600000e-01 8.600000e-01 0.000000e+00 -1.782700e-12 9.164408e-13 8.663078e-13 0.000000e+00 4.860000e-17
8.700000e-01 8.700000e-01 0.000000e+00 -1.802800e-12 9.264424e-13 8.763812e-13 0.000000e+00 2.360000e-17
8.800000e-01 8.800000e-01 0.000000e+00 -1.822900e-12 9.364441e-13 8.864545e-13 0.000000e+00 1.400000e-18
8.900000e-01 8.900000e-01 0.000000e+00 -1.843000e-12 9.464457e-13 8.965279e-13 0.000000e+00 2.640000e-17
9.000000e-01 9.000000e-01 0.000000e+00 -1.863000e-12 9.564473e-13 9.066012e-13 0.000000e+00 4.850000e-17
9.100000e-01 9.100000e-01 0.000000e+00 -1.883100e-12 9.664489e-13 9.166746e-13 0.000000e+00 2.350000e-17
9.200000e-01 9.200000e-01 0.000000e+00 -1.903200e-12 9.764505e-13 9.267479e-13 0.000000e+00 1.600000e-18
9.300000e-01 9.300000e-01 0.000000e+00 -1.923300e-12 9.864521e-13 9.368213e-13 0.000000e+00 2.660000e-17
9.400000e-01 9.400000e-01 0.000000e+00 -1.943300e-12 9.964537e-13 9.468946e-13 0.000000e+00 4.830000e-17
9.500000e-01 9.500000e-01 0.000000e+00 -1.963400e-12 1.006500e-12 9.569680e-13 0.000000e+00 6.800000e-17
9.600000e-01 9.600000e-01 0.000000e+00 -1.983500e-12 1.016500e-12 9.670413e-13 0.000000e+00 4.130000e-17
9.700000e-01 9.700000e-01 0.000000e+00 -2.003600e-12 1.026500e-12 9.771146e-13 0.000000e+00 1.460000e-17
9.800000e-01 9.800000e-01 0.000000e+00 -2.023600e-12 1.036500e-12 9.871880e-13 0.000000e+00 8.800000e-17
9.900000e-01 9.900000e-01 0.000000e+00 -2.043700e-12 1.046500e-12 9.972613e-13 0.000000e+00 6.130000e-17
1.000000e+00 1.000000e+00 0.000000e+00 -2.063800e-12 1.056500e-12 1.007300e-12 0.000000e+00 0.000000e+00
1.010000e+00 1.010000e+00 0.000000e+00 -2.083900e-12 1.066500e-12 1.017400e-12 0.000000e+00 4.038968e-28
1.020000e+00 1.020000e+00 0.000000e+00 -2.103900e-12 1.076500e-12 1.027500e-12 0.000000e+00 1.000000e-16
1.030000e+00 1.030000e+00 0.000000e+00 -2.124000e-12 1.086500e-12 1.037600e-12 0.000000e+00 1.000000e-16
1.040000e+00 1.040000e+00 0.000000e+00 -2.144100e-12 1.096500e-12 1.047600e-12 0.000000e+00 4.038968e-28
1.050000e+00 1.050000e+00 0.000000e+00 -2.164200e-12 1.106500e-12 1.057700e-12 0.000000e+00 0.000000e+00
1.060000e+00 1.060000e+00 0.000000e+00 -2.184200e-12 1.116500e-12 1.067800e-12 0.000000e+00 1.000000e-16
1.070000e+00 1.070000e+00 0.000000e+00 -2.204300e-12 1.126500e-12 1.077800e-12 0.000000e+00 4.038968e-28
1.080000e+00 1.080000e+00 0.000000e+00 -2.224400e-12 1.136500e-12 1.087900e-12 0.000000e+00 0.000000e+00
1.090000e+00 1.090000e+00 0.000000e+00 -2.244500e-12 1.146500e-12 1.098000e-12 0.000000e+00 0.000000e+00
1.100000e+00 1.100000e+00 0.000000e+00 -2.264500e-12 1.156500e-12 1.108100e-12 0.000000e+00 1.000000e-16
1.110000e+00 1.110000e+00 0.000000e+00 -2.284600e-12 1.166500e-12 1.118100e-12 0.000000e+00 0.000000e+00
1.120000e+00 1.120000e+00 0.000000e+00 -2.304700e-12 1.176500e-12 1.128200e-12 0.000000e+00 0.000000e+00
1.130000e+00 1.130000e+00 0.000000e+00 -2.324800e-12 1.186500e-12 1.138300e-12 0.000000e+00 2.019484e-28
1.140000e+00 1.140000e+00 0.000000e+00 -2.344800e-12 1.196500e-12 1.148400e-12 0.000000e+00 1.000000e-16
1.150000e+00 1.150000e+00 0.000000e+00 -2.364900e-12 1.206500e-12 1.158400e-12 0.000000e+00 2.019484e-28
1.160000e+00 1.160000e+00 0.000000e+00 -2.385000e-12 1.216500e-12 1.168500e-12 0.000000e+00 4.038968e-28
1.170000e+00 1.170000e+00 0.000000e+00 -2.405100e-12 1.226500e-12 1.178600e-12 0.000000e+00 0.000000e+00
1.180000e+00 1.180000e+00 0.000000e+00 -2.425100e-12 1.236500e-12 1.188700e-12 0.000000e+00 1.000000e-16
1.190000e+00 1.190000e+00 0.000000e+00 -2.445200e-12 1.246500e-12 1.198700e-12 0.000000e+00 4.038968e-28
1.200000e+00 1.200000e+00 0.000000e+00 -2.465300e-12 1.256500e-12 1.208800e-12 0.000000e+00 0.000000e+00
0.000000e+00 0.000000e+00 2.000000e-01 0.000000e+00 0.000000e+00 0.000000e+00 0.000000e+00 0.000000e+00
1.000000e-02 1.000000e-02 2.000000e-01 -1.396900e-12 1.386800e-12 1.007330e-14 0.000000e+00 2.670000e-17
2.000000e-02 2.000000e-02 2.000000e-01 -2.389200e-12 2.369000e-12 2.014670e-14 0.000000e+00 5.330000e-17
3.000000e-02 3.000000e-02 2.000000e-01 -2.984100e-12 2.953900e-12 3.022000e-14 0.000000e+00 2.000000e-17
4.000000e-02 4.000000e-02 2.000000e-01 -3.188900e-12 3.148600e-12 4.029340e-14 0.000000e+00 6.600000e-18
5.000000e-02 5.000000e-02 2.000000e-01 -3.209000e-12 3.158600e-12 5.036670e-14 0.000000e+00 3.330000e-17
6.000000e-02 6.000000e-02 2.000000e-01 -3.229200e-12 3.168700e-12 6.044010e-14 0.000000e+00 5.990000e-17
7.000000e-02 7.000000e-02 2.000000e-01 -3.249300e-12 3.178800e-12 7.051340e-14 0.000000e+00 1.340000e-17
8.000000e-02 8.000000e-02 2.000000e-01 -3.269500e-12 3.188900e-12 8.058680e-14 0.000000e+00 1.320000e-17
9.000000e-02 9.000000e-02 2.000000e-01 -3.289700e-12 3.199000e-12 9.066010e-14 0.000000e+00 3.990000e-17
1.000000e-01 1.000000e-01 2.000000e-01 -3.309800e-12 3.209100e-12 1.007335e-13 0.000000e+00 3.350000e-17
1.100000e-01 1.100000e-01 2.000000e-01 -3.330000e-12 3.219200e-12 1.108068e-13 0.000000e+00 6.800000e-18
1.200000e-01 1.200000e-01 2.000000e-01 -3.350200e-12 3.229300e-12 1.208802e-13 0.000000e+00 1.980000e-17
1.300000e-01 1.300000e-01 2.000000e-01 -3.370300e-12 3.239400e-12 1.309535e-13 0.000000e+00 5.350000e-17
1.400000e-01 1.400000e-01 2.000000e-01 -3.390500e-12 3.249400e-12 1.410269e-13 0.000000e+00 7.310000e-17
1.500000e-01 1.500000e-01 2.000000e-01 -3.410600e-12 3.259500e-12 1.511002e-13 0.000000e+00 2.000000e-19
1.600000e-01 1.600000e-01 2.000000e-01 -3.430800e-12 3.269600e-12 1.611735e-13 0.000000e+00 2.650000e-17
1.700000e-01 1.700000e-01 2.000000e-01 -3.451000e-12 3.279700e-12 1.712469e-13 0.000000e+00 5.310000e-17
1.800000e-01 1.800000e-01 2.000000e-01 -3.471100e-12 3.289800e-12 1.813202e-13 0.000000e+00 2.020000e-17
1.900000e-01 1.900000e-01 2.000000e-01 -3.491300e-12 3.299900e-12 1.913936e-13 0.000000e+00 6.400000e-18
2.000000e-01 2.000000e-01 2.000000e-01 -3.511400e-12 3.310000e-12 2.014669e-13 0.000000e+00 6.690000e-17
2.100000e-01 2.100000e-01 2.000000e-01 -3.531600e-12 3.320100e-12 2.115403e-13 0.000000e+00 4.030000e-17
2.200000e-01 2.200000e-01 2.000000e-01 -3.551800e-12 3.330200e-12 2.216136e-13 0.000000e+00 1.360000e-17
2.300000e-01 2.300000e-01 2.000000e-01 -3.571900e-12 3.340200e-12 2.316870e-13 0.000000e+00 1.300000e-17
2.400000e-01 2.400000e-01 2.000000e-01 -3.592100e-12 3.350300e-12 2.417603e-13 0.000000e+00 3.970000e-17
2.500000e-01 2.500000e-01 2.000000e-01 -3.612300e-12 3.360400e-12 2.518337e-13 0.000000e+00 6.630000e-17
2.600000e-01 2.600000e-01 2.000000e-01 -3.632400e-12 3.370500e-12 2.619070e-13 0.000000e+00 7.000000e-18
2.700000e-01 2.700000e-01 2.000000e-01 -3.652600e-12 3.380600e-12 2.719804e-13 0.000000e+00 1.960000e-17
2.800000e-01 2.800000e-01 2.000000e-01 -3.672700e-12 3.390700e-12 2.820537e-13 0.000000e+00 5.370000e-17
2.900000e-01 2.900000e-01 2.000000e-01 -3.692900e-12 3.400800e-12 2.921271e-13 0.000000e+00 2.710000e-17
3.000000e-01 3.000000e-01 2.000000e-01 -3.713100e-12 3.410900e-12 3.022004e-13 0.000000e+00 4.000000e-19
3.100000e-01 3.100000e-01 2.000000e-01 -3.733200e-12 3.421000e-12 3.122738e-13 0.000000e+00 7.380000e-17
3.200000e-01 3.200000e-01 2.000000e-01 -3.753400e-12 3.431000e-12 3.223471e-13 0.000000e+00 5.290000e-17
3.300000e-01 3.300000e-01 2.000000e-01 -3.773600e-12 3.441100e-12 3.324204e-13 0.000000e+00 7.960000e-17
3.400000e-01 3.400000e-01 2.000000e-01 -3.793700e-12 3.451200e-12 3.424938e-13 0.000000e+00 6.200000e-18
3.500000e-01 3.500000e-01 2.000000e-01 -3.813900e-12 3.461300e-12 3.525671e-13 0.000000e+00 3.290000e-17
3.600000e-01 3.600000e-01 2.000000e-01 -3.834000e-12 3.471400e-12 3.626405e-13 0.000000e+00 4.050000e-17
3.700000e-01 3.700000e-01 2.000000e-01 -3.854200e-12 3.481500e-12 3.727138e-13 0.000000e+00 1.380000e-17
3.800000e-01 3.800000e-01 2.000000e-01 -3.874400e-12 3.491600e-12 3.827872e-13 0.000000e+00 1.280000e-17
3.900000e-01 3.900000e-01 2.000000e-01 -3.894500e-12 3.501700e-12 3.928605e-13 0.000000e+00 6.050000e-17
4.000000e-01 4.000000e-01 2.000000e-01 -3.914700e-12 3.511800e-12 4.029339e-13 0.000000e+00 3.390000e-17
4.100000e-01 4.100000e-01 2.000000e-01 -3.934900e-12 3.521800e-12 4.130072e-13 0.000000e+00 9.280000e-17
4.200000e-01 4.200000e-01 2.000000e-01 -3.955000e-12 3.531900e-12 4.230806e-13 0.000000e+00 1.940000e-17
4.300000e-01 4.300000e-01 2.000000e-01 -3.975200e-12 3.542000e-12 4.331539e-13 0.000000e+00 4.610000e-17
4.400000e-01 4.400000e-01 2.000000e-01 -3.995300e-12 3.552100e-12 4.432273e-13 0.000000e+00 2.730000e-17
4.500000e-01 4.500000e-01 2.000000e-01 -4.015500e-12 3.562200e-12 4.533006e-13 0.000000e+00 6.000000e-19
4.600000e-01 4.600000e-01 2.000000e-01 -4.035700e-12 3.572300e-12 4.633740e-13 0.000000e+00 2.600000e-17
4.700000e-01 4.700000e-01 2.000000e-01 -4.055800e-12 3.582400e-12 4.734473e-13 0.000000e+00 4.730000e-17
4.800000e-01 4.800000e-01 2.000000e-01 -4.076000e-12 3.592500e-12 4.835206e-13 0.000000e+00 2.060000e-17
4.900000e-01 4.900000e-01 2.000000e-01 -4.096200e-12 3.602600e-12 4.935940e-13 0.000000e+00 6.000000e-18
5.000000e-01 5.000000e-01 2.000000e-01 -4.116300e-12 3.612600e-12 5.036673e-13 0.000000e+00 3.270000e-17
5.100000e-01 5.100000e-01 2.000000e-01 -4.136500e-12 3.622700e-12 5.137407e-13 0.000000e+00 5.930000e-17
5.200000e-01 5.200000e-01 2.000000e-01 -4.156600e-12 3.632800e-12 5.238140e-13 0.000000e+00 1.400000e-17
5.300000e-01 5.300000e-01 2.000000e-01 -4.176800e-12 3.642900e-12 5.338874e-13 0.000000e+00 1.260000e-17
5.400000e-01 5.400000e-01 2.000000e-01 -4.197000e-12 3.653000e-12 5.439607e-13 0.000000e+00 3.930000e-17
5.500000e-01 5.500000e-01 2.000000e-01 -4.217100e-12 3.663100e-12 5.540341e-13 0.000000e+00 3.410000e-17
5.600000e-01 5.600000e-01 2.000000e-01 -4.237300e-12 3.673200e-12 5.641074e-13 0.000000e+00 7.400000e-18
5.700000e-01 5.700000e-01 2.000000e-01 -4.257400e-12 3.683300e-12 5.741808e-13 0.000000e+00 8.080000e-17
5.800000e-01 5.800000e-01 2.000000e-01 -4.277600e-12 3.693400e-12 5.842541e-13 0.000000e+00 5.410000e-17
5.900000e-01 5.900000e-01 2.000000e-01 -4.297800e-12 3.703400e-12 5.943275e-13 0.000000e+00 7.250000e-17
6.000000e-01 6.000000e-01 2.000000e-01 -4.317900e-12 3.713500e-12 6.044008e-13 0.000000e+00 8.000000e-19
6.100000e-01 6.100000e-01 2.000000e-01 -4.338100e-12 3.723600e-12 6.144742e-13 0.000000e+00 2.580000e-17
6.200000e-01 6.200000e-01 2.000000e-01 -4.358300e-12 3.733700e-12 6.245475e-13 0.000000e+00 5.250000e-17
6.300000e-01 6.300000e-01 2.000000e-01 -4.378400e-12 3.743800e-12 6.346209e-13 0.000000e+00 2.090000e-17
6.400000e-01 6.400000e-01 2.000000e-01 -4.398600e-12 3.753900e-12 6.446942e-13 0.000000e+00 5.800000e-18
6.500000e-01 6.500000e-01 2.000000e-01 -4.418700e-12 3.764000e-12 6.547675e-13 0.000000e+00 6.750000e-17
6.600000e-01 6.600000e-01 2.000000e-01 -4.438900e-12 3.774100e-12 6.648409e-13 0.000000e+00 4.090000e-17
6.700000e-01 6.700000e-01 2.000000e-01 -4.459100e-12 3.784200e-12 6.749142e-13 0.000000e+00 1.420000e-17
6.800000e-01 6.800000e-01 2.000000e-01 -4.479200e-12 3.794200e-12 6.849876e-13 0.000000e+00 1.240000e-17
6.900000e-01 6.900000e-01 2.000000e-01 -4.499400e-12 3.804300e-12 6.950609e-13 0.000000e+00 3.910000e-17
7.000000e-01 7.000000e-01 2.000000e-01 -4.519600e-12 3.814400e-12 7.051343e-13 0.000000e+00 6.570000e-17
7.100000e-01 7.100000e-01 2.000000e-01 -4.539700e-12 3.824500e-12 7.152076e-13 0.000000e+00 7.600000e-18
7.200000e-01 7.200000e-01 2.000000e-01 -4.559900e-12 3.834600e-12 7.252810e-13 0.000000e+00 1.900000e-17
7.300000e-01 7.300000e-01 2.000000e-01 -4.580000e-12 3.844700e-12 7.353543e-13 0.000000e+00 5.430000e-17
7.400000e-01 7.400000e-01 2.000000e-01 -4.600200e-12 3.854800e-12 7.454277e-13 0.000000e+00 2.770000e-17
7.500000e-01 7.500000e-01 2.000000e-01 -4.620400e-12 3.864900e-12 7.555010e-13 0.000000e+00 1.000000e-18
7.600000e-01 7.600000e-01 2.000000e-01 -4.640500e-12 3.875000e-12 7.655744e-13 0.000000e+00 7.440000e-17
7.700000e-01 7.700000e-01 2.000000e-01 -4.660700e-12 3.885000e-12 7.756477e-13 0.000000e+00 5.230000e-17
7.800000e-01 7.800000e-01 2.000000e-01 -4.680900e-12 3.895100e-12 7.857211e-13 0.000000e+00 7.890000e-17
7.900000e-01 7.900000e-01 2.000000e-01 -4.701000e-12 3.905200e-12 7.957944e-13 0.000000e+00 5.600000e-18
8.000000e-01 8.000000e-01 2.000000e-01 -4.721200e-12 3.915300e-12 8.058677e-13 0.000000e+00 3.230000e-17
8.100000e-01 8.100000e-01 2.000000e-01 -4.741300e-12 3.925400e-12 8.159411e-13 0.000000e+00 4.110000e-17
8.200000e-01 8.200000e-01 2.000000e-01 -4.761500e-12 3.935500e-12 8.260144e-13 0.000000e+00 1.440000e-17
8.300000e-01 8.300000e-01 2.000000e-01 -4.781700e-12 3.945600e-12 8.360878e-13 0.000000e+00 1.220000e-17
8.400000e-01 8.400000e-01 2.000000e-01 -4.801800e-12 3.955700e-12 8.461611e-13 0.000000e+00 6.110000e-17
8.500000e-01 8.500000e-01 2.000000e-01 -4.822000e-12 3.965800e-12 8.562345e-13 0.000000e+00 3.450000e-17
8.600000e-01 8.600000e-01 2.000000e-01 -4.842200e-12 3.975800e-12 8.663078e-13 0.000000e+00 9.220000e-17
8.700000e-01 8.700000e-01 2.000000e-01 -4.862300e-12 3.985900e-12 8.763812e-13 0.000000e+00 1.880000e-17
8.800000e-01 8.800000e-01 2.000000e-01 -4.882500e-12 3.996000e-12 8.864545e-13 0.000000e+00 4.550000e-17
8.900000e-01 8.900000e-01 2.000000e-01 -4.902600e-12 4.006100e-12 8.965279e-13 0.000000e+00 2.790000e-17
9.000000e-01 9.000000e-01 2.000000e-01 -4.922800e-12 4.016200e-12 9.066012e-13 0.000000e+00 1.200000e-18
9.100000e-01 9.100000e-01 2.000000e-01 -4.943000e-12 4.026300e-12 9.166746e-13 0.000000e+00 2.540000e-17
9.200000e-01 9.200000e-01 2.000000e-01 -4.963100e-12 4.036400e-12 9.267479e-13 0.000000e+00 4.790000e-17
9.300000e-01 9.300000e-01 2.000000e-01 -4.983300e-12 4.046500e-12 9.368213e-13 0.000000e+00 2.130000e-17
9.400000e-01 9.400000e-01 2.000000e-01 -5.003500e-12 4.056600e-12 9.468946e-13 0.000000e+00 5.400000e-18
9.500000e-01 9.500000e-01 2.000000e-01 -5.023600e-12 4.066700e-12 9.569680e-13 0.000000e+00 6.800000e-17
9.600000e-01 9.600000e-01 2.000000e-01 -5.043800e-12 4.076700e-12 9.670413e-13 0.000000e+00 5.870000e-17
9.700000e-01 9.700000e-01 2.000000e-01 -5.063900e-12 4.086800e-12 9.771146e-13 0.000000e+00 1.460000e-17
9.800000e-01 9.800000e-01 2.000000e-01 -5.084100e-12 4.096900e-12 9.871880e-13 0.000000e+00 1.200000e-17
9.900000e-01 9.900000e-01 2.000000e-01 -5.104300e-12 4.107000e-12 9.972613e-13 0.000000e+00 3.870000e-17
1.000000e+00 1.000000e+00 2.000000e-01 -5.124400e-12 4.117100e-12 1.007300e-12 0.000000e+00 6.058452e-28
1.010000e+00 1.010000e+00 2.000000e-01 -5.144600e-12 4.127200e-12 1.017400e-12 0.000000e+00 8.077936e-28
1.020000e+00 1.020000e+00 2.000000e-01 -5.164800e-12 4.137300e-12 1.027500e-12 0.000000e+00 2.019484e-28
1.030000e+00 1.030000e+00 2.000000e-01 -5.184900e-12 4.147400e-12 1.037600e-12 0.000000e+00 1.000000e-16
1.040000e+00 1.040000e+00 2.000000e-01 -5.205100e-12 4.157500e-12 1.047600e-12 0.000000e+00 4.038968e-28
1.050000e+00 1.050000e+00 2.000000e-01 -5.225200e-12 4.167500e-12 1.057700e-12 0.000000e+00 6.058452e-28
1.060000e+00 1.060000e+00 2.000000e-01 -5.245400e-12 4.177600e-12 1.067800e-12 0.000000e+00 2.019484e-28
1.070000e+00 1.070000e+00 2.000000e-01 -5.265600e-12 4.187700e-12 1.077800e-12 0.000000e+00 1.000000e-16
1.080000e+00 1.080000e+00 2.000000e-01 -5.285700e-12 4.197800e-12 1.087900e-12 0.000000e+00 6.058452e-28
1.090000e+00 1.090000e+00 2.000000e-01 -5.305900e-12 4.207900e-12 1.098000e-12 0.000000e+00 4.038968e-28
1.100000e+00 1.100000e+00 2.000000e-01 -5.326100e-12 4.218000e-12 1.108100e-12 0.000000e+00 0.000000e+00
1.110000e+00 1.110000e+00 2.000000e-01 -5.346200e-12 4.228100e-12 1.118100e-12 0.000000e+00 1.413639e-27
1.120000e+00 1.120000e+00 2.000000e-01 -5.366400e-12 4.238200e-12 1.128200e-12 0.000000e+00 8.077936e-28
1.130000e+00 1.130000e+00 2.000000e-01 -5.386500e-12 4.248300e-12 1.138300e-12 0.000000e+00 1.000000e-16
1.140000e+00 1.140000e+00 2.000000e-01 -5.406700e-12 4.258300e-12 1.148400e-12 0.000000e+00 6.058452e-28
1.150000e+00 1.150000e+00 2.000000e-01 -5.426900e-12 4.268400e-12 1.158400e-12 0.000000e+00 1.000000e-16
1.160000e+00 1.160000e+00 2.000000e-01 -5.447000e-12 4.278500e-12 1.168500e-12 0.000000e+00 8.077936e-28
1.170000e+00 1.170000e+00 2.000000e-01 -5.467200e-12 4.288600e-12 1.178600e-12 0.000000e+00 6.058452e-28
1.180000e+00 1.180000e+00 2.000000e-01 -5.487400e-12 4.298700e-12 1.188700e-12 0.000000e+00 4.038968e-28
1.190000e+00 1.190000e+00 2.000000e-01 -5.507500e-12 4.308800e-12 1.198700e-12 0.000000e+00 4.038968e-28
1.200000e+00 1.200000e+00 2.000000e-01 -5.527700e-12 4.318900e-12 1.208800e-12 0.000000e+00 2.019484e-28
0.000000e+00 0.000000e+00 4.000000e-01 0.000000e+00 0.000000e+00 0.000000e+00 0.000000e+00 0.000000e+00
1.000000e-02 1.000000e-02 4.000000e-01 -7.602820e-11 7.601810e-11 1.007330e-14 0.000000e+00 2.670000e-17
2.000000e-02 2.000000e-02 4.000000e-01 -1.297207e-10 1.297006e-10 2.014670e-14 0.000000e+00 4.670000e-17
3.000000e-02 3.000000e-02 4.000000e-01 -1.614766e-10 1.614464e-10 3.022000e-14 0.000000e+00 2.000000e-17
4.000000e-02 4.000000e-02 4.000000e-01 -1.716902e-10 1.716499e-10 4.029340e-14 0.000000e+00 6.600000e-18
5.000000e-02 5.000000e-02 4.000000e-01 -1.717151e-10 1.716648e-10 5.036670e-14 0.000000e+00 6.670000e-17
6.000000e-02 6.000000e-02 4.000000e-01 -1.717401e-10 1.716797e-10 6.044010e-14 0.000000e+00 4.010000e-17
7.000000e-02 7.000000e-02 4.000000e-01 -1.717651e-10 1.716946e-10 7.051340e-14 0.000000e+00 1.340000e-17
8.000000e-02 8.000000e-02 4.000000e-01 -1.717900e-10 1.717095e-10 8.058680e-14 0.000000e+00 8.680000e-17
9.000000e-02 9.000000e-02 4.000000e-01 -1.718150e-10 1.717244e-10 9.066010e-14 0.000000e+00 6.010000e-17
1.000000e-01 1.000000e-01 4.000000e-01 -1.718400e-10 1.717393e-10 1.007335e-13 0.000000e+00 3.350000e-17
1.100000e-01 1.100000e-01 4.000000e-01 -1.718650e-10 1.717542e-10 1.108068e-13 0.000000e+00 6.800000e-18
1.200000e-01 1.200000e-01 4.000000e-01 -1.718899e-10 1.717690e-10 1.208802e-13 0.000000e+00 1.980000e-17
1.300000e-01 1.300000e-01 4.000000e-01 -1.719149e-10 1.717839e-10 1.309535e-13 0.000000e+00 4.650000e-17
1.400000e-01 1.400000e-01 4.000000e-01 -1.719399e-10 1.717988e-10 1.410269e-13 0.000000e+00 7.310000e-17
1.500000e-01 1.500000e-01 4.000000e-01 -1.719648e-10 1.718137e-10 1.511002e-13 0.000000e+00 2.000000e-19
1.600000e-01 1.600000e-01 4.000000e-01 -1.719898e-10 1.718286e-10 1.611735e-13 0.000000e+00 2.650000e-17
1.700000e-01 1.700000e-01 4.000000e-01 -1.720148e-10 1.718435e-10 1.712469e-13 0.000000e+00 5.310000e-17
1.800000e-01 1.800000e-01 4.000000e-01 -1.720398e-10 1.718584e-10 1.813202e-13 0.000000e+00 7.980000e-17
1.900000e-01 1.900000e-01 4.000000e-01 -1.720647e-10 1.718733e-10 1.913936e-13 0.000000e+00 6.400000e-18
2.000000e-01 2.000000e-01 4.000000e-01 -1.720897e-10 1.718882e-10 2.014669e-13 0.000000e+00 3.310000e-17
2.100000e-01 2.100000e-01 4.000000e-01 -1.721147e-10 1.719031e-10 2.115403e-13 0.000000e+00 5.970000e-17
2.200000e-01 2.200000e-01 4.000000e-01 -1.721397e-10 1.719180e-10 2.216136e-13 0.000000e+00 8.640000e-17
2.300000e-01 2.300000e-01 4.000000e-01 -1.721646e-10 1.719329e-10 2.316870e-13 0.000000e+00 1.300000e-17
2.400000e-01 2.400000e-01 4.000000e-01 -1.721896e-10 1.719478e-10 2.417603e-13 0.000000e+00 3.970000e-17
2.500000e-01 2.500000e-01 4.000000e-01 -1.722146e-10 1.719627e-10 2.518337e-13 0.000000e+00 6.630000e-17
2.600000e-01 2.600000e-01 4.000000e-01 -1.722396e-10 1.719776e-10 2.619070e-13 0.000000e+00 9.300000e-17
2.700000e-01 2.700000e-01 4.000000e-01 -1.722645e-10 1.719925e-10 2.719804e-13 0.000000e+00 1.960000e-17
2.800000e-01 2.800000e-01 4.000000e-01 -1.722895e-10 1.720075e-10 2.820537e-13 0.000000e+00 5.370000e-17
2.900000e-01 2.900000e-01 4.000000e-01 -1.723145e-10 1.720224e-10 2.921271e-13 0.000000e+00 2.710000e-17
3.000000e-01 3.000000e-01 4.000000e-01 -1.723395e-10 1.720373e-10 3.022004e-13 0.000000e+00 4.000000e-19
3.100000e-01 3.100000e-01 4.000000e-01 -1.723644e-10 1.720522e-10 3.122738e-13 0.000000e+00 7.380000e-17
3.200000e-01 3.200000e-01 4.000000e-01 -1.723894e-10 1.720671e-10 3.223471e-13 0.000000e+00 4.710000e-17
3.300000e-01 3.300000e-01 4.000000e-01 -1.724144e-10 1.720820e-10 3.324204e-13 0.000000e+00 2.040000e-17
3.400000e-01 3.400000e-01 4.000000e-01 -1.724394e-10 1.720969e-10 3.424938e-13 0.000000e+00 6.200000e-18
3.500000e-01 3.500000e-01 4.000000e-01 -1.724643e-10 1.721118e-10 3.525671e-13 0.000000e+00 6.710000e-17
3.600000e-01 3.600000e-01 4.000000e-01 -1.724893e-10 1.721267e-10 3.626405e-13 0.000000e+00 4.050000e-17
3.700000e-01 3.700000e-01 4.000000e-01 -1.725143e-10 1.721416e-10 3.727138e-13 0.000000e+00 1.380000e-17
3.800000e-01 3.800000e-01 4.000000e-01 -1.725393e-10 1.721565e-10 3.827872e-13 0.000000e+00 1.280000e-17
3.900000e-01 3.900000e-01 4.000000e-01 -1.725643e-10 1.721714e-10 3.928605e-13 0.000000e+00 3.950000e-17
4.000000e-01 4.000000e-01 4.000000e-01 -1.725892e-10 1.721863e-10 4.029339e-13 0.000000e+00 3.390000e-17
4.100000e-01 4.100000e-01 4.000000e-01 -1.726142e-10 1.722012e-10 4.130072e-13 0.000000e+00 7.200000e-18
4.200000e-01 4.200000e-01 4.000000e-01 -1.726392e-10 1.722161e-10 4.230806e-13 0.000000e+00 1.940000e-17
4.300000e-01 4.300000e-01 4.000000e-01 -1.726642e-10 1.722310e-10 4.331539e-13 0.000000e+00 4.610000e-17
4.400000e-01 4.400000e-01 4.000000e-01 -1.726891e-10 1.722459e-10 4.432273e-13 0.000000e+00 2.730000e-17
4.500000e-01 4.500000e-01 4.000000e-01 -1.727141e-10 1.722608e-10 4.533006e-13 0.000000e+00 6.000000e-19
4.600000e-01 4.600000e-01 4.000000e-01 -1.727391e-10 1.722757e-10 4.633740e-13 0.000000e+00 2.600000e-17
4.700000e-01 4.700000e-01 4.000000e-01 -1.727641e-10 1.722906e-10 4.734473e-13 0.000000e+00 5.270000e-17
4.800000e-01 4.800000e-01 4.000000e-01 -1.727891e-10 1.723056e-10 4.835206e-13 0.000000e+00 2.060000e-17
4.900000e-01 4.900000e-01 4.000000e-01 -1.728141e-10 1.723205e-10 4.935940e-13 0.000000e+00 6.000000e-18
5.000000e-01 5.000000e-01 4.000000e-01 -1.728390e-10 1.723354e-10 5.036673e-13 0.000000e+00 6.730000e-17
5.100000e-01 5.100000e-01 4.000000e-01 -1.728640e-10 1.723503e-10 5.137407e-13 0.000000e+00 4.070000e-17
5.200000e-01 5.200000e-01 4.000000e-01 -1.728890e-10 1.723652e-10 5.238140e-13 0.000000e+00 1.400000e-17
5.300000e-01 5.300000e-01 4.000000e-01 -1.729140e-10 1.723801e-10 5.338874e-13 0.000000e+00 1.260000e-17
5.400000e-01 5.400000e-01 4.000000e-01 -1.729390e-10 1.723950e-10 5.439607e-13 0.000000e+00 3.930000e-17
5.500000e-01 5.500000e-01 4.000000e-01 -1.729639e-10 1.724099e-10 5.540341e-13 0.000000e+00 3.410000e-17
5.600000e-01 5.600000e-01 4.000000e-01 -1.729889e-10 1.724248e-10 5.641074e-13 0.000000e+00 7.400000e-18
5.700000e-01 5.700000e-01 4.000000e-01 -1.730139e-10 1.724397e-10 5.741808e-13 0.000000e+00 1.920000e-17
5.800000e-01 5.800000e-01 4.000000e-01 -1.730389e-10 1.724546e-10 5.842541e-13 0.000000e+00 4.590000e-17
5.900000e-01 5.900000e-01 4.000000e-01 -1.730639e-10 1.724696e-10 5.943275e-13 0.000000e+00 2.750000e-17
6.000000e-01 6.000000e-01 4.000000e-01 -1.730889e-10 1.724845e-10 6.044008e-13 0.000000e+00 8.000000e-19
6.100000e-01 6.100000e-01 4.000000e-01 -1.731138e-10 1.724994e-10 6.144742e-13 0.000000e+00 7.420000e-17
6.200000e-01 6.200000e-01 4.000000e-01 -1.731388e-10 1.725143e-10 6.245475e-13 0.000000e+00 4.750000e-17
6.300000e-01 6.300000e-01 4.000000e-01 -1.731638e-10 1.725292e-10 6.346209e-13 0.000000e+00 2.090000e-17
6.400000e-01 6.400000e-01 4.000000e-01 -1.731888e-10 1.725441e-10 6.446942e-13 0.000000e+00 5.800000e-18
6.500000e-01 6.500000e-01 4.000000e-01 -1.732138e-10 1.725590e-10 6.547675e-13 0.000000e+00 3.250000e-17
6.600000e-01 6.600000e-01 4.000000e-01 -1.732388e-10 1.725739e-10 6.648409e-13 0.000000e+00 5.910000e-17
6.700000e-01 6.700000e-01 4.000000e-01 -1.732638e-10 1.725888e-10 6.749142e-13 0.000000e+00 8.580000e-17
6.800000e-01 6.800000e-01 4.000000e-01 -1.732887e-10 1.726038e-10 6.849876e-13 0.000000e+00 8.760000e-17
6.900000e-01 6.900000e-01 4.000000e-01 -1.733137e-10 1.726187e-10 6.950609e-13 0.000000e+00 6.090000e-17
7.000000e-01 7.000000e-01 4.000000e-01 -1.733387e-10 1.726336e-10 7.051343e-13 0.000000e+00 3.430000e-17
7.100000e-01 7.100000e-01 4.000000e-01 -1.733637e-10 1.726485e-10 7.152076e-13 0.000000e+00 7.600000e-18
7.200000e-01 7.200000e-01 4.000000e-01 -1.733887e-10 1.726634e-10 7.252810e-13 0.000000e+00 1.900000e-17
7.300000e-01 7.300000e-01 4.000000e-01 -1.734137e-10 1.726783e-10 7.353543e-13 0.000000e+00 4.570000e-17
7.400000e-01 7.400000e-01 4.000000e-01 -1.734387e-10 1.726932e-10 7.454277e-13 0.000000e+00 7.230000e-17
7.500000e-01 7.500000e-01 4.000000e-01 -1.734637e-10 1.727082e-10 7.555010e-13 0.000000e+00 1.000000e-18
7.600000e-01 7.600000e-01 4.000000e-01 -1.734887e-10 1.727231e-10 7.655744e-13 0.000000e+00 2.560000e-17
7.700000e-01 7.700000e-01 4.000000e-01 -1.735136e-10 1.727380e-10 7.756477e-13 0.000000e+00 4.770000e-17
7.800000e-01 7.800000e-01 4.000000e-01 -1.735386e-10 1.727529e-10 7.857211e-13 0.000000e+00 2.110000e-17
7.900000e-01 7.900000e-01 4.000000e-01 -1.735636e-10 1.727678e-10 7.957944e-13 0.000000e+00 5.600000e-18
8.000000e-01 8.000000e-01 4.000000e-01 -1.735886e-10 1.727827e-10 8.058677e-13 0.000000e+00 3.230000e-17
8.100000e-01 8.100000e-01 4.000000e-01 -1.736136e-10 1.727977e-10 8.159411e-13 0.000000e+00 4.110000e-17
8.200000e-01 8.200000e-01 4.000000e-01 -1.736386e-10 1.728126e-10 8.260144e-13 0.000000e+00 1.440000e-17
8.300000e-01 8.300000e-01 4.000000e-01 -1.736636e-10 1.728275e-10 8.360878e-13 0.000000e+00 1.220000e-17
8.400000e-01 8.400000e-01 4.000000e-01 -1.736886e-10 1.728424e-10 8.461611e-13 0.000000e+00 3.890000e-17
8.500000e-01 8.500000e-01 4.000000e-01 -1.737136e-10 1.728573e-10 8.562345e-13 0.000000e+00 6.550000e-17
8.600000e-01 8.600000e-01 4.000000e-01 -1.737386e-10 1.728722e-10 8.663078e-13 0.000000e+00 9.220000e-17
8.700000e-01 8.700000e-01 4.000000e-01 -1.737635e-10 1.728872e-10 8.763812e-13 0.000000e+00 8.120000e-17
8.800000e-01 8.800000e-01 4.000000e-01 -1.737885e-10 1.729021e-10 8.864545e-13 0.000000e+00 5.450000e-17
8.900000e-01 8.900000e-01 4.000000e-01 -1.738135e-10 1.729170e-10 8.965279e-13 0.000000e+00 2.790000e-17
9.000000e-01 9.000000e-01 4.000000e-01 -1.738385e-10 1.729319e-10 9.066012e-13 0.000000e+00 1.200000e-18
9.100000e-01 9.100000e-01 4.000000e-01 -1.738635e-10 1.729468e-10 9.166746e-13 0.000000e+00 2.540000e-17
9.200000e-01 9.200000e-01 4.000000e-01 -1.738885e-10 1.729618e-10 9.267479e-13 0.000000e+00 4.790000e-17
9.300000e-01 9.300000e-01 4.000000e-01 -1.739135e-10 1.729767e-10 9.368213e-13 0.000000e+00 2.130000e-17
9.400000e-01 9.400000e-01 4.000000e-01 -1.739385e-10 1.729916e-10 9.468946e-13 0.000000e+00 5.400000e-18
9.500000e-01 9.500000e-01 4.000000e-01 -1.739635e-10 1.730065e-10 9.569680e-13 0.000000e+00 3.200000e-17
9.600000e-01 9.600000e-01 4.000000e-01 -1.739885e-10 1.730214e-10 9.670413e-13 0.000000e+00 5.870000e-17
9.700000e-01 9.700000e-01 4.000000e-01 -1.740135e-10 1.730364e-10 9.771146e-13 0.000000e+00 1.460000e-17
9.800000e-01 9.800000e-01 4.000000e-01 -1.740385e-10 1.730513e-10 9.871880e-13 0.000000e+00 1.200000e-17
9.900000e-01 9.900000e-01 4.000000e-01 -1.740635e-10 1.730662e-10 9.972613e-13 0.000000e+00 3.870000e-17
1.000000e+00 1.000000e+00 4.000000e-01 -1.740885e-10 1.730811e-10 1.007300e-12 0.000000e+00 1.000000e-16
1.010000e+00 1.010000e+00 4.000000e-01 -1.741135e-10 1.730960e-10 1.017400e-12 0.000000e+00 1.000000e-16
1.020000e+00 1.020000e+00 4.000000e-01 -1.741385e-10 1.731110e-10 1.027500e-12 0.000000e+00 2.019484e-28
1.030000e+00 1.030000e+00 4.000000e-01 -1.741634e-10 1.731259e-10 1.037600e-12 0.000000e+00 1.000000e-16
1.040000e+00 1.040000e+00 4.000000e-01 -1.741884e-10 1.731408e-10 1.047600e-12 0.000000e+00 3.635071e-27
1.050000e+00 1.050000e+00 4.000000e-01 -1.742134e-10 1.731557e-10 1.057700e-12 0.000000e+00 1.070326e-26
1.060000e+00 1.060000e+00 4.000000e-01 -1.742384e-10 1.731707e-10 1.067800e-12 0.000000e+00 1.000000e-16
1.070000e+00 1.070000e+00 4.000000e-01 -1.742634e-10 1.731856e-10 1.077800e-12 0.000000e+00 7.270142e-27
1.080000e+00 1.080000e+00 4.000000e-01 -1.742884e-10 1.732005e-10 1.087900e-12 0.000000e+00 3.009031e-26
1.090000e+00 1.090000e+00 4.000000e-01 -1.743134e-10 1.732154e-10 1.098000e-12 0.000000e+00 1.009742e-26
1.100000e+00 1.100000e+00 4.000000e-01 -1.743384e-10 1.732304e-10 1.108100e-12 0.000000e+00 1.000000e-16
1.110000e+00 1.110000e+00 4.000000e-01 -1.743634e-10 1.732453e-10 1.118100e-12 0.000000e+00 3.251369e-26
1.120000e+00 1.120000e+00 4.000000e-01 -1.743884e-10 1.732602e-10 1.128200e-12 0.000000e+00 4.846761e-27
1.130000e+00 1.130000e+00 4.000000e-01 -1.744134e-10 1.732751e-10 1.138300e-12 0.000000e+00 1.655977e-26
1.140000e+00 1.140000e+00 4.000000e-01 -1.744384e-10 1.732901e-10 1.148400e-12 0.000000e+00 1.000000e-16
1.150000e+00 1.150000e+00 4.000000e-01 -1.744634e-10 1.733050e-10 1.158400e-12 0.000000e+00 6.058452e-27
1.160000e+00 1.160000e+00 4.000000e-01 -1.744884e-10 1.733199e-10 1.168500e-12 0.000000e+00 2.019484e-26
1.170000e+00 1.170000e+00 4.000000e-01 -1.745134e-10 1.733348e-10 1.178600e-12 0.000000e+00 8.683781e-27
1.180000e+00 1.180000e+00 4.000000e-01 -1.745384e-10 1.733498e-10 1.188700e-12 0.000000e+00 1.000000e-16
1.190000e+00 1.190000e+00 4.000000e-01 -1.745634e-10 1.733647e-10 1.198700e-12 0.000000e+00 2.059874e-26
1.200000e+00 1.200000e+00 4.000000e-01 -1.745884e-10 1.733796e-10 1.208800e-12 0.000000e+00 6.260400e-27
0.000000e+00 0.000000e+00 6.000000e-01 0.000000e+00 0.000000e+00 0.000000e+00 0.000000e+00 0.000000e+00
1.000000e-02 1.000000e-02 6.000000e-01 -4.196100e-09 4.196100e-09 1.007330e-14 0.000000e+00 1.007330e-14
2.000000e-02 2.000000e-02 6.000000e-01 -7.159100e-09 7.159100e-09 2.014670e-14 0.000000e+00 2.014670e-14
3.000000e-02 3.000000e-02 6.000000e-01 -8.911100e-09 8.911100e-09 3.022000e-14 0.000000e+00 3.022000e-14
4.000000e-02 4.000000e-02 6.000000e-01 -9.473900e-09 9.473900e-09 4.029340e-14 0.000000e+00 4.029340e-14
5.000000e-02 5.000000e-02 6.000000e-01 -9.474200e-09 9.474100e-09 5.036670e-14 0.000000e+00 4.963330e-14
6.000000e-02 6.000000e-02 6.000000e-01 -9.474500e-09 9.474400e-09 6.044010e-14 0.000000e+00 3.955990e-14
7.000000e-02 7.000000e-02 6.000000e-01 -9.474800e-09 9.474700e-09 7.051340e-14 0.000000e+00 2.948660e-14
8.000000e-02 8.000000e-02 6.000000e-01 -9.475100e-09 9.475000e-09 8.058680e-14 0.000000e+00 1.941320e-14
9.000000e-02 9.000000e-02 6.000000e-01 -9.475400e-09 9.475300e-09 9.066010e-14 0.000000e+00 9.339900e-15
1.000000e-01 1.000000e-01 6.000000e-01 -9.475600e-09 9.475500e-09 1.007335e-13 0.000000e+00 7.335000e-16
1.100000e-01 1.100000e-01 6.000000e-01 -9.475900e-09 9.475800e-09 1.108068e-13 0.000000e+00 1.080680e-14
1.200000e-01 1.200000e-01 6.000000e-01 -9.476200e-09 9.476100e-09 1.208802e-13 0.000000e+00 2.088020e-14
1.300000e-01 1.300000e-01 6.000000e-01 -9.476500e-09 9.476400e-09 1.309535e-13 0.000000e+00 3.095350e-14
1.400000e-01 1.400000e-01 6.000000e-01 -9.476800e-09 9.476700e-09 1.410269e-13 0.000000e+00 4.102690e-14
1.500000e-01 1.500000e-01 6.000000e-01 -9.477100e-09 9.476900e-09 1.511002e-13 0.000000e+00 4.889980e-14
1.600000e-01 1.600000e-01 6.000000e-01 -9.477400e-09 9.477200e-09 1.611735e-13 0.000000e+00 3.882650e-14
1.700000e-01 1.700000e-01 6.000000e-01 -9.477700e-09 9.477500e-09 1.712469e-13 0.000000e+00 2.875310e-14
1.800000e-01 1.800000e-01 6.000000e-01 -9.478000e-09 9.477800e-09 1.813202e-13 0.000000e+00 1.867980e-14
1.900000e-01 1.900000e-01 6.000000e-01 -9.478300e-09 9.478100e-09 1.913936e-13 0.000000e+00 8.606400e-15
2.000000e-01 2.000000e-01 6.000000e-01 -9.478600e-09 9.478300e-09 2.014669e-13 0.000000e+00 9.853310e-14
2.100000e-01 2.100000e-01 6.000000e-01 -9.478800e-09 9.478600e-09 2.115403e-13 0.000000e+00 1.154030e-14
2.200000e-01 2.200000e-01 6.000000e-01 -9.479100e-09 9.478900e-09 2.216136e-13 0.000000e+00 2.161360e-14
2.300000e-01 2.300000e-01 6.000000e-01 -9.479400e-09 9.479200e-09 2.316870e-13 0.000000e+00 3.168700e-14
2.400000e-01 2.400000e-01 6.000000e-01 -9.479700e-09 9.479500e-09 2.417603e-13 0.000000e+00 4.176030e-14
2.500000e-01 2.500000e-01 6.000000e-01 -9.480000e-09 9.479800e-09 2.518337e-13 0.000000e+00 5.183370e-14
2.600000e-01 2.600000e-01 6.000000e-01 -9.480300e-09 9.480000e-09 2.619070e-13 0.000000e+00 3.809300e-14
2.700000e-01 2.700000e-01 6.000000e-01 -9.480600e-09 9.480300e-09 2.719804e-13 0.000000e+00 2.801960e-14
2.800000e-01 2.800000e-01 6.000000e-01 -9.480900e-09 9.480600e-09 2.820537e-13 0.000000e+00 1.794630e-14
2.900000e-01 2.900000e-01 6.000000e-01 -9.481200e-09 9.480900e-09 2.921271e-13 0.000000e+00 7.872900e-15
3.000000e-01 3.000000e-01 6.000000e-01 -9.481500e-09 9.481200e-09 3.022004e-13 0.000000e+00 2.200400e-15
3.100000e-01 3.100000e-01 6.000000e-01 -9.481700e-09 9.481400e-09 3.122738e-13 0.000000e+00 1.227380e-14
3.200000e-01 3.200000e-01 6.000000e-01 -9.482000e-09 9.481700e-09 3.223471e-13 0.000000e+00 2.234710e-14
3.300000e-01 3.300000e-01 6.000000e-01 -9.482300e-09 9.482000e-09 3.324204e-13 0.000000e+00 3.242040e-14
3.400000e-01 3.400000e-01 6.000000e-01 -9.482600e-09 9.482300e-09 3.424938e-13 0.000000e+00 4.249380e-14
3.500000e-01 3.500000e-01 6.000000e-01 -9.482900e-09 9.482600e-09 3.525671e-13 0.000000e+00 5.256710e-14
3.600000e-01 3.600000e-01 6.000000e-01 -9.483200e-09 9.482800e-09 3.626405e-13 0.000000e+00 3.735950e-14
3.700000e-01 3.700000e-01 6.000000e-01 -9.483500e-09 9.483100e-09 3.727138e-13 0.000000e+00 2.728620e-14
3.800000e-01 3.800000e-01 6.000000e-01 -9.483800e-09 9.483400e-09 3.827872e-13 0.000000e+00 1.721280e-14
3.900000e-01 3.900000e-01 6.000000e-01 -9.484100e-09 9.483700e-09 3.928605e-13 0.000000e+00 7.139500e-15
4.000000e-01 4.000000e-01 6.000000e-01 -9.484400e-09 9.484000e-09 4.029339e-13 0.000000e+00 2.933900e-15
4.100000e-01 4.100000e-01 6.000000e-01 -9.484700e-09 9.484200e-09 4.130072e-13 0.000000e+00 8.699280e-14
4.200000e-01 4.200000e-01 6.000000e-01 -9.484900e-09 9.484500e-09 4.230806e-13 0.000000e+00 2.308060e-14
4.300000e-01 4.300000e-01 6.000000e-01 -9.485200e-09 9.484800e-09 4.331539e-13 0.000000e+00 3.315390e-14
4.400000e-01 4.400000e-01 6.000000e-01 -9.485500e-09 9.485100e-09 4.432273e-13 0.000000e+00 4.322730e-14
4.500000e-01 4.500000e-01 6.000000e-01 -9.485800e-09 9.485400e-09 4.533006e-13 0.000000e+00 5.330060e-14
4.600000e-01 4.600000e-01 6.000000e-01 -9.486100e-09 9.485600e-09 4.633740e-13 0.000000e+00 3.662600e-14
4.700000e-01 4.700000e-01 6.000000e-01 -9.486400e-09 9.485900e-09 4.734473e-13 0.000000e+00 2.655270e-14
4.800000e-01 4.800000e-01 6.000000e-01 -9.486700e-09 9.486200e-09 4.835206e-13 0.000000e+00 1.647940e-14
4.900000e-01 4.900000e-01 6.000000e-01 -9.487000e-09 9.486500e-09 4.935940e-13 0.000000e+00 6.406000e-15
5.000000e-01 5.000000e-01 6.000000e-01 -9.487300e-09 9.486800e-09 5.036673e-13 0.000000e+00 3.667300e-15
5.100000e-01 5.100000e-01 6.000000e-01 -9.487600e-09 9.487100e-09 5.137407e-13 0.000000e+00 1.374070e-14
5.200000e-01 5.200000e-01 6.000000e-01 -9.487900e-09 9.487300e-09 5.238140e-13 0.000000e+00 7.618600e-14
5.300000e-01 5.300000e-01 6.000000e-01 -9.488100e-09 9.487600e-09 5.338874e-13 0.000000e+00 3.388740e-14
5.400000e-01 5.400000e-01 6.000000e-01 -9.488400e-09 9.487900e-09 5.439607e-13 0.000000e+00 4.396070e-14
5.500000e-01 5.500000e-01 6.000000e-01 -9.488700e-09 9.488200e-09 5.540341e-13 0.000000e+00 5.403410e-14
5.600000e-01 5.600000e-01 6.000000e-01 -9.489000e-09 9.488500e-09 5.641074e-13 0.000000e+00 6.410740e-14
5.700000e-01 5.700000e-01 6.000000e-01 -9.489300e-09 9.488700e-09 5.741808e-13 0.000000e+00 2.581920e-14
5.800000e-01 5.800000e-01 6.000000e-01 -9.489600e-09 9.489000e-09 5.842541e-13 0.000000e+00 1.574590e-14
5.900000e-01 5.900000e-01 6.000000e-01 -9.489900e-09 9.489300e-09 5.943275e-13 0.000000e+00 5.672500e-15
6.000000e-01 6.000000e-01 6.000000e-01 -9.490200e-09 9.489600e-09 6.044008e-13 0.000000e+00 4.400800e-15
6.100000e-01 6.100000e-01 6.000000e-01 -9.490500e-09 9.489900e-09 6.144742e-13 0.000000e+00 1.447420e-14
6.200000e-01 6.200000e-01 6.000000e-01 -9.490800e-09 9.490100e-09 6.245475e-13 0.000000e+00 7.545250e-14
6.300000e-01 6.300000e-01 6.000000e-01 -9.491100e-09 9.490400e-09 6.346209e-13 0.000000e+00 6.537910e-14
6.400000e-01 6.400000e-01 6.000000e-01 -9.491400e-09 9.490700e-09 6.446942e-13 0.000000e+00 5.530580e-14
6.500000e-01 6.500000e-01 6.000000e-01 -9.491600e-09 9.491000e-09 6.547675e-13 0.000000e+00 5.476750e-14
6.600000e-01 6.600000e-01 6.000000e-01 -9.491900e-09 9.491300e-09 6.648409e-13 0.000000e+00 6.484090e-14
6.700000e-01 6.700000e-01 6.000000e-01 -9.492200e-09 9.491500e-09 6.749142e-13 0.000000e+00 2.508580e-14
6.800000e-01 6.800000e-01 6.000000e-01 -9.492500e-09 9.491800e-09 6.849876e-13 0.000000e+00 1.501240e-14
6.900000e-01 6.900000e-01 6.000000e-01 -9.492800e-09 9.492100e-09 6.950609e-13 0.000000e+00 4.939100e-15
7.000000e-01 7.000000e-01 6.000000e-01 -9.493100e-09 9.492400e-09 7.051343e-13 0.000000e+00 5.134300e-15
7.100000e-01 7.100000e-01 6.000000e-01 -9.493400e-09 9.492700e-09 7.152076e-13 0.000000e+00 1.520760e-14
7.200000e-01 7.200000e-01 6.000000e-01 -9.493700e-09 9.493000e-09 7.252810e-13 0.000000e+00 2.528100e-14
7.300000e-01 7.300000e-01 6.000000e-01 -9.494000e-09 9.493200e-09 7.353543e-13 0.000000e+00 6.464570e-14
7.400000e-01 7.400000e-01 6.000000e-01 -9.494300e-09 9.493500e-09 7.454277e-13 0.000000e+00 5.457230e-14
7.500000e-01 7.500000e-01 6.000000e-01 -9.494600e-09 9.493800e-09 7.555010e-13 0.000000e+00 4.449900e-14
7.600000e-01 7.600000e-01 6.000000e-01 -9.494800e-09 9.494100e-09 7.655744e-13 0.000000e+00 6.557440e-14
7.700000e-01 7.700000e-01 6.000000e-01 -9.495100e-09 9.494400e-09 7.756477e-13 0.000000e+00 7.564770e-14
7.800000e-01 7.800000e-01 6.000000e-01 -9.495400e-09 9.494600e-09 7.857211e-13 0.000000e+00 1.427890e-14
7.900000e-01 7.900000e-01 6.000000e-01 -9.495700e-09 9.494900e-09 7.957944e-13 0.000000e+00 4.205600e-15
8.000000e-01 8.000000e-01 6.000000e-01 -9.496000e-09 9.495200e-09 8.058677e-13 0.000000e+00 5.867700e-15
8.100000e-01 8.100000e-01 6.000000e-01 -9.496300e-09 9.495500e-09 8.159411e-13 0.000000e+00 1.594110e-14
8.200000e-01 8.200000e-01 6.000000e-01 -9.496600e-09 9.495800e-09 8.260144e-13 0.000000e+00 2.601440e-14
8.300000e-01 8.300000e-01 6.000000e-01 -9.496900e-09 9.496100e-09 8.360878e-13 0.000000e+00 3.608780e-14
8.400000e-01 8.400000e-01 6.000000e-01 -9.497200e-09 9.496300e-09 8.461611e-13 0.000000e+00 5.383890e-14
8.500000e-01 8.500000e-01 6.000000e-01 -9.497500e-09 9.496600e-09 8.562345e-13 0.000000e+00 4.376550e-14
8.600000e-01 8.600000e-01 6.000000e-01 -9.497800e-09 9.496900e-09 8.663078e-13 0.000000e+00 3.369220e-14
8.700000e-01 8.700000e-01 6.000000e-01 -9.498100e-09 9.497200e-09 8.763812e-13 0.000000e+00 2.361880e-14
8.800000e-01 8.800000e-01 6.000000e-01 -9.498300e-09 9.497500e-09 8.864545e-13 0.000000e+00 8.645450e-14
8.900000e-01 8.900000e-01 6.000000e-01 -9.498600e-09 9.497700e-09 8.965279e-13 0.000000e+00 3.472100e-15
9.000000e-01 9.000000e-01 6.000000e-01 -9.498900e-09 9.498000e-09 9.066012e-13 0.000000e+00 6.601200e-15
9.100000e-01 9.100000e-01 6.000000e-01 -9.499200e-09 9.498300e-09 9.166746e-13 0.000000e+00 1.667460e-14
9.200000e-01 9.200000e-01 6.000000e-01 -9.499500e-09 9.498600e-09 9.267479e-13 0.000000e+00 2.674790e-14
9.300000e-01 9.300000e-01 6.000000e-01 -9.499800e-09 9.498900e-09 9.368213e-13 0.000000e+00 3.682130e-14
9.400000e-01 9.400000e-01 6.000000e-01 -9.500100e-09 9.499100e-09 9.468946e-13 0.000000e+00 5.310540e-14
9.500000e-01 9.500000e-01 6.000000e-01 -9.500400e-09 9.499400e-09 9.569680e-13 0.000000e+00 4.303200e-14
9.600000e-01 9.600000e-01 6.000000e-01 -9.500700e-09 9.499700e-09 9.670413e-13 0.000000e+00 3.295870e-14
9.700000e-01 9.700000e-01 6.000000e-01 -9.501000e-09 9.500000e-09 9.771146e-13 0.000000e+00 2.288540e-14
9.800000e-01 9.800000e-01 6.000000e-01 -9.501300e-09 9.500300e-09 9.871880e-13 0.000000e+00 1.281200e-14
9.900000e-01 9.900000e-01 6.000000e-01 -9.501600e-09 9.500600e-09 9.972613e-13 0.000000e+00 2.738700e-15
1.000000e+00 1.000000e+00 6.000000e-01 -9.501800e-09 9.500800e-09 1.007300e-12 0.000000e+00 7.300000e-15
1.010000e+00 1.010000e+00 6.000000e-01 -9.502100e-09 9.501100e-09 1.017400e-12 0.000000e+00 1.740000e-14
1.020000e+00 1.020000e+00 6.000000e-01 -9.502400e-09 9.501400e-09 1.027500e-12 0.000000e+00 2.750000e-14
1.030000e+00 1.030000e+00 6.000000e-01 -9.502700e-09 9.501700e-09 1.037600e-12 0.000000e+00 3.760000e-14
1.040000e+00 1.040000e+00 6.000000e-01 -9.503000e-09 9.502000e-09 1.047600e-12 0.000000e+00 4.760000e-14
1.050000e+00 1.050000e+00 6.000000e-01 -9.503300e-09 9.502200e-09 1.057700e-12 0.000000e+00 4.230000e-14
1.060000e+00 1.060000e+00 6.000000e-01 -9.503600e-09 9.502500e-09 1.067800e-12 0.000000e+00 3.220000e-14
1.070000e+00 1.070000e+00 6.000000e-01 -9.503900e-09 9.502800e-09 1.077800e-12 0.000000e+00 2.220000e-14
1.080000e+00 1.080000e+00 6.000000e-01 -9.504200e-09 9.503100e-09 1.087900e-12 0.000000e+00 1.210000e-14
1.090000e+00 1.090000e+00 6.000000e-01 -9.504500e-09 9.503400e-09 1.098000e-12 0.000000e+00 2.000000e-15
1.100000e+00 1.100000e+00 6.000000e-01 -9.504800e-09 9.503700e-09 1.108100e-12 0.000000e+00 8.100000e-15
1.110000e+00 1.110000e+00 6.000000e-01 -9.505100e-09 9.503900e-09 1.118100e-12 0.000000e+00 8.190000e-14
1.120000e+00 1.120000e+00 6.000000e-01 -9.505300e-09 9.504200e-09 1.128200e-12 0.000000e+00 2.820000e-14
1.130000e+00 1.130000e+00 6.000000e-01 -9.505600e-09 9.504500e-09 1.138300e-12 0.000000e+00 3.830000e-14
1.140000e+00 1.140000e+00 6.000000e-01 -9.505900e-09 9.504800e-09 1.148400e-12 0.000000e+00 4.840000e-14
1.150000e+00 1.150000e+00 6.000000e-01 -9.506200e-09 9.505100e-09 1.158400e-12 0.000000e+00 5.840000e-14
1.160000e+00 1.160000e+00 6.000000e-01 -9.506500e-09 9.505300e-09 1.168500e-12 0.000000e+00 3.150000e-14
1.170000e+00 1.170000e+00 6.000000e-01 -9.506800e-09 9.505600e-09 1.178600e-12 0.000000e+00 2.140000e-14
1.180000e+00 1.180000e+00 6.000000e-01 -9.507100e-09 9.505900e-09 1.188700e-12 0.000000e+00 1.130000e-14
1.190000e+00 1.190000e+00 6.000000e-01 -9.507400e-09 9.506200e-09 1.198700e-12 0.000000e+00 1.300000e-15
1.200000e+00 1.200000e+00 6.000000e-01 -9.507700e-09 9.506500e-09 1.208800e-12 0.000000e+00 8.800000e-15
0.000000e+00 0.000000e+00 8.000000e-01 0.000000e+00 0.000000e+00 0.000000e+00 0.000000e+00 0.000000e+00
1.000000e-02 1.000000e-02 8.000000e-01 -1.879346e-07 1.879346e-07 1.007330e-14 0.000000e+00 1.007330e-14
2.000000e-02 2.000000e-02 8.000000e-01 -3.480122e-07 3.480122e-07 2.014670e-14 0.000000e+00 2.014670e-14
3.000000e-02 3.000000e-02 8.000000e-01 -4.807301e-07 4.807301e-07 3.022000e-14 0.000000e+00 3.022000e-14
4.000000e-02 4.000000e-02 8.000000e-01 -5.865740e-07 5.865740e-07 4.029340e-14 0.000000e+00 4.029340e-14
5.000000e-02 5.000000e-02 8.000000e-01 -6.660182e-07 6.660182e-07 5.036670e-14 0.000000e+00 5.036670e-14
6.000000e-02 6.000000e-02 8.000000e-01 -7.195258e-07 7.195258e-07 6.044010e-14 0.000000e+00 6.044010e-14
7.000000e-02 7.000000e-02 8.000000e-01 -7.475492e-07 7.475492e-07 7.051340e-14 0.000000e+00 7.051340e-14
8.000000e-02 8.000000e-02 8.000000e-01 -7.523346e-07 7.523345e-07 8.058680e-14 0.000000e+00 1.941320e-14
9.000000e-02 9.000000e-02 8.000000e-01 -7.523748e-07 7.523748e-07 9.066010e-14 0.000000e+00 9.066010e-14
1.000000e-01 1.000000e-01 8.000000e-01 -7.524151e-07 7.524150e-07 1.007335e-13 0.000000e+00 7.334998e-16
1.100000e-01 1.100000e-01 8.000000e-01 -7.524553e-07 7.524552e-07 1.108068e-13 0.000000e+00 1.080680e-14
1.200000e-01 1.200000e-01 8.000000e-01 -7.524956e-07 7.524954e-07 1.208802e-13 0.000000e+00 7.911980e-14
1.300000e-01 1.300000e-01 8.000000e-01 -7.525358e-07 7.525357e-07 1.309535e-13 0.000000e+00 3.095350e-14
1.400000e-01 1.400000e-01 8.000000e-01 -7.525761e-07 7.525759e-07 1.410269e-13 0.000000e+00 5.897310e-14
1.500000e-01 1.500000e-01 8.000000e-01 -7.526163e-07 7.526162e-07 1.511002e-13 0.000000e+00 5.110020e-14
1.600000e-01 1.600000e-01 8.000000e-01 -7.526566e-07 7.526564e-07 1.611735e-13 0.000000e+00 3.882650e-14
1.700000e-01 1.700000e-01 8.000000e-01 -7.526969e-07 7.526967e-07 1.712469e-13 0.000000e+00 2.875310e-14
1.800000e-01 1.800000e-01 8.000000e-01 -7.527371e-07 7.527369e-07 1.813202e-13 0.000000e+00 1.867980e-14
1.900000e-01 1.900000e-01 8.000000e-01 -7.527774e-07 7.527772e-07 1.913936e-13 0.000000e+00 8.606400e-15
2.000000e-01 2.000000e-01 8.000000e-01 -7.528177e-07 7.528175e-07 2.014669e-13 0.000000e+00 1.466900e-15
2.100000e-01 2.100000e-01 8.000000e-01 -7.528580e-07 7.528577e-07 2.115403e-13 0.000000e+00 8.845970e-14
2.200000e-01 2.200000e-01 8.000000e-01 -7.528982e-07 7.528980e-07 2.216136e-13 0.000000e+00 2.161360e-14
2.300000e-01 2.300000e-01 8.000000e-01 -7.529385e-07 7.529383e-07 2.316870e-13 0.000000e+00 3.168700e-14
2.400000e-01 2.400000e-01 8.000000e-01 -7.529788e-07 7.529786e-07 2.417603e-13 0.000000e+00 4.176030e-14
2.500000e-01 2.500000e-01 8.000000e-01 -7.530191e-07 7.530189e-07 2.518337e-13 0.000000e+00 5.183370e-14
2.600000e-01 2.600000e-01 8.000000e-01 -7.530594e-07 7.530592e-07 2.619070e-13 0.000000e+00 6.190700e-14
2.700000e-01 2.700000e-01 8.000000e-01 -7.530997e-07 7.530995e-07 2.719804e-13 0.000000e+00 7.198040e-14
2.800000e-01 2.800000e-01 8.000000e-01 -7.531400e-07 7.531398e-07 2.820537e-13 0.000000e+00 8.205370e-14
2.900000e-01 2.900000e-01 8.000000e-01 -7.531804e-07 7.531801e-07 2.921271e-13 0.000000e+00 7.872900e-15
3.000000e-01 3.000000e-01 8.000000e-01 -7.532207e-07 7.532204e-07 3.022004e-13 0.000000e+00 2.200400e-15
3.100000e-01 3.100000e-01 8.000000e-01 -7.532610e-07 7.532607e-07 3.122738e-13 0.000000e+00 1.227380e-14
3.200000e-01 3.200000e-01 8.000000e-01 -7.533013e-07 7.533010e-07 3.223471e-13 0.000000e+00 2.234710e-14
3.300000e-01 3.300000e-01 8.000000e-01 -7.533417e-07 7.533413e-07 3.324204e-13 0.000000e+00 6.757960e-14
3.400000e-01 3.400000e-01 8.000000e-01 -7.533820e-07 7.533817e-07 3.424938e-13 0.000000e+00 4.249380e-14
3.500000e-01 3.500000e-01 8.000000e-01 -7.534223e-07 7.534220e-07 3.525671e-13 0.000000e+00 5.256710e-14
3.600000e-01 3.600000e-01 8.000000e-01 -7.534627e-07 7.534623e-07 3.626405e-13 0.000000e+00 3.735950e-14
3.700000e-01 3.700000e-01 8.000000e-01 -7.535030e-07 7.535027e-07 3.727138e-13 0.000000e+00 7.271380e-14
3.800000e-01 3.800000e-01 8.000000e-01 -7.535434e-07 7.535430e-07 3.827872e-13 0.000000e+00 1.721280e-14
3.900000e-01 3.900000e-01 8.000000e-01 -7.535837e-07 7.535833e-07 3.928605e-13 0.000000e+00 7.139500e-15
4.000000e-01 4.000000e-01 8.000000e-01 -7.536241e-07 7.536237e-07 4.029339e-13 0.000000e+00 2.933900e-15
4.100000e-01 4.100000e-01 8.000000e-01 -7.536645e-07 7.536640e-07 4.130072e-13 0.000000e+00 8.699280e-14
4.200000e-01 4.200000e-01 8.000000e-01 -7.537048e-07 7.537044e-07 4.230806e-13 0.000000e+00 2.308060e-14
4.300000e-01 4.300000e-01 8.000000e-01 -7.537452e-07 7.537448e-07 4.331539e-13 0.000000e+00 3.315390e-14
4.400000e-01 4.400000e-01 8.000000e-01 -7.537856e-07 7.537851e-07 4.432273e-13 0.000000e+00 5.677270e-14
4.500000e-01 4.500000e-01 8.000000e-01 -7.538260e-07 7.538255e-07 4.533006e-13 0.000000e+00 4.669940e-14
4.600000e-01 4.600000e-01 8.000000e-01 -7.538663e-07 7.538659e-07 4.633740e-13 0.000000e+00 6.337400e-14
4.700000e-01 4.700000e-01 8.000000e-01 -7.539067e-07 7.539063e-07 4.734473e-13 0.000000e+00 7.344730e-14
4.800000e-01 4.800000e-01 8.000000e-01 -7.539471e-07 7.539466e-07 4.835206e-13 0.000000e+00 1.647940e-14
4.900000e-01 4.900000e-01 8.000000e-01 -7.539875e-07 7.539870e-07 4.935940e-13 0.000000e+00 6.406000e-15
5.000000e-01 5.000000e-01 8.000000e-01 -7.540279e-07 7.540274e-07 5.036673e-13 0.000000e+00 3.667300e-15
5.100000e-01 5.100000e-01 8.000000e-01 -7.540683e-07 7.540678e-07 5.137407e-13 0.000000e+00 1.374070e-14
5.200000e-01 5.200000e-01 8.000000e-01 -7.541087e-07 7.541082e-07 5.238140e-13 0.000000e+00 2.381400e-14
5.300000e-01 5.300000e-01 8.000000e-01 -7.541491e-07 7.541486e-07 5.338874e-13 0.000000e+00 3.388740e-14
5.400000e-01 5.400000e-01 8.000000e-01 -7.541896e-07 7.541890e-07 5.439607e-13 0.000000e+00 5.603930e-14
5.500000e-01 5.500000e-01 8.000000e-01 -7.542300e-07 7.542294e-07 5.540341e-13 0.000000e+00 4.596590e-14
5.600000e-01 5.600000e-01 8.000000e-01 -7.542704e-07 7.542698e-07 5.641074e-13 0.000000e+00 3.589260e-14
5.700000e-01 5.700000e-01 8.000000e-01 -7.543108e-07 7.543103e-07 5.741808e-13 0.000000e+00 7.418080e-14
5.800000e-01 5.800000e-01 8.000000e-01 -7.543513e-07 7.543507e-07 5.842541e-13 0.000000e+00 1.574590e-14
5.900000e-01 5.900000e-01 8.000000e-01 -7.543917e-07 7.543911e-07 5.943275e-13 0.000000e+00 5.672500e-15
6.000000e-01 6.000000e-01 8.000000e-01 -7.544322e-07 7.544315e-07 6.044008e-13 0.000000e+00 9.559920e-14
6.100000e-01 6.100000e-01 8.000000e-01 -7.544726e-07 7.544720e-07 6.144742e-13 0.000000e+00 1.447420e-14
6.200000e-01 6.200000e-01 8.000000e-01 -7.545131e-07 7.545124e-07 6.245475e-13 0.000000e+00 7.545250e-14
6.300000e-01 6.300000e-01 8.000000e-01 -7.545535e-07 7.545529e-07 6.346209e-13 0.000000e+00 3.462090e-14
6.400000e-01 6.400000e-01 8.000000e-01 -7.545940e-07 7.545933e-07 6.446942e-13 0.000000e+00 5.530580e-14
6.500000e-01 6.500000e-01 8.000000e-01 -7.546344e-07 7.546338e-07 6.547675e-13 0.000000e+00 5.476750e-14
6.600000e-01 6.600000e-01 8.000000e-01 -7.546749e-07 7.546742e-07 6.648409e-13 0.000000e+00 3.515910e-14
6.700000e-01 6.700000e-01 8.000000e-01 -7.547154e-07 7.547147e-07 6.749142e-13 0.000000e+00 2.508580e-14
6.800000e-01 6.800000e-01 8.000000e-01 -7.547558e-07 7.547552e-07 6.849876e-13 0.000000e+00 8.498760e-14
6.900000e-01 6.900000e-01 8.000000e-01 -7.547963e-07 7.547956e-07 6.950609e-13 0.000000e+00 4.939100e-15
7.000000e-01 7.000000e-01 8.000000e-01 -7.548368e-07 7.548361e-07 7.051343e-13 0.000000e+00 5.134300e-15
7.100000e-01 7.100000e-01 8.000000e-01 -7.548773e-07 7.548766e-07 7.152076e-13 0.000000e+00 1.520760e-14
7.200000e-01 7.200000e-01 8.000000e-01 -7.549178e-07 7.549171e-07 7.252810e-13 0.000000e+00 2.528100e-14
7.300000e-01 7.300000e-01 8.000000e-01 -7.549583e-07 7.549575e-07 7.353543e-13 0.000000e+00 6.464570e-14
7.400000e-01 7.400000e-01 8.000000e-01 -7.549988e-07 7.549980e-07 7.454277e-13 0.000000e+00 5.457230e-14
7.500000e-01 7.500000e-01 8.000000e-01 -7.550393e-07 7.550385e-07 7.555010e-13 0.000000e+00 4.449900e-14
7.600000e-01 7.600000e-01 8.000000e-01 -7.550798e-07 7.550790e-07 7.655744e-13 0.000000e+00 3.442560e-14
7.700000e-01 7.700000e-01 8.000000e-01 -7.551203e-07 7.551195e-07 7.756477e-13 0.000000e+00 2.435230e-14
7.800000e-01 7.800000e-01 8.000000e-01 -7.551608e-07 7.551600e-07 7.857211e-13 0.000000e+00 1.427890e-14
7.900000e-01 7.900000e-01 8.000000e-01 -7.552013e-07 7.552005e-07 7.957944e-13 0.000000e+00 4.205600e-15
8.000000e-01 8.000000e-01 8.000000e-01 -7.552419e-07 7.552411e-07 8.058677e-13 0.000000e+00 5.867700e-15
8.100000e-01 8.100000e-01 8.000000e-01 -7.552824e-07 7.552816e-07 8.159411e-13 0.000000e+00 1.594110e-14
8.200000e-01 8.200000e-01 8.000000e-01 -7.553229e-07 7.553221e-07 8.260144e-13 0.000000e+00 2.601440e-14
8.300000e-01 8.300000e-01 8.000000e-01 -7.553635e-07 7.553626e-07 8.360878e-13 0.000000e+00 6.391220e-14
8.400000e-01 8.400000e-01 8.000000e-01 -7.554040e-07 7.554032e-07 8.461611e-13 0.000000e+00 4.616110e-14
8.500000e-01 8.500000e-01 8.000000e-01 -7.554446e-07 7.554437e-07 8.562345e-13 0.000000e+00 4.376550e-14
8.600000e-01 8.600000e-01 8.000000e-01 -7.554851e-07 7.554842e-07 8.663078e-13 0.000000e+00 3.369220e-14
8.700000e-01 8.700000e-01 8.000000e-01 -7.555257e-07 7.555248e-07 8.763812e-13 0.000000e+00 2.361880e-14
8.800000e-01 8.800000e-01 8.000000e-01 -7.555662e-07 7.555653e-07 8.864545e-13 0.000000e+00 1.354550e-14
8.900000e-01 8.900000e-01 8.000000e-01 -7.556068e-07 7.556059e-07 8.965279e-13 0.000000e+00 3.472100e-15
9.000000e-01 9.000000e-01 8.000000e-01 -7.556473e-07 7.556464e-07 9.066012e-13 0.000000e+00 6.601200e-15
9.100000e-01 9.100000e-01 8.000000e-01 -7.556879e-07 7.556870e-07 9.166746e-13 0.000000e+00 1.667460e-14
9.200000e-01 9.200000e-01 8.000000e-01 -7.557285e-07 7.557276e-07 9.267479e-13 0.000000e+00 2.674790e-14
9.300000e-01 9.300000e-01 8.000000e-01 -7.557691e-07 7.557681e-07 9.368213e-13 0.000000e+00 6.317870e-14
9.400000e-01 9.400000e-01 8.000000e-01 -7.558097e-07 7.558087e-07 9.468946e-13 0.000000e+00 5.310540e-14
9.500000e-01 9.500000e-01 8.000000e-01 -7.558502e-07 7.558493e-07 9.569680e-13 0.000000e+00 5.696800e-14
9.600000e-01 9.600000e-01 8.000000e-01 -7.558908e-07 7.558899e-07 9.670413e-13 0.000000e+00 6.704130e-14
9.700000e-01 9.700000e-01 8.000000e-01 -7.559314e-07 7.559304e-07 9.771146e-13 0.000000e+00 2.288540e-14
9.800000e-01 9.800000e-01 8.000000e-01 -7.559720e-07 7.559710e-07 9.871880e-13 0.000000e+00 1.281200e-14
9.900000e-01 9.900000e-01 8.000000e-01 -7.560126e-07 7.560116e-07 9.972613e-13 0.000000e+00 2.738700e-15
1.000000e+00 1.000000e+00 8.000000e-01 -7.560532e-07 7.560522e-07 1.007300e-12 0.000000e+00 7.300000e-15
1.010000e+00 1.010000e+00 8.000000e-01 -7.560938e-07 7.560928e-07 1.017400e-12 0.000000e+00 1.740000e-14
1.020000e+00 1.020000e+00 8.000000e-01 -7.561345e-07 7.561334e-07 1.027500e-12 0.000000e+00 7.250000e-14
1.030000e+00 1.030000e+00 8.000000e-01 -7.561751e-07 7.561740e-07 1.037600e-12 0.000000e+00 6.240000e-14
1.040000e+00 1.040000e+00 8.000000e-01 -7.562157e-07 7.562147e-07 1.047600e-12 0.000000e+00 4.760000e-14
1.050000e+00 1.050000e+00 8.000000e-01 -7.562563e-07 7.562553e-07 1.057700e-12 0.000000e+00 5.770000e-14
1.060000e+00 1.060000e+00 8.000000e-01 -7.562970e-07 7.562959e-07 1.067800e-12 0.000000e+00 3.220000e-14
1.070000e+00 1.070000e+00 8.000000e-01 -7.563376e-07 7.563365e-07 1.077800e-12 0.000000e+00 2.220000e-14
1.080000e+00 1.080000e+00 8.000000e-01 -7.563782e-07 7.563772e-07 1.087900e-12 0.000000e+00 8.790000e-14
1.090000e+00 1.090000e+00 8.000000e-01 -7.564189e-07 7.564178e-07 1.098000e-12 0.000000e+00 2.000000e-15
1.100000e+00 1.100000e+00 8.000000e-01 -7.564595e-07 7.564584e-07 1.108100e-12 0.000000e+00 8.100000e-15
1.110000e+00 1.110000e+00 8.000000e-01 -7.565002e-07 7.564991e-07 1.118100e-12 0.000000e+00 1.810000e-14
1.120000e+00 1.120000e+00 8.000000e-01 -7.565409e-07 7.565397e-07 1.128200e-12 0.000000e+00 7.180000e-14
1.130000e+00 1.130000e+00 8.000000e-01 -7.565815e-07 7.565804e-07 1.138300e-12 0.000000e+00 3.830000e-14
1.140000e+00 1.140000e+00 8.000000e-01 -7.566222e-07 7.566210e-07 1.148400e-12 0.000000e+00 5.160000e-14
1.150000e+00 1.150000e+00 8.000000e-01 -7.566629e-07 7.566617e-07 1.158400e-12 0.000000e+00 4.160000e-14
1.160000e+00 1.160000e+00 8.000000e-01 -7.567035e-07 7.567024e-07 1.168500e-12 0.000000e+00 6.850000e-14
1.170000e+00 1.170000e+00 8.000000e-01 -7.567442e-07 7.567430e-07 1.178600e-12 0.000000e+00 2.140000e-14
1.180000e+00 1.180000e+00 8.000000e-01 -7.567849e-07 7.567837e-07 1.188700e-12 0.000000e+00 1.130000e-14
1.190000e+00 1.190000e+00 8.000000e-01 -7.568256e-07 7.568244e-07 1.198700e-12 0.000000e+00 1.300000e-15
1.200000e+00 1.200000e+00 8.000000e-01 -7.568663e-07 7.568651e-07 1.208800e-12 0.000000e+00 8.800000e-15
0.000000e+00 0.000000e+00 1.000000e+00 0.000000e+00 0.000000e+00 0.000000e+00 0.000000e+00 0.000000e+00
1.000000e-02 1.000000e-02 1.000000e+00 -6.039670e-07 6.039670e-07 1.007330e-14 0.000000e+00 1.007330e-14
2.000000e-02 2.000000e-02 1.000000e+00 -1.175100e-06 1.175100e-06 2.014670e-14 0.000000e+00 2.014670e-14
3.000000e-02 3.000000e-02 1.000000e+00 -1.714000e-06 1.714000e-06 3.022000e-14 0.000000e+00 3.022000e-14
4.000000e-02 4.000000e-02 1.000000e+00 -2.221200e-06 2.221200e-06 4.029340e-14 0.000000e+00 4.029340e-14
5.000000e-02 5.000000e-02 1.000000e+00 -2.697200e-06 2.697200e-06 5.036670e-14 0.000000e+00 5.036670e-14
6.000000e-02 6.000000e-02 1.000000e+00 -3.142700e-06 3.142700e-06 6.044010e-14 0.000000e+00 6.044010e-14
7.000000e-02 7.000000e-02 1.000000e+00 -3.558200e-06 3.558200e-06 7.051340e-14 0.000000e+00 7.051340e-14
8.000000e-02 8.000000e-02 1.000000e+00 -3.944100e-06 3.944100e-06 8.058680e-14 0.000000e+00 8.058680e-14
9.000000e-02 9.000000e-02 1.000000e+00 -4.301000e-06 4.301000e-06 9.066010e-14 0.000000e+00 9.066010e-14
1.000000e-01 1.000000e-01 1.000000e+00 -4.629500e-06 4.629500e-06 1.007335e-13 0.000000e+00 1.007335e-13
1.100000e-01 1.100000e-01 1.000000e+00 -4.929800e-06 4.929800e-06 1.108068e-13 0.000000e+00 1.108068e-13
1.200000e-01 1.200000e-01 1.000000e+00 -5.202700e-06 5.202700e-06 1.208802e-13 0.000000e+00 1.208802e-13
1.300000e-01 1.300000e-01 1.000000e+00 -5.448400e-06 5.448400e-06 1.309535e-13 0.000000e+00 1.309535e-13
1.400000e-01 1.400000e-01 1.000000e+00 -5.667500e-06 5.667500e-06 1.410269e-13 0.000000e+00 1.410269e-13
1.500000e-01 1.500000e-01 1.000000e+00 -5.860400e-06 5.860400e-06 1.511002e-13 0.000000e+00 1.511002e-13
1.600000e-01 1.600000e-01 1.000000e+00 -6.027500e-06 6.027500e-06 1.611735e-13 0.000000e+00 1.611735e-13
1.700000e-01 1.700000e-01 1.000000e+00 -6.169400e-06 6.169400e-06 1.712469e-13 0.000000e+00 1.712469e-13
1.800000e-01 1.800000e-01 1.000000e+00 -6.286300e-06 6.286300e-06 1.813202e-13 0.000000e+00 1.813202e-13
1.900000e-01 1.900000e-01 1.000000e+00 -6.378700e-06 6.378700e-06 1.913936e-13 0.000000e+00 1.913936e-13
2.000000e-01 2.000000e-01 1.000000e+00 -6.446900e-06 6.446900e-06 2.014669e-13 0.000000e+00 2.014669e-13
2.100000e-01 2.100000e-01 1.000000e+00 -6.491500e-06 6.491500e-06 2.115403e-13 0.000000e+00 2.115403e-13
2.200000e-01 2.200000e-01 1.000000e+00 -6.512700e-06 6.512700e-06 2.216136e-13 0.000000e+00 2.216136e-13
2.300000e-01 2.300000e-01 1.000000e+00 -6.515000e-06 6.515000e-06 2.316870e-13 0.000000e+00 2.316870e-13
2.400000e-01 2.400000e-01 1.000000e+00 -6.515900e-06 6.515900e-06 2.417603e-13 0.000000e+00 2.417603e-13
2.500000e-01 2.500000e-01 1.000000e+00 -6.516800e-06 6.516800e-06 2.518337e-13 0.000000e+00 2.518337e-13
2.600000e-01 2.600000e-01 1.000000e+00 -6.517800e-06 6.517800e-06 2.619070e-13 0.000000e+00 2.619070e-13
2.700000e-01 2.700000e-01 1.000000e+00 -6.518700e-06 6.518700e-06 2.719804e-13 0.000000e+00 2.719804e-13
2.800000e-01 2.800000e-01 1.000000e+00 -6.519700e-06 6.519700e-06 2.820537e-13 0.000000e+00 2.820537e-13
2.900000e-01 2.900000e-01 1.000000e+00 -6.520600e-06 6.520600e-06 2.921271e-13 0.000000e+00 2.921271e-13
3.000000e-01 3.000000e-01 1.000000e+00 -6.521500e-06 6.521500e-06 3.022004e-13 0.000000e+00 3.022004e-13
3.100000e-01 3.100000e-01 1.000000e+00 -6.522500e-06 6.522500e-06 3.122738e-13 0.000000e+00 3.122738e-13
3.200000e-01 3.200000e-01 1.000000e+00 -6.523400e-06 6.523400e-06 3.223471e-13 0.000000e+00 3.223471e-13
3.300000e-01 3.300000e-01 1.000000e+00 -6.524400e-06 6.524400e-06 3.324204e-13 0.000000e+00 3.324204e-13
3.400000e-01 3.400000e-01 1.000000e+00 -6.525300e-06 6.525300e-06 3.424938e-13 0.000000e+00 3.424938e-13
3.500000e-01 3.500000e-01 1.000000e+00 -6.526200e-06 6.526200e-06 3.525671e-13 0.000000e+00 3.525671e-13
3.600000e-01 3.600000e-01 1.000000e+00 -6.527200e-06 6.527200e-06 3.626405e-13 0.000000e+00 3.626405e-13
3.700000e-01 3.700000e-01 1.000000e+00 -6.528100e-06 6.528100e-06 3.727138e-13 0.000000e+00 3.727138e-13
3.800000e-01 3.800000e-01 1.000000e+00 -6.529100e-06 6.529100e-06 3.827872e-13 0.000000e+00 3.827872e-13
3.900000e-01 3.900000e-01 1.000000e+00 -6.530000e-06 6.530000e-06 3.928605e-13 0.000000e+00 3.928605e-13
4.000000e-01 4.000000e-01 1.000000e+00 -6.530900e-06 6.530900e-06 4.029339e-13 0.000000e+00 4.029339e-13
4.100000e-01 4.100000e-01 1.000000e+00 -6.531900e-06 6.531900e-06 4.130072e-13 0.000000e+00 4.130072e-13
4.200000e-01 4.200000e-01 1.000000e+00 -6.532800e-06 6.532800e-06 4.230806e-13 0.000000e+00 4.230806e-13
4.300000e-01 4.300000e-01 1.000000e+00 -6.533800e-06 6.533800e-06 4.331539e-13 0.000000e+00 4.331539e-13
4.400000e-01 4.400000e-01 1.000000e+00 -6.534700e-06 6.534700e-06 4.432273e-13 0.000000e+00 4.432273e-13
4.500000e-01 4.500000e-01 1.000000e+00 -6.535600e-06 6.535600e-06 4.533006e-13 0.000000e+00 4.533006e-13
4.600000e-01 4.600000e-01 1.000000e+00 -6.536600e-06 6.536600e-06 4.633740e-13 0.000000e+00 4.633740e-13
4.700000e-01 4.700000e-01 1.000000e+00 -6.537500e-06 6.537500e-06 4.734473e-13 0.000000e+00 4.734473e-13
4.800000e-01 4.800000e-01 1.000000e+00 -6.538500e-06 6.538500e-06 4.835206e-13 0.000000e+00 4.835206e-13
4.900000e-01 4.900000e-01 1.000000e+00 -6.539400e-06 6.539400e-06 4.935940e-13 0.000000e+00 4.935940e-13
5.000000e-01 5.000000e-01 1.000000e+00 -6.540400e-06 6.540400e-06 5.036673e-13 0.000000e+00 5.036673e-13
5.100000e-01 5.100000e-01 1.000000e+00 -6.541300e-06 6.541300e-06 5.137407e-13 0.000000e+00 5.137407e-13
5.200000e-01 5.200000e-01 1.000000e+00 -6.542300e-06 6.542300e-06 5.238140e-13 0.000000e+00 5.238140e-13
5.300000e-01 5.300000e-01 1.000000e+00 -6.543200e-06 6.543200e-06 5.338874e-13 0.000000e+00 5.338874e-13
5.400000e-01 5.400000e-01 1.000000e+00 -6.544100e-06 6.544100e-06 5.439607e-13 0.000000e+00 5.439607e-13
5.500000e-01 5.500000e-01 1.000000e+00 -6.545100e-06 6.545100e-06 5.540341e-13 0.000000e+00 5.540341e-13
5.600000e-01 5.600000e-01 1.000000e+00 -6.546000e-06 6.546000e-06 5.641074e-13 0.000000e+00 5.641074e-13
5.700000e-01 5.700000e-01 1.000000e+00 -6.547000e-06 6.547000e-06 5.741808e-13 0.000000e+00 5.741808e-13
5.800000e-01 5.800000e-01 1.000000e+00 -6.547900e-06 6.547900e-06 5.842541e-13 0.000000e+00 5.842541e-13
5.900000e-01 5.900000e-01 1.000000e+00 -6.548900e-06 6.548900e-06 5.943275e-13 0.000000e+00 5.943275e-13
6.000000e-01 6.000000e-01 1.000000e+00 -6.549800e-06 6.549800e-06 6.044008e-13 0.000000e+00 6.044008e-13
6.100000e-01 6.100000e-01 1.000000e+00 -6.550800e-06 6.550800e-06 6.144742e-13 0.000000e+00 6.144742e-13
6.200000e-01 6.200000e-01 1.000000e+00 -6.551700e-06 6.551700e-06 6.245475e-13 0.000000e+00 6.245475e-13
6.300000e-01 6.300000e-01 1.000000e+00 -6.552700e-06 6.552600e-06 6.346209e-13 0.000000e+00 9.936538e-11
6.400000e-01 6.400000e-01 1.000000e+00 -6.553600e-06 6.553600e-06 6.446942e-13 0.000000e+00 6.446942e-13
6.500000e-01 6.500000e-01 1.000000e+00 -6.554500e-06 6.554500e-06 6.547675e-13 0.000000e+00 6.547675e-13
6.600000e-01 6.600000e-01 1.000000e+00 -6.555500e-06 6.555500e-06 6.648409e-13 0.000000e+00 6.648409e-13
6.700000e-01 6.700000e-01 1.000000e+00 -6.556400e-06 6.556400e-06 6.749142e-13 0.000000e+00 6.749142e-13
6.800000e-01 6.800000e-01 1.000000e+00 -6.557400e-06 6.557400e-06 6.849876e-13 0.000000e+00 6.849876e-13
6.900000e-01 6.900000e-01 1.000000e+00 -6.558300e-06 6.558300e-06 6.950609e-13 0.000000e+00 6.950609e-13
7.000000e-01 7.000000e-01 1.000000e+00 -6.559300e-06 6.559300e-06 7.051343e-13 0.000000e+00 7.051343e-13
7.100000e-01 7.100000e-01 1.000000e+00 -6.560200e-06 6.560200e-06 7.152076e-13 0.000000e+00 7.152076e-13
7.200000e-01 7.200000e-01 1.000000e+00 -6.561200e-06 6.561200e-06 7.252810e-13 0.000000e+00 7.252810e-13
7.300000e-01 7.300000e-01 1.000000e+00 -6.562100e-06 6.562100e-06 7.353543e-13 0.000000e+00 7.353543e-13
7.400000e-01 7.400000e-01 1.000000e+00 -6.563100e-06 6.563100e-06 7.454277e-13 0.000000e+00 7.454277e-13
7.500000e-01 7.500000e-01 1.000000e+00 -6.564000e-06 6.564000e-06 7.555010e-13 0.000000e+00 7.555010e-13
7.600000e-01 7.600000e-01 1.000000e+00 -6.565000e-06 6.565000e-06 7.655744e-13 0.000000e+00 7.655744e-13
7.700000e-01 7.700000e-01 1.000000e+00 -6.565900e-06 6.565900e-06 7.756477e-13 0.000000e+00 7.756477e-13
7.800000e-01 7.800000e-01 1.000000e+00 -6.566900e-06 6.566900e-06 7.857211e-13 0.000000e+00 7.857211e-13
7.900000e-01 7.900000e-01 1.000000e+00 -6.567800e-06 6.567800e-06 7.957944e-13 0.000000e+00 7.957944e-13
8.000000e-01 8.000000e-01 1.000000e+00 -6.568800e-06 6.568800e-06 8.058677e-13 0.000000e+00 8.058677e-13
8.100000e-01 8.100000e-01 1.000000e+00 -6.569700e-06 6.569700e-06 8.159411e-13 0.000000e+00 8.159411e-13
8.200000e-01 8.200000e-01 1.000000e+00 -6.570700e-06 6.570700e-06 8.260144e-13 0.000000e+00 8.260144e-13
8.300000e-01 8.300000e-01 1.000000e+00 -6.571600e-06 6.571600e-06 8.360878e-13 0.000000e+00 8.360878e-13
8.400000e-01 8.400000e-01 1.000000e+00 -6.572600e-06 6.572600e-06 8.461611e-13 0.000000e+00 8.461611e-13
8.500000e-01 8.500000e-01 1.000000e+00 -6.573500e-06 6.573500e-06 8.562345e-13 0.000000e+00 8.562345e-13
8.600000e-01 8.600000e-01 1.000000e+00 -6.574500e-06 6.574500e-06 8.663078e-13 0.000000e+00 8.663078e-13
8.700000e-01 8.700000e-01 1.000000e+00 -6.575400e-06 6.575400e-06 8.763812e-13 0.000000e+00 8.763812e-13
8.800000e-01 8.800000e-01 1.000000e+00 -6.576400e-06 6.576400e-06 8.864545e-13 0.000000e+00 8.864545e-13
8.900000e-01 8.900000e-01 1.000000e+00 -6.577300e-06 6.577300e-06 8.965279e-13 0.000000e+00 8.965279e-13
9.000000e-01 9.000000e-01 1.000000e+00 -6.578300e-06 6.578300e-06 9.066012e-13 0.000000e+00 9.066012e-13
9.100000e-01 9.100000e-01 1.000000e+00 -6.579300e-06 6.579300e-06 9.166746e-13 0.000000e+00 9.166746e-13
9.200000e-01 9.200000e-01 1.000000e+00 -6.580200e-06 6.580200e-06 9.267479e-13 0.000000e+00 9.267479e-13
9.300000e-01 9.300000e-01 1.000000e+00 -6.581200e-06 6.581200e-06 9.368213e-13 0.000000e+00 9.368213e-13
9.400000e-01 9.400000e-01 1.000000e+00 -6.582100e-06 6.582100e-06 9.468946e-13 0.000000e+00 9.468946e-13
9.500000e-01 9.500000e-01 1.000000e+00 -6.583100e-06 6.583100e-06 9.569680e-13 0.000000e+00 9.569680e-13
9.600000e-01 9.600000e-01 1.000000e+00 -6.584000e-06 6.584000e-06 9.670413e-13 0.000000e+00 9.670413e-13
9.700000e-01 9.700000e-01 1.000000e+00 -6.585000e-06 6.585000e-06 9.771146e-13 0.000000e+00 9.771146e-13
9.800000e-01 9.800000e-01 1.000000e+00 -6.585900e-06 6.585900e-06 9.871880e-13 0.000000e+00 9.871880e-13
9.900000e-01 9.900000e-01 1.000000e+00 -6.586900e-06 6.586900e-06 9.972613e-13 0.000000e+00 9.972613e-13
1.000000e+00 1.000000e+00 1.000000e+00 -6.587800e-06 6.587800e-06 1.007300e-12 0.000000e+00 1.007300e-12
1.010000e+00 1.010000e+00 1.000000e+00 -6.588800e-06 6.588800e-06 1.017400e-12 0.000000e+00 1.017400e-12
1.020000e+00 1.020000e+00 1.000000e+00 -6.589800e-06 6.589800e-06 1.027500e-12 0.000000e+00 1.027500e-12
1.030000e+00 1.030000e+00 1.000000e+00 -6.590700e-06 6.590700e-06 1.037600e-12 0.000000e+00 1.037600e-12
1.040000e+00 1.040000e+00 1.000000e+00 -6.591700e-06 6.591700e-06 1.047600e-12 0.000000e+00 1.047600e-12
1.050000e+00 1.050000e+00 1.000000e+00 -6.592600e-06 6.592600e-06 1.057700e-12 0.000000e+00 1.057700e-12
1.060000e+00 1.060000e+00 1.000000e+00 -6.593600e-06 6.593600e-06 1.067800e-12 0.000000e+00 1.067800e-12
1.070000e+00 1.070000e+00 1.000000e+00 -6.594500e-06 6.594500e-06 1.077800e-12 0.000000e+00 1.077800e-12
1.080000e+00 1.080000e+00 1.000000e+00 -6.595500e-06 6.595500e-06 1.087900e-12 0.000000e+00 1.087900e-12
1.090000e+00 1.090000e+00 1.000000e+00 -6.596500e-06 6.596500e-06 1.098000e-12 0.000000e+00 1.098000e-12
1.100000e+00 1.100000e+00 1.000000e+00 -6.597400e-06 6.597400e-06 1.108100e-12 0.000000e+00 1.108100e-12
1.110000e+00 1.110000e+00 1.000000e+00 -6.598400e-06 6.598400e-06 1.118100e-12 0.000000e+00 1.118100e-12
1.120000e+00 1.120000e+00 1.000000e+00 -6.599300e-06 6.599300e-06 1.128200e-12 0.000000e+00 1.128200e-12
1.130000e+00 1.130000e+00 1.000000e+00 -6.600300e-06 6.600300e-06 1.138300e-12 0.000000e+00 1.138300e-12
1.140000e+00 1.140000e+00 1.000000e+00 -6.601200e-06 6.601200e-06 1.148400e-12 0.000000e+00 1.148400e-12
1.150000e+00 1.150000e+00 1.000000e+00 -6.602200e-06 6.602200e-06 1.158400e-12 0.000000e+00 1.158400e-12
1.160000e+00 1.160000e+00 1.000000e+00 -6.603200e-06 6.603200e-06 1.168500e-12 0.000000e+00 1.168500e-12
1.170000e+00 1.170000e+00 1.000000e+00 -6.604100e-06 6.604100e-06 1.178600e-12 0.000000e+00 1.178600e-12
1.180000e+00 1.180000e+00 1.000000e+00 -6.605100e-06 6.605100e-06 1.188700e-12 0.000000e+00 1.188700e-12
1.190000e+00 1.190000e+00 1.000000e+00 -6.606000e-06 6.606000e-06 1.198700e-12 0.000000e+00 1.198700e-12
1.200000e+00 1.200000e+00 1.000000e+00 -6.607000e-06 6.607000e-06 1.208800e-12 0.000000e+00 1.208800e-12
0.000000e+00 0.000000e+00 1.200000e+00 0.000000e+00 0.000000e+00 0.000000e+00 0.000000e+00 0.000000e+00
1.000000e-02 1.000000e-02 1.200000e+00 -1.020000e-06 1.020000e-06 1.007330e-14 0.000000e+00 1.007330e-14
2.000000e-02 2.000000e-02 1.200000e+00 -2.002200e-06 2.002200e-06 2.014670e-14 0.000000e+00 2.014670e-14
3.000000e-02 3.000000e-02 1.200000e+00 -2.947200e-06 2.947200e-06 3.022000e-14 0.000000e+00 3.022000e-14
4.000000e-02 4.000000e-02 1.200000e+00 -3.855800e-06 3.855800e-06 4.029340e-14 0.000000e+00 4.029340e-14
5.000000e-02 5.000000e-02 1.200000e+00 -4.728500e-06 4.728500e-06 5.036670e-14 0.000000e+00 5.036670e-14
6.000000e-02 6.000000e-02 1.200000e+00 -5.565900e-06 5.565900e-06 6.044010e-14 0.000000e+00 6.044010e-14
7.000000e-02 7.000000e-02 1.200000e+00 -6.368800e-06 6.368800e-06 7.051340e-14 0.000000e+00 7.051340e-14
8.000000e-02 8.000000e-02 1.200000e+00 -7.137700e-06 7.137700e-06 8.058680e-14 0.000000e+00 8.058680e-14
9.000000e-02 9.000000e-02 1.200000e+00 -7.873200e-06 7.873200e-06 9.066010e-14 0.000000e+00 9.066010e-14
1.000000e-01 1.000000e-01 1.200000e+00 -8.575800e-06 8.575800e-06 1.007335e-13 0.000000e+00 1.007335e-13
1.100000e-01 1.100000e-01 1.200000e+00 -9.246200e-06 9.246200e-06 1.108068e-13 0.000000e+00 1.108068e-13
1.200000e-01 1.200000e-01 1.200000e+00 -9.884800e-06 9.884800e-06 1.208802e-13 0.000000e+00 1.208802e-13
1.300000e-01 1.300000e-01 1.200000e+00 -1.049220e-05 1.049220e-05 1.309535e-13 0.000000e+00 1.309535e-13
1.400000e-01 1.400000e-01 1.200000e+00 -1.106890e-05 1.106890e-05 1.410269e-13 0.000000e+00 1.410269e-13
1.500000e-01 1.500000e-01 1.200000e+00 -1.161550e-05 1.161550e-05 1.511002e-13 0.000000e+00 1.511002e-13
1.600000e-01 1.600000e-01 1.200000e+00 -1.213240e-05 1.213240e-05 1.611735e-13 0.000000e+00 1.611735e-13
1.700000e-01 1.700000e-01 1.200000e+00 -1.262020e-05 1.262020e-05 1.712469e-13 0.000000e+00 1.712469e-13
1.800000e-01 1.800000e-01 1.200000e+00 -1.307920e-05 1.307920e-05 1.813202e-13 0.000000e+00 1.813202e-13
1.900000e-01 1.900000e-01 1.200000e+00 -1.351000e-05 1.351000e-05 1.913936e-13 0.000000e+00 1.913936e-13
2.000000e-01 2.000000e-01 1.200000e+00 -1.391300e-05 1.391300e-05 2.014669e-13 0.000000e+00 2.014669e-13
2.100000e-01 2.100000e-01 1.200000e+00 -1.428870e-05 1.428870e-05 2.115403e-13 0.000000e+00 2.115403e-13
2.200000e-01 2.200000e-01 1.200000e+00 -1.463760e-05 1.463760e-05 2.216136e-13 0.000000e+00 2.216136e-13
2.300000e-01 2.300000e-01 1.200000e+00 -1.495990e-05 1.495990e-05 2.316870e-13 0.000000e+00 2.316870e-13
2.400000e-01 2.400000e-01 1.200000e+00 -1.525630e-05 1.525630e-05 2.417603e-13 0.000000e+00 2.417603e-13
2.500000e-01 2.500000e-01 1.200000e+00 -1.552700e-05 1.552700e-05 2.518337e-13 0.000000e+00 2.518337e-13
2.600000e-01 2.600000e-01 1.200000e+00 -1.577250e-05 1.577250e-05 2.619070e-13 0.000000e+00 2.619070e-13
2.700000e-01 2.700000e-01 1.200000e+00 -1.599310e-05 1.599310e-05 2.719804e-13 0.000000e+00 2.719804e-13
2.800000e-01 2.800000e-01 1.200000e+00 -1.618930e-05 1.618930e-05 2.820537e-13 0.000000e+00 2.820537e-13
2.900000e-01 2.900000e-01 1.200000e+00 -1.636150e-05 1.636140e-05 2.921271e-13 0.000000e+00 9.970787e-11
3.000000e-01 3.000000e-01 1.200000e+00 -1.650990e-05 1.650990e-05 3.022004e-13 0.000000e+00 3.022004e-13
3.100000e-01 3.100000e-01 1.200000e+00 -1.663500e-05 1.663500e-05 3.122738e-13 0.000000e+00 3.122738e-13
3.200000e-01 3.200000e-01 1.200000e+00 -1.673710e-05 1.673710e-05 3.223471e-13 0.000000e+00 3.223471e-13
3.300000e-01 3.300000e-01 1.200000e+00 -1.681670e-05 1.681670e-05 3.324204e-13 0.000000e+00 3.324204e-13
3.400000e-01 3.400000e-01 1.200000e+00 -1.687390e-05 1.687390e-05 3.424938e-13 0.000000e+00 3.424938e-13
3.500000e-01 3.500000e-01 1.200000e+00 -1.690910e-05 1.690910e-05 3.525671e-13 0.000000e+00 3.525671e-13
3.600000e-01 3.600000e-01 1.200000e+00 -1.691790e-05 1.691790e-05 3.626405e-13 0.000000e+00 3.626405e-13
3.700000e-01 3.700000e-01 1.200000e+00 -1.692150e-05 1.692150e-05 3.727138e-13 0.000000e+00 3.727138e-13
3.800000e-01 3.800000e-01 1.200000e+00 -1.692520e-05 1.692520e-05 3.827872e-13 0.000000e+00 3.827872e-13
3.900000e-01 3.900000e-01 1.200000e+00 -1.692880e-05 1.692880e-05 3.928605e-13 0.000000e+00 3.928605e-13
4.000000e-01 4.000000e-01 1.200000e+00 -1.693240e-05 1.693240e-05 4.029339e-13 0.000000e+00 4.029339e-13
4.100000e-01 4.100000e-01 1.200000e+00 -1.693600e-05 1.693600e-05 4.130072e-13 0.000000e+00 4.130072e-13
4.200000e-01 4.200000e-01 1.200000e+00 -1.693960e-05 1.693960e-05 4.230806e-13 0.000000e+00 4.230806e-13
4.300000e-01 4.300000e-01 1.200000e+00 -1.694330e-05 1.694330e-05 4.331539e-13 0.000000e+00 4.331539e-13
4.400000e-01 4.400000e-01 1.200000e+00 -1.694690e-05 1.694690e-05 4.432273e-13 0.000000e+00 4.432273e-13
4.500000e-01 4.500000e-01 1.200000e+00 -1.695050e-05 1.695050e-05 4.533006e-13 0.000000e+00 4.533006e-13
4.600000e-01 4.600000e-01 1.200000e+00 -1.695410e-05 1.695410e-05 4.633740e-13 0.000000e+00 4.633740e-13
4.700000e-01 4.700000e-01 1.200000e+00 -1.695780e-05 1.695780e-05 4.734473e-13 0.000000e+00 4.734473e-13
4.800000e-01 4.800000e-01 1.200000e+00 -1.696140e-05 1.696140e-05 4.835206e-13 0.000000e+00 4.835206e-13
4.900000e-01 4.900000e-01 1.200000e+00 -1.696500e-05 1.696500e-05 4.935940e-13 0.000000e+00 4.935940e-13
5.000000e-01 5.000000e-01 1.200000e+00 -1.696860e-05 1.696860e-05 5.036673e-13 0.000000e+00 5.036673e-13
5.100000e-01 5.100000e-01 1.200000e+00 -1.697230e-05 1.697230e-05 5.137407e-13 0.000000e+00 5.137407e-13
5.200000e-01 5.200000e-01 1.200000e+00 -1.697590e-05 1.697590e-05 5.238140e-13 0.000000e+00 5.238140e-13
5.300000e-01 5.300000e-01 1.200000e+00 -1.697950e-05 1.697950e-05 5.338874e-13 0.000000e+00 5.338874e-13
5.400000e-01 5.400000e-01 1.200000e+00 -1.698320e-05 1.698320e-05 5.439607e-13 0.000000e+00 5.439607e-13
5.500000e-01 5.500000e-01 1.200000e+00 -1.698680e-05 1.698680e-05 5.540341e-13 0.000000e+00 5.540341e-13
5.600000e-01 5.600000e-01 1.200000e+00 -1.699050e-05 1.699050e-05 5.641074e-13 0.000000e+00 5.641074e-13
5.700000e-01 5.700000e-01 1.200000e+00 -1.699410e-05 1.699410e-05 5.741808e-13 0.000000e+00 5.741808e-13
5.800000e-01 5.800000e-01 1.200000e+00 -1.699770e-05 1.699770e-05 5.842541e-13 0.000000e+00 5.842541e-13
5.900000e-01 5.900000e-01 1.200000e+00 -1.700140e-05 1.700140e-05 5.943275e-13 0.000000e+00 5.943275e-13
6.000000e-01 6.000000e-01 1.200000e+00 -1.700500e-05 1.700500e-05 6.044008e-13 0.000000e+00 6.044008e-13
6.100000e-01 6.100000e-01 1.200000e+00 -1.700870e-05 1.700870e-05 6.144742e-13 0.000000e+00 6.144742e-13
6.200000e-01 6.200000e-01 1.200000e+00 -1.701230e-05 1.701230e-05 6.245475e-13 0.000000e+00 6.245475e-13
6.300000e-01 6.300000e-01 1.200000e+00 -1.701600e-05 1.701600e-05 6.346209e-13 0.000000e+00 6.346209e-13
6.400000e-01 6.400000e-01 1.200000e+00 -1.701960e-05 1.701960e-05 6.446942e-13 0.000000e+00 6.446942e-13
6.500000e-01 6.500000e-01 1.200000e+00 -1.702330e-05 1.702330e-05 6.547675e-13 0.000000e+00 6.547675e-13
6.600000e-01 6.600000e-01 1.200000e+00 -1.702690e-05 1.702690e-05 6.648409e-13 0.000000e+00 6.648409e-13
6.700000e-01 6.700000e-01 1.200000e+00 -1.703060e-05 1.703060e-05 6.749142e-13 0.000000e+00 6.749142e-13
6.800000e-01 6.800000e-01 1.200000e+00 -1.703420e-05 1.703420e-05 6.849876e-13 0.000000e+00 6.849876e-13
6.900000e-01 6.900000e-01 1.200000e+00 -1.703790e-05 1.703790e-05 6.950609e-13 0.000000e+00 6.950609e-13
7.000000e-01 7.000000e-01 1.200000e+00 -1.704150e-05 1.704150e-05 7.051343e-13 0.000000e+00 7.051343e-13
7.100000e-01 7.100000e-01 1.200000e+00 -1.704520e-05 1.704520e-05 7.152076e-13 0.000000e+00 7.152076e-13
7.200000e-01 7.200000e-01 1.200000e+00 -1.704880e-05 1.704880e-05 7.252810e-13 0.000000e+00 7.252810e-13
7.300000e-01 7.300000e-01 1.200000e+00 -1.705250e-05 1.705250e-05 7.353543e-13 0.000000e+00 7.353543e-13
7.400000e-01 7.400000e-01 1.200000e+00 -1.705620e-05 1.705620e-05 7.454277e-13 0.000000e+00 7.454277e-13
7.500000e-01 7.500000e-01 1.200000e+00 -1.705980e-05 1.705980e-05 7.555010e-13 0.000000e+00 7.555010e-13
7.600000e-01 7.600000e-01 1.200000e+00 -1.706350e-05 1.706350e-05 7.655744e-13 0.000000e+00 7.655744e-13
7.700000e-01 7.700000e-01 1.200000e+00 -1.706710e-05 1.706710e-05 7.756477e-13 0.000000e+00 7.756477e-13
7.800000e-01 7.800000e-01 1.200000e+00 -1.707080e-05 1.707080e-05 7.857211e-13 0.000000e+00 7.857211e-13
7.900000e-01 7.900000e-01 1.200000e+00 -1.707450e-05 1.707450e-05 7.957944e-13 0.000000e+00 7.957944e-13
8.000000e-01 8.000000e-01 1.200000e+00 -1.707810e-05 1.707810e-05 8.058677e-13 0.000000e+00 8.058677e-13
8.100000e-01 8.100000e-01 1.200000e+00 -1.708180e-05 1.708180e-05 8.159411e-13 0.000000e+00 8.159411e-13
8.200000e-01 8.200000e-01 1.200000e+00 -1.708550e-05 1.708550e-05 8.260144e-13 0.000000e+00 8.260144e-13
8.300000e-01 8.300000e-01 1.200000e+00 -1.708920e-05 1.708920e-05 8.360878e-13 0.000000e+00 8.360878e-13
8.400000e-01 8.400000e-01 1.200000e+00 -1.709280e-05 1.709280e-05 8.461611e-13 0.000000e+00 8.461611e-13
8.500000e-01 8.500000e-01 1.200000e+00 -1.709650e-05 1.709650e-05 8.562345e-13 0.000000e+00 8.562345e-13
8.600000e-01 8.600000e-01 1.200000e+00 -1.710020e-05 1.710020e-05 8.663078e-13 0.000000e+00 8.663078e-13
8.700000e-01 8.700000e-01 1.200000e+00 -1.710390e-05 1.710390e-05 8.763812e-13 0.000000e+00 8.763812e-13
8.800000e-01 8.800000e-01 1.200000e+00 -1.710750e-05 1.710750e-05 8.864545e-13 0.000000e+00 8.864545e-13
8.900000e-01 8.900000e-01 1.200000e+00 -1.711120e-05 1.711120e-05 8.965279e-13 0.000000e+00 8.965279e-13
9.000000e-01 9.000000e-01 1.200000e+00 -1.711490e-05 1.711490e-05 9.066012e-13 0.000000e+00 9.066012e-13
9.100000e-01 9.100000e-01 1.200000e+00 -1.711860e-05 1.711860e-05 9.166746e-13 0.000000e+00 9.166746e-13
9.200000e-01 9.200000e-01 1.200000e+00 -1.712230e-05 1.712230e-05 9.267479e-13 0.000000e+00 9.267479e-13
9.300000e-01 9.300000e-01 1.200000e+00 -1.712600e-05 1.712600e-05 9.368213e-13 0.000000e+00 9.368213e-13
9.400000e-01 9.400000e-01 1.200000e+00 -1.712960e-05 1.712960e-05 9.468946e-13 0.000000e+00 9.468946e-13
9.500000e-01 9.500000e-01 1.200000e+00 -1.713330e-05 1.713330e-05 9.569680e-13 0.000000e+00 9.569680e-13
9.600000e-01 9.600000e-01 1.200000e+00 -1.713700e-05 1.713700e-05 9.670413e-13 0.000000e+00 9.670413e-13
9.700000e-01 9.700000e-01 1.200000e+00 -1.714070e-05 1.714070e-05 9.771146e-13 0.000000e+00 9.771146e-13
9.800000e-01 9.800000e-01 1.200000e+00 -1.714440e-05 1.714440e-05 9.871880e-13 0.000000e+00 9.871880e-13
9.900000e-01 9.900000e-01 1.200000e+00 -1.714810e-05 1.714810e-05 9.972613e-13 0.000000e+00 9.972613e-13
1.000000e+00 1.000000e+00 1.200000e+00 -1.715180e-05 1.715180e-05 1.007300e-12 0.000000e+00 1.007300e-12
1.010000e+00 1.010000e+00 1.200000e+00 -1.715550e-05 1.715550e-05 1.017400e-12 0.000000e+00 1.017400e-12
1.020000e+00 1.020000e+00 1.200000e+00 -1.715920e-05 1.715920e-05 1.027500e-12 0.000000e+00 1.027500e-12
1.030000e+00 1.030000e+00 1.200000e+00 -1.716290e-05 1.716290e-05 1.037600e-12 0.000000e+00 1.037600e-12
1.040000e+00 1.040000e+00 1.200000e+00 -1.716660e-05 1.716660e-05 1.047600e-12 0.000000e+00 1.047600e-12
1.050000e+00 1.050000e+00 1.200000e+00 -1.717030e-05 1.717030e-05 1.057700e-12 0.000000e+00 1.057700e-12
1.060000e+00 1.060000e+00 1.200000e+00 -1.717400e-05 1.717400e-05 1.067800e-12 0.000000e+00 1.067800e-12
1.070000e+00 1.070000e+00 1.200000e+00 -1.717770e-05 1.717770e-05 1.077800e-12 0.000000e+00 1.077800e-12
1.080000e+00 1.080000e+00 1.200000e+00 -1.718140e-05 1.718140e-05 1.087900e-12 0.000000e+00 1.087900e-12
1.090000e+00 1.090000e+00 1.200000e+00 -1.718510e-05 1.718510e-05 1.098000e-12 0.000000e+00 1.098000e-12
1.100000e+00 1.100000e+00 1.200000e+00 -1.718880e-05 1.718880e-05 1.108100e-12 0.000000e+00 1.108100e-12
1.110000e+00 1.110000e+00 1.200000e+00 -1.719250e-05 1.719250e-05 1.118100e-12 0.000000e+00 1.118100e-12
1.120000e+00 1.120000e+00 1.200000e+00 -1.719620e-05 1.719620e-05 1.128200e-12 0.000000e+00 1.128200e-12
1.130000e+00 1.130000e+00 1.200000e+00 -1.719990e-05 1.719990e-05 1.138300e-12 0.000000e+00 1.138300e-12
1.140000e+00 1.140000e+00 1.200000e+00 -1.720370e-05 1.720370e-05 1.148400e-12 0.000000e+00 1.148400e-12
1.150000e+00 1.150000e+00 1.200000e+00 -1.720740e-05 1.720740e-05 1.158400e-12 0.000000e+00 1.158400e-12
1.160000e+00 1.160000e+00 1.200000e+00 -1.721110e-05 1.721110e-05 1.168500e-12 0.000000e+00 1.168500e-12
1.170000e+00 1.170000e+00 1.200000e+00 -1.721480e-05 1.721480e-05 1.178600e-12 0.000000e+00 1.178600e-12
1.180000e+00 1.180000e+00 1.200000e+00 -1.721850e-05 1.721850e-05 1.188700e-12 0.000000e+00 1.188700e-12
1.190000e+00 1.190000e+00 1.200000e+00 -1.722220e-05 1.722220e-05 1.198700e-12 0.000000e+00 1.198700e-12
1.200000e+00 1.200000e+00 1.200000e+00 -1.722600e-05 1.722600e-05 1.208800e-12 0.000000e+00 1.208800e-12