 v-sweep         v(drain_iv)     v(gate_iv)      id              is              ib              ig              kcl            
 0.00000000e+00  0.00000000e+00  0.00000000e+00  0.00000000e+00  0.00000000e+00  0.00000000e+00  0.00000000e+00  0.00000000e+00 
 1.00000000e-01  1.00000000e-01  0.00000000e+00 -1.00114076e-16  1.14075753e-19  1.00000000e-16  0.00000000e+00  1.23259516e-32 
 2.00000000e-01  2.00000000e-01  0.00000000e+00 -2.00033533e-16  3.35331768e-20  2.00000000e-16  0.00000000e+00  0.00000000e+00 
 3.00000000e-01  3.00000000e-01  0.00000000e+00 -3.00034922e-16  3.49222833e-20  3.00000000e-16  0.00000000e+00  4.93038066e-32 
 4.00000000e-01  4.00000000e-01  0.00000000e+00 -4.00036256e-16  3.62564824e-20  4.00000000e-16  0.00000000e+00  4.93038066e-32 
 5.00000000e-01  5.00000000e-01  0.00000000e+00 -5.00037571e-16  3.75713136e-20  5.00000000e-16  0.00000000e+00  9.86076132e-32 
 6.00000000e-01  6.00000000e-01  0.00000000e+00 -6.00038876e-16  3.88757656e-20  6.00000000e-16  0.00000000e+00  9.86076132e-32 
 7.00000000e-01  7.00000000e-01  0.00000000e+00 -7.00040174e-16  4.01735264e-20  7.00000000e-16  0.00000000e+00  0.00000000e+00 
 8.00000000e-01  8.00000000e-01  0.00000000e+00 -8.00041467e-16  4.14665797e-20  8.00000000e-16  0.00000000e+00  0.00000000e+00 
 9.00000000e-01  9.00000000e-01  0.00000000e+00 -9.00042756e-16  4.27561722e-20  9.00000000e-16  0.00000000e+00  1.97215226e-31 
 1.00000000e+00  1.00000000e+00  0.00000000e+00 -1.00004404e-15  4.40431794e-20  1.00000000e-15  0.00000000e+00  1.97215226e-31 
 1.10000000e+00  1.10000000e+00  0.00000000e+00 -1.10004533e-15  4.53283147e-20  1.10000000e-15  0.00000000e+00  0.00000000e+00 
 1.20000000e+00  1.20000000e+00  0.00000000e+00 -1.20004661e-15  4.66123363e-20  1.20000000e-15  0.00000000e+00  0.00000000e+00 
 0.00000000e+00  0.00000000e+00  2.00000000e-01  0.00000000e+00  0.00000000e+00  0.00000000e+00  0.00000000e+00  0.00000000e+00 
 1.00000000e-01  1.00000000e-01  2.00000000e-01 -1.52641182e-16  5.26411818e-17  1.00000000e-16  0.00000000e+00  1.23259516e-32 
 2.00000000e-01  2.00000000e-01  2.00000000e-01 -2.15474157e-16  1.54741566e-17  2.00000000e-16  0.00000000e+00  2.46519033e-32 
 3.00000000e-01  3.00000000e-01  2.00000000e-01 -3.16115171e-16  1.61151711e-17  3.00000000e-16  0.00000000e+00  0.00000000e+00 
 4.00000000e-01  4.00000000e-01  2.00000000e-01 -4.16730848e-16  1.67308481e-17  4.00000000e-16  0.00000000e+00  0.00000000e+00 
 5.00000000e-01  5.00000000e-01  2.00000000e-01 -5.17337588e-16  1.73375876e-17  5.00000000e-16  0.00000000e+00  0.00000000e+00 
 6.00000000e-01  6.00000000e-01  2.00000000e-01 -6.17939538e-16  1.79395375e-17  6.00000000e-16  0.00000000e+00  9.86076132e-32 
 7.00000000e-01  7.00000000e-01  2.00000000e-01 -7.18538400e-16  1.85383998e-17  7.00000000e-16  0.00000000e+00  9.86076132e-32 
 8.00000000e-01  8.00000000e-01  2.00000000e-01 -8.19135090e-16  1.91350897e-17  8.00000000e-16  0.00000000e+00  0.00000000e+00 
 9.00000000e-01  9.00000000e-01  2.00000000e-01 -9.19730183e-16  1.97301827e-17  9.00000000e-16  0.00000000e+00  1.97215226e-31 
 1.00000000e+00  1.00000000e+00  2.00000000e-01 -1.02032408e-15  2.03240826e-17  1.00000000e-15  0.00000000e+00  0.00000000e+00 
 1.10000000e+00  1.10000000e+00  2.00000000e-01 -1.12091712e-15  2.09171187e-17  1.10000000e-15  0.00000000e+00  0.00000000e+00 
 1.20000000e+00  1.20000000e+00  2.00000000e-01 -1.22150964e-15  2.15096409e-17  1.20000000e-15  0.00000000e+00  0.00000000e+00 
 0.00000000e+00  0.00000000e+00  4.00000000e-01  0.00000000e+00  0.00000000e+00  0.00000000e+00  0.00000000e+00  0.00000000e+00 
 1.00000000e-01  1.00000000e-01  4.00000000e-01 -2.43901825e-14  2.42901825e-14  1.00000000e-16  0.00000000e+00  8.25838760e-31 
 2.00000000e-01  2.00000000e-01  4.00000000e-01 -7.34022892e-15  7.14022892e-15  2.00000000e-16  0.00000000e+00  7.39557099e-32 
 3.00000000e-01  3.00000000e-01  4.00000000e-01 -7.73601177e-15  7.43601177e-15  3.00000000e-16  0.00000000e+00  7.39557099e-31 
 4.00000000e-01  4.00000000e-01  4.00000000e-01 -8.12010317e-15  7.72010317e-15  4.00000000e-16  0.00000000e+00  1.47911420e-31 
 5.00000000e-01  5.00000000e-01  4.00000000e-01 -8.50007056e-15  8.00007056e-15  5.00000000e-16  0.00000000e+00  5.91645679e-31 
 6.00000000e-01  6.00000000e-01  4.00000000e-01 -8.87782788e-15  8.27782788e-15  6.00000000e-16  0.00000000e+00  1.28189897e-30 
 7.00000000e-01  7.00000000e-01  4.00000000e-01 -9.25416048e-15  8.55416048e-15  7.00000000e-16  0.00000000e+00  4.93038066e-31 
 8.00000000e-01  8.00000000e-01  4.00000000e-01 -9.62949067e-15  8.82949067e-15  8.00000000e-16  0.00000000e+00  3.94430453e-31 
 9.00000000e-01  9.00000000e-01  4.00000000e-01 -1.00040840e-14  9.10408397e-15  9.00000000e-16  0.00000000e+00  3.94430453e-31 
 1.00000000e+00  1.00000000e+00  4.00000000e-01 -1.03781268e-14  9.37812679e-15  1.00000000e-15  0.00000000e+00  5.91645679e-31 
 1.10000000e+00  1.10000000e+00  4.00000000e-01 -1.07517710e-14  9.65177100e-15  1.10000000e-15  0.00000000e+00  1.97215226e-31 
 1.20000000e+00  1.20000000e+00  4.00000000e-01 -1.11251781e-14  9.92517810e-15  1.20000000e-15  0.00000000e+00  5.91645679e-31 
 0.00000000e+00  0.00000000e+00  6.00000000e-01  0.00000000e+00  0.00000000e+00  0.00000000e+00  0.00000000e+00  0.00000000e+00 
 1.00000000e-01  1.00000000e-01  6.00000000e-01 -3.11149299e-12  3.11139299e-12  1.00000000e-16  0.00000000e+00  3.73168186e-28 
 2.00000000e-01  2.00000000e-01  6.00000000e-01 -3.29049660e-12  3.29029660e-12  2.00000000e-16  0.00000000e+00  6.14571949e-29 
 3.00000000e-01  3.00000000e-01  6.00000000e-01 -3.42689649e-12  3.42659649e-12  3.00000000e-16  0.00000000e+00  9.22474221e-29 
 4.00000000e-01  4.00000000e-01  6.00000000e-01 -3.55790882e-12  3.55750882e-12  4.00000000e-16  0.00000000e+00  2.80982394e-28 
 5.00000000e-01  5.00000000e-01  6.00000000e-01 -3.68702076e-12  3.68652076e-12  5.00000000e-16  0.00000000e+00  5.57527445e-28 
 6.00000000e-01  6.00000000e-01  6.00000000e-01 -3.81511428e-12  3.81451428e-12  6.00000000e-16  0.00000000e+00  1.84297629e-28 
 7.00000000e-01  7.00000000e-01  6.00000000e-01 -3.94255126e-12  3.94185126e-12  7.00000000e-16  0.00000000e+00  1.88833579e-28 
 8.00000000e-01  8.00000000e-01  6.00000000e-01 -4.06952633e-12  4.06872633e-12  8.00000000e-16  0.00000000e+00  2.45730172e-28 
 9.00000000e-01  9.00000000e-01  6.00000000e-01 -4.19616183e-12  4.19526183e-12  9.00000000e-16  0.00000000e+00  1.27401036e-28 
 1.00000000e+00  1.00000000e+00  6.00000000e-01 -4.32254366e-12  4.32154366e-12  1.00000000e-15  0.00000000e+00  3.07064107e-28 
 1.10000000e+00  1.10000000e+00  6.00000000e-01 -4.44874180e-12  4.44764180e-12  1.10000000e-15  0.00000000e+00  8.73860668e-28 
 1.20000000e+00  1.20000000e+00  6.00000000e-01 -4.57483069e-12  4.57363069e-12  1.20000000e-15  0.00000000e+00  3.68595258e-28 
 0.00000000e+00  0.00000000e+00  8.00000000e-01  0.00000000e+00  0.00000000e+00  0.00000000e+00  0.00000000e+00  0.00000000e+00 
 1.00000000e-01  1.00000000e-01  8.00000000e-01 -1.39418510e-09  1.39418500e-09  1.00000000e-16  0.00000000e+00  3.18771173e-26 
 2.00000000e-01  2.00000000e-01  8.00000000e-01 -1.47433758e-09  1.47433738e-09  2.00000000e-16  0.00000000e+00  6.37542346e-26 
 3.00000000e-01  3.00000000e-01  8.00000000e-01 -1.53538640e-09  1.53538610e-09  3.00000000e-16  0.00000000e+00  1.11163863e-25 
 4.00000000e-01  4.00000000e-01  8.00000000e-01 -1.59402002e-09  1.59401962e-09  4.00000000e-16  0.00000000e+00  7.92866840e-26 
 5.00000000e-01  5.00000000e-01  8.00000000e-01 -1.65180173e-09  1.65180123e-09  5.00000000e-16  0.00000000e+00  4.74095543e-26 
 6.00000000e-01  6.00000000e-01  8.00000000e-01 -1.70912686e-09  1.70912626e-09  6.00000000e-16  0.00000000e+00  1.91262778e-25 
 7.00000000e-01  7.00000000e-01  8.00000000e-01 -1.76615762e-09  1.76615692e-09  7.00000000e-16  0.00000000e+00  1.90450448e-25 
 8.00000000e-01  8.00000000e-01  8.00000000e-01 -1.82298125e-09  1.82298045e-09  8.00000000e-16  0.00000000e+00  1.58573269e-25 
 9.00000000e-01  9.00000000e-01  8.00000000e-01 -1.87965260e-09  1.87965170e-09  9.00000000e-16  0.00000000e+00  1.26696189e-25 
 1.00000000e+00  1.00000000e+00  8.00000000e-01 -1.93621016e-09  1.93620916e-09  1.00000000e-15  0.00000000e+00  3.18771395e-25 
 1.10000000e+00  1.10000000e+00  8.00000000e-01 -1.99268530e-09  1.99268420e-09  1.10000000e-15  0.00000000e+00  6.29418311e-26 
 1.20000000e+00  1.20000000e+00  8.00000000e-01 -2.04911139e-09  2.04911019e-09  1.20000000e-15  0.00000000e+00  3.10647508e-26 
 0.00000000e+00  0.00000000e+00  1.00000000e+00  0.00000000e+00  0.00000000e+00  0.00000000e+00  0.00000000e+00  0.00000000e+00 
 1.00000000e-01  1.00000000e-01  1.00000000e+00 -4.30045583e-07  4.30045583e-07  1.00000000e-16  0.00000000e+00  3.14009862e-23 
 2.00000000e-01  2.00000000e-01  1.00000000e+00 -4.54146687e-07  4.54146686e-07  2.00000000e-16  0.00000000e+00  9.86241312e-24 
 3.00000000e-01  3.00000000e-01  1.00000000e+00 -4.71121674e-07  4.71121674e-07  3.00000000e-16  0.00000000e+00  1.16761599e-23 
 4.00000000e-01  4.00000000e-01  1.00000000e+00 -4.87259431e-07  4.87259430e-07  4.00000000e-16  0.00000000e+00  1.97248262e-23 
 5.00000000e-01  5.00000000e-01  1.00000000e+00 -5.03104816e-07  5.03104816e-07  5.00000000e-16  0.00000000e+00  5.47533060e-23 
 6.00000000e-01  6.00000000e-01  1.00000000e+00 -5.18791475e-07  5.18791474e-07  6.00000000e-16  0.00000000e+00  8.25267985e-23 
 7.00000000e-01  7.00000000e-01  1.00000000e+00 -5.34373732e-07  5.34373732e-07  7.00000000e-16  0.00000000e+00  8.04866627e-24 
 8.00000000e-01  8.00000000e-01  1.00000000e+00 -5.49880825e-07  5.49880824e-07  8.00000000e-16  0.00000000e+00  6.64294660e-23 
 9.00000000e-01  9.00000000e-01  1.00000000e+00 -5.65331209e-07  5.65331209e-07  9.00000000e-16  0.00000000e+00  3.50284798e-23 
 1.00000000e+00  1.00000000e+00  1.00000000e+00 -5.80737868e-07  5.80737867e-07  1.00000000e-15  0.00000000e+00  1.02251625e-22 
 1.10000000e+00  1.10000000e+00  1.00000000e+00 -5.96111225e-07  5.96111224e-07  1.10000000e-15  0.00000000e+00  2.77734924e-23 
 1.20000000e+00  1.20000000e+00  1.00000000e+00 -6.11461899e-07  6.11461898e-07  1.20000000e-15  0.00000000e+00  5.91744785e-23 
 0.00000000e+00  0.00000000e+00  1.20000000e+00  0.00000000e+00  0.00000000e+00  0.00000000e+00  0.00000000e+00  0.00000000e+00 
 1.00000000e-01  1.00000000e-01  1.20000000e+00 -1.91236438e-05  1.91236438e-05  1.00000000e-16  0.00000000e+00  4.09788463e-21 
 2.00000000e-01  2.00000000e-01  1.20000000e+00 -2.43877788e-05  2.43877788e-05  2.00000000e-16  0.00000000e+00  1.96862610e-21 
 3.00000000e-01  3.00000000e-01  1.20000000e+00 -2.52072623e-05  2.52072623e-05  3.00000000e-16  0.00000000e+00  1.25887326e-21 
 4.00000000e-01  4.00000000e-01  1.20000000e+00 -2.56389900e-05  2.56389900e-05  4.00000000e-16  0.00000000e+00  5.49120418e-22 
 5.00000000e-01  5.00000000e-01  1.20000000e+00 -2.60131233e-05  2.60131233e-05  5.00000000e-16  0.00000000e+00  1.60632424e-22 
 6.00000000e-01  6.00000000e-01  1.20000000e+00 -2.63656553e-05  2.63656553e-05  6.00000000e-16  0.00000000e+00  8.70385267e-22 
 7.00000000e-01  7.00000000e-01  1.20000000e+00 -2.67055608e-05  2.67055608e-05  7.00000000e-16  0.00000000e+00  1.80799368e-21 
 8.00000000e-01  8.00000000e-01  1.20000000e+00 -2.70365623e-05  2.70365623e-05  8.00000000e-16  0.00000000e+00  2.28989095e-21 
 9.00000000e-01  9.00000000e-01  1.20000000e+00 -2.73607224e-05  2.73607224e-05  9.00000000e-16  0.00000000e+00  3.88487994e-22 
 1.00000000e+00  1.00000000e+00  1.20000000e+00 -2.76793822e-05  2.76793822e-05  1.00000000e-15  0.00000000e+00  3.21264849e-22 
 1.10000000e+00  1.10000000e+00  1.20000000e+00 -2.79935038e-05  2.79935038e-05  1.10000000e-15  0.00000000e+00  1.03101769e-21 
 1.20000000e+00  1.20000000e+00  1.20000000e+00 -2.83038447e-05  2.83038447e-05  1.20000000e-15  0.00000000e+00  1.74077053e-21 
