v(drain_bias) v(gate_bias) id_bias ig_bias is_bias ib_bias
-6.0000000000e-01 -6.0000000000e-01 1.2328606170e-07 -4.5007580645e-26 -1.2328545890e-07 -6.0280121320e-13
-6.0000000000e-01 -1.2000000000e+00 6.6381792773e-05 -4.0002093639e-24 -6.6381792169e-05 -6.0413671756e-13
-1.2000000000e+00 0.0000000000e+00 5.2307123746e-12 0.0000000000e+00 -4.0205361457e-12 -1.2101762288e-12
-1.2000000000e+00 -6.0000000000e-01 1.4723061950e-07 -1.7607365062e-27 -1.4722938063e-07 -1.2388669228e-12
-1.2000000000e+00 -1.2000000000e+00 7.4903200125e-05 2.7261793086e-28 -7.4903196799e-05 -3.3260507507e-12
0.0000000000e+00 0.0000000000e+00 0.0000000000e+00 0.0000000000e+00 0.0000000000e+00 0.0000000000e+00
0.0000000000e+00 -6.0000000000e-01 -4.2909994276e-23 -8.6537962808e-26 4.2980814634e-23 3.4144866006e-26
0.0000000000e+00 -1.2000000000e+00 -1.5154413179e-21 5.2935691598e-27 1.5154413179e-21 -9.6396098165e-32
-6.0000000000e-01 0.0000000000e+00 3.4311208008e-12 0.0000000000e+00 -2.8283275137e-12 -6.0279328711e-13
