v-sweep v(drain_iv) v(gate_iv) id is ib ig kcl
0.000000e+00 0.000000e+00 0.000000e+00 0.000000e+00 0.000000e+00 0.000000e+00 0.000000e+00 0.000000e+00
1.000000e-02 1.000000e-02 0.000000e+00 -2.140060e-11 2.050400e-11 8.965739e-13 0.000000e+00 2.610000e-17
2.000000e-02 2.000000e-02 0.000000e+00 -3.747170e-11 3.567860e-11 1.793100e-12 0.000000e+00 6.058452e-28
3.000000e-02 3.000000e-02 0.000000e+00 -4.821960e-11 4.552980e-11 2.689700e-12 0.000000e+00 1.000000e-16
4.000000e-02 4.000000e-02 0.000000e+00 -5.364970e-11 5.006340e-11 3.586300e-12 0.000000e+00 7.270142e-27
5.000000e-02 5.000000e-02 0.000000e+00 -5.490960e-11 5.042670e-11 4.482900e-12 0.000000e+00 8.077936e-28
6.000000e-02 6.000000e-02 0.000000e+00 -5.585520e-11 5.047580e-11 5.379400e-12 0.000000e+00 7.270142e-27
7.000000e-02 7.000000e-02 0.000000e+00 -5.680090e-11 5.052490e-11 6.276000e-12 0.000000e+00 4.846761e-27
8.000000e-02 8.000000e-02 0.000000e+00 -5.774670e-11 5.057410e-11 7.172600e-12 0.000000e+00 4.846761e-27
9.000000e-02 9.000000e-02 0.000000e+00 -5.869250e-11 5.062330e-11 8.069200e-12 0.000000e+00 1.615587e-27
1.000000e-01 1.000000e-01 0.000000e+00 -5.963830e-11 5.067260e-11 8.965700e-12 0.000000e+00 1.615587e-27
1.100000e-01 1.100000e-01 0.000000e+00 -6.058420e-11 5.072190e-11 9.862300e-12 0.000000e+00 9.693523e-27
1.200000e-01 1.200000e-01 0.000000e+00 -6.153010e-11 5.077120e-11 1.075890e-11 0.000000e+00 1.615587e-27
1.300000e-01 1.300000e-01 0.000000e+00 -6.247610e-11 5.082060e-11 1.165550e-11 0.000000e+00 1.615587e-27
1.400000e-01 1.400000e-01 0.000000e+00 -6.342210e-11 5.087010e-11 1.255200e-11 0.000000e+00 3.231174e-27
1.500000e-01 1.500000e-01 0.000000e+00 -6.436820e-11 5.091960e-11 1.344860e-11 0.000000e+00 1.615587e-27
1.600000e-01 1.600000e-01 0.000000e+00 -6.531430e-11 5.096910e-11 1.434520e-11 0.000000e+00 9.693523e-27
1.700000e-01 1.700000e-01 0.000000e+00 -6.626050e-11 5.101870e-11 1.524180e-11 0.000000e+00 9.693523e-27
1.800000e-01 1.800000e-01 0.000000e+00 -6.720670e-11 5.106840e-11 1.613830e-11 0.000000e+00 3.231174e-27
1.900000e-01 1.900000e-01 0.000000e+00 -6.815300e-11 5.111810e-11 1.703490e-11 0.000000e+00 9.693523e-27
2.000000e-01 2.000000e-01 0.000000e+00 -6.909930e-11 5.116780e-11 1.793150e-11 0.000000e+00 3.231174e-27
2.100000e-01 2.100000e-01 0.000000e+00 -7.004560e-11 5.121760e-11 1.882810e-11 0.000000e+00 1.000000e-16
2.200000e-01 2.200000e-01 0.000000e+00 -7.099200e-11 5.126740e-11 1.972460e-11 0.000000e+00 1.292470e-26
2.300000e-01 2.300000e-01 0.000000e+00 -7.193850e-11 5.131730e-11 2.062120e-11 0.000000e+00 3.231174e-27
2.400000e-01 2.400000e-01 0.000000e+00 -7.288500e-11 5.136720e-11 2.151780e-11 0.000000e+00 3.231174e-27
2.500000e-01 2.500000e-01 0.000000e+00 -7.383150e-11 5.141710e-11 2.241430e-11 0.000000e+00 1.000000e-16
2.600000e-01 2.600000e-01 0.000000e+00 -7.477810e-11 5.146710e-11 2.331090e-11 0.000000e+00 1.000000e-16
2.700000e-01 2.700000e-01 0.000000e+00 -7.572470e-11 5.151720e-11 2.420750e-11 0.000000e+00 0.000000e+00
2.800000e-01 2.800000e-01 0.000000e+00 -7.667130e-11 5.156730e-11 2.510410e-11 0.000000e+00 1.000000e-16
2.900000e-01 2.900000e-01 0.000000e+00 -7.761810e-11 5.161740e-11 2.600060e-11 0.000000e+00 1.000000e-16
3.000000e-01 3.000000e-01 0.000000e+00 -7.856480e-11 5.166760e-11 2.689720e-11 0.000000e+00 3.231174e-27
3.100000e-01 3.100000e-01 0.000000e+00 -7.951160e-11 5.171780e-11 2.779380e-11 0.000000e+00 3.231174e-27
3.200000e-01 3.200000e-01 0.000000e+00 -8.045850e-11 5.176810e-11 2.869040e-11 0.000000e+00 6.462349e-27
3.300000e-01 3.300000e-01 0.000000e+00 -8.140530e-11 5.181840e-11 2.958690e-11 0.000000e+00 0.000000e+00
3.400000e-01 3.400000e-01 0.000000e+00 -8.235230e-11 5.186880e-11 3.048350e-11 0.000000e+00 6.462349e-27
3.500000e-01 3.500000e-01 0.000000e+00 -8.329920e-11 5.191920e-11 3.138010e-11 0.000000e+00 1.000000e-16
3.600000e-01 3.600000e-01 0.000000e+00 -8.424630e-11 5.196960e-11 3.227670e-11 0.000000e+00 6.462349e-27
3.700000e-01 3.700000e-01 0.000000e+00 -8.519330e-11 5.202010e-11 3.317320e-11 0.000000e+00 0.000000e+00
3.800000e-01 3.800000e-01 0.000000e+00 -8.614040e-11 5.207060e-11 3.406980e-11 0.000000e+00 0.000000e+00
3.900000e-01 3.900000e-01 0.000000e+00 -8.708750e-11 5.212120e-11 3.496640e-11 0.000000e+00 1.000000e-16
4.000000e-01 4.000000e-01 0.000000e+00 -8.803470e-11 5.217180e-11 3.586300e-11 0.000000e+00 1.000000e-16
4.100000e-01 4.100000e-01 0.000000e+00 -8.898200e-11 5.222240e-11 3.675950e-11 0.000000e+00 1.000000e-16
4.200000e-01 4.200000e-01 0.000000e+00 -8.992920e-11 5.227310e-11 3.765610e-11 0.000000e+00 0.000000e+00
4.300000e-01 4.300000e-01 0.000000e+00 -9.087650e-11 5.232380e-11 3.855270e-11 0.000000e+00 0.000000e+00
4.400000e-01 4.400000e-01 0.000000e+00 -9.182390e-11 5.237460e-11 3.944930e-11 0.000000e+00 1.292470e-26
4.500000e-01 4.500000e-01 0.000000e+00 -9.277130e-11 5.242540e-11 4.034580e-11 0.000000e+00 1.000000e-16
4.600000e-01 4.600000e-01 0.000000e+00 -9.371870e-11 5.247630e-11 4.124240e-11 0.000000e+00 0.000000e+00
4.700000e-01 4.700000e-01 0.000000e+00 -9.466620e-11 5.252720e-11 4.213900e-11 0.000000e+00 0.000000e+00
4.800000e-01 4.800000e-01 0.000000e+00 -9.561370e-11 5.257810e-11 4.303550e-11 0.000000e+00 1.000000e-16
4.900000e-01 4.900000e-01 0.000000e+00 -9.656120e-11 5.262910e-11 4.393210e-11 0.000000e+00 0.000000e+00
5.000000e-01 5.000000e-01 0.000000e+00 -9.750880e-11 5.268010e-11 4.482870e-11 0.000000e+00 6.462349e-27
5.100000e-01 5.100000e-01 0.000000e+00 -9.845640e-11 5.273120e-11 4.572530e-11 0.000000e+00 1.000000e-16
5.200000e-01 5.200000e-01 0.000000e+00 -9.940410e-11 5.278230e-11 4.662180e-11 0.000000e+00 0.000000e+00
5.300000e-01 5.300000e-01 0.000000e+00 -1.003518e-10 5.283340e-11 4.751840e-11 0.000000e+00 0.000000e+00
5.400000e-01 5.400000e-01 0.000000e+00 -1.012995e-10 5.288460e-11 4.841500e-11 0.000000e+00 1.000000e-16
5.500000e-01 5.500000e-01 0.000000e+00 -1.022473e-10 5.293580e-11 4.931160e-11 0.000000e+00 1.000000e-16
5.600000e-01 5.600000e-01 0.000000e+00 -1.031951e-10 5.298700e-11 5.020810e-11 0.000000e+00 1.292470e-26
5.700000e-01 5.700000e-01 0.000000e+00 -1.041430e-10 5.303830e-11 5.110470e-11 0.000000e+00 0.000000e+00
5.800000e-01 5.800000e-01 0.000000e+00 -1.050909e-10 5.308960e-11 5.200130e-11 0.000000e+00 0.000000e+00
5.900000e-01 5.900000e-01 0.000000e+00 -1.060388e-10 5.314100e-11 5.289790e-11 0.000000e+00 1.000000e-16
6.000000e-01 6.000000e-01 0.000000e+00 -1.069868e-10 5.319240e-11 5.379440e-11 0.000000e+00 0.000000e+00
6.100000e-01 6.100000e-01 0.000000e+00 -1.079348e-10 5.324380e-11 5.469100e-11 0.000000e+00 1.292470e-26
6.200000e-01 6.200000e-01 0.000000e+00 -1.088829e-10 5.329530e-11 5.558760e-11 0.000000e+00 1.292470e-26
6.300000e-01 6.300000e-01 0.000000e+00 -1.098310e-10 5.334680e-11 5.648420e-11 0.000000e+00 0.000000e+00
6.400000e-01 6.400000e-01 0.000000e+00 -1.107791e-10 5.339830e-11 5.738070e-11 0.000000e+00 1.000000e-16
6.500000e-01 6.500000e-01 0.000000e+00 -1.117272e-10 5.344990e-11 5.827730e-11 0.000000e+00 0.000000e+00
6.600000e-01 6.600000e-01 0.000000e+00 -1.126754e-10 5.350150e-11 5.917390e-11 0.000000e+00 0.000000e+00
6.700000e-01 6.700000e-01 0.000000e+00 -1.136236e-10 5.355320e-11 6.007040e-11 0.000000e+00 1.292470e-26
6.800000e-01 6.800000e-01 0.000000e+00 -1.145719e-10 5.360490e-11 6.096700e-11 0.000000e+00 0.000000e+00
6.900000e-01 6.900000e-01 0.000000e+00 -1.155202e-10 5.365660e-11 6.186360e-11 0.000000e+00 2.584939e-26
7.000000e-01 7.000000e-01 0.000000e+00 -1.164685e-10 5.370840e-11 6.276020e-11 0.000000e+00 1.000000e-16
7.100000e-01 7.100000e-01 0.000000e+00 -1.174169e-10 5.376020e-11 6.365670e-11 0.000000e+00 0.000000e+00
7.200000e-01 7.200000e-01 0.000000e+00 -1.183653e-10 5.381200e-11 6.455330e-11 0.000000e+00 1.292470e-26
7.300000e-01 7.300000e-01 0.000000e+00 -1.193137e-10 5.386390e-11 6.544990e-11 0.000000e+00 1.000000e-16
7.400000e-01 7.400000e-01 0.000000e+00 -1.202622e-10 5.391580e-11 6.634650e-11 0.000000e+00 1.000000e-16
7.500000e-01 7.500000e-01 0.000000e+00 -1.212107e-10 5.396770e-11 6.724300e-11 0.000000e+00 1.292470e-26
7.600000e-01 7.600000e-01 0.000000e+00 -1.221593e-10 5.401960e-11 6.813960e-11 0.000000e+00 1.000000e-16
7.700000e-01 7.700000e-01 0.000000e+00 -1.231078e-10 5.407160e-11 6.903620e-11 0.000000e+00 1.292470e-26
7.800000e-01 7.800000e-01 0.000000e+00 -1.240564e-10 5.412370e-11 6.993280e-11 0.000000e+00 1.000000e-16
7.900000e-01 7.900000e-01 0.000000e+00 -1.250051e-10 5.417570e-11 7.082930e-11 0.000000e+00 1.000000e-16
8.000000e-01 8.000000e-01 0.000000e+00 -1.259538e-10 5.422780e-11 7.172590e-11 0.000000e+00 1.000000e-16
8.100000e-01 8.100000e-01 0.000000e+00 -1.269025e-10 5.428000e-11 7.262250e-11 0.000000e+00 0.000000e+00
8.200000e-01 8.200000e-01 0.000000e+00 -1.278512e-10 5.433210e-11 7.351910e-11 0.000000e+00 0.000000e+00
8.300000e-01 8.300000e-01 0.000000e+00 -1.288000e-10 5.438430e-11 7.441560e-11 0.000000e+00 1.000000e-16
8.400000e-01 8.400000e-01 0.000000e+00 -1.297488e-10 5.443660e-11 7.531220e-11 0.000000e+00 0.000000e+00
8.500000e-01 8.500000e-01 0.000000e+00 -1.306976e-10 5.448880e-11 7.620880e-11 0.000000e+00 0.000000e+00
8.600000e-01 8.600000e-01 0.000000e+00 -1.316465e-10 5.454110e-11 7.710540e-11 0.000000e+00 0.000000e+00
8.700000e-01 8.700000e-01 0.000000e+00 -1.325953e-10 5.459340e-11 7.800190e-11 0.000000e+00 1.292470e-26
8.800000e-01 8.800000e-01 0.000000e+00 -1.335443e-10 5.464580e-11 7.889850e-11 0.000000e+00 0.000000e+00
8.900000e-01 8.900000e-01 0.000000e+00 -1.344932e-10 5.469820e-11 7.979510e-11 0.000000e+00 1.000000e-16
9.000000e-01 9.000000e-01 0.000000e+00 -1.354422e-10 5.475060e-11 8.069160e-11 0.000000e+00 1.292470e-26
9.100000e-01 9.100000e-01 0.000000e+00 -1.363912e-10 5.480300e-11 8.158820e-11 0.000000e+00 1.292470e-26
9.200000e-01 9.200000e-01 0.000000e+00 -1.373403e-10 5.485550e-11 8.248480e-11 0.000000e+00 1.292470e-26
9.300000e-01 9.300000e-01 0.000000e+00 -1.382893e-10 5.490800e-11 8.338140e-11 0.000000e+00 1.000000e-16
9.400000e-01 9.400000e-01 0.000000e+00 -1.392385e-10 5.496050e-11 8.427790e-11 0.000000e+00 1.000000e-16
9.500000e-01 9.500000e-01 0.000000e+00 -1.401876e-10 5.501310e-11 8.517450e-11 0.000000e+00 0.000000e+00
9.600000e-01 9.600000e-01 0.000000e+00 -1.411367e-10 5.506570e-11 8.607110e-11 0.000000e+00 1.000000e-16
9.700000e-01 9.700000e-01 0.000000e+00 -1.420859e-10 5.511830e-11 8.696770e-11 0.000000e+00 1.000000e-16
9.800000e-01 9.800000e-01 0.000000e+00 -1.430352e-10 5.517090e-11 8.786420e-11 0.000000e+00 1.000000e-16
9.900000e-01 9.900000e-01 0.000000e+00 -1.439844e-10 5.522360e-11 8.876080e-11 0.000000e+00 1.292470e-26
1.000000e+00 1.000000e+00 0.000000e+00 -1.449337e-10 5.527630e-11 8.965740e-11 0.000000e+00 1.292470e-26
1.010000e+00 1.010000e+00 0.000000e+00 -1.458830e-10 5.532900e-11 9.055400e-11 0.000000e+00 2.584939e-26
1.020000e+00 1.020000e+00 0.000000e+00 -1.468323e-10 5.538180e-11 9.145050e-11 0.000000e+00 0.000000e+00
1.030000e+00 1.030000e+00 0.000000e+00 -1.477817e-10 5.543460e-11 9.234710e-11 0.000000e+00 1.292470e-26
1.040000e+00 1.040000e+00 0.000000e+00 -1.487311e-10 5.548740e-11 9.324370e-11 0.000000e+00 0.000000e+00
1.050000e+00 1.050000e+00 0.000000e+00 -1.496805e-10 5.554020e-11 9.414030e-11 0.000000e+00 1.292470e-26
1.060000e+00 1.060000e+00 0.000000e+00 -1.506299e-10 5.559310e-11 9.503680e-11 0.000000e+00 0.000000e+00
1.070000e+00 1.070000e+00 0.000000e+00 -1.515794e-10 5.564600e-11 9.593340e-11 0.000000e+00 1.292470e-26
1.080000e+00 1.080000e+00 0.000000e+00 -1.525289e-10 5.569890e-11 9.683000e-11 0.000000e+00 0.000000e+00
1.090000e+00 1.090000e+00 0.000000e+00 -1.534784e-10 5.575180e-11 9.772660e-11 0.000000e+00 1.292470e-26
1.100000e+00 1.100000e+00 0.000000e+00 -1.544279e-10 5.580480e-11 9.862310e-11 0.000000e+00 2.584939e-26
1.110000e+00 1.110000e+00 0.000000e+00 -1.553775e-10 5.585780e-11 9.951970e-11 0.000000e+00 1.292470e-26
1.120000e+00 1.120000e+00 0.000000e+00 -1.563271e-10 5.591080e-11 1.004163e-10 0.000000e+00 1.292470e-26
1.130000e+00 1.130000e+00 0.000000e+00 -1.572767e-10 5.596390e-11 1.013128e-10 0.000000e+00 0.000000e+00
1.140000e+00 1.140000e+00 0.000000e+00 -1.582264e-10 5.601690e-11 1.022094e-10 0.000000e+00 1.000000e-16
1.150000e+00 1.150000e+00 0.000000e+00 -1.591760e-10 5.607000e-11 1.031060e-10 0.000000e+00 1.292470e-26
1.160000e+00 1.160000e+00 0.000000e+00 -1.601257e-10 5.612320e-11 1.040026e-10 0.000000e+00 1.000000e-16
1.170000e+00 1.170000e+00 0.000000e+00 -1.610754e-10 5.617630e-11 1.048991e-10 0.000000e+00 1.292470e-26
1.180000e+00 1.180000e+00 0.000000e+00 -1.620252e-10 5.622950e-11 1.057957e-10 0.000000e+00 1.292470e-26
1.190000e+00 1.190000e+00 0.000000e+00 -1.629749e-10 5.628270e-11 1.066923e-10 0.000000e+00 1.000000e-16
1.200000e+00 1.200000e+00 0.000000e+00 -1.639247e-10 5.633590e-11 1.075889e-10 0.000000e+00 1.000000e-16
0.000000e+00 0.000000e+00 2.000000e-01 0.000000e+00 0.000000e+00 0.000000e+00 0.000000e+00 0.000000e+00
1.000000e-02 1.000000e-02 2.000000e-01 -9.626400e-11 9.536740e-11 8.965739e-13 0.000000e+00 2.610000e-17
2.000000e-02 2.000000e-02 2.000000e-01 -1.873733e-10 1.855801e-10 1.793100e-12 0.000000e+00 1.000000e-16
3.000000e-02 3.000000e-02 2.000000e-01 -2.733345e-10 2.706447e-10 2.689700e-12 0.000000e+00 1.000000e-16
4.000000e-02 4.000000e-02 2.000000e-01 -3.541533e-10 3.505670e-10 3.586300e-12 0.000000e+00 5.654555e-27
5.000000e-02 5.000000e-02 2.000000e-01 -4.298352e-10 4.253523e-10 4.482900e-12 0.000000e+00 3.796630e-26
6.000000e-02 6.000000e-02 2.000000e-01 -5.003847e-10 4.950053e-10 5.379400e-12 0.000000e+00 5.250658e-26
7.000000e-02 7.000000e-02 2.000000e-01 -5.658061e-10 5.595301e-10 6.276000e-12 0.000000e+00 7.270142e-26
8.000000e-02 8.000000e-02 2.000000e-01 -6.261030e-10 6.189304e-10 7.172600e-12 0.000000e+00 1.130911e-26
9.000000e-02 9.000000e-02 2.000000e-01 -6.812788e-10 6.732096e-10 8.069200e-12 0.000000e+00 1.114755e-25
1.000000e-01 1.000000e-01 2.000000e-01 -7.313360e-10 7.223703e-10 8.965700e-12 0.000000e+00 4.846761e-27
1.100000e-01 1.100000e-01 2.000000e-01 -7.762772e-10 7.664149e-10 9.862300e-12 0.000000e+00 1.615587e-26
1.200000e-01 1.200000e-01 2.000000e-01 -8.161041e-10 8.053453e-10 1.075890e-11 0.000000e+00 1.000000e-16
1.300000e-01 1.300000e-01 2.000000e-01 -8.508185e-10 8.391630e-10 1.165550e-11 0.000000e+00 5.331438e-26
1.400000e-01 1.400000e-01 2.000000e-01 -8.804214e-10 8.678693e-10 1.255200e-11 0.000000e+00 1.000000e-16
1.500000e-01 1.500000e-01 2.000000e-01 -9.049136e-10 8.914650e-10 1.344860e-11 0.000000e+00 4.362085e-26
1.600000e-01 1.600000e-01 2.000000e-01 -9.242957e-10 9.099505e-10 1.434520e-11 0.000000e+00 2.261822e-26
1.700000e-01 1.700000e-01 2.000000e-01 -9.385678e-10 9.233261e-10 1.524180e-11 0.000000e+00 1.000000e-16
1.800000e-01 1.800000e-01 2.000000e-01 -9.477298e-10 9.315915e-10 1.613830e-11 0.000000e+00 1.615587e-26
1.900000e-01 1.900000e-01 2.000000e-01 -9.517830e-10 9.347481e-10 1.703490e-11 0.000000e+00 3.231174e-27
2.000000e-01 2.000000e-01 2.000000e-01 -9.534141e-10 9.354827e-10 1.793150e-11 0.000000e+00 1.000000e-16
2.100000e-01 2.100000e-01 2.000000e-01 -9.550462e-10 9.362182e-10 1.882810e-11 0.000000e+00 1.000000e-16
2.200000e-01 2.200000e-01 2.000000e-01 -9.566792e-10 9.369546e-10 1.972460e-11 0.000000e+00 3.231174e-26
2.300000e-01 2.300000e-01 2.000000e-01 -9.583130e-10 9.376918e-10 2.062120e-11 0.000000e+00 4.846761e-26
2.400000e-01 2.400000e-01 2.000000e-01 -9.599478e-10 9.384300e-10 2.151780e-11 0.000000e+00 2.746498e-25
2.500000e-01 2.500000e-01 2.000000e-01 -9.615835e-10 9.391691e-10 2.241430e-11 0.000000e+00 1.000000e-16
2.600000e-01 2.600000e-01 2.000000e-01 -9.632200e-10 9.399091e-10 2.331090e-11 0.000000e+00 1.324781e-25
2.700000e-01 2.700000e-01 2.000000e-01 -9.648574e-10 9.406499e-10 2.420750e-11 0.000000e+00 1.098599e-25
2.800000e-01 2.800000e-01 2.000000e-01 -9.664957e-10 9.413916e-10 2.510410e-11 0.000000e+00 9.047288e-26
2.900000e-01 2.900000e-01 2.000000e-01 -9.681348e-10 9.421342e-10 2.600060e-11 0.000000e+00 1.033976e-25
3.000000e-01 3.000000e-01 2.000000e-01 -9.697749e-10 9.428777e-10 2.689720e-11 0.000000e+00 8.724171e-26
3.100000e-01 3.100000e-01 2.000000e-01 -9.714158e-10 9.436220e-10 2.779380e-11 0.000000e+00 1.389405e-25
3.200000e-01 3.200000e-01 2.000000e-01 -9.730575e-10 9.443672e-10 2.869040e-11 0.000000e+00 1.000000e-16
3.300000e-01 3.300000e-01 2.000000e-01 -9.747002e-10 9.451132e-10 2.958690e-11 0.000000e+00 1.000000e-16
3.400000e-01 3.400000e-01 2.000000e-01 -9.763436e-10 9.458601e-10 3.048350e-11 0.000000e+00 1.680211e-25
3.500000e-01 3.500000e-01 2.000000e-01 -9.779880e-10 9.466079e-10 3.138010e-11 0.000000e+00 1.938705e-26
3.600000e-01 3.600000e-01 2.000000e-01 -9.796331e-10 9.473565e-10 3.227670e-11 0.000000e+00 1.000000e-16
3.700000e-01 3.700000e-01 2.000000e-01 -9.812792e-10 9.481059e-10 3.317320e-11 0.000000e+00 1.000000e-16
3.800000e-01 3.800000e-01 2.000000e-01 -9.829260e-10 9.488562e-10 3.406980e-11 0.000000e+00 6.462349e-27
3.900000e-01 3.900000e-01 2.000000e-01 -9.845737e-10 9.496073e-10 3.496640e-11 0.000000e+00 2.584939e-26
4.000000e-01 4.000000e-01 2.000000e-01 -9.862223e-10 9.503593e-10 3.586300e-11 0.000000e+00 4.523644e-26
4.100000e-01 4.100000e-01 2.000000e-01 -9.878716e-10 9.511121e-10 3.675950e-11 0.000000e+00 1.744834e-25
4.200000e-01 4.200000e-01 2.000000e-01 -9.895218e-10 9.518657e-10 3.765610e-11 0.000000e+00 1.550964e-25
4.300000e-01 4.300000e-01 2.000000e-01 -9.911728e-10 9.526201e-10 3.855270e-11 0.000000e+00 7.108583e-26
4.400000e-01 4.400000e-01 2.000000e-01 -9.928246e-10 9.533754e-10 3.944930e-11 0.000000e+00 1.000000e-16
4.500000e-01 4.500000e-01 2.000000e-01 -9.944773e-10 9.541315e-10 4.034580e-11 0.000000e+00 8.401053e-26
4.600000e-01 4.600000e-01 2.000000e-01 -9.961307e-10 9.548883e-10 4.124240e-11 0.000000e+00 9.693523e-26
4.700000e-01 4.700000e-01 2.000000e-01 -9.977850e-10 9.556460e-10 4.213900e-11 0.000000e+00 1.163223e-25
4.800000e-01 4.800000e-01 2.000000e-01 -9.994401e-10 9.564045e-10 4.303550e-11 0.000000e+00 1.000000e-16
4.900000e-01 4.900000e-01 2.000000e-01 -1.001100e-09 9.571638e-10 4.393210e-11 0.000000e+00 4.100000e-15
5.000000e-01 5.000000e-01 2.000000e-01 -1.002800e-09 9.579239e-10 4.482870e-11 0.000000e+00 4.740000e-14
5.100000e-01 5.100000e-01 2.000000e-01 -1.004400e-09 9.586847e-10 4.572530e-11 0.000000e+00 1.000000e-14
5.200000e-01 5.200000e-01 2.000000e-01 -1.006100e-09 9.594464e-10 4.662180e-11 0.000000e+00 3.180000e-14
5.300000e-01 5.300000e-01 2.000000e-01 -1.007700e-09 9.602088e-10 4.751840e-11 0.000000e+00 2.720000e-14
5.400000e-01 5.400000e-01 2.000000e-01 -1.009400e-09 9.609721e-10 4.841500e-11 0.000000e+00 1.290000e-14
5.500000e-01 5.500000e-01 2.000000e-01 -1.011000e-09 9.617360e-10 4.931160e-11 0.000000e+00 4.760000e-14
5.600000e-01 5.600000e-01 2.000000e-01 -1.012700e-09 9.625008e-10 5.020810e-11 0.000000e+00 8.900000e-15
5.700000e-01 5.700000e-01 2.000000e-01 -1.014400e-09 9.632663e-10 5.110470e-11 0.000000e+00 2.900000e-14
5.800000e-01 5.800000e-01 2.000000e-01 -1.016000e-09 9.640326e-10 5.200130e-11 0.000000e+00 3.390000e-14
5.900000e-01 5.900000e-01 2.000000e-01 -1.017700e-09 9.647997e-10 5.289790e-11 0.000000e+00 2.400000e-15
6.000000e-01 6.000000e-01 2.000000e-01 -1.019400e-09 9.655675e-10 5.379440e-11 0.000000e+00 3.810000e-14
6.100000e-01 6.100000e-01 2.000000e-01 -1.021000e-09 9.663360e-10 5.469100e-11 0.000000e+00 2.700000e-14
6.200000e-01 6.200000e-01 2.000000e-01 -1.022700e-09 9.671053e-10 5.558760e-11 0.000000e+00 7.100000e-15
6.300000e-01 6.300000e-01 2.000000e-01 -1.024400e-09 9.678754e-10 5.648420e-11 0.000000e+00 4.040000e-14
6.400000e-01 6.400000e-01 2.000000e-01 -1.026000e-09 9.686462e-10 5.738070e-11 0.000000e+00 2.690000e-14
6.500000e-01 6.500000e-01 2.000000e-01 -1.027700e-09 9.694177e-10 5.827730e-11 0.000000e+00 5.000000e-15
6.600000e-01 6.600000e-01 2.000000e-01 -1.029400e-09 9.701899e-10 5.917390e-11 0.000000e+00 3.620000e-14
6.700000e-01 6.700000e-01 2.000000e-01 -1.031000e-09 9.709629e-10 6.007040e-11 0.000000e+00 3.330000e-14
6.800000e-01 6.800000e-01 2.000000e-01 -1.032700e-09 9.717366e-10 6.096700e-11 0.000000e+00 3.600000e-15
6.900000e-01 6.900000e-01 2.000000e-01 -1.034400e-09 9.725110e-10 6.186360e-11 0.000000e+00 2.540000e-14
7.000000e-01 7.000000e-01 2.000000e-01 -1.036000e-09 9.732861e-10 6.276020e-11 0.000000e+00 4.630000e-14
7.100000e-01 7.100000e-01 2.000000e-01 -1.037700e-09 9.740620e-10 6.365670e-11 0.000000e+00 1.870000e-14
7.200000e-01 7.200000e-01 2.000000e-01 -1.039400e-09 9.748385e-10 6.455330e-11 0.000000e+00 8.200000e-15
7.300000e-01 7.300000e-01 2.000000e-01 -1.041100e-09 9.756157e-10 6.544990e-11 0.000000e+00 3.440000e-14
7.400000e-01 7.400000e-01 2.000000e-01 -1.042700e-09 9.763937e-10 6.634650e-11 0.000000e+00 4.020000e-14
7.500000e-01 7.500000e-01 2.000000e-01 -1.044400e-09 9.771723e-10 6.724300e-11 0.000000e+00 1.530000e-14
7.600000e-01 7.600000e-01 2.000000e-01 -1.046100e-09 9.779516e-10 6.813960e-11 0.000000e+00 8.800000e-15
7.700000e-01 7.700000e-01 2.000000e-01 -1.047800e-09 9.787316e-10 6.903620e-11 0.000000e+00 3.220000e-14
7.800000e-01 7.800000e-01 2.000000e-01 -1.049400e-09 9.795123e-10 6.993280e-11 0.000000e+00 4.510000e-14
7.900000e-01 7.900000e-01 2.000000e-01 -1.051100e-09 9.802936e-10 7.082930e-11 0.000000e+00 2.290000e-14
8.000000e-01 8.000000e-01 2.000000e-01 -1.052800e-09 9.810757e-10 7.172590e-11 0.000000e+00 1.600000e-15
8.100000e-01 8.100000e-01 2.000000e-01 -1.054500e-09 9.818584e-10 7.262250e-11 0.000000e+00 1.910000e-14
8.200000e-01 8.200000e-01 2.000000e-01 -1.056200e-09 9.826417e-10 7.351910e-11 0.000000e+00 3.920000e-14
8.300000e-01 8.300000e-01 2.000000e-01 -1.057800e-09 9.834257e-10 7.441560e-11 0.000000e+00 4.130000e-14
8.400000e-01 8.400000e-01 2.000000e-01 -1.059500e-09 9.842104e-10 7.531220e-11 0.000000e+00 2.260000e-14
8.500000e-01 8.500000e-01 2.000000e-01 -1.061200e-09 9.849957e-10 7.620880e-11 0.000000e+00 4.500000e-15
8.600000e-01 8.600000e-01 2.000000e-01 -1.062900e-09 9.857817e-10 7.710540e-11 0.000000e+00 1.290000e-14
8.700000e-01 8.700000e-01 2.000000e-01 -1.064600e-09 9.865683e-10 7.800190e-11 0.000000e+00 2.980000e-14
8.800000e-01 8.800000e-01 2.000000e-01 -1.066300e-09 9.873555e-10 7.889850e-11 0.000000e+00 4.600000e-14
8.900000e-01 8.900000e-01 2.000000e-01 -1.067900e-09 9.881434e-10 7.979510e-11 0.000000e+00 3.850000e-14
9.000000e-01 9.000000e-01 2.000000e-01 -1.069600e-09 9.889319e-10 8.069160e-11 0.000000e+00 2.350000e-14
9.100000e-01 9.100000e-01 2.000000e-01 -1.071300e-09 9.897210e-10 8.158820e-11 0.000000e+00 9.200000e-15
9.200000e-01 9.200000e-01 2.000000e-01 -1.073000e-09 9.905107e-10 8.248480e-11 0.000000e+00 4.500000e-15
9.300000e-01 9.300000e-01 2.000000e-01 -1.074700e-09 9.913011e-10 8.338140e-11 0.000000e+00 1.750000e-14
9.400000e-01 9.400000e-01 2.000000e-01 -1.076400e-09 9.920920e-10 8.427790e-11 0.000000e+00 3.010000e-14
9.500000e-01 9.500000e-01 2.000000e-01 -1.078100e-09 9.928836e-10 8.517450e-11 0.000000e+00 4.190000e-14
9.600000e-01 9.600000e-01 2.000000e-01 -1.079700e-09 9.936758e-10 8.607110e-11 0.000000e+00 4.690000e-14
9.700000e-01 9.700000e-01 2.000000e-01 -1.081400e-09 9.944685e-10 8.696770e-11 0.000000e+00 3.620000e-14
9.800000e-01 9.800000e-01 2.000000e-01 -1.083100e-09 9.952619e-10 8.786420e-11 0.000000e+00 2.610000e-14
9.900000e-01 9.900000e-01 2.000000e-01 -1.084800e-09 9.960558e-10 8.876080e-11 0.000000e+00 1.660000e-14
1.000000e+00 1.000000e+00 2.000000e-01 -1.086500e-09 9.968504e-10 8.965740e-11 0.000000e+00 7.800000e-15
1.010000e+00 1.010000e+00 2.000000e-01 -1.088200e-09 9.976455e-10 9.055400e-11 0.000000e+00 5.000000e-16
1.020000e+00 1.020000e+00 2.000000e-01 -1.089900e-09 9.984412e-10 9.145050e-11 0.000000e+00 8.300000e-15
1.030000e+00 1.030000e+00 2.000000e-01 -1.091600e-09 9.992374e-10 9.234710e-11 0.000000e+00 1.550000e-14
1.040000e+00 1.040000e+00 2.000000e-01 -1.093300e-09 1.000000e-09 9.324370e-11 0.000000e+00 5.630000e-14
1.050000e+00 1.050000e+00 2.000000e-01 -1.095000e-09 1.000800e-09 9.414030e-11 0.000000e+00 5.970000e-14
1.060000e+00 1.060000e+00 2.000000e-01 -1.096700e-09 1.001600e-09 9.503680e-11 0.000000e+00 6.320000e-14
1.070000e+00 1.070000e+00 2.000000e-01 -1.098400e-09 1.002400e-09 9.593340e-11 0.000000e+00 6.660000e-14
1.080000e+00 1.080000e+00 2.000000e-01 -1.100100e-09 1.003200e-09 9.683000e-11 0.000000e+00 7.000000e-14
1.090000e+00 1.090000e+00 2.000000e-01 -1.101800e-09 1.004000e-09 9.772660e-11 0.000000e+00 7.340000e-14
1.100000e+00 1.100000e+00 2.000000e-01 -1.103400e-09 1.004800e-09 9.862310e-11 0.000000e+00 2.310000e-14
1.110000e+00 1.110000e+00 2.000000e-01 -1.105100e-09 1.005600e-09 9.951970e-11 0.000000e+00 1.970000e-14
1.120000e+00 1.120000e+00 2.000000e-01 -1.106800e-09 1.006400e-09 1.004163e-10 0.000000e+00 1.630000e-14
1.130000e+00 1.130000e+00 2.000000e-01 -1.108500e-09 1.007200e-09 1.013128e-10 0.000000e+00 1.280000e-14
1.140000e+00 1.140000e+00 2.000000e-01 -1.110200e-09 1.008000e-09 1.022094e-10 0.000000e+00 9.400000e-15
1.150000e+00 1.150000e+00 2.000000e-01 -1.111900e-09 1.008800e-09 1.031060e-10 0.000000e+00 6.000000e-15
1.160000e+00 1.160000e+00 2.000000e-01 -1.113600e-09 1.009600e-09 1.040026e-10 0.000000e+00 2.600000e-15
1.170000e+00 1.170000e+00 2.000000e-01 -1.115300e-09 1.010400e-09 1.048991e-10 0.000000e+00 9.000000e-16
1.180000e+00 1.180000e+00 2.000000e-01 -1.117000e-09 1.011200e-09 1.057957e-10 0.000000e+00 4.300000e-15
1.190000e+00 1.190000e+00 2.000000e-01 -1.118700e-09 1.012100e-09 1.066923e-10 0.000000e+00 9.230000e-14
1.200000e+00 1.200000e+00 2.000000e-01 -1.120400e-09 1.012900e-09 1.075889e-10 0.000000e+00 8.890000e-14
0.000000e+00 0.000000e+00 4.000000e-01 0.000000e+00 0.000000e+00 0.000000e+00 0.000000e+00 0.000000e+00
1.000000e-02 1.000000e-02 4.000000e-01 -1.694007e-10 1.685042e-10 8.965739e-13 0.000000e+00 7.390000e-17
2.000000e-02 2.000000e-02 4.000000e-01 -3.338176e-10 3.320244e-10 1.793100e-12 0.000000e+00 1.000000e-16
3.000000e-02 3.000000e-02 4.000000e-01 -4.932573e-10 4.905676e-10 2.689700e-12 0.000000e+00 7.714429e-26
4.000000e-02 4.000000e-02 4.000000e-01 -6.477260e-10 6.441397e-10 3.586300e-12 0.000000e+00 4.604423e-26
5.000000e-02 5.000000e-02 4.000000e-01 -7.972294e-10 7.927465e-10 4.482900e-12 0.000000e+00 6.543128e-26
6.000000e-02 6.000000e-02 4.000000e-01 -9.417724e-10 9.363929e-10 5.379400e-12 0.000000e+00 1.000000e-16
7.000000e-02 7.000000e-02 4.000000e-01 -1.081400e-09 1.075100e-09 6.276000e-12 0.000000e+00 2.400000e-14
8.000000e-02 8.000000e-02 4.000000e-01 -1.216000e-09 1.208800e-09 7.172600e-12 0.000000e+00 2.740000e-14
9.000000e-02 9.000000e-02 4.000000e-01 -1.345700e-09 1.337600e-09 8.069200e-12 0.000000e+00 3.080000e-14
1.000000e-01 1.000000e-01 4.000000e-01 -1.470400e-09 1.461500e-09 8.965700e-12 0.000000e+00 6.570000e-14
1.100000e-01 1.100000e-01 4.000000e-01 -1.590200e-09 1.580400e-09 9.862300e-12 0.000000e+00 6.230000e-14
1.200000e-01 1.200000e-01 4.000000e-01 -1.705100e-09 1.694300e-09 1.075890e-11 0.000000e+00 4.110000e-14
1.300000e-01 1.300000e-01 4.000000e-01 -1.815000e-09 1.803300e-09 1.165550e-11 0.000000e+00 4.450000e-14
1.400000e-01 1.400000e-01 4.000000e-01 -1.920000e-09 1.907400e-09 1.255200e-11 0.000000e+00 4.800000e-14
1.500000e-01 1.500000e-01 4.000000e-01 -2.020000e-09 2.006600e-09 1.344860e-11 0.000000e+00 4.860000e-14
1.600000e-01 1.600000e-01 4.000000e-01 -2.115100e-09 2.100800e-09 1.434520e-11 0.000000e+00 4.520000e-14
1.700000e-01 1.700000e-01 4.000000e-01 -2.205300e-09 2.190100e-09 1.524180e-11 0.000000e+00 4.180000e-14
1.800000e-01 1.800000e-01 4.000000e-01 -2.290600e-09 2.274400e-09 1.613830e-11 0.000000e+00 6.170000e-14
1.900000e-01 1.900000e-01 4.000000e-01 -2.370900e-09 2.353800e-09 1.703490e-11 0.000000e+00 6.510000e-14
2.000000e-01 2.000000e-01 4.000000e-01 -2.446300e-09 2.428300e-09 1.793150e-11 0.000000e+00 6.850000e-14
2.100000e-01 2.100000e-01 4.000000e-01 -2.516700e-09 2.497900e-09 1.882810e-11 0.000000e+00 2.810000e-14
2.200000e-01 2.200000e-01 4.000000e-01 -2.582200e-09 2.562500e-09 1.972460e-11 0.000000e+00 2.460000e-14
2.300000e-01 2.300000e-01 4.000000e-01 -2.642800e-09 2.622100e-09 2.062120e-11 0.000000e+00 7.880000e-14
2.400000e-01 2.400000e-01 4.000000e-01 -2.698400e-09 2.676900e-09 2.151780e-11 0.000000e+00 1.780000e-14
2.500000e-01 2.500000e-01 4.000000e-01 -2.749100e-09 2.726700e-09 2.241430e-11 0.000000e+00 1.430000e-14
2.600000e-01 2.600000e-01 4.000000e-01 -2.794800e-09 2.771500e-09 2.331090e-11 0.000000e+00 1.090000e-14
2.700000e-01 2.700000e-01 4.000000e-01 -2.835600e-09 2.811400e-09 2.420750e-11 0.000000e+00 7.500000e-15
2.800000e-01 2.800000e-01 4.000000e-01 -2.871500e-09 2.846400e-09 2.510410e-11 0.000000e+00 4.100000e-15
2.900000e-01 2.900000e-01 4.000000e-01 -2.902400e-09 2.876400e-09 2.600060e-11 0.000000e+00 6.000000e-16
3.000000e-01 3.000000e-01 4.000000e-01 -2.928300e-09 2.901400e-09 2.689720e-11 0.000000e+00 2.800000e-15
3.100000e-01 3.100000e-01 4.000000e-01 -2.949300e-09 2.921500e-09 2.779380e-11 0.000000e+00 6.200000e-15
3.200000e-01 3.200000e-01 4.000000e-01 -2.965300e-09 2.936700e-09 2.869040e-11 0.000000e+00 9.040000e-14
3.300000e-01 3.300000e-01 4.000000e-01 -2.976400e-09 2.946800e-09 2.958690e-11 0.000000e+00 1.310000e-14
3.400000e-01 3.400000e-01 4.000000e-01 -2.982500e-09 2.952000e-09 3.048350e-11 0.000000e+00 1.650000e-14
3.500000e-01 3.500000e-01 4.000000e-01 -2.985700e-09 2.954400e-09 3.138010e-11 0.000000e+00 8.010000e-14
3.600000e-01 3.600000e-01 4.000000e-01 -2.988900e-09 2.956700e-09 3.227670e-11 0.000000e+00 7.670000e-14
3.700000e-01 3.700000e-01 4.000000e-01 -2.992100e-09 2.959000e-09 3.317320e-11 0.000000e+00 7.320000e-14
3.800000e-01 3.800000e-01 4.000000e-01 -2.995300e-09 2.961300e-09 3.406980e-11 0.000000e+00 6.980000e-14
3.900000e-01 3.900000e-01 4.000000e-01 -2.998500e-09 2.963600e-09 3.496640e-11 0.000000e+00 6.640000e-14
4.000000e-01 4.000000e-01 4.000000e-01 -3.001800e-09 2.965900e-09 3.586300e-11 0.000000e+00 3.700000e-14
4.100000e-01 4.100000e-01 4.000000e-01 -3.005000e-09 2.968200e-09 3.675950e-11 0.000000e+00 4.050000e-14
4.200000e-01 4.200000e-01 4.000000e-01 -3.008200e-09 2.970500e-09 3.765610e-11 0.000000e+00 4.390000e-14
4.300000e-01 4.300000e-01 4.000000e-01 -3.011400e-09 2.972900e-09 3.855270e-11 0.000000e+00 5.270000e-14
4.400000e-01 4.400000e-01 4.000000e-01 -3.014600e-09 2.975200e-09 3.944930e-11 0.000000e+00 4.930000e-14
4.500000e-01 4.500000e-01 4.000000e-01 -3.017800e-09 2.977500e-09 4.034580e-11 0.000000e+00 4.580000e-14
4.600000e-01 4.600000e-01 4.000000e-01 -3.021100e-09 2.979800e-09 4.124240e-11 0.000000e+00 5.760000e-14
4.700000e-01 4.700000e-01 4.000000e-01 -3.024300e-09 2.982200e-09 4.213900e-11 0.000000e+00 3.900000e-14
4.800000e-01 4.800000e-01 4.000000e-01 -3.027500e-09 2.984500e-09 4.303550e-11 0.000000e+00 3.550000e-14
4.900000e-01 4.900000e-01 4.000000e-01 -3.030800e-09 2.986800e-09 4.393210e-11 0.000000e+00 6.790000e-14
5.000000e-01 5.000000e-01 4.000000e-01 -3.034000e-09 2.989200e-09 4.482870e-11 0.000000e+00 2.870000e-14
5.100000e-01 5.100000e-01 4.000000e-01 -3.037200e-09 2.991500e-09 4.572530e-11 0.000000e+00 2.530000e-14
5.200000e-01 5.200000e-01 4.000000e-01 -3.040500e-09 2.993900e-09 4.662180e-11 0.000000e+00 2.180000e-14
5.300000e-01 5.300000e-01 4.000000e-01 -3.043700e-09 2.996200e-09 4.751840e-11 0.000000e+00 1.840000e-14
5.400000e-01 5.400000e-01 4.000000e-01 -3.047000e-09 2.998600e-09 4.841500e-11 0.000000e+00 1.500000e-14
5.500000e-01 5.500000e-01 4.000000e-01 -3.050200e-09 3.000900e-09 4.931160e-11 0.000000e+00 1.160000e-14
5.600000e-01 5.600000e-01 4.000000e-01 -3.053500e-09 3.003300e-09 5.020810e-11 0.000000e+00 8.100000e-15
5.700000e-01 5.700000e-01 4.000000e-01 -3.056700e-09 3.005600e-09 5.110470e-11 0.000000e+00 4.700000e-15
5.800000e-01 5.800000e-01 4.000000e-01 -3.060000e-09 3.008000e-09 5.200130e-11 0.000000e+00 1.300000e-15
5.900000e-01 5.900000e-01 4.000000e-01 -3.063300e-09 3.010400e-09 5.289790e-11 0.000000e+00 2.100000e-15
6.000000e-01 6.000000e-01 4.000000e-01 -3.066500e-09 3.012700e-09 5.379440e-11 0.000000e+00 5.600000e-15
6.100000e-01 6.100000e-01 4.000000e-01 -3.069800e-09 3.015100e-09 5.469100e-11 0.000000e+00 9.000000e-15
6.200000e-01 6.200000e-01 4.000000e-01 -3.073000e-09 3.017500e-09 5.558760e-11 0.000000e+00 8.760000e-14
6.300000e-01 6.300000e-01 4.000000e-01 -3.076300e-09 3.019800e-09 5.648420e-11 0.000000e+00 1.580000e-14
6.400000e-01 6.400000e-01 4.000000e-01 -3.079600e-09 3.022200e-09 5.738070e-11 0.000000e+00 1.930000e-14
6.500000e-01 6.500000e-01 4.000000e-01 -3.082900e-09 3.024600e-09 5.827730e-11 0.000000e+00 2.270000e-14
6.600000e-01 6.600000e-01 4.000000e-01 -3.086100e-09 3.027000e-09 5.917390e-11 0.000000e+00 7.390000e-14
6.700000e-01 6.700000e-01 4.000000e-01 -3.089400e-09 3.029400e-09 6.007040e-11 0.000000e+00 7.040000e-14
6.800000e-01 6.800000e-01 4.000000e-01 -3.092700e-09 3.031700e-09 6.096700e-11 0.000000e+00 3.300000e-14
6.900000e-01 6.900000e-01 4.000000e-01 -3.096000e-09 3.034100e-09 6.186360e-11 0.000000e+00 3.640000e-14
7.000000e-01 7.000000e-01 4.000000e-01 -3.099300e-09 3.036500e-09 6.276020e-11 0.000000e+00 3.980000e-14
7.100000e-01 7.100000e-01 4.000000e-01 -3.102600e-09 3.038900e-09 6.365670e-11 0.000000e+00 4.330000e-14
7.200000e-01 7.200000e-01 4.000000e-01 -3.105900e-09 3.041300e-09 6.455330e-11 0.000000e+00 4.670000e-14
7.300000e-01 7.300000e-01 4.000000e-01 -3.109200e-09 3.043700e-09 6.544990e-11 0.000000e+00 5.010000e-14
7.400000e-01 7.400000e-01 4.000000e-01 -3.112500e-09 3.046100e-09 6.634650e-11 0.000000e+00 5.350000e-14
7.500000e-01 7.500000e-01 4.000000e-01 -3.115800e-09 3.048500e-09 6.724300e-11 0.000000e+00 5.700000e-14
7.600000e-01 7.600000e-01 4.000000e-01 -3.119100e-09 3.050900e-09 6.813960e-11 0.000000e+00 6.040000e-14
7.700000e-01 7.700000e-01 4.000000e-01 -3.122400e-09 3.053300e-09 6.903620e-11 0.000000e+00 6.380000e-14
7.800000e-01 7.800000e-01 4.000000e-01 -3.125700e-09 3.055700e-09 6.993280e-11 0.000000e+00 6.720000e-14
7.900000e-01 7.900000e-01 4.000000e-01 -3.129000e-09 3.058200e-09 7.082930e-11 0.000000e+00 2.930000e-14
8.000000e-01 8.000000e-01 4.000000e-01 -3.132300e-09 3.060600e-09 7.172590e-11 0.000000e+00 2.590000e-14
8.100000e-01 8.100000e-01 4.000000e-01 -3.135600e-09 3.063000e-09 7.262250e-11 0.000000e+00 2.250000e-14
8.200000e-01 8.200000e-01 4.000000e-01 -3.138900e-09 3.065400e-09 7.351910e-11 0.000000e+00 1.910000e-14
8.300000e-01 8.300000e-01 4.000000e-01 -3.142200e-09 3.067800e-09 7.441560e-11 0.000000e+00 1.560000e-14
8.400000e-01 8.400000e-01 4.000000e-01 -3.145600e-09 3.070300e-09 7.531220e-11 0.000000e+00 1.220000e-14
8.500000e-01 8.500000e-01 4.000000e-01 -3.148900e-09 3.072700e-09 7.620880e-11 0.000000e+00 8.800000e-15
8.600000e-01 8.600000e-01 4.000000e-01 -3.152200e-09 3.075100e-09 7.710540e-11 0.000000e+00 5.400000e-15
8.700000e-01 8.700000e-01 4.000000e-01 -3.155500e-09 3.077500e-09 7.800190e-11 0.000000e+00 1.900000e-15
8.800000e-01 8.800000e-01 4.000000e-01 -3.158900e-09 3.080000e-09 7.889850e-11 0.000000e+00 1.500000e-15
8.900000e-01 8.900000e-01 4.000000e-01 -3.162200e-09 3.082400e-09 7.979510e-11 0.000000e+00 4.900000e-15
9.000000e-01 9.000000e-01 4.000000e-01 -3.165500e-09 3.084800e-09 8.069160e-11 0.000000e+00 8.400000e-15
9.100000e-01 9.100000e-01 4.000000e-01 -3.168900e-09 3.087300e-09 8.158820e-11 0.000000e+00 1.180000e-14
9.200000e-01 9.200000e-01 4.000000e-01 -3.172200e-09 3.089700e-09 8.248480e-11 0.000000e+00 1.520000e-14
9.300000e-01 9.300000e-01 4.000000e-01 -3.175500e-09 3.092200e-09 8.338140e-11 0.000000e+00 8.140000e-14
9.400000e-01 9.400000e-01 4.000000e-01 -3.178900e-09 3.094600e-09 8.427790e-11 0.000000e+00 2.210000e-14
9.500000e-01 9.500000e-01 4.000000e-01 -3.182200e-09 3.097100e-09 8.517450e-11 0.000000e+00 7.450000e-14
9.600000e-01 9.600000e-01 4.000000e-01 -3.185600e-09 3.099500e-09 8.607110e-11 0.000000e+00 2.890000e-14
9.700000e-01 9.700000e-01 4.000000e-01 -3.188900e-09 3.102000e-09 8.696770e-11 0.000000e+00 6.770000e-14
9.800000e-01 9.800000e-01 4.000000e-01 -3.192300e-09 3.104400e-09 8.786420e-11 0.000000e+00 3.580000e-14
9.900000e-01 9.900000e-01 4.000000e-01 -3.195600e-09 3.106900e-09 8.876080e-11 0.000000e+00 6.080000e-14
1.000000e+00 1.000000e+00 4.000000e-01 -3.199000e-09 3.109300e-09 8.965740e-11 0.000000e+00 4.260000e-14
1.010000e+00 1.010000e+00 4.000000e-01 -3.202400e-09 3.111800e-09 9.055400e-11 0.000000e+00 4.600000e-14
1.020000e+00 1.020000e+00 4.000000e-01 -3.205700e-09 3.114300e-09 9.145050e-11 0.000000e+00 5.050000e-14
1.030000e+00 1.030000e+00 4.000000e-01 -3.209100e-09 3.116700e-09 9.234710e-11 0.000000e+00 5.290000e-14
1.040000e+00 1.040000e+00 4.000000e-01 -3.212400e-09 3.119200e-09 9.324370e-11 0.000000e+00 4.370000e-14
1.050000e+00 1.050000e+00 4.000000e-01 -3.215800e-09 3.121700e-09 9.414030e-11 0.000000e+00 4.030000e-14
1.060000e+00 1.060000e+00 4.000000e-01 -3.219200e-09 3.124100e-09 9.503680e-11 0.000000e+00 6.320000e-14
1.070000e+00 1.070000e+00 4.000000e-01 -3.222500e-09 3.126600e-09 9.593340e-11 0.000000e+00 3.340000e-14
1.080000e+00 1.080000e+00 4.000000e-01 -3.225900e-09 3.129100e-09 9.683000e-11 0.000000e+00 3.000000e-14
1.090000e+00 1.090000e+00 4.000000e-01 -3.229300e-09 3.131600e-09 9.772660e-11 0.000000e+00 2.660000e-14
1.100000e+00 1.100000e+00 4.000000e-01 -3.232700e-09 3.134000e-09 9.862310e-11 0.000000e+00 7.690000e-14
1.110000e+00 1.110000e+00 4.000000e-01 -3.236000e-09 3.136500e-09 9.951970e-11 0.000000e+00 1.970000e-14
1.120000e+00 1.120000e+00 4.000000e-01 -3.239400e-09 3.139000e-09 1.004163e-10 0.000000e+00 1.630000e-14
1.130000e+00 1.130000e+00 4.000000e-01 -3.242800e-09 3.141500e-09 1.013128e-10 0.000000e+00 1.280000e-14
1.140000e+00 1.140000e+00 4.000000e-01 -3.246200e-09 3.144000e-09 1.022094e-10 0.000000e+00 9.400000e-15
1.150000e+00 1.150000e+00 4.000000e-01 -3.249600e-09 3.146500e-09 1.031060e-10 0.000000e+00 6.000000e-15
1.160000e+00 1.160000e+00 4.000000e-01 -3.252900e-09 3.148900e-09 1.040026e-10 0.000000e+00 2.600000e-15
1.170000e+00 1.170000e+00 4.000000e-01 -3.256300e-09 3.151400e-09 1.048991e-10 0.000000e+00 9.000000e-16
1.180000e+00 1.180000e+00 4.000000e-01 -3.259700e-09 3.153900e-09 1.057957e-10 0.000000e+00 4.300000e-15
1.190000e+00 1.190000e+00 4.000000e-01 -3.263100e-09 3.156400e-09 1.066923e-10 0.000000e+00 7.700000e-15
1.200000e+00 1.200000e+00 4.000000e-01 -3.266500e-09 3.158900e-09 1.075889e-10 0.000000e+00 1.110000e-14
0.000000e+00 0.000000e+00 6.000000e-01 0.000000e+00 0.000000e+00 0.000000e+00 0.000000e+00 0.000000e+00
1.000000e-02 1.000000e-02 6.000000e-01 -2.408077e-10 2.399112e-10 8.965739e-13 0.000000e+00 7.390000e-17
2.000000e-02 2.000000e-02 6.000000e-01 -4.767971e-10 4.750039e-10 1.793100e-12 0.000000e+00 1.000000e-16
3.000000e-02 3.000000e-02 6.000000e-01 -7.079751e-10 7.052854e-10 2.689700e-12 0.000000e+00 2.625329e-26
4.000000e-02 4.000000e-02 6.000000e-01 -9.343483e-10 9.307620e-10 3.586300e-12 0.000000e+00 1.494418e-25
5.000000e-02 5.000000e-02 6.000000e-01 -1.155900e-09 1.151400e-09 4.482900e-12 0.000000e+00 1.710000e-14
6.000000e-02 6.000000e-02 6.000000e-01 -1.372700e-09 1.367300e-09 5.379400e-12 0.000000e+00 2.060000e-14
7.000000e-02 7.000000e-02 6.000000e-01 -1.584700e-09 1.578400e-09 6.276000e-12 0.000000e+00 2.400000e-14
8.000000e-02 8.000000e-02 6.000000e-01 -1.791900e-09 1.784700e-09 7.172600e-12 0.000000e+00 2.740000e-14
9.000000e-02 9.000000e-02 6.000000e-01 -1.994300e-09 1.986300e-09 8.069200e-12 0.000000e+00 6.920000e-14
1.000000e-01 1.000000e-01 6.000000e-01 -2.192000e-09 2.183000e-09 8.965700e-12 0.000000e+00 3.430000e-14
1.100000e-01 1.100000e-01 6.000000e-01 -2.384900e-09 2.375000e-09 9.862300e-12 0.000000e+00 3.770000e-14
1.200000e-01 1.200000e-01 6.000000e-01 -2.573000e-09 2.562200e-09 1.075890e-11 0.000000e+00 4.110000e-14
1.300000e-01 1.300000e-01 6.000000e-01 -2.756300e-09 2.744600e-09 1.165550e-11 0.000000e+00 4.450000e-14
1.400000e-01 1.400000e-01 6.000000e-01 -2.934900e-09 2.922300e-09 1.255200e-11 0.000000e+00 4.800000e-14
1.500000e-01 1.500000e-01 6.000000e-01 -3.108700e-09 3.095200e-09 1.344860e-11 0.000000e+00 5.140000e-14
1.600000e-01 1.600000e-01 6.000000e-01 -3.277700e-09 3.263400e-09 1.434520e-11 0.000000e+00 4.520000e-14
1.700000e-01 1.700000e-01 6.000000e-01 -3.442000e-09 3.426700e-09 1.524180e-11 0.000000e+00 5.820000e-14
1.800000e-01 1.800000e-01 6.000000e-01 -3.601500e-09 3.585400e-09 1.613830e-11 0.000000e+00 3.830000e-14
1.900000e-01 1.900000e-01 6.000000e-01 -3.756200e-09 3.739200e-09 1.703490e-11 0.000000e+00 3.490000e-14
2.000000e-01 2.000000e-01 6.000000e-01 -3.906200e-09 3.888300e-09 1.793150e-11 0.000000e+00 3.150000e-14
2.100000e-01 2.100000e-01 6.000000e-01 -4.051500e-09 4.032600e-09 1.882810e-11 0.000000e+00 7.190000e-14
2.200000e-01 2.200000e-01 6.000000e-01 -4.191900e-09 4.172200e-09 1.972460e-11 0.000000e+00 2.460000e-14
2.300000e-01 2.300000e-01 6.000000e-01 -4.327600e-09 4.307000e-09 2.062120e-11 0.000000e+00 2.120000e-14
2.400000e-01 2.400000e-01 6.000000e-01 -4.458500e-09 4.437000e-09 2.151780e-11 0.000000e+00 1.780000e-14
2.500000e-01 2.500000e-01 6.000000e-01 -4.584700e-09 4.562300e-09 2.241430e-11 0.000000e+00 1.430000e-14
2.600000e-01 2.600000e-01 6.000000e-01 -4.706100e-09 4.682800e-09 2.331090e-11 0.000000e+00 1.090000e-14
2.700000e-01 2.700000e-01 6.000000e-01 -4.822700e-09 4.798500e-09 2.420750e-11 0.000000e+00 7.500000e-15
2.800000e-01 2.800000e-01 6.000000e-01 -4.934600e-09 4.909500e-09 2.510410e-11 0.000000e+00 4.100000e-15
2.900000e-01 2.900000e-01 6.000000e-01 -5.041700e-09 5.015700e-09 2.600060e-11 0.000000e+00 6.000000e-16
3.000000e-01 3.000000e-01 6.000000e-01 -5.144000e-09 5.117100e-09 2.689720e-11 0.000000e+00 2.800000e-15
3.100000e-01 3.100000e-01 6.000000e-01 -5.241500e-09 5.213700e-09 2.779380e-11 0.000000e+00 6.200000e-15
3.200000e-01 3.200000e-01 6.000000e-01 -5.334200e-09 5.305500e-09 2.869040e-11 0.000000e+00 9.600000e-15
3.300000e-01 3.300000e-01 6.000000e-01 -5.422200e-09 5.392600e-09 2.958690e-11 0.000000e+00 1.310000e-14
3.400000e-01 3.400000e-01 6.000000e-01 -5.505300e-09 5.474900e-09 3.048350e-11 0.000000e+00 8.350000e-14
3.500000e-01 3.500000e-01 6.000000e-01 -5.583700e-09 5.552300e-09 3.138010e-11 0.000000e+00 1.990000e-14
3.600000e-01 3.600000e-01 6.000000e-01 -5.657300e-09 5.625000e-09 3.227670e-11 0.000000e+00 2.330000e-14
3.700000e-01 3.700000e-01 6.000000e-01 -5.726100e-09 5.692900e-09 3.317320e-11 0.000000e+00 2.680000e-14
3.800000e-01 3.800000e-01 6.000000e-01 -5.790100e-09 5.756000e-09 3.406980e-11 0.000000e+00 3.020000e-14
3.900000e-01 3.900000e-01 6.000000e-01 -5.849200e-09 5.814300e-09 3.496640e-11 0.000000e+00 6.640000e-14
4.000000e-01 4.000000e-01 6.000000e-01 -5.903600e-09 5.867700e-09 3.586300e-11 0.000000e+00 3.700000e-14
4.100000e-01 4.100000e-01 6.000000e-01 -5.953100e-09 5.916400e-09 3.675950e-11 0.000000e+00 5.950000e-14
4.200000e-01 4.200000e-01 6.000000e-01 -5.997900e-09 5.960200e-09 3.765610e-11 0.000000e+00 4.390000e-14
4.300000e-01 4.300000e-01 6.000000e-01 -6.037800e-09 5.999200e-09 3.855270e-11 0.000000e+00 4.730000e-14
4.400000e-01 4.400000e-01 6.000000e-01 -6.072900e-09 6.033400e-09 3.944930e-11 0.000000e+00 5.070000e-14
4.500000e-01 4.500000e-01 6.000000e-01 -6.103100e-09 6.062800e-09 4.034580e-11 0.000000e+00 4.580000e-14
4.600000e-01 4.600000e-01 6.000000e-01 -6.128500e-09 6.087300e-09 4.124240e-11 0.000000e+00 4.240000e-14
4.700000e-01 4.700000e-01 6.000000e-01 -6.149100e-09 6.107000e-09 4.213900e-11 0.000000e+00 3.900000e-14
4.800000e-01 4.800000e-01 6.000000e-01 -6.164800e-09 6.121800e-09 4.303550e-11 0.000000e+00 3.550000e-14
4.900000e-01 4.900000e-01 6.000000e-01 -6.175700e-09 6.131800e-09 4.393210e-11 0.000000e+00 3.210000e-14
5.000000e-01 5.000000e-01 6.000000e-01 -6.182100e-09 6.137300e-09 4.482870e-11 0.000000e+00 2.870000e-14
5.100000e-01 5.100000e-01 6.000000e-01 -6.187800e-09 6.142100e-09 4.572530e-11 0.000000e+00 2.530000e-14
5.200000e-01 5.200000e-01 6.000000e-01 -6.193500e-09 6.146900e-09 4.662180e-11 0.000000e+00 2.180000e-14
5.300000e-01 5.300000e-01 6.000000e-01 -6.199200e-09 6.151600e-09 4.751840e-11 0.000000e+00 8.160000e-14
5.400000e-01 5.400000e-01 6.000000e-01 -6.204800e-09 6.156400e-09 4.841500e-11 0.000000e+00 1.500000e-14
5.500000e-01 5.500000e-01 6.000000e-01 -6.210500e-09 6.161200e-09 4.931160e-11 0.000000e+00 1.160000e-14
5.600000e-01 5.600000e-01 6.000000e-01 -6.216200e-09 6.166000e-09 5.020810e-11 0.000000e+00 8.100000e-15
5.700000e-01 5.700000e-01 6.000000e-01 -6.221900e-09 6.170800e-09 5.110470e-11 0.000000e+00 4.700000e-15
5.800000e-01 5.800000e-01 6.000000e-01 -6.227600e-09 6.175600e-09 5.200130e-11 0.000000e+00 1.300000e-15
5.900000e-01 5.900000e-01 6.000000e-01 -6.233300e-09 6.180400e-09 5.289790e-11 0.000000e+00 2.100000e-15
6.000000e-01 6.000000e-01 6.000000e-01 -6.239100e-09 6.185300e-09 5.379440e-11 0.000000e+00 5.600000e-15
6.100000e-01 6.100000e-01 6.000000e-01 -6.244800e-09 6.190100e-09 5.469100e-11 0.000000e+00 9.000000e-15
6.200000e-01 6.200000e-01 6.000000e-01 -6.250500e-09 6.194900e-09 5.558760e-11 0.000000e+00 1.240000e-14
6.300000e-01 6.300000e-01 6.000000e-01 -6.256200e-09 6.199800e-09 5.648420e-11 0.000000e+00 8.420000e-14
6.400000e-01 6.400000e-01 6.000000e-01 -6.262000e-09 6.204600e-09 5.738070e-11 0.000000e+00 1.930000e-14
6.500000e-01 6.500000e-01 6.000000e-01 -6.267700e-09 6.209500e-09 5.827730e-11 0.000000e+00 7.730000e-14
6.600000e-01 6.600000e-01 6.000000e-01 -6.273500e-09 6.214300e-09 5.917390e-11 0.000000e+00 2.610000e-14
6.700000e-01 6.700000e-01 6.000000e-01 -6.279200e-09 6.219200e-09 6.007040e-11 0.000000e+00 7.040000e-14
6.800000e-01 6.800000e-01 6.000000e-01 -6.285000e-09 6.224000e-09 6.096700e-11 0.000000e+00 3.300000e-14
6.900000e-01 6.900000e-01 6.000000e-01 -6.290800e-09 6.228900e-09 6.186360e-11 0.000000e+00 3.640000e-14
7.000000e-01 7.000000e-01 6.000000e-01 -6.296500e-09 6.233800e-09 6.276020e-11 0.000000e+00 6.020000e-14
7.100000e-01 7.100000e-01 6.000000e-01 -6.302300e-09 6.238700e-09 6.365670e-11 0.000000e+00 5.670000e-14
7.200000e-01 7.200000e-01 6.000000e-01 -6.308100e-09 6.243600e-09 6.455330e-11 0.000000e+00 5.330000e-14
7.300000e-01 7.300000e-01 6.000000e-01 -6.313900e-09 6.248500e-09 6.544990e-11 0.000000e+00 4.990000e-14
7.400000e-01 7.400000e-01 6.000000e-01 -6.319700e-09 6.253400e-09 6.634650e-11 0.000000e+00 4.650000e-14
7.500000e-01 7.500000e-01 6.000000e-01 -6.325500e-09 6.258300e-09 6.724300e-11 0.000000e+00 4.300000e-14
7.600000e-01 7.600000e-01 6.000000e-01 -6.331300e-09 6.263200e-09 6.813960e-11 0.000000e+00 3.960000e-14
7.700000e-01 7.700000e-01 6.000000e-01 -6.337100e-09 6.268100e-09 6.903620e-11 0.000000e+00 3.620000e-14
7.800000e-01 7.800000e-01 6.000000e-01 -6.342900e-09 6.273000e-09 6.993280e-11 0.000000e+00 3.280000e-14
7.900000e-01 7.900000e-01 6.000000e-01 -6.348800e-09 6.277900e-09 7.082930e-11 0.000000e+00 7.070000e-14
8.000000e-01 8.000000e-01 6.000000e-01 -6.354600e-09 6.282900e-09 7.172590e-11 0.000000e+00 2.590000e-14
8.100000e-01 8.100000e-01 6.000000e-01 -6.360400e-09 6.287800e-09 7.262250e-11 0.000000e+00 2.250000e-14
8.200000e-01 8.200000e-01 6.000000e-01 -6.366300e-09 6.292700e-09 7.351910e-11 0.000000e+00 8.090000e-14
8.300000e-01 8.300000e-01 6.000000e-01 -6.372100e-09 6.297700e-09 7.441560e-11 0.000000e+00 1.560000e-14
8.400000e-01 8.400000e-01 6.000000e-01 -6.377900e-09 6.302600e-09 7.531220e-11 0.000000e+00 1.220000e-14
8.500000e-01 8.500000e-01 6.000000e-01 -6.383800e-09 6.307600e-09 7.620880e-11 0.000000e+00 8.800000e-15
8.600000e-01 8.600000e-01 6.000000e-01 -6.389700e-09 6.312600e-09 7.710540e-11 0.000000e+00 5.400000e-15
8.700000e-01 8.700000e-01 6.000000e-01 -6.395500e-09 6.317500e-09 7.800190e-11 0.000000e+00 1.900000e-15
8.800000e-01 8.800000e-01 6.000000e-01 -6.401400e-09 6.322500e-09 7.889850e-11 0.000000e+00 1.500000e-15
8.900000e-01 8.900000e-01 6.000000e-01 -6.407300e-09 6.327500e-09 7.979510e-11 0.000000e+00 4.900000e-15
9.000000e-01 9.000000e-01 6.000000e-01 -6.413100e-09 6.332400e-09 8.069160e-11 0.000000e+00 8.400000e-15
9.100000e-01 9.100000e-01 6.000000e-01 -6.419000e-09 6.337400e-09 8.158820e-11 0.000000e+00 1.180000e-14
9.200000e-01 9.200000e-01 6.000000e-01 -6.424900e-09 6.342400e-09 8.248480e-11 0.000000e+00 1.520000e-14
9.300000e-01 9.300000e-01 6.000000e-01 -6.430800e-09 6.347400e-09 8.338140e-11 0.000000e+00 1.860000e-14
9.400000e-01 9.400000e-01 6.000000e-01 -6.436700e-09 6.352400e-09 8.427790e-11 0.000000e+00 2.210000e-14
9.500000e-01 9.500000e-01 6.000000e-01 -6.442600e-09 6.357400e-09 8.517450e-11 0.000000e+00 2.550000e-14
9.600000e-01 9.600000e-01 6.000000e-01 -6.448500e-09 6.362400e-09 8.607110e-11 0.000000e+00 2.890000e-14
9.700000e-01 9.700000e-01 6.000000e-01 -6.454400e-09 6.367500e-09 8.696770e-11 0.000000e+00 6.770000e-14
9.800000e-01 9.800000e-01 6.000000e-01 -6.460300e-09 6.372500e-09 8.786420e-11 0.000000e+00 6.420000e-14
9.900000e-01 9.900000e-01 6.000000e-01 -6.466300e-09 6.377500e-09 8.876080e-11 0.000000e+00 3.920000e-14
1.000000e+00 1.000000e+00 6.000000e-01 -6.472200e-09 6.382500e-09 8.965740e-11 0.000000e+00 4.260000e-14
1.010000e+00 1.010000e+00 6.000000e-01 -6.478100e-09 6.387600e-09 9.055400e-11 0.000000e+00 5.400000e-14
1.020000e+00 1.020000e+00 6.000000e-01 -6.484100e-09 6.392600e-09 9.145050e-11 0.000000e+00 4.950000e-14
1.030000e+00 1.030000e+00 6.000000e-01 -6.490000e-09 6.397600e-09 9.234710e-11 0.000000e+00 5.290000e-14
1.040000e+00 1.040000e+00 6.000000e-01 -6.495900e-09 6.402700e-09 9.324370e-11 0.000000e+00 4.370000e-14
1.050000e+00 1.050000e+00 6.000000e-01 -6.501900e-09 6.407800e-09 9.414030e-11 0.000000e+00 4.030000e-14
1.060000e+00 1.060000e+00 6.000000e-01 -6.507800e-09 6.412800e-09 9.503680e-11 0.000000e+00 3.680000e-14
1.070000e+00 1.070000e+00 6.000000e-01 -6.513800e-09 6.417900e-09 9.593340e-11 0.000000e+00 3.340000e-14
1.080000e+00 1.080000e+00 6.000000e-01 -6.519800e-09 6.422900e-09 9.683000e-11 0.000000e+00 7.000000e-14
1.090000e+00 1.090000e+00 6.000000e-01 -6.525700e-09 6.428000e-09 9.772660e-11 0.000000e+00 2.660000e-14
1.100000e+00 1.100000e+00 6.000000e-01 -6.531700e-09 6.433100e-09 9.862310e-11 0.000000e+00 2.310000e-14
1.110000e+00 1.110000e+00 6.000000e-01 -6.537700e-09 6.438200e-09 9.951970e-11 0.000000e+00 1.970000e-14
1.120000e+00 1.120000e+00 6.000000e-01 -6.543700e-09 6.443200e-09 1.004163e-10 0.000000e+00 8.370000e-14
1.130000e+00 1.130000e+00 6.000000e-01 -6.549600e-09 6.448300e-09 1.013128e-10 0.000000e+00 1.280000e-14
1.140000e+00 1.140000e+00 6.000000e-01 -6.555600e-09 6.453400e-09 1.022094e-10 0.000000e+00 9.400000e-15
1.150000e+00 1.150000e+00 6.000000e-01 -6.561600e-09 6.458500e-09 1.031060e-10 0.000000e+00 6.000000e-15
1.160000e+00 1.160000e+00 6.000000e-01 -6.567600e-09 6.463600e-09 1.040026e-10 0.000000e+00 2.600000e-15
1.170000e+00 1.170000e+00 6.000000e-01 -6.573600e-09 6.468700e-09 1.048991e-10 0.000000e+00 9.000000e-16
1.180000e+00 1.180000e+00 6.000000e-01 -6.579600e-09 6.473800e-09 1.057957e-10 0.000000e+00 4.300000e-15
1.190000e+00 1.190000e+00 6.000000e-01 -6.585600e-09 6.479000e-09 1.066923e-10 0.000000e+00 9.230000e-14
1.200000e+00 1.200000e+00 6.000000e-01 -6.591700e-09 6.484100e-09 1.075889e-10 0.000000e+00 1.110000e-14
0.000000e+00 0.000000e+00 8.000000e-01 0.000000e+00 0.000000e+00 0.000000e+00 0.000000e+00 0.000000e+00
1.000000e-02 1.000000e-02 8.000000e-01 -3.105057e-10 3.096091e-10 8.965739e-13 0.000000e+00 2.610000e-17
2.000000e-02 2.000000e-02 8.000000e-01 -6.163523e-10 6.145592e-10 1.793100e-12 0.000000e+00 9.632938e-26
3.000000e-02 3.000000e-02 8.000000e-01 -9.175476e-10 9.148578e-10 2.689700e-12 0.000000e+00 1.000000e-16
4.000000e-02 4.000000e-02 8.000000e-01 -1.214100e-09 1.210500e-09 3.586300e-12 0.000000e+00 1.370000e-14
5.000000e-02 5.000000e-02 8.000000e-01 -1.506000e-09 1.501500e-09 4.482900e-12 0.000000e+00 1.710000e-14
6.000000e-02 6.000000e-02 8.000000e-01 -1.793300e-09 1.787900e-09 5.379400e-12 0.000000e+00 2.060000e-14
7.000000e-02 7.000000e-02 8.000000e-01 -2.075900e-09 2.069700e-09 6.276000e-12 0.000000e+00 7.600000e-14
8.000000e-02 8.000000e-02 8.000000e-01 -2.354000e-09 2.346800e-09 7.172600e-12 0.000000e+00 2.740000e-14
9.000000e-02 9.000000e-02 8.000000e-01 -2.627400e-09 2.619300e-09 8.069200e-12 0.000000e+00 3.080000e-14
1.000000e-01 1.000000e-01 8.000000e-01 -2.896200e-09 2.887200e-09 8.965700e-12 0.000000e+00 3.430000e-14
1.100000e-01 1.100000e-01 8.000000e-01 -3.160400e-09 3.150500e-09 9.862300e-12 0.000000e+00 3.770000e-14
1.200000e-01 1.200000e-01 8.000000e-01 -3.419900e-09 3.409200e-09 1.075890e-11 0.000000e+00 5.890000e-14
1.300000e-01 1.300000e-01 8.000000e-01 -3.674900e-09 3.663300e-09 1.165550e-11 0.000000e+00 5.550000e-14
1.400000e-01 1.400000e-01 8.000000e-01 -3.925300e-09 3.912700e-09 1.255200e-11 0.000000e+00 4.800000e-14
1.500000e-01 1.500000e-01 8.000000e-01 -4.171100e-09 4.157600e-09 1.344860e-11 0.000000e+00 5.140000e-14
1.600000e-01 1.600000e-01 8.000000e-01 -4.412200e-09 4.397900e-09 1.434520e-11 0.000000e+00 4.520000e-14
1.700000e-01 1.700000e-01 8.000000e-01 -4.648800e-09 4.633600e-09 1.524180e-11 0.000000e+00 4.180000e-14
1.800000e-01 1.800000e-01 8.000000e-01 -4.880800e-09 4.864600e-09 1.613830e-11 0.000000e+00 6.170000e-14
1.900000e-01 1.900000e-01 8.000000e-01 -5.108100e-09 5.091100e-09 1.703490e-11 0.000000e+00 3.490000e-14
2.000000e-01 2.000000e-01 8.000000e-01 -5.330900e-09 5.313000e-09 1.793150e-11 0.000000e+00 3.150000e-14
2.100000e-01 2.100000e-01 8.000000e-01 -5.549100e-09 5.530300e-09 1.882810e-11 0.000000e+00 2.810000e-14
2.200000e-01 2.200000e-01 8.000000e-01 -5.762700e-09 5.743000e-09 1.972460e-11 0.000000e+00 2.460000e-14
2.300000e-01 2.300000e-01 8.000000e-01 -5.971700e-09 5.951100e-09 2.062120e-11 0.000000e+00 2.120000e-14
2.400000e-01 2.400000e-01 8.000000e-01 -6.176100e-09 6.154600e-09 2.151780e-11 0.000000e+00 1.780000e-14
2.500000e-01 2.500000e-01 8.000000e-01 -6.375900e-09 6.353500e-09 2.241430e-11 0.000000e+00 1.430000e-14
2.600000e-01 2.600000e-01 8.000000e-01 -6.571100e-09 6.547800e-09 2.331090e-11 0.000000e+00 1.090000e-14
2.700000e-01 2.700000e-01 8.000000e-01 -6.761700e-09 6.737400e-09 2.420750e-11 0.000000e+00 9.250000e-14
2.800000e-01 2.800000e-01 8.000000e-01 -6.947600e-09 6.922500e-09 2.510410e-11 0.000000e+00 4.100000e-15
2.900000e-01 2.900000e-01 8.000000e-01 -7.129000e-09 7.103000e-09 2.600060e-11 0.000000e+00 6.000000e-16
3.000000e-01 3.000000e-01 8.000000e-01 -7.305800e-09 7.278900e-09 2.689720e-11 0.000000e+00 2.800000e-15
3.100000e-01 3.100000e-01 8.000000e-01 -7.478000e-09 7.450200e-09 2.779380e-11 0.000000e+00 6.200000e-15
3.200000e-01 3.200000e-01 8.000000e-01 -7.645600e-09 7.616900e-09 2.869040e-11 0.000000e+00 9.600000e-15
3.300000e-01 3.300000e-01 8.000000e-01 -7.808500e-09 7.778900e-09 2.958690e-11 0.000000e+00 1.310000e-14
3.400000e-01 3.400000e-01 8.000000e-01 -7.966800e-09 7.936300e-09 3.048350e-11 0.000000e+00 1.650000e-14
3.500000e-01 3.500000e-01 8.000000e-01 -8.120500e-09 8.089200e-09 3.138010e-11 0.000000e+00 8.010000e-14
3.600000e-01 3.600000e-01 8.000000e-01 -8.269600e-09 8.237400e-09 3.227670e-11 0.000000e+00 7.670000e-14
3.700000e-01 3.700000e-01 8.000000e-01 -8.414100e-09 8.380900e-09 3.317320e-11 0.000000e+00 2.680000e-14
3.800000e-01 3.800000e-01 8.000000e-01 -8.553900e-09 8.519900e-09 3.406980e-11 0.000000e+00 6.980000e-14
3.900000e-01 3.900000e-01 8.000000e-01 -8.689200e-09 8.654200e-09 3.496640e-11 0.000000e+00 3.360000e-14
4.000000e-01 4.000000e-01 8.000000e-01 -8.819700e-09 8.783900e-09 3.586300e-11 0.000000e+00 6.300000e-14
4.100000e-01 4.100000e-01 8.000000e-01 -8.945700e-09 8.908900e-09 3.675950e-11 0.000000e+00 4.050000e-14
4.200000e-01 4.200000e-01 8.000000e-01 -9.066900e-09 9.029300e-09 3.765610e-11 0.000000e+00 5.610000e-14
4.300000e-01 4.300000e-01 8.000000e-01 -9.183600e-09 9.145000e-09 3.855270e-11 0.000000e+00 4.730000e-14
4.400000e-01 4.400000e-01 8.000000e-01 -9.295600e-09 9.256100e-09 3.944930e-11 0.000000e+00 5.070000e-14
4.500000e-01 4.500000e-01 8.000000e-01 -9.402900e-09 9.362600e-09 4.034580e-11 0.000000e+00 4.580000e-14
4.600000e-01 4.600000e-01 8.000000e-01 -9.505600e-09 9.464300e-09 4.124240e-11 0.000000e+00 5.760000e-14
4.700000e-01 4.700000e-01 8.000000e-01 -9.603600e-09 9.561500e-09 4.213900e-11 0.000000e+00 3.900000e-14
4.800000e-01 4.800000e-01 8.000000e-01 -9.696900e-09 9.653900e-09 4.303550e-11 0.000000e+00 3.550000e-14
4.900000e-01 4.900000e-01 8.000000e-01 -9.785600e-09 9.741700e-09 4.393210e-11 0.000000e+00 3.210000e-14
5.000000e-01 5.000000e-01 8.000000e-01 -9.869600e-09 9.824800e-09 4.482870e-11 0.000000e+00 2.870000e-14
5.100000e-01 5.100000e-01 8.000000e-01 -9.948900e-09 9.903200e-09 4.572530e-11 0.000000e+00 2.530000e-14
5.200000e-01 5.200000e-01 8.000000e-01 -1.002350e-08 9.976900e-09 4.662180e-11 0.000000e+00 2.180000e-14
5.300000e-01 5.300000e-01 8.000000e-01 -1.009340e-08 1.004590e-08 4.751840e-11 0.000000e+00 1.840000e-14
5.400000e-01 5.400000e-01 8.000000e-01 -1.015860e-08 1.011020e-08 4.841500e-11 0.000000e+00 1.500000e-14
5.500000e-01 5.500000e-01 8.000000e-01 -1.021920e-08 1.016980e-08 4.931160e-11 0.000000e+00 8.840000e-14
5.600000e-01 5.600000e-01 8.000000e-01 -1.027500e-08 1.022480e-08 5.020810e-11 0.000000e+00 8.100000e-15
5.700000e-01 5.700000e-01 8.000000e-01 -1.032600e-08 1.027490e-08 5.110470e-11 0.000000e+00 4.700000e-15
5.800000e-01 5.800000e-01 8.000000e-01 -1.037240e-08 1.032040e-08 5.200130e-11 0.000000e+00 1.300000e-15
5.900000e-01 5.900000e-01 8.000000e-01 -1.041400e-08 1.036110e-08 5.289790e-11 0.000000e+00 2.100000e-15
6.000000e-01 6.000000e-01 8.000000e-01 -1.045090e-08 1.039710e-08 5.379440e-11 0.000000e+00 5.600000e-15
6.100000e-01 6.100000e-01 8.000000e-01 -1.048310e-08 1.042840e-08 5.469100e-11 0.000000e+00 9.000000e-15
6.200000e-01 6.200000e-01 8.000000e-01 -1.051050e-08 1.045490e-08 5.558760e-11 0.000000e+00 1.240000e-14
6.300000e-01 6.300000e-01 8.000000e-01 -1.053320e-08 1.047670e-08 5.648420e-11 0.000000e+00 1.580000e-14
6.400000e-01 6.400000e-01 8.000000e-01 -1.055110e-08 1.049370e-08 5.738070e-11 0.000000e+00 1.930000e-14
6.500000e-01 6.500000e-01 8.000000e-01 -1.056420e-08 1.050590e-08 5.827730e-11 0.000000e+00 2.270000e-14
6.600000e-01 6.600000e-01 8.000000e-01 -1.057360e-08 1.051440e-08 5.917390e-11 0.000000e+00 2.610000e-14
6.700000e-01 6.700000e-01 8.000000e-01 -1.058260e-08 1.052250e-08 6.007040e-11 0.000000e+00 2.960000e-14
6.800000e-01 6.800000e-01 8.000000e-01 -1.059170e-08 1.053070e-08 6.096700e-11 0.000000e+00 3.300000e-14
6.900000e-01 6.900000e-01 8.000000e-01 -1.060080e-08 1.053890e-08 6.186360e-11 0.000000e+00 3.640000e-14
7.000000e-01 7.000000e-01 8.000000e-01 -1.060990e-08 1.054710e-08 6.276020e-11 0.000000e+00 3.980000e-14
7.100000e-01 7.100000e-01 8.000000e-01 -1.061900e-08 1.055530e-08 6.365670e-11 0.000000e+00 4.330000e-14
7.200000e-01 7.200000e-01 8.000000e-01 -1.062810e-08 1.056350e-08 6.455330e-11 0.000000e+00 4.670000e-14
7.300000e-01 7.300000e-01 8.000000e-01 -1.063720e-08 1.057170e-08 6.544990e-11 0.000000e+00 5.010000e-14
7.400000e-01 7.400000e-01 8.000000e-01 -1.064630e-08 1.058000e-08 6.634650e-11 0.000000e+00 4.650000e-14
7.500000e-01 7.500000e-01 8.000000e-01 -1.065550e-08 1.058820e-08 6.724300e-11 0.000000e+00 5.700000e-14
7.600000e-01 7.600000e-01 8.000000e-01 -1.066460e-08 1.059650e-08 6.813960e-11 0.000000e+00 3.960000e-14
7.700000e-01 7.700000e-01 8.000000e-01 -1.067380e-08 1.060470e-08 6.903620e-11 0.000000e+00 6.380000e-14
7.800000e-01 7.800000e-01 8.000000e-01 -1.068290e-08 1.061300e-08 6.993280e-11 0.000000e+00 3.280000e-14
7.900000e-01 7.900000e-01 8.000000e-01 -1.069210e-08 1.062130e-08 7.082930e-11 0.000000e+00 2.930000e-14
8.000000e-01 8.000000e-01 8.000000e-01 -1.070130e-08 1.062960e-08 7.172590e-11 0.000000e+00 2.590000e-14
8.100000e-01 8.100000e-01 8.000000e-01 -1.071050e-08 1.063790e-08 7.262250e-11 0.000000e+00 2.250000e-14
8.200000e-01 8.200000e-01 8.000000e-01 -1.071970e-08 1.064620e-08 7.351910e-11 0.000000e+00 1.910000e-14
8.300000e-01 8.300000e-01 8.000000e-01 -1.072890e-08 1.065450e-08 7.441560e-11 0.000000e+00 1.560000e-14
8.400000e-01 8.400000e-01 8.000000e-01 -1.073820e-08 1.066290e-08 7.531220e-11 0.000000e+00 1.220000e-14
8.500000e-01 8.500000e-01 8.000000e-01 -1.074740e-08 1.067120e-08 7.620880e-11 0.000000e+00 8.800000e-15
8.600000e-01 8.600000e-01 8.000000e-01 -1.075660e-08 1.067950e-08 7.710540e-11 0.000000e+00 5.400000e-15
8.700000e-01 8.700000e-01 8.000000e-01 -1.076590e-08 1.068790e-08 7.800190e-11 0.000000e+00 1.900000e-15
8.800000e-01 8.800000e-01 8.000000e-01 -1.077520e-08 1.069630e-08 7.889850e-11 0.000000e+00 1.500000e-15
8.900000e-01 8.900000e-01 8.000000e-01 -1.078440e-08 1.070460e-08 7.979510e-11 0.000000e+00 4.900000e-15
9.000000e-01 9.000000e-01 8.000000e-01 -1.079370e-08 1.071300e-08 8.069160e-11 0.000000e+00 8.400000e-15
9.100000e-01 9.100000e-01 8.000000e-01 -1.080300e-08 1.072140e-08 8.158820e-11 0.000000e+00 1.180000e-14
9.200000e-01 9.200000e-01 8.000000e-01 -1.081230e-08 1.072980e-08 8.248480e-11 0.000000e+00 1.520000e-14
9.300000e-01 9.300000e-01 8.000000e-01 -1.082160e-08 1.073820e-08 8.338140e-11 0.000000e+00 1.860000e-14
9.400000e-01 9.400000e-01 8.000000e-01 -1.083090e-08 1.074670e-08 8.427790e-11 0.000000e+00 7.790000e-14
9.500000e-01 9.500000e-01 8.000000e-01 -1.084030e-08 1.075510e-08 8.517450e-11 0.000000e+00 2.550000e-14
9.600000e-01 9.600000e-01 8.000000e-01 -1.084960e-08 1.076350e-08 8.607110e-11 0.000000e+00 2.890000e-14
9.700000e-01 9.700000e-01 8.000000e-01 -1.085900e-08 1.077200e-08 8.696770e-11 0.000000e+00 3.230000e-14
9.800000e-01 9.800000e-01 8.000000e-01 -1.086830e-08 1.078050e-08 8.786420e-11 0.000000e+00 6.420000e-14
9.900000e-01 9.900000e-01 8.000000e-01 -1.087770e-08 1.078890e-08 8.876080e-11 0.000000e+00 3.920000e-14
1.000000e+00 1.000000e+00 8.000000e-01 -1.088710e-08 1.079740e-08 8.965740e-11 0.000000e+00 4.260000e-14
1.010000e+00 1.010000e+00 8.000000e-01 -1.089640e-08 1.080590e-08 9.055400e-11 0.000000e+00 5.400000e-14
1.020000e+00 1.020000e+00 8.000000e-01 -1.090580e-08 1.081440e-08 9.145050e-11 0.000000e+00 5.050000e-14
1.030000e+00 1.030000e+00 8.000000e-01 -1.091520e-08 1.082290e-08 9.234710e-11 0.000000e+00 4.710000e-14
1.040000e+00 1.040000e+00 8.000000e-01 -1.092460e-08 1.083140e-08 9.324370e-11 0.000000e+00 4.370000e-14
1.050000e+00 1.050000e+00 8.000000e-01 -1.093400e-08 1.083990e-08 9.414030e-11 0.000000e+00 4.030000e-14
1.060000e+00 1.060000e+00 8.000000e-01 -1.094350e-08 1.084840e-08 9.503680e-11 0.000000e+00 6.320000e-14
1.070000e+00 1.070000e+00 8.000000e-01 -1.095290e-08 1.085700e-08 9.593340e-11 0.000000e+00 3.340000e-14
1.080000e+00 1.080000e+00 8.000000e-01 -1.096230e-08 1.086550e-08 9.683000e-11 0.000000e+00 3.000000e-14
1.090000e+00 1.090000e+00 8.000000e-01 -1.097180e-08 1.087410e-08 9.772660e-11 0.000000e+00 2.660000e-14
1.100000e+00 1.100000e+00 8.000000e-01 -1.098130e-08 1.088260e-08 9.862310e-11 0.000000e+00 7.690000e-14
1.110000e+00 1.110000e+00 8.000000e-01 -1.099070e-08 1.089120e-08 9.951970e-11 0.000000e+00 1.970000e-14
1.120000e+00 1.120000e+00 8.000000e-01 -1.100020e-08 1.089980e-08 1.004163e-10 0.000000e+00 1.630000e-14
1.130000e+00 1.130000e+00 8.000000e-01 -1.100970e-08 1.090840e-08 1.013128e-10 0.000000e+00 1.280000e-14
1.140000e+00 1.140000e+00 8.000000e-01 -1.101920e-08 1.091700e-08 1.022094e-10 0.000000e+00 9.400000e-15
1.150000e+00 1.150000e+00 8.000000e-01 -1.102870e-08 1.092560e-08 1.031060e-10 0.000000e+00 6.000000e-15
1.160000e+00 1.160000e+00 8.000000e-01 -1.103820e-08 1.093420e-08 1.040026e-10 0.000000e+00 2.600000e-15
1.170000e+00 1.170000e+00 8.000000e-01 -1.104770e-08 1.094280e-08 1.048991e-10 0.000000e+00 9.000000e-16
1.180000e+00 1.180000e+00 8.000000e-01 -1.105720e-08 1.095140e-08 1.057957e-10 0.000000e+00 4.300000e-15
1.190000e+00 1.190000e+00 8.000000e-01 -1.106670e-08 1.096000e-08 1.066923e-10 0.000000e+00 7.700000e-15
1.200000e+00 1.200000e+00 8.000000e-01 -1.107630e-08 1.096870e-08 1.075889e-10 0.000000e+00 1.110000e-14
0.000000e+00 0.000000e+00 1.000000e+00 0.000000e+00 0.000000e+00 0.000000e+00 0.000000e+00 0.000000e+00
1.000000e-02 1.000000e-02 1.000000e+00 -3.785316e-10 3.776350e-10 8.965739e-13 0.000000e+00 2.610000e-17
2.000000e-02 2.000000e-02 1.000000e+00 -7.525570e-10 7.507638e-10 1.793100e-12 0.000000e+00 1.000000e-16
3.000000e-02 3.000000e-02 1.000000e+00 -1.122100e-09 1.119400e-09 2.689700e-12 0.000000e+00 1.030000e-14
4.000000e-02 4.000000e-02 1.000000e+00 -1.487100e-09 1.483500e-09 3.586300e-12 0.000000e+00 1.370000e-14
5.000000e-02 5.000000e-02 1.000000e+00 -1.847700e-09 1.843200e-09 4.482900e-12 0.000000e+00 1.710000e-14
6.000000e-02 6.000000e-02 1.000000e+00 -2.203700e-09 2.198400e-09 5.379400e-12 0.000000e+00 7.940000e-14
7.000000e-02 7.000000e-02 1.000000e+00 -2.555300e-09 2.549100e-09 6.276000e-12 0.000000e+00 7.600000e-14
8.000000e-02 8.000000e-02 1.000000e+00 -2.902500e-09 2.895300e-09 7.172600e-12 0.000000e+00 2.740000e-14
9.000000e-02 9.000000e-02 1.000000e+00 -3.245100e-09 3.237100e-09 8.069200e-12 0.000000e+00 6.920000e-14
1.000000e-01 1.000000e-01 1.000000e+00 -3.583400e-09 3.574400e-09 8.965700e-12 0.000000e+00 3.430000e-14
1.100000e-01 1.100000e-01 1.000000e+00 -3.917100e-09 3.907300e-09 9.862300e-12 0.000000e+00 6.230000e-14
1.200000e-01 1.200000e-01 1.000000e+00 -4.246400e-09 4.235700e-09 1.075890e-11 0.000000e+00 5.890000e-14
1.300000e-01 1.300000e-01 1.000000e+00 -4.571300e-09 4.559600e-09 1.165550e-11 0.000000e+00 4.450000e-14
1.400000e-01 1.400000e-01 1.000000e+00 -4.891700e-09 4.879100e-09 1.255200e-11 0.000000e+00 4.800000e-14
1.500000e-01 1.500000e-01 1.000000e+00 -5.207700e-09 5.194200e-09 1.344860e-11 0.000000e+00 5.140000e-14
1.600000e-01 1.600000e-01 1.000000e+00 -5.519200e-09 5.504800e-09 1.434520e-11 0.000000e+00 5.480000e-14
1.700000e-01 1.700000e-01 1.000000e+00 -5.826300e-09 5.811000e-09 1.524180e-11 0.000000e+00 5.820000e-14
1.800000e-01 1.800000e-01 1.000000e+00 -6.128900e-09 6.112800e-09 1.613830e-11 0.000000e+00 3.830000e-14
1.900000e-01 1.900000e-01 1.000000e+00 -6.427100e-09 6.410100e-09 1.703490e-11 0.000000e+00 3.490000e-14
2.000000e-01 2.000000e-01 1.000000e+00 -6.720900e-09 6.703000e-09 1.793150e-11 0.000000e+00 3.150000e-14
2.100000e-01 2.100000e-01 1.000000e+00 -7.010300e-09 6.991400e-09 1.882810e-11 0.000000e+00 7.190000e-14
2.200000e-01 2.200000e-01 1.000000e+00 -7.295200e-09 7.275500e-09 1.972460e-11 0.000000e+00 2.460000e-14
2.300000e-01 2.300000e-01 1.000000e+00 -7.575600e-09 7.555000e-09 2.062120e-11 0.000000e+00 2.120000e-14
2.400000e-01 2.400000e-01 1.000000e+00 -7.851700e-09 7.830200e-09 2.151780e-11 0.000000e+00 1.780000e-14
2.500000e-01 2.500000e-01 1.000000e+00 -8.123300e-09 8.100900e-09 2.241430e-11 0.000000e+00 1.430000e-14
2.600000e-01 2.600000e-01 1.000000e+00 -8.390400e-09 8.367100e-09 2.331090e-11 0.000000e+00 1.090000e-14
2.700000e-01 2.700000e-01 1.000000e+00 -8.653200e-09 8.629000e-09 2.420750e-11 0.000000e+00 7.500000e-15
2.800000e-01 2.800000e-01 1.000000e+00 -8.911500e-09 8.886400e-09 2.510410e-11 0.000000e+00 4.100000e-15
2.900000e-01 2.900000e-01 1.000000e+00 -9.165300e-09 9.139300e-09 2.600060e-11 0.000000e+00 6.000000e-16
3.000000e-01 3.000000e-01 1.000000e+00 -9.414700e-09 9.387800e-09 2.689720e-11 0.000000e+00 2.800000e-15
3.100000e-01 3.100000e-01 1.000000e+00 -9.659700e-09 9.631900e-09 2.779380e-11 0.000000e+00 6.200000e-15
3.200000e-01 3.200000e-01 1.000000e+00 -9.900200e-09 9.871500e-09 2.869040e-11 0.000000e+00 9.600000e-15
3.300000e-01 3.300000e-01 1.000000e+00 -1.013630e-08 1.010670e-08 2.958690e-11 0.000000e+00 1.310000e-14
3.400000e-01 3.400000e-01 1.000000e+00 -1.036790e-08 1.033740e-08 3.048350e-11 0.000000e+00 1.650000e-14
3.500000e-01 3.500000e-01 1.000000e+00 -1.059510e-08 1.056370e-08 3.138010e-11 0.000000e+00 1.990000e-14
3.600000e-01 3.600000e-01 1.000000e+00 -1.081780e-08 1.078550e-08 3.227670e-11 0.000000e+00 2.330000e-14
3.700000e-01 3.700000e-01 1.000000e+00 -1.103600e-08 1.100290e-08 3.317320e-11 0.000000e+00 7.320000e-14
3.800000e-01 3.800000e-01 1.000000e+00 -1.124980e-08 1.121580e-08 3.406980e-11 0.000000e+00 6.980000e-14
3.900000e-01 3.900000e-01 1.000000e+00 -1.145920e-08 1.142420e-08 3.496640e-11 0.000000e+00 3.360000e-14
4.000000e-01 4.000000e-01 1.000000e+00 -1.166400e-08 1.162820e-08 3.586300e-11 0.000000e+00 6.300000e-14
4.100000e-01 4.100000e-01 1.000000e+00 -1.186440e-08 1.182770e-08 3.675950e-11 0.000000e+00 5.950000e-14
4.200000e-01 4.200000e-01 1.000000e+00 -1.206030e-08 1.202270e-08 3.765610e-11 0.000000e+00 5.610000e-14
4.300000e-01 4.300000e-01 1.000000e+00 -1.225180e-08 1.221320e-08 3.855270e-11 0.000000e+00 4.730000e-14
4.400000e-01 4.400000e-01 1.000000e+00 -1.243880e-08 1.239930e-08 3.944930e-11 0.000000e+00 5.070000e-14
4.500000e-01 4.500000e-01 1.000000e+00 -1.262120e-08 1.258090e-08 4.034580e-11 0.000000e+00 4.580000e-14
4.600000e-01 4.600000e-01 1.000000e+00 -1.279920e-08 1.275800e-08 4.124240e-11 0.000000e+00 4.240000e-14
4.700000e-01 4.700000e-01 1.000000e+00 -1.297270e-08 1.293060e-08 4.213900e-11 0.000000e+00 3.900000e-14
4.800000e-01 4.800000e-01 1.000000e+00 -1.314170e-08 1.309870e-08 4.303550e-11 0.000000e+00 3.550000e-14
4.900000e-01 4.900000e-01 1.000000e+00 -1.330620e-08 1.326230e-08 4.393210e-11 0.000000e+00 3.210000e-14
5.000000e-01 5.000000e-01 1.000000e+00 -1.346620e-08 1.342140e-08 4.482870e-11 0.000000e+00 2.870000e-14
5.100000e-01 5.100000e-01 1.000000e+00 -1.362170e-08 1.357600e-08 4.572530e-11 0.000000e+00 2.530000e-14
5.200000e-01 5.200000e-01 1.000000e+00 -1.377270e-08 1.372610e-08 4.662180e-11 0.000000e+00 2.180000e-14
5.300000e-01 5.300000e-01 1.000000e+00 -1.391910e-08 1.387160e-08 4.751840e-11 0.000000e+00 1.840000e-14
5.400000e-01 5.400000e-01 1.000000e+00 -1.406110e-08 1.401270e-08 4.841500e-11 0.000000e+00 1.500000e-14
5.500000e-01 5.500000e-01 1.000000e+00 -1.419850e-08 1.414920e-08 4.931160e-11 0.000000e+00 1.160000e-14
5.600000e-01 5.600000e-01 1.000000e+00 -1.433130e-08 1.428110e-08 5.020810e-11 0.000000e+00 8.100000e-15
5.700000e-01 5.700000e-01 1.000000e+00 -1.445960e-08 1.440850e-08 5.110470e-11 0.000000e+00 4.700000e-15
5.800000e-01 5.800000e-01 1.000000e+00 -1.458340e-08 1.453140e-08 5.200130e-11 0.000000e+00 1.300000e-15
5.900000e-01 5.900000e-01 1.000000e+00 -1.470260e-08 1.464970e-08 5.289790e-11 0.000000e+00 2.100000e-15
6.000000e-01 6.000000e-01 1.000000e+00 -1.481730e-08 1.476350e-08 5.379440e-11 0.000000e+00 5.600000e-15
6.100000e-01 6.100000e-01 1.000000e+00 -1.492740e-08 1.487270e-08 5.469100e-11 0.000000e+00 9.000000e-15
6.200000e-01 6.200000e-01 1.000000e+00 -1.503290e-08 1.497740e-08 5.558760e-11 0.000000e+00 8.760000e-14
6.300000e-01 6.300000e-01 1.000000e+00 -1.513390e-08 1.507740e-08 5.648420e-11 0.000000e+00 1.580000e-14
6.400000e-01 6.400000e-01 1.000000e+00 -1.523030e-08 1.517290e-08 5.738070e-11 0.000000e+00 1.930000e-14
6.500000e-01 6.500000e-01 1.000000e+00 -1.532210e-08 1.526380e-08 5.827730e-11 0.000000e+00 2.270000e-14
6.600000e-01 6.600000e-01 1.000000e+00 -1.540930e-08 1.535010e-08 5.917390e-11 0.000000e+00 2.610000e-14
6.700000e-01 6.700000e-01 1.000000e+00 -1.549190e-08 1.543180e-08 6.007040e-11 0.000000e+00 2.960000e-14
6.800000e-01 6.800000e-01 1.000000e+00 -1.556990e-08 1.550890e-08 6.096700e-11 0.000000e+00 3.300000e-14
6.900000e-01 6.900000e-01 1.000000e+00 -1.564330e-08 1.558140e-08 6.186360e-11 0.000000e+00 3.640000e-14
7.000000e-01 7.000000e-01 1.000000e+00 -1.571200e-08 1.564930e-08 6.276020e-11 0.000000e+00 6.020000e-14
7.100000e-01 7.100000e-01 1.000000e+00 -1.577620e-08 1.571250e-08 6.365670e-11 0.000000e+00 4.330000e-14
7.200000e-01 7.200000e-01 1.000000e+00 -1.583570e-08 1.577120e-08 6.455330e-11 0.000000e+00 5.330000e-14
7.300000e-01 7.300000e-01 1.000000e+00 -1.589060e-08 1.582510e-08 6.544990e-11 0.000000e+00 5.010000e-14
7.400000e-01 7.400000e-01 1.000000e+00 -1.594080e-08 1.587450e-08 6.634650e-11 0.000000e+00 4.650000e-14
7.500000e-01 7.500000e-01 1.000000e+00 -1.598640e-08 1.591920e-08 6.724300e-11 0.000000e+00 4.300000e-14
7.600000e-01 7.600000e-01 1.000000e+00 -1.602740e-08 1.595920e-08 6.813960e-11 0.000000e+00 6.040000e-14
7.700000e-01 7.700000e-01 1.000000e+00 -1.606360e-08 1.599460e-08 6.903620e-11 0.000000e+00 3.620000e-14
7.800000e-01 7.800000e-01 1.000000e+00 -1.609520e-08 1.602530e-08 6.993280e-11 0.000000e+00 3.280000e-14
7.900000e-01 7.900000e-01 1.000000e+00 -1.612210e-08 1.605130e-08 7.082930e-11 0.000000e+00 2.930000e-14
8.000000e-01 8.000000e-01 1.000000e+00 -1.614440e-08 1.607260e-08 7.172590e-11 0.000000e+00 7.410000e-14
8.100000e-01 8.100000e-01 1.000000e+00 -1.616190e-08 1.608930e-08 7.262250e-11 0.000000e+00 2.250000e-14
8.200000e-01 8.200000e-01 1.000000e+00 -1.617560e-08 1.610210e-08 7.351910e-11 0.000000e+00 1.910000e-14
8.300000e-01 8.300000e-01 1.000000e+00 -1.618900e-08 1.611460e-08 7.441560e-11 0.000000e+00 1.560000e-14
8.400000e-01 8.400000e-01 1.000000e+00 -1.620240e-08 1.612710e-08 7.531220e-11 0.000000e+00 1.220000e-14
8.500000e-01 8.500000e-01 1.000000e+00 -1.621590e-08 1.613970e-08 7.620880e-11 0.000000e+00 8.800000e-15
8.600000e-01 8.600000e-01 1.000000e+00 -1.622930e-08 1.615220e-08 7.710540e-11 0.000000e+00 5.400000e-15
8.700000e-01 8.700000e-01 1.000000e+00 -1.624280e-08 1.616480e-08 7.800190e-11 0.000000e+00 1.900000e-15
8.800000e-01 8.800000e-01 1.000000e+00 -1.625620e-08 1.617730e-08 7.889850e-11 0.000000e+00 1.500000e-15
8.900000e-01 8.900000e-01 1.000000e+00 -1.626970e-08 1.618990e-08 7.979510e-11 0.000000e+00 4.900000e-15
9.000000e-01 9.000000e-01 1.000000e+00 -1.628320e-08 1.620250e-08 8.069160e-11 0.000000e+00 8.400000e-15
9.100000e-01 9.100000e-01 1.000000e+00 -1.629670e-08 1.621520e-08 8.158820e-11 0.000000e+00 8.820000e-14
9.200000e-01 9.200000e-01 1.000000e+00 -1.631030e-08 1.622780e-08 8.248480e-11 0.000000e+00 1.520000e-14
9.300000e-01 9.300000e-01 1.000000e+00 -1.632380e-08 1.624040e-08 8.338140e-11 0.000000e+00 1.860000e-14
9.400000e-01 9.400000e-01 1.000000e+00 -1.633740e-08 1.625310e-08 8.427790e-11 0.000000e+00 2.210000e-14
9.500000e-01 9.500000e-01 1.000000e+00 -1.635100e-08 1.626580e-08 8.517450e-11 0.000000e+00 2.550000e-14
9.600000e-01 9.600000e-01 1.000000e+00 -1.636450e-08 1.627850e-08 8.607110e-11 0.000000e+00 7.110000e-14
9.700000e-01 9.700000e-01 1.000000e+00 -1.637820e-08 1.629120e-08 8.696770e-11 0.000000e+00 3.230000e-14
9.800000e-01 9.800000e-01 1.000000e+00 -1.639180e-08 1.630390e-08 8.786420e-11 0.000000e+00 3.580000e-14
9.900000e-01 9.900000e-01 1.000000e+00 -1.640540e-08 1.631660e-08 8.876080e-11 0.000000e+00 3.920000e-14
1.000000e+00 1.000000e+00 1.000000e+00 -1.641910e-08 1.632940e-08 8.965740e-11 0.000000e+00 4.260000e-14
1.010000e+00 1.010000e+00 1.000000e+00 -1.643270e-08 1.634220e-08 9.055400e-11 0.000000e+00 5.400000e-14
1.020000e+00 1.020000e+00 1.000000e+00 -1.644640e-08 1.635490e-08 9.145050e-11 0.000000e+00 4.950000e-14
1.030000e+00 1.030000e+00 1.000000e+00 -1.646010e-08 1.636770e-08 9.234710e-11 0.000000e+00 5.290000e-14
1.040000e+00 1.040000e+00 1.000000e+00 -1.647380e-08 1.638060e-08 9.324370e-11 0.000000e+00 4.370000e-14
1.050000e+00 1.050000e+00 1.000000e+00 -1.648750e-08 1.639340e-08 9.414030e-11 0.000000e+00 4.030000e-14
1.060000e+00 1.060000e+00 1.000000e+00 -1.650130e-08 1.640620e-08 9.503680e-11 0.000000e+00 6.320000e-14
1.070000e+00 1.070000e+00 1.000000e+00 -1.651500e-08 1.641910e-08 9.593340e-11 0.000000e+00 3.340000e-14
1.080000e+00 1.080000e+00 1.000000e+00 -1.652880e-08 1.643190e-08 9.683000e-11 0.000000e+00 7.000000e-14
1.090000e+00 1.090000e+00 1.000000e+00 -1.654250e-08 1.644480e-08 9.772660e-11 0.000000e+00 2.660000e-14
1.100000e+00 1.100000e+00 1.000000e+00 -1.655630e-08 1.645770e-08 9.862310e-11 0.000000e+00 2.310000e-14
1.110000e+00 1.110000e+00 1.000000e+00 -1.657010e-08 1.647060e-08 9.951970e-11 0.000000e+00 1.970000e-14
1.120000e+00 1.120000e+00 1.000000e+00 -1.658400e-08 1.648350e-08 1.004163e-10 0.000000e+00 8.370000e-14
1.130000e+00 1.130000e+00 1.000000e+00 -1.659780e-08 1.649650e-08 1.013128e-10 0.000000e+00 1.280000e-14
1.140000e+00 1.140000e+00 1.000000e+00 -1.661160e-08 1.650940e-08 1.022094e-10 0.000000e+00 9.400000e-15
1.150000e+00 1.150000e+00 1.000000e+00 -1.662550e-08 1.652240e-08 1.031060e-10 0.000000e+00 6.000000e-15
1.160000e+00 1.160000e+00 1.000000e+00 -1.663940e-08 1.653540e-08 1.040026e-10 0.000000e+00 2.600000e-15
1.170000e+00 1.170000e+00 1.000000e+00 -1.665320e-08 1.654830e-08 1.048991e-10 0.000000e+00 9.000000e-16
1.180000e+00 1.180000e+00 1.000000e+00 -1.666710e-08 1.656130e-08 1.057957e-10 0.000000e+00 4.300000e-15
1.190000e+00 1.190000e+00 1.000000e+00 -1.668110e-08 1.657440e-08 1.066923e-10 0.000000e+00 7.700000e-15
1.200000e+00 1.200000e+00 1.000000e+00 -1.669500e-08 1.658740e-08 1.075889e-10 0.000000e+00 1.110000e-14
0.000000e+00 0.000000e+00 1.200000e+00 0.000000e+00 0.000000e+00 0.000000e+00 0.000000e+00 0.000000e+00
1.000000e-02 1.000000e-02 1.200000e+00 -4.449343e-10 4.440377e-10 8.965739e-13 0.000000e+00 2.610000e-17
2.000000e-02 2.000000e-02 1.200000e+00 -8.855080e-10 8.837148e-10 1.793100e-12 0.000000e+00 1.000000e-16
3.000000e-02 3.000000e-02 1.200000e+00 -1.321700e-09 1.319000e-09 2.689700e-12 0.000000e+00 1.030000e-14
4.000000e-02 4.000000e-02 1.200000e+00 -1.753600e-09 1.750000e-09 3.586300e-12 0.000000e+00 1.370000e-14
5.000000e-02 5.000000e-02 1.200000e+00 -2.181100e-09 2.176700e-09 4.482900e-12 0.000000e+00 8.290000e-14
6.000000e-02 6.000000e-02 1.200000e+00 -2.604400e-09 2.599000e-09 5.379400e-12 0.000000e+00 2.060000e-14
7.000000e-02 7.000000e-02 1.200000e+00 -3.023200e-09 3.017000e-09 6.276000e-12 0.000000e+00 7.600000e-14
8.000000e-02 8.000000e-02 1.200000e+00 -3.437800e-09 3.430600e-09 7.172600e-12 0.000000e+00 2.740000e-14
9.000000e-02 9.000000e-02 1.200000e+00 -3.848100e-09 3.840000e-09 8.069200e-12 0.000000e+00 3.080000e-14
1.000000e-01 1.000000e-01 1.200000e+00 -4.254000e-09 4.245000e-09 8.965700e-12 0.000000e+00 3.430000e-14
1.100000e-01 1.100000e-01 1.200000e+00 -4.655600e-09 4.645800e-09 9.862300e-12 0.000000e+00 6.230000e-14
1.200000e-01 1.200000e-01 1.200000e+00 -5.053000e-09 5.042200e-09 1.075890e-11 0.000000e+00 4.110000e-14
1.300000e-01 1.300000e-01 1.200000e+00 -5.446000e-09 5.434300e-09 1.165550e-11 0.000000e+00 4.450000e-14
1.400000e-01 1.400000e-01 1.200000e+00 -5.834700e-09 5.822200e-09 1.255200e-11 0.000000e+00 5.200000e-14
1.500000e-01 1.500000e-01 1.200000e+00 -6.219200e-09 6.205700e-09 1.344860e-11 0.000000e+00 5.140000e-14
1.600000e-01 1.600000e-01 1.200000e+00 -6.599300e-09 6.585000e-09 1.434520e-11 0.000000e+00 4.520000e-14
1.700000e-01 1.700000e-01 1.200000e+00 -6.975200e-09 6.960000e-09 1.524180e-11 0.000000e+00 4.180000e-14
1.800000e-01 1.800000e-01 1.200000e+00 -7.346800e-09 7.330700e-09 1.613830e-11 0.000000e+00 3.830000e-14
1.900000e-01 1.900000e-01 1.200000e+00 -7.714100e-09 7.697100e-09 1.703490e-11 0.000000e+00 3.490000e-14
2.000000e-01 2.000000e-01 1.200000e+00 -8.077100e-09 8.059200e-09 1.793150e-11 0.000000e+00 3.150000e-14
2.100000e-01 2.100000e-01 1.200000e+00 -8.435900e-09 8.417000e-09 1.882810e-11 0.000000e+00 7.190000e-14
2.200000e-01 2.200000e-01 1.200000e+00 -8.790300e-09 8.770600e-09 1.972460e-11 0.000000e+00 2.460000e-14
2.300000e-01 2.300000e-01 1.200000e+00 -9.140500e-09 9.119900e-09 2.062120e-11 0.000000e+00 2.120000e-14
2.400000e-01 2.400000e-01 1.200000e+00 -9.486400e-09 9.464900e-09 2.151780e-11 0.000000e+00 1.780000e-14
2.500000e-01 2.500000e-01 1.200000e+00 -9.828000e-09 9.805600e-09 2.241430e-11 0.000000e+00 1.430000e-14
2.600000e-01 2.600000e-01 1.200000e+00 -1.016540e-08 1.014200e-08 2.331090e-11 0.000000e+00 8.910000e-14
2.700000e-01 2.700000e-01 1.200000e+00 -1.049840e-08 1.047420e-08 2.420750e-11 0.000000e+00 7.500000e-15
2.800000e-01 2.800000e-01 1.200000e+00 -1.082720e-08 1.080210e-08 2.510410e-11 0.000000e+00 4.100000e-15
2.900000e-01 2.900000e-01 1.200000e+00 -1.115170e-08 1.112570e-08 2.600060e-11 0.000000e+00 6.000000e-16
3.000000e-01 3.000000e-01 1.200000e+00 -1.147190e-08 1.144500e-08 2.689720e-11 0.000000e+00 2.800000e-15
3.100000e-01 3.100000e-01 1.200000e+00 -1.178780e-08 1.176000e-08 2.779380e-11 0.000000e+00 6.200000e-15
3.200000e-01 3.200000e-01 1.200000e+00 -1.209940e-08 1.207080e-08 2.869040e-11 0.000000e+00 9.040000e-14
3.300000e-01 3.300000e-01 1.200000e+00 -1.240680e-08 1.237720e-08 2.958690e-11 0.000000e+00 1.310000e-14
3.400000e-01 3.400000e-01 1.200000e+00 -1.270990e-08 1.267940e-08 3.048350e-11 0.000000e+00 1.650000e-14
3.500000e-01 3.500000e-01 1.200000e+00 -1.300860e-08 1.297720e-08 3.138010e-11 0.000000e+00 1.990000e-14
3.600000e-01 3.600000e-01 1.200000e+00 -1.330310e-08 1.327080e-08 3.227670e-11 0.000000e+00 2.330000e-14
3.700000e-01 3.700000e-01 1.200000e+00 -1.359330e-08 1.356010e-08 3.317320e-11 0.000000e+00 2.680000e-14
3.800000e-01 3.800000e-01 1.200000e+00 -1.387920e-08 1.384510e-08 3.406980e-11 0.000000e+00 3.020000e-14
3.900000e-01 3.900000e-01 1.200000e+00 -1.416070e-08 1.412580e-08 3.496640e-11 0.000000e+00 6.640000e-14
4.000000e-01 4.000000e-01 1.200000e+00 -1.443800e-08 1.440220e-08 3.586300e-11 0.000000e+00 6.300000e-14
4.100000e-01 4.100000e-01 1.200000e+00 -1.471100e-08 1.467420e-08 3.675950e-11 0.000000e+00 4.050000e-14
4.200000e-01 4.200000e-01 1.200000e+00 -1.497960e-08 1.494200e-08 3.765610e-11 0.000000e+00 5.610000e-14
4.300000e-01 4.300000e-01 1.200000e+00 -1.524400e-08 1.520540e-08 3.855270e-11 0.000000e+00 4.730000e-14
4.400000e-01 4.400000e-01 1.200000e+00 -1.550400e-08 1.546460e-08 3.944930e-11 0.000000e+00 4.930000e-14
4.500000e-01 4.500000e-01 1.200000e+00 -1.575970e-08 1.571940e-08 4.034580e-11 0.000000e+00 4.580000e-14
4.600000e-01 4.600000e-01 1.200000e+00 -1.601110e-08 1.596990e-08 4.124240e-11 0.000000e+00 4.240000e-14
4.700000e-01 4.700000e-01 1.200000e+00 -1.625820e-08 1.621610e-08 4.213900e-11 0.000000e+00 3.900000e-14
4.800000e-01 4.800000e-01 1.200000e+00 -1.650090e-08 1.645790e-08 4.303550e-11 0.000000e+00 3.550000e-14
4.900000e-01 4.900000e-01 1.200000e+00 -1.673930e-08 1.669540e-08 4.393210e-11 0.000000e+00 3.210000e-14
5.000000e-01 5.000000e-01 1.200000e+00 -1.697340e-08 1.692850e-08 4.482870e-11 0.000000e+00 7.130000e-14
5.100000e-01 5.100000e-01 1.200000e+00 -1.720310e-08 1.715740e-08 4.572530e-11 0.000000e+00 2.530000e-14
5.200000e-01 5.200000e-01 1.200000e+00 -1.742850e-08 1.738180e-08 4.662180e-11 0.000000e+00 7.820000e-14
5.300000e-01 5.300000e-01 1.200000e+00 -1.764950e-08 1.760200e-08 4.751840e-11 0.000000e+00 1.840000e-14
5.400000e-01 5.400000e-01 1.200000e+00 -1.786610e-08 1.781770e-08 4.841500e-11 0.000000e+00 1.500000e-14
5.500000e-01 5.500000e-01 1.200000e+00 -1.807840e-08 1.802910e-08 4.931160e-11 0.000000e+00 1.160000e-14
5.600000e-01 5.600000e-01 1.200000e+00 -1.828640e-08 1.823620e-08 5.020810e-11 0.000000e+00 8.100000e-15
5.700000e-01 5.700000e-01 1.200000e+00 -1.848990e-08 1.843880e-08 5.110470e-11 0.000000e+00 4.700000e-15
5.800000e-01 5.800000e-01 1.200000e+00 -1.868910e-08 1.863710e-08 5.200130e-11 0.000000e+00 1.300000e-15
5.900000e-01 5.900000e-01 1.200000e+00 -1.888390e-08 1.883110e-08 5.289790e-11 0.000000e+00 9.790000e-14
6.000000e-01 6.000000e-01 1.200000e+00 -1.907440e-08 1.902060e-08 5.379440e-11 0.000000e+00 5.600000e-15
6.100000e-01 6.100000e-01 1.200000e+00 -1.926040e-08 1.920570e-08 5.469100e-11 0.000000e+00 9.000000e-15
6.200000e-01 6.200000e-01 1.200000e+00 -1.944210e-08 1.938650e-08 5.558760e-11 0.000000e+00 1.240000e-14
6.300000e-01 6.300000e-01 1.200000e+00 -1.961930e-08 1.956280e-08 5.648420e-11 0.000000e+00 1.580000e-14
6.400000e-01 6.400000e-01 1.200000e+00 -1.979210e-08 1.973470e-08 5.738070e-11 0.000000e+00 1.930000e-14
6.500000e-01 6.500000e-01 1.200000e+00 -1.996060e-08 1.990230e-08 5.827730e-11 0.000000e+00 2.270000e-14
6.600000e-01 6.600000e-01 1.200000e+00 -2.012460e-08 2.006540e-08 5.917390e-11 0.000000e+00 2.610000e-14
6.700000e-01 6.700000e-01 1.200000e+00 -2.028410e-08 2.022410e-08 6.007040e-11 0.000000e+00 7.040000e-14
6.800000e-01 6.800000e-01 1.200000e+00 -2.043930e-08 2.037830e-08 6.096700e-11 0.000000e+00 3.300000e-14
6.900000e-01 6.900000e-01 1.200000e+00 -2.059000e-08 2.052810e-08 6.186360e-11 0.000000e+00 3.640000e-14
7.000000e-01 7.000000e-01 1.200000e+00 -2.073630e-08 2.067350e-08 6.276020e-11 0.000000e+00 3.980000e-14
7.100000e-01 7.100000e-01 1.200000e+00 -2.087810e-08 2.081450e-08 6.365670e-11 0.000000e+00 5.670000e-14
7.200000e-01 7.200000e-01 1.200000e+00 -2.101550e-08 2.095090e-08 6.455330e-11 0.000000e+00 4.670000e-14
7.300000e-01 7.300000e-01 1.200000e+00 -2.114840e-08 2.108300e-08 6.544990e-11 0.000000e+00 4.990000e-14
7.400000e-01 7.400000e-01 1.200000e+00 -2.127690e-08 2.121050e-08 6.634650e-11 0.000000e+00 5.350000e-14
7.500000e-01 7.500000e-01 1.200000e+00 -2.140090e-08 2.133360e-08 6.724300e-11 0.000000e+00 5.700000e-14
7.600000e-01 7.600000e-01 1.200000e+00 -2.152040e-08 2.145220e-08 6.813960e-11 0.000000e+00 6.040000e-14
7.700000e-01 7.700000e-01 1.200000e+00 -2.163540e-08 2.156630e-08 6.903620e-11 0.000000e+00 6.380000e-14
7.800000e-01 7.800000e-01 1.200000e+00 -2.174590e-08 2.167600e-08 6.993280e-11 0.000000e+00 3.280000e-14
7.900000e-01 7.900000e-01 1.200000e+00 -2.185190e-08 2.178110e-08 7.082930e-11 0.000000e+00 2.930000e-14
8.000000e-01 8.000000e-01 1.200000e+00 -2.195350e-08 2.188170e-08 7.172590e-11 0.000000e+00 7.410000e-14
8.100000e-01 8.100000e-01 1.200000e+00 -2.205050e-08 2.197790e-08 7.262250e-11 0.000000e+00 2.250000e-14
8.200000e-01 8.200000e-01 1.200000e+00 -2.214300e-08 2.206950e-08 7.351910e-11 0.000000e+00 1.910000e-14
8.300000e-01 8.300000e-01 1.200000e+00 -2.223090e-08 2.215650e-08 7.441560e-11 0.000000e+00 1.560000e-14
8.400000e-01 8.400000e-01 1.200000e+00 -2.231440e-08 2.223910e-08 7.531220e-11 0.000000e+00 1.220000e-14
8.500000e-01 8.500000e-01 1.200000e+00 -2.239330e-08 2.231710e-08 7.620880e-11 0.000000e+00 8.800000e-15
8.600000e-01 8.600000e-01 1.200000e+00 -2.246760e-08 2.239050e-08 7.710540e-11 0.000000e+00 5.400000e-15
8.700000e-01 8.700000e-01 1.200000e+00 -2.253740e-08 2.245940e-08 7.800190e-11 0.000000e+00 1.900000e-15
8.800000e-01 8.800000e-01 1.200000e+00 -2.260270e-08 2.252380e-08 7.889850e-11 0.000000e+00 1.500000e-15
8.900000e-01 8.900000e-01 1.200000e+00 -2.266340e-08 2.258360e-08 7.979510e-11 0.000000e+00 4.900000e-15
9.000000e-01 9.000000e-01 1.200000e+00 -2.271950e-08 2.263880e-08 8.069160e-11 0.000000e+00 8.400000e-15
9.100000e-01 9.100000e-01 1.200000e+00 -2.277100e-08 2.268940e-08 8.158820e-11 0.000000e+00 1.180000e-14
9.200000e-01 9.200000e-01 1.200000e+00 -2.281790e-08 2.273540e-08 8.248480e-11 0.000000e+00 1.520000e-14
9.300000e-01 9.300000e-01 1.200000e+00 -2.286020e-08 2.277690e-08 8.338140e-11 0.000000e+00 8.140000e-14
9.400000e-01 9.400000e-01 1.200000e+00 -2.289800e-08 2.281370e-08 8.427790e-11 0.000000e+00 2.210000e-14
9.500000e-01 9.500000e-01 1.200000e+00 -2.293110e-08 2.284590e-08 8.517450e-11 0.000000e+00 2.550000e-14
9.600000e-01 9.600000e-01 1.200000e+00 -2.295960e-08 2.287350e-08 8.607110e-11 0.000000e+00 2.890000e-14
9.700000e-01 9.700000e-01 1.200000e+00 -2.298340e-08 2.289650e-08 8.696770e-11 0.000000e+00 6.770000e-14
9.800000e-01 9.800000e-01 1.200000e+00 -2.300300e-08 2.291510e-08 8.786420e-11 0.000000e+00 3.580000e-14
9.900000e-01 9.900000e-01 1.200000e+00 -2.302170e-08 2.293290e-08 8.876080e-11 0.000000e+00 3.920000e-14
1.000000e+00 1.000000e+00 1.200000e+00 -2.304040e-08 2.295070e-08 8.965740e-11 0.000000e+00 4.260000e-14
1.010000e+00 1.010000e+00 1.200000e+00 -2.305910e-08 2.296850e-08 9.055400e-11 0.000000e+00 4.600000e-14
1.020000e+00 1.020000e+00 1.200000e+00 -2.307780e-08 2.298640e-08 9.145050e-11 0.000000e+00 5.050000e-14
1.030000e+00 1.030000e+00 1.200000e+00 -2.309660e-08 2.300430e-08 9.234710e-11 0.000000e+00 4.710000e-14
1.040000e+00 1.040000e+00 1.200000e+00 -2.311540e-08 2.302210e-08 9.324370e-11 0.000000e+00 5.630000e-14
1.050000e+00 1.050000e+00 1.200000e+00 -2.313420e-08 2.304010e-08 9.414030e-11 0.000000e+00 4.030000e-14
1.060000e+00 1.060000e+00 1.200000e+00 -2.315300e-08 2.305800e-08 9.503680e-11 0.000000e+00 3.680000e-14
1.070000e+00 1.070000e+00 1.200000e+00 -2.317190e-08 2.307590e-08 9.593340e-11 0.000000e+00 6.660000e-14
1.080000e+00 1.080000e+00 1.200000e+00 -2.319070e-08 2.309390e-08 9.683000e-11 0.000000e+00 3.000000e-14
1.090000e+00 1.090000e+00 1.200000e+00 -2.320960e-08 2.311190e-08 9.772660e-11 0.000000e+00 2.660000e-14
1.100000e+00 1.100000e+00 1.200000e+00 -2.322860e-08 2.312990e-08 9.862310e-11 0.000000e+00 7.690000e-14
1.110000e+00 1.110000e+00 1.200000e+00 -2.324750e-08 2.314800e-08 9.951970e-11 0.000000e+00 1.970000e-14
1.120000e+00 1.120000e+00 1.200000e+00 -2.326640e-08 2.316600e-08 1.004163e-10 0.000000e+00 1.630000e-14
1.130000e+00 1.130000e+00 1.200000e+00 -2.328540e-08 2.318410e-08 1.013128e-10 0.000000e+00 1.280000e-14
1.140000e+00 1.140000e+00 1.200000e+00 -2.330440e-08 2.320220e-08 1.022094e-10 0.000000e+00 9.400000e-15
1.150000e+00 1.150000e+00 1.200000e+00 -2.332340e-08 2.322030e-08 1.031060e-10 0.000000e+00 6.000000e-15
1.160000e+00 1.160000e+00 1.200000e+00 -2.334250e-08 2.323850e-08 1.040026e-10 0.000000e+00 2.600000e-15
1.170000e+00 1.170000e+00 1.200000e+00 -2.336150e-08 2.325660e-08 1.048991e-10 0.000000e+00 9.000000e-16
1.180000e+00 1.180000e+00 1.200000e+00 -2.338060e-08 2.327480e-08 1.057957e-10 0.000000e+00 4.300000e-15
1.190000e+00 1.190000e+00 1.200000e+00 -2.339970e-08 2.329300e-08 1.066923e-10 0.000000e+00 7.700000e-15
1.200000e+00 1.200000e+00 1.200000e+00 -2.341880e-08 2.331120e-08 1.075889e-10 0.000000e+00 1.110000e-14