Title: * mosfet ac analysis circuit
Date: Sun Jul 26 20:30:31  2026
Command: ngspice-46+, Build Wed Apr  8 07:34:31 UTC 2026
Plotname: Transient Analysis
Flags: real
No. Variables: 6
No. Points: 560
Variables:
	0	time	time
	1	v(gate_3)	voltage
	2	i(vgq)	current
	3	i(vdq)	current
	4	i(vsq)	current
	5	i(vbq)	current
Values:
 0	0.000000000000000e+00
	0.000000000000000e+00
	0.000000000000000e+00
	-2.659067403701006e-03
	2.659067403698006e-03
	2.000000000000000e-15

 1	1.000000000000000e-13
	0.000000000000000e+00
	0.000000000000000e+00
	-2.659067403701004e-03
	2.659067403698008e-03
	1.998401444325282e-15

 2	2.000000000000000e-13
	0.000000000000000e+00
	0.000000000000000e+00
	-2.659067403701004e-03
	2.659067403698008e-03
	1.998401444325282e-15

 3	4.000000000000000e-13
	0.000000000000000e+00
	-3.469446951953614e-18
	-2.659067403701004e-03
	2.659067403698018e-03
	1.991462550421375e-15

 4	8.000000000000000e-13
	0.000000000000000e+00
	-1.734723475976807e-18
	-2.659067403701004e-03
	2.659067403698013e-03
	1.994931997373328e-15

 5	1.600000000000000e-12
	0.000000000000000e+00
	-8.673617379884035e-19
	-2.659067403701006e-03
	2.659067403698008e-03
	1.996666720849305e-15

 6	3.200000000000000e-12
	0.000000000000000e+00
	-4.336808689942018e-19
	-2.659067403701007e-03
	2.659067403698007e-03
	1.999268806063270e-15

 7	6.400000000000000e-12
	0.000000000000000e+00
	-2.168404344971009e-19
	-2.659067403701006e-03
	2.659067403698006e-03
	1.999702486932264e-15

 8	1.280000000000000e-11
	0.000000000000000e+00
	-1.084202172485504e-19
	-2.659067403701006e-03
	2.659067403698006e-03
	1.999919327366761e-15

 9	2.280000000000000e-11
	0.000000000000000e+00
	0.000000000000000e+00
	-2.659067403701002e-03
	2.659067403698002e-03
	1.999702486932264e-15

 10	3.280000000000000e-11
	0.000000000000000e+00
	0.000000000000000e+00
	-2.659067403701006e-03
	2.659067403698006e-03
	1.999919327366761e-15

 11	4.280000000000000e-11
	0.000000000000000e+00
	0.000000000000000e+00
	-2.659067403701006e-03
	2.659067403698006e-03
	1.999919327366761e-15

 12	5.279999999999999e-11
	0.000000000000000e+00
	0.000000000000000e+00
	-2.659067403701006e-03
	2.659067403698006e-03
	1.999919327366761e-15

 13	6.279999999999999e-11
	0.000000000000000e+00
	0.000000000000000e+00
	-2.659067403701006e-03
	2.659067403698006e-03
	1.999919327366761e-15

 14	7.280000000000000e-11
	0.000000000000000e+00
	0.000000000000000e+00
	-2.659067403701006e-03
	2.659067403698006e-03
	1.999919327366761e-15

 15	8.280000000000000e-11
	0.000000000000000e+00
	0.000000000000000e+00
	-2.659067403701006e-03
	2.659067403698006e-03
	1.999919327366761e-15

 16	9.280000000000001e-11
	0.000000000000000e+00
	0.000000000000000e+00
	-2.659067403701006e-03
	2.659067403698006e-03
	1.999919327366761e-15

 17	1.028000000000000e-10
	0.000000000000000e+00
	0.000000000000000e+00
	-2.659067403701006e-03
	2.659067403698006e-03
	1.999919327366761e-15

 18	1.128000000000000e-10
	0.000000000000000e+00
	0.000000000000000e+00
	-2.659067403701006e-03
	2.659067403698006e-03
	1.999919327366761e-15

 19	1.228000000000000e-10
	0.000000000000000e+00
	0.000000000000000e+00
	-2.659067403701006e-03
	2.659067403698006e-03
	1.999919327366761e-15

 20	1.328000000000000e-10
	0.000000000000000e+00
	0.000000000000000e+00
	-2.659067403701006e-03
	2.659067403698006e-03
	1.999919327366761e-15

 21	1.428000000000000e-10
	0.000000000000000e+00
	0.000000000000000e+00
	-2.659067403701006e-03
	2.659067403698006e-03
	1.999919327366761e-15

 22	1.528000000000000e-10
	0.000000000000000e+00
	0.000000000000000e+00
	-2.659067403701006e-03
	2.659067403698006e-03
	1.999919327366761e-15

 23	1.628000000000000e-10
	0.000000000000000e+00
	0.000000000000000e+00
	-2.659067403701006e-03
	2.659067403698006e-03
	1.999919327366761e-15

 24	1.728000000000000e-10
	0.000000000000000e+00
	0.000000000000000e+00
	-2.659067403701006e-03
	2.659067403698006e-03
	1.999919327366761e-15

 25	1.828000000000000e-10
	0.000000000000000e+00
	0.000000000000000e+00
	-2.659067403701006e-03
	2.659067403698006e-03
	1.999919327366761e-15

 26	1.927999999999999e-10
	0.000000000000000e+00
	0.000000000000000e+00
	-2.659067403701006e-03
	2.659067403698006e-03
	1.999919327366761e-15

 27	2.027999999999999e-10
	0.000000000000000e+00
	0.000000000000000e+00
	-2.659067403701006e-03
	2.659067403698006e-03
	1.999919327366761e-15

 28	2.127999999999999e-10
	0.000000000000000e+00
	0.000000000000000e+00
	-2.659067403701006e-03
	2.659067403698006e-03
	1.999919327366761e-15

 29	2.227999999999999e-10
	0.000000000000000e+00
	0.000000000000000e+00
	-2.659067403701006e-03
	2.659067403698006e-03
	1.999919327366761e-15

 30	2.327999999999999e-10
	0.000000000000000e+00
	0.000000000000000e+00
	-2.659067403701006e-03
	2.659067403698006e-03
	1.999919327366761e-15

 31	2.427999999999999e-10
	0.000000000000000e+00
	0.000000000000000e+00
	-2.659067403701006e-03
	2.659067403698006e-03
	1.999919327366761e-15

 32	2.527999999999999e-10
	0.000000000000000e+00
	0.000000000000000e+00
	-2.659067403701006e-03
	2.659067403698006e-03
	1.999919327366761e-15

 33	2.628000000000000e-10
	0.000000000000000e+00
	0.000000000000000e+00
	-2.659067403701006e-03
	2.659067403698006e-03
	1.999919327366761e-15

 34	2.728000000000000e-10
	0.000000000000000e+00
	0.000000000000000e+00
	-2.659067403701006e-03
	2.659067403698006e-03
	1.999919327366761e-15

 35	2.828000000000000e-10
	0.000000000000000e+00
	0.000000000000000e+00
	-2.659067403701006e-03
	2.659067403698006e-03
	1.999919327366761e-15

 36	2.928000000000000e-10
	0.000000000000000e+00
	0.000000000000000e+00
	-2.659067403701006e-03
	2.659067403698006e-03
	1.999919327366761e-15

 37	3.028000000000000e-10
	0.000000000000000e+00
	0.000000000000000e+00
	-2.659067403701006e-03
	2.659067403698006e-03
	1.999919327366761e-15

 38	3.128000000000000e-10
	0.000000000000000e+00
	0.000000000000000e+00
	-2.659067403701006e-03
	2.659067403698006e-03
	1.999919327366761e-15

 39	3.228000000000001e-10
	0.000000000000000e+00
	0.000000000000000e+00
	-2.659067403701006e-03
	2.659067403698006e-03
	1.999919327366761e-15

 40	3.328000000000001e-10
	0.000000000000000e+00
	0.000000000000000e+00
	-2.659067403701006e-03
	2.659067403698006e-03
	1.999919327366761e-15

 41	3.428000000000001e-10
	0.000000000000000e+00
	0.000000000000000e+00
	-2.659067403701006e-03
	2.659067403698006e-03
	1.999919327366761e-15

 42	3.528000000000001e-10
	0.000000000000000e+00
	0.000000000000000e+00
	-2.659067403701006e-03
	2.659067403698006e-03
	1.999919327366761e-15

 43	3.628000000000001e-10
	0.000000000000000e+00
	0.000000000000000e+00
	-2.659067403701006e-03
	2.659067403698006e-03
	1.999919327366761e-15

 44	3.728000000000001e-10
	0.000000000000000e+00
	0.000000000000000e+00
	-2.659067403701006e-03
	2.659067403698006e-03
	1.999919327366761e-15

 45	3.828000000000002e-10
	0.000000000000000e+00
	0.000000000000000e+00
	-2.659067403701006e-03
	2.659067403698006e-03
	1.999919327366761e-15

 46	3.928000000000002e-10
	0.000000000000000e+00
	0.000000000000000e+00
	-2.659067403701006e-03
	2.659067403698006e-03
	1.999919327366761e-15

 47	4.028000000000002e-10
	0.000000000000000e+00
	0.000000000000000e+00
	-2.659067403701006e-03
	2.659067403698006e-03
	1.999919327366761e-15

 48	4.128000000000002e-10
	0.000000000000000e+00
	0.000000000000000e+00
	-2.659067403701006e-03
	2.659067403698006e-03
	1.999919327366761e-15

 49	4.228000000000002e-10
	0.000000000000000e+00
	0.000000000000000e+00
	-2.659067403701006e-03
	2.659067403698006e-03
	1.999919327366761e-15

 50	4.328000000000003e-10
	0.000000000000000e+00
	0.000000000000000e+00
	-2.659067403701006e-03
	2.659067403698006e-03
	1.999919327366761e-15

 51	4.428000000000003e-10
	0.000000000000000e+00
	0.000000000000000e+00
	-2.659067403701006e-03
	2.659067403698006e-03
	1.999919327366761e-15

 52	4.528000000000003e-10
	0.000000000000000e+00
	0.000000000000000e+00
	-2.659067403701006e-03
	2.659067403698006e-03
	1.999919327366761e-15

 53	4.628000000000003e-10
	0.000000000000000e+00
	0.000000000000000e+00
	-2.659067403701006e-03
	2.659067403698006e-03
	1.999919327366761e-15

 54	4.728000000000003e-10
	0.000000000000000e+00
	0.000000000000000e+00
	-2.659067403701006e-03
	2.659067403698006e-03
	1.999919327366761e-15

 55	4.828000000000002e-10
	0.000000000000000e+00
	0.000000000000000e+00
	-2.659067403701006e-03
	2.659067403698006e-03
	1.999919327366761e-15

 56	4.928000000000002e-10
	0.000000000000000e+00
	0.000000000000000e+00
	-2.659067403701006e-03
	2.659067403698006e-03
	1.999919327366761e-15

 57	5.028000000000002e-10
	0.000000000000000e+00
	0.000000000000000e+00
	-2.659067403701006e-03
	2.659067403698006e-03
	1.999919327366761e-15

 58	5.128000000000001e-10
	0.000000000000000e+00
	0.000000000000000e+00
	-2.659067403701006e-03
	2.659067403698006e-03
	1.999919327366761e-15

 59	5.228000000000001e-10
	0.000000000000000e+00
	0.000000000000000e+00
	-2.659067403701006e-03
	2.659067403698006e-03
	1.999919327366761e-15

 60	5.328000000000001e-10
	0.000000000000000e+00
	0.000000000000000e+00
	-2.659067403701006e-03
	2.659067403698006e-03
	1.999919327366761e-15

 61	5.428000000000000e-10
	0.000000000000000e+00
	0.000000000000000e+00
	-2.659067403701006e-03
	2.659067403698006e-03
	1.999919327366761e-15

 62	5.528000000000000e-10
	0.000000000000000e+00
	0.000000000000000e+00
	-2.659067403701006e-03
	2.659067403698006e-03
	1.999919327366761e-15

 63	5.628000000000000e-10
	0.000000000000000e+00
	0.000000000000000e+00
	-2.659067403701006e-03
	2.659067403698006e-03
	1.999919327366761e-15

 64	5.727999999999999e-10
	0.000000000000000e+00
	0.000000000000000e+00
	-2.659067403701006e-03
	2.659067403698006e-03
	1.999919327366761e-15

 65	5.827999999999999e-10
	0.000000000000000e+00
	0.000000000000000e+00
	-2.659067403701006e-03
	2.659067403698006e-03
	1.999919327366761e-15

 66	5.927999999999999e-10
	0.000000000000000e+00
	0.000000000000000e+00
	-2.659067403701006e-03
	2.659067403698006e-03
	1.999919327366761e-15

 67	6.027999999999998e-10
	0.000000000000000e+00
	0.000000000000000e+00
	-2.659067403701006e-03
	2.659067403698006e-03
	1.999919327366761e-15

 68	6.127999999999998e-10
	0.000000000000000e+00
	0.000000000000000e+00
	-2.659067403701006e-03
	2.659067403698006e-03
	1.999919327366761e-15

 69	6.227999999999998e-10
	0.000000000000000e+00
	0.000000000000000e+00
	-2.659067403701006e-03
	2.659067403698006e-03
	1.999919327366761e-15

 70	6.327999999999997e-10
	0.000000000000000e+00
	0.000000000000000e+00
	-2.659067403701006e-03
	2.659067403698006e-03
	1.999919327366761e-15

 71	6.427999999999997e-10
	0.000000000000000e+00
	0.000000000000000e+00
	-2.659067403701006e-03
	2.659067403698006e-03
	1.999919327366761e-15

 72	6.527999999999996e-10
	0.000000000000000e+00
	0.000000000000000e+00
	-2.659067403701006e-03
	2.659067403698006e-03
	1.999919327366761e-15

 73	6.627999999999996e-10
	0.000000000000000e+00
	0.000000000000000e+00
	-2.659067403701006e-03
	2.659067403698006e-03
	1.999919327366761e-15

 74	6.727999999999996e-10
	0.000000000000000e+00
	0.000000000000000e+00
	-2.659067403701006e-03
	2.659067403698006e-03
	1.999919327366761e-15

 75	6.827999999999995e-10
	0.000000000000000e+00
	0.000000000000000e+00
	-2.659067403701006e-03
	2.659067403698006e-03
	1.999919327366761e-15

 76	6.927999999999995e-10
	0.000000000000000e+00
	0.000000000000000e+00
	-2.659067403701006e-03
	2.659067403698006e-03
	1.999919327366761e-15

 77	7.027999999999995e-10
	0.000000000000000e+00
	0.000000000000000e+00
	-2.659067403701006e-03
	2.659067403698006e-03
	1.999919327366761e-15

 78	7.127999999999994e-10
	0.000000000000000e+00
	0.000000000000000e+00
	-2.659067403701006e-03
	2.659067403698006e-03
	1.999919327366761e-15

 79	7.227999999999994e-10
	0.000000000000000e+00
	0.000000000000000e+00
	-2.659067403701006e-03
	2.659067403698006e-03
	1.999919327366761e-15

 80	7.327999999999994e-10
	0.000000000000000e+00
	0.000000000000000e+00
	-2.659067403701006e-03
	2.659067403698006e-03
	1.999919327366761e-15

 81	7.427999999999993e-10
	0.000000000000000e+00
	0.000000000000000e+00
	-2.659067403701006e-03
	2.659067403698006e-03
	1.999919327366761e-15

 82	7.527999999999993e-10
	0.000000000000000e+00
	0.000000000000000e+00
	-2.659067403701006e-03
	2.659067403698006e-03
	1.999919327366761e-15

 83	7.627999999999993e-10
	0.000000000000000e+00
	0.000000000000000e+00
	-2.659067403701006e-03
	2.659067403698006e-03
	1.999919327366761e-15

 84	7.727999999999992e-10
	0.000000000000000e+00
	0.000000000000000e+00
	-2.659067403701006e-03
	2.659067403698006e-03
	1.999919327366761e-15

 85	7.827999999999992e-10
	0.000000000000000e+00
	0.000000000000000e+00
	-2.659067403701006e-03
	2.659067403698006e-03
	1.999919327366761e-15

 86	7.927999999999992e-10
	0.000000000000000e+00
	0.000000000000000e+00
	-2.659067403701006e-03
	2.659067403698006e-03
	1.999919327366761e-15

 87	8.027999999999991e-10
	0.000000000000000e+00
	0.000000000000000e+00
	-2.659067403701006e-03
	2.659067403698006e-03
	1.999919327366761e-15

 88	8.127999999999991e-10
	0.000000000000000e+00
	0.000000000000000e+00
	-2.659067403701006e-03
	2.659067403698006e-03
	1.999919327366761e-15

 89	8.227999999999991e-10
	0.000000000000000e+00
	0.000000000000000e+00
	-2.659067403701006e-03
	2.659067403698006e-03
	1.999919327366761e-15

 90	8.327999999999990e-10
	0.000000000000000e+00
	0.000000000000000e+00
	-2.659067403701006e-03
	2.659067403698006e-03
	1.999919327366761e-15

 91	8.427999999999990e-10
	0.000000000000000e+00
	0.000000000000000e+00
	-2.659067403701006e-03
	2.659067403698006e-03
	1.999919327366761e-15

 92	8.527999999999990e-10
	0.000000000000000e+00
	0.000000000000000e+00
	-2.659067403701006e-03
	2.659067403698006e-03
	1.999919327366761e-15

 93	8.627999999999989e-10
	0.000000000000000e+00
	0.000000000000000e+00
	-2.659067403701006e-03
	2.659067403698006e-03
	1.999919327366761e-15

 94	8.727999999999989e-10
	0.000000000000000e+00
	0.000000000000000e+00
	-2.659067403701006e-03
	2.659067403698006e-03
	1.999919327366761e-15

 95	8.827999999999989e-10
	0.000000000000000e+00
	0.000000000000000e+00
	-2.659067403701006e-03
	2.659067403698006e-03
	1.999919327366761e-15

 96	8.927999999999988e-10
	0.000000000000000e+00
	0.000000000000000e+00
	-2.659067403701006e-03
	2.659067403698006e-03
	1.999919327366761e-15

 97	9.027999999999988e-10
	0.000000000000000e+00
	0.000000000000000e+00
	-2.659067403701006e-03
	2.659067403698006e-03
	1.999919327366761e-15

 98	9.127999999999988e-10
	0.000000000000000e+00
	0.000000000000000e+00
	-2.659067403701006e-03
	2.659067403698006e-03
	1.999919327366761e-15

 99	9.227999999999987e-10
	0.000000000000000e+00
	0.000000000000000e+00
	-2.659067403701006e-03
	2.659067403698006e-03
	1.999919327366761e-15

 100	9.327999999999987e-10
	0.000000000000000e+00
	0.000000000000000e+00
	-2.659067403701006e-03
	2.659067403698006e-03
	1.999919327366761e-15

 101	9.427999999999986e-10
	0.000000000000000e+00
	0.000000000000000e+00
	-2.659067403701006e-03
	2.659067403698006e-03
	1.999919327366761e-15

 102	9.527999999999986e-10
	0.000000000000000e+00
	0.000000000000000e+00
	-2.659067403701006e-03
	2.659067403698006e-03
	1.999919327366761e-15

 103	9.627999999999986e-10
	0.000000000000000e+00
	0.000000000000000e+00
	-2.659067403701006e-03
	2.659067403698006e-03
	1.999919327366761e-15

 104	9.727999999999985e-10
	0.000000000000000e+00
	0.000000000000000e+00
	-2.659067403701006e-03
	2.659067403698006e-03
	1.999919327366761e-15

 105	9.827999999999985e-10
	0.000000000000000e+00
	0.000000000000000e+00
	-2.659067403701006e-03
	2.659067403698006e-03
	1.999919327366761e-15

 106	9.913999999999993e-10
	0.000000000000000e+00
	-5.421010862427522e-20
	-2.659067403701006e-03
	2.659067403698006e-03
	1.999919327366761e-15

 107	1.000000000000000e-09
	0.000000000000000e+00
	0.000000000000000e+00
	-2.659067403701006e-03
	2.659067403698006e-03
	1.999810907149513e-15

 108	1.000000002905135e-09
	2.905134618697751e-07
	-6.522847228360592e-04
	-2.378732189605416e-03
	3.008250476641899e-03
	2.276643584220901e-05

 109	1.000000008715404e-09
	8.715404062888406e-07
	-6.522847609136580e-04
	-2.378735118031232e-03
	3.008253442679469e-03
	2.276643646437342e-05

 110	1.000000020335943e-09
	2.033594274447457e-06
	-6.522847256835982e-04
	-2.378741021931682e-03
	3.008259313252419e-03
	2.276643444812678e-05

 111	1.000000043577020e-09
	4.357702010764688e-06
	-6.522847322492429e-04
	-2.378752798148145e-03
	3.008271097198563e-03
	2.276643314908614e-05

 112	1.000000090059175e-09
	9.005917483399151e-06
	-6.522847297643058e-04
	-2.378776356860757e-03
	3.008294656549394e-03
	2.276643007033963e-05

 113	1.000000183023485e-09
	1.830234844934759e-05
	-6.522847273486305e-04
	-2.378823474506552e-03
	3.008341777771336e-03
	2.276642406963492e-05

 114	1.000000368952104e-09
	3.689521036056496e-05
	-6.522847155216601e-04
	-2.378917717791994e-03
	3.008436021503858e-03
	2.276641180091426e-05

 115	1.000000740809342e-09
	7.408093418299970e-05
	-6.522846966827089e-04
	-2.379106221604086e-03
	3.008624530877710e-03
	2.276638740730889e-05

 116	1.000001484523818e-09
	1.484523818278692e-04
	-6.522846580420795e-04
	-2.379483306961317e-03
	3.009001626430211e-03
	2.276633857262937e-05

 117	1.000002971952771e-09
	2.971952771176081e-04
	-6.522845807807095e-04
	-2.380237787333866e-03
	3.009756127198115e-03
	2.276624091446221e-05

 118	1.000005946810677e-09
	5.946810677177655e-04
	-6.522844263784993e-04
	-2.381747989065780e-03
	3.011266369817869e-03
	2.276604562521605e-05

 119	1.000011896526489e-09
	1.189652648918080e-03
	-6.522841175670858e-04
	-2.384773375640115e-03
	3.014291838069176e-03
	2.276565513706601e-05

 120	1.000023795958113e-09
	2.379595811298030e-03
	-6.522835007004213e-04
	-2.390844233563468e-03
	3.020362859724110e-03
	2.276487453861381e-05

 121	1.000047594821361e-09
	4.759482136078610e-03
	-6.522822698722380e-04
	-2.403067530277989e-03
	3.032586485294220e-03
	2.276331485502146e-05

 122	1.000095192547856e-09
	9.519254785639770e-03
	-6.522798195521496e-04
	-2.427850718729647e-03
	3.057370336809243e-03
	2.276020147154373e-05

 123	1.000190388000848e-09
	1.903880008476209e-02
	-6.522749642231323e-04
	-2.478851441303106e-03
	3.108372407318000e-03
	2.275399820723736e-05

 124	1.000380778906830e-09
	3.807789068298605e-02
	-6.522654332678977e-04
	-2.587401283587613e-03
	3.216925034669639e-03
	2.274168218487054e-05

 125	1.000761560718795e-09
	7.615607187945464e-02
	-6.522470788171042e-04
	-2.819892027173524e-03
	3.449421721748580e-03
	2.271738424105188e-05

 126	1.001346683302119e-09
	1.346683302118966e-01
	-6.522208059007535e-04
	-3.084943170814032e-03
	3.714483131193001e-03
	2.268084552078229e-05

 127	1.002013229152890e-09
	2.013229152889710e-01
	-6.521939532987769e-04
	-3.325085261927824e-03
	3.954639024610235e-03
	2.264019061536747e-05

 128	1.002647015336323e-09
	2.647015336323195e-01
	-6.521715282737568e-04
	-3.529229818273498e-03
	4.158799289402441e-03
	2.260205714381557e-05

 129	1.003305786064722e-09
	3.305786064721670e-01
	-6.521510324967476e-04
	-3.728742782732388e-03
	4.358331459068763e-03
	2.256235615936812e-05

 130	1.003957083282025e-09
	3.957083282025287e-01
	-6.521336891804497e-04
	-3.918244959123190e-03
	4.547856107310862e-03
	2.252254099178034e-05

 131	1.004665384163048e-09
	4.665384163047880e-01
	-6.521180692522915e-04
	-4.118421834859707e-03
	4.748061913896446e-03
	2.247799021455482e-05

 132	1.005458901196880e-09
	5.458901196879660e-01
	-6.521048380190800e-04
	-4.337384360984077e-03
	4.967063581434934e-03
	2.242561756722009e-05

 133	1.006299769140456e-09
	6.299769140455634e-01
	-6.520964131208245e-04
	-4.564775232035244e-03
	5.194505895159879e-03
	2.236574999519008e-05

 134	1.007019303016336e-09
	7.019303016335662e-01
	-6.520948790457812e-04
	-4.756318808384903e-03
	5.386104745094409e-03
	2.230894233527363e-05

 135	1.007669236844063e-09
	7.669236844062965e-01
	-6.520982155337127e-04
	-4.927305849443427e-03
	5.557152024786793e-03
	2.225204018934529e-05

 136	1.008268225171111e-09
	8.268225171110472e-01
	-6.521057155223688e-04
	-5.083388595423040e-03
	5.713300501957364e-03
	2.219380898704212e-05

 137	1.008826793082690e-09
	8.826793082690446e-01
	-6.521171466594474e-04
	-5.227764718875004e-03
	5.857748553012784e-03
	2.213331252066530e-05

 138	1.009350321400719e-09
	9.350321400719301e-01
	-6.521323367883781e-04
	-5.362135620983416e-03
	5.992197918302140e-03
	2.207003946865416e-05

 139	1.009675160700360e-09
	9.675160700359857e-01
	-6.521449321554712e-04
	-5.445073263483610e-03
	6.075192224730583e-03
	2.202597090750658e-05

 140	1.010000000000000e-09
	1.000000000000000e+00
	-6.521590348208990e-04
	-5.527695252167770e-03
	6.157874792748142e-03
	2.197949423952072e-05

 141	1.010000006583930e-09
	1.000000000000000e+00
	1.136868377216160e-13
	-5.809087052796258e-03
	5.809087051943607e-03
	6.892264536872972e-13

 142	1.010000019751789e-09
	1.000000000000000e+00
	0.000000000000000e+00
	-5.809087051829920e-03
	5.809087051943607e-03
	-4.618527782440651e-14

 143	1.010000046087508e-09
	1.000000000000000e+00
	0.000000000000000e+00
	-5.809087051773076e-03
	5.809087051829920e-03
	-2.309263891220326e-14

 144	1.010000098758946e-09
	1.000000000000000e+00
	0.000000000000000e+00
	-5.809087051787287e-03
	5.809087051829920e-03
	-1.154631945610163e-14

 145	1.010000204101821e-09
	1.000000000000000e+00
	0.000000000000000e+00
	-5.809087051794393e-03
	5.809087051801498e-03
	-5.773159728050814e-15

 146	1.010000414787571e-09
	1.000000000000000e+00
	0.000000000000000e+00
	-5.809087051794393e-03
	5.809087051797945e-03
	-2.886579864025407e-15

 147	1.010000836159071e-09
	1.000000000000000e+00
	0.000000000000000e+00
	-5.809087051792616e-03
	5.809087051792616e-03
	-1.443289932012704e-15

 148	1.010001678902072e-09
	1.000000000000000e+00
	0.000000000000000e+00
	-5.809087051793504e-03
	5.809087051791728e-03
	2.831068712794149e-15

 149	1.010003364388075e-09
	1.000000000000000e+00
	0.000000000000000e+00
	-5.809087051793060e-03
	5.809087051791284e-03
	1.415534356397075e-15

 150	1.010006735360079e-09
	1.000000000000000e+00
	0.000000000000000e+00
	-5.809087051793060e-03
	5.809087051790618e-03
	1.595945597898663e-15

 151	1.010013477304087e-09
	1.000000000000000e+00
	0.000000000000000e+00
	-5.809087051793282e-03
	5.809087051790396e-03
	2.130240428499519e-15

 152	1.010026961192103e-09
	1.000000000000000e+00
	0.000000000000000e+00
	-5.809087051793171e-03
	5.809087051790340e-03
	1.953298633949885e-15

 153	1.010053928968136e-09
	1.000000000000000e+00
	0.000000000000000e+00
	-5.809087051793199e-03
	5.809087051790257e-03
	1.975850039137583e-15

 154	1.010107864520202e-09
	1.000000000000000e+00
	0.000000000000000e+00
	-5.809087051793213e-03
	5.809087051790229e-03
	1.987125741731433e-15

 155	1.010215735624333e-09
	1.000000000000000e+00
	0.000000000000000e+00
	-5.809087051793192e-03
	5.809087051790215e-03
	1.992763593028357e-15

 156	1.010431477832595e-09
	1.000000000000000e+00
	0.000000000000000e+00
	-5.809087051793199e-03
	5.809087051790205e-03
	1.995582518676819e-15

 157	1.010862962249119e-09
	1.000000000000000e+00
	0.000000000000000e+00
	-5.809087051793203e-03
	5.809087051790205e-03
	1.996991981501051e-15

 158	1.011725931082167e-09
	1.000000000000000e+00
	0.000000000000000e+00
	-5.809087051793203e-03
	5.809087051790202e-03
	1.997696712913166e-15

 159	1.013451868748264e-09
	1.000000000000000e+00
	0.000000000000000e+00
	-5.809087051793201e-03
	5.809087051790202e-03
	1.999783802095201e-15

 160	1.016903744080457e-09
	1.000000000000000e+00
	0.000000000000000e+00
	-5.809087051793201e-03
	5.809087051790201e-03
	1.999959984948230e-15

 161	1.023807494744843e-09
	1.000000000000000e+00
	0.000000000000000e+00
	-5.809087051793201e-03
	5.809087051790202e-03
	2.000048076374744e-15

 162	1.033807494744843e-09
	1.000000000000000e+00
	-2.168404344971009e-19
	-5.809087051793201e-03
	5.809087051790201e-03
	2.000034523847588e-15

 163	1.043807494744843e-09
	1.000000000000000e+00
	0.000000000000000e+00
	-5.809087051793201e-03
	5.809087051790201e-03
	1.999838012203825e-15

 164	1.053807494744843e-09
	1.000000000000000e+00
	0.000000000000000e+00
	-5.809087051793201e-03
	5.809087051790201e-03
	1.999838012203825e-15

 165	1.063807494744843e-09
	1.000000000000000e+00
	0.000000000000000e+00
	-5.809087051793201e-03
	5.809087051790201e-03
	1.999838012203825e-15

 166	1.073807494744843e-09
	1.000000000000000e+00
	0.000000000000000e+00
	-5.809087051793201e-03
	5.809087051790201e-03
	1.999838012203825e-15

 167	1.083807494744843e-09
	1.000000000000000e+00
	0.000000000000000e+00
	-5.809087051793201e-03
	5.809087051790201e-03
	1.999838012203825e-15

 168	1.093807494744843e-09
	1.000000000000000e+00
	0.000000000000000e+00
	-5.809087051793201e-03
	5.809087051790201e-03
	1.999838012203825e-15

 169	1.103807494744843e-09
	1.000000000000000e+00
	0.000000000000000e+00
	-5.809087051793201e-03
	5.809087051790201e-03
	1.999838012203825e-15

 170	1.113807494744843e-09
	1.000000000000000e+00
	0.000000000000000e+00
	-5.809087051793201e-03
	5.809087051790201e-03
	1.999838012203825e-15

 171	1.123807494744842e-09
	1.000000000000000e+00
	0.000000000000000e+00
	-5.809087051793201e-03
	5.809087051790201e-03
	1.999838012203825e-15

 172	1.133807494744842e-09
	1.000000000000000e+00
	0.000000000000000e+00
	-5.809087051793201e-03
	5.809087051790201e-03
	1.999838012203825e-15

 173	1.143807494744842e-09
	1.000000000000000e+00
	0.000000000000000e+00
	-5.809087051793201e-03
	5.809087051790201e-03
	1.999838012203825e-15

 174	1.153807494744842e-09
	1.000000000000000e+00
	0.000000000000000e+00
	-5.809087051793201e-03
	5.809087051790201e-03
	1.999838012203825e-15

 175	1.163807494744842e-09
	1.000000000000000e+00
	0.000000000000000e+00
	-5.809087051793201e-03
	5.809087051790201e-03
	1.999838012203825e-15

 176	1.173807494744842e-09
	1.000000000000000e+00
	0.000000000000000e+00
	-5.809087051793201e-03
	5.809087051790201e-03
	1.999838012203825e-15

 177	1.183807494744842e-09
	1.000000000000000e+00
	0.000000000000000e+00
	-5.809087051793201e-03
	5.809087051790201e-03
	1.999838012203825e-15

 178	1.193807494744842e-09
	1.000000000000000e+00
	0.000000000000000e+00
	-5.809087051793201e-03
	5.809087051790201e-03
	1.999838012203825e-15

 179	1.203807494744842e-09
	1.000000000000000e+00
	0.000000000000000e+00
	-5.809087051793201e-03
	5.809087051790201e-03
	1.999838012203825e-15

 180	1.213807494744842e-09
	1.000000000000000e+00
	0.000000000000000e+00
	-5.809087051793201e-03
	5.809087051790201e-03
	1.999838012203825e-15

 181	1.223807494744842e-09
	1.000000000000000e+00
	0.000000000000000e+00
	-5.809087051793201e-03
	5.809087051790201e-03
	1.999838012203825e-15

 182	1.233807494744842e-09
	1.000000000000000e+00
	0.000000000000000e+00
	-5.809087051793201e-03
	5.809087051790201e-03
	1.999838012203825e-15

 183	1.243807494744842e-09
	1.000000000000000e+00
	0.000000000000000e+00
	-5.809087051793201e-03
	5.809087051790201e-03
	1.999838012203825e-15

 184	1.253807494744842e-09
	1.000000000000000e+00
	0.000000000000000e+00
	-5.809087051793201e-03
	5.809087051790201e-03
	1.999838012203825e-15

 185	1.263807494744842e-09
	1.000000000000000e+00
	0.000000000000000e+00
	-5.809087051793201e-03
	5.809087051790201e-03
	1.999838012203825e-15

 186	1.273807494744842e-09
	1.000000000000000e+00
	0.000000000000000e+00
	-5.809087051793201e-03
	5.809087051790201e-03
	1.999838012203825e-15

 187	1.283807494744842e-09
	1.000000000000000e+00
	0.000000000000000e+00
	-5.809087051793201e-03
	5.809087051790201e-03
	1.999838012203825e-15

 188	1.293807494744842e-09
	1.000000000000000e+00
	0.000000000000000e+00
	-5.809087051793201e-03
	5.809087051790201e-03
	1.999838012203825e-15

 189	1.303807494744842e-09
	1.000000000000000e+00
	0.000000000000000e+00
	-5.809087051793201e-03
	5.809087051790201e-03
	1.999838012203825e-15

 190	1.313807494744842e-09
	1.000000000000000e+00
	0.000000000000000e+00
	-5.809087051793201e-03
	5.809087051790201e-03
	1.999838012203825e-15

 191	1.323807494744842e-09
	1.000000000000000e+00
	0.000000000000000e+00
	-5.809087051793201e-03
	5.809087051790201e-03
	1.999838012203825e-15

 192	1.333807494744842e-09
	1.000000000000000e+00
	0.000000000000000e+00
	-5.809087051793201e-03
	5.809087051790201e-03
	1.999838012203825e-15

 193	1.343807494744842e-09
	1.000000000000000e+00
	0.000000000000000e+00
	-5.809087051793201e-03
	5.809087051790201e-03
	1.999838012203825e-15

 194	1.353807494744842e-09
	1.000000000000000e+00
	0.000000000000000e+00
	-5.809087051793201e-03
	5.809087051790201e-03
	1.999838012203825e-15

 195	1.363807494744842e-09
	1.000000000000000e+00
	0.000000000000000e+00
	-5.809087051793201e-03
	5.809087051790201e-03
	1.999838012203825e-15

 196	1.373807494744842e-09
	1.000000000000000e+00
	0.000000000000000e+00
	-5.809087051793201e-03
	5.809087051790201e-03
	1.999838012203825e-15

 197	1.383807494744842e-09
	1.000000000000000e+00
	0.000000000000000e+00
	-5.809087051793201e-03
	5.809087051790201e-03
	1.999838012203825e-15

 198	1.393807494744842e-09
	1.000000000000000e+00
	0.000000000000000e+00
	-5.809087051793201e-03
	5.809087051790201e-03
	1.999838012203825e-15

 199	1.403807494744842e-09
	1.000000000000000e+00
	0.000000000000000e+00
	-5.809087051793201e-03
	5.809087051790201e-03
	1.999838012203825e-15

 200	1.413807494744841e-09
	1.000000000000000e+00
	0.000000000000000e+00
	-5.809087051793201e-03
	5.809087051790201e-03
	1.999838012203825e-15

 201	1.423807494744841e-09
	1.000000000000000e+00
	0.000000000000000e+00
	-5.809087051793201e-03
	5.809087051790201e-03
	1.999838012203825e-15

 202	1.433807494744841e-09
	1.000000000000000e+00
	0.000000000000000e+00
	-5.809087051793201e-03
	5.809087051790201e-03
	1.999838012203825e-15

 203	1.443807494744841e-09
	1.000000000000000e+00
	0.000000000000000e+00
	-5.809087051793201e-03
	5.809087051790201e-03
	1.999838012203825e-15

 204	1.453807494744841e-09
	1.000000000000000e+00
	0.000000000000000e+00
	-5.809087051793201e-03
	5.809087051790201e-03
	1.999838012203825e-15

 205	1.463807494744841e-09
	1.000000000000000e+00
	0.000000000000000e+00
	-5.809087051793201e-03
	5.809087051790201e-03
	1.999838012203825e-15

 206	1.473807494744841e-09
	1.000000000000000e+00
	0.000000000000000e+00
	-5.809087051793201e-03
	5.809087051790201e-03
	1.999838012203825e-15

 207	1.483807494744841e-09
	1.000000000000000e+00
	0.000000000000000e+00
	-5.809087051793201e-03
	5.809087051790201e-03
	1.999838012203825e-15

 208	1.493807494744841e-09
	1.000000000000000e+00
	0.000000000000000e+00
	-5.809087051793201e-03
	5.809087051790201e-03
	1.999838012203825e-15

 209	1.503807494744841e-09
	1.000000000000000e+00
	0.000000000000000e+00
	-5.809087051793201e-03
	5.809087051790201e-03
	1.999838012203825e-15

 210	1.513807494744841e-09
	1.000000000000000e+00
	0.000000000000000e+00
	-5.809087051793201e-03
	5.809087051790201e-03
	1.999838012203825e-15

 211	1.523807494744841e-09
	1.000000000000000e+00
	0.000000000000000e+00
	-5.809087051793201e-03
	5.809087051790201e-03
	1.999838012203825e-15

 212	1.533807494744841e-09
	1.000000000000000e+00
	0.000000000000000e+00
	-5.809087051793201e-03
	5.809087051790201e-03
	1.999838012203825e-15

 213	1.543807494744841e-09
	1.000000000000000e+00
	0.000000000000000e+00
	-5.809087051793201e-03
	5.809087051790201e-03
	1.999838012203825e-15

 214	1.553807494744841e-09
	1.000000000000000e+00
	0.000000000000000e+00
	-5.809087051793201e-03
	5.809087051790201e-03
	1.999838012203825e-15

 215	1.563807494744841e-09
	1.000000000000000e+00
	0.000000000000000e+00
	-5.809087051793201e-03
	5.809087051790201e-03
	1.999838012203825e-15

 216	1.573807494744841e-09
	1.000000000000000e+00
	0.000000000000000e+00
	-5.809087051793201e-03
	5.809087051790201e-03
	1.999838012203825e-15

 217	1.583807494744841e-09
	1.000000000000000e+00
	0.000000000000000e+00
	-5.809087051793201e-03
	5.809087051790201e-03
	1.999838012203825e-15

 218	1.593807494744841e-09
	1.000000000000000e+00
	0.000000000000000e+00
	-5.809087051793201e-03
	5.809087051790201e-03
	1.999838012203825e-15

 219	1.603807494744841e-09
	1.000000000000000e+00
	0.000000000000000e+00
	-5.809087051793201e-03
	5.809087051790201e-03
	1.999838012203825e-15

 220	1.613807494744841e-09
	1.000000000000000e+00
	0.000000000000000e+00
	-5.809087051793201e-03
	5.809087051790201e-03
	1.999838012203825e-15

 221	1.623807494744841e-09
	1.000000000000000e+00
	0.000000000000000e+00
	-5.809087051793201e-03
	5.809087051790201e-03
	1.999838012203825e-15

 222	1.633807494744841e-09
	1.000000000000000e+00
	0.000000000000000e+00
	-5.809087051793201e-03
	5.809087051790201e-03
	1.999838012203825e-15

 223	1.643807494744841e-09
	1.000000000000000e+00
	0.000000000000000e+00
	-5.809087051793201e-03
	5.809087051790201e-03
	1.999838012203825e-15

 224	1.653807494744841e-09
	1.000000000000000e+00
	0.000000000000000e+00
	-5.809087051793201e-03
	5.809087051790201e-03
	1.999838012203825e-15

 225	1.663807494744841e-09
	1.000000000000000e+00
	0.000000000000000e+00
	-5.809087051793201e-03
	5.809087051790201e-03
	1.999838012203825e-15

 226	1.673807494744841e-09
	1.000000000000000e+00
	0.000000000000000e+00
	-5.809087051793201e-03
	5.809087051790201e-03
	1.999838012203825e-15

 227	1.683807494744841e-09
	1.000000000000000e+00
	0.000000000000000e+00
	-5.809087051793201e-03
	5.809087051790201e-03
	1.999838012203825e-15

 228	1.693807494744840e-09
	1.000000000000000e+00
	0.000000000000000e+00
	-5.809087051793201e-03
	5.809087051790201e-03
	1.999838012203825e-15

 229	1.703807494744840e-09
	1.000000000000000e+00
	0.000000000000000e+00
	-5.809087051793201e-03
	5.809087051790201e-03
	1.999838012203825e-15

 230	1.713807494744840e-09
	1.000000000000000e+00
	0.000000000000000e+00
	-5.809087051793201e-03
	5.809087051790201e-03
	1.999838012203825e-15

 231	1.723807494744840e-09
	1.000000000000000e+00
	0.000000000000000e+00
	-5.809087051793201e-03
	5.809087051790201e-03
	1.999838012203825e-15

 232	1.733807494744840e-09
	1.000000000000000e+00
	0.000000000000000e+00
	-5.809087051793201e-03
	5.809087051790201e-03
	1.999838012203825e-15

 233	1.743807494744840e-09
	1.000000000000000e+00
	0.000000000000000e+00
	-5.809087051793201e-03
	5.809087051790201e-03
	1.999838012203825e-15

 234	1.753807494744840e-09
	1.000000000000000e+00
	0.000000000000000e+00
	-5.809087051793201e-03
	5.809087051790201e-03
	1.999838012203825e-15

 235	1.763807494744840e-09
	1.000000000000000e+00
	0.000000000000000e+00
	-5.809087051793201e-03
	5.809087051790201e-03
	1.999838012203825e-15

 236	1.773807494744840e-09
	1.000000000000000e+00
	0.000000000000000e+00
	-5.809087051793201e-03
	5.809087051790201e-03
	1.999838012203825e-15

 237	1.783807494744840e-09
	1.000000000000000e+00
	0.000000000000000e+00
	-5.809087051793201e-03
	5.809087051790201e-03
	1.999838012203825e-15

 238	1.793807494744840e-09
	1.000000000000000e+00
	0.000000000000000e+00
	-5.809087051793201e-03
	5.809087051790201e-03
	1.999838012203825e-15

 239	1.803807494744840e-09
	1.000000000000000e+00
	0.000000000000000e+00
	-5.809087051793201e-03
	5.809087051790201e-03
	1.999838012203825e-15

 240	1.813807494744840e-09
	1.000000000000000e+00
	0.000000000000000e+00
	-5.809087051793201e-03
	5.809087051790201e-03
	1.999838012203825e-15

 241	1.823807494744840e-09
	1.000000000000000e+00
	0.000000000000000e+00
	-5.809087051793201e-03
	5.809087051790201e-03
	1.999838012203825e-15

 242	1.833807494744840e-09
	1.000000000000000e+00
	0.000000000000000e+00
	-5.809087051793201e-03
	5.809087051790201e-03
	1.999838012203825e-15

 243	1.843807494744840e-09
	1.000000000000000e+00
	0.000000000000000e+00
	-5.809087051793201e-03
	5.809087051790201e-03
	1.999838012203825e-15

 244	1.853807494744840e-09
	1.000000000000000e+00
	0.000000000000000e+00
	-5.809087051793201e-03
	5.809087051790201e-03
	1.999838012203825e-15

 245	1.863807494744840e-09
	1.000000000000000e+00
	0.000000000000000e+00
	-5.809087051793201e-03
	5.809087051790201e-03
	1.999838012203825e-15

 246	1.873807494744840e-09
	1.000000000000000e+00
	0.000000000000000e+00
	-5.809087051793201e-03
	5.809087051790201e-03
	1.999838012203825e-15

 247	1.883807494744840e-09
	1.000000000000000e+00
	0.000000000000000e+00
	-5.809087051793201e-03
	5.809087051790201e-03
	1.999838012203825e-15

 248	1.893807494744841e-09
	1.000000000000000e+00
	0.000000000000000e+00
	-5.809087051793201e-03
	5.809087051790201e-03
	1.999838012203825e-15

 249	1.903807494744841e-09
	1.000000000000000e+00
	0.000000000000000e+00
	-5.809087051793201e-03
	5.809087051790201e-03
	1.999838012203825e-15

 250	1.913807494744841e-09
	1.000000000000000e+00
	0.000000000000000e+00
	-5.809087051793201e-03
	5.809087051790201e-03
	1.999838012203825e-15

 251	1.923807494744841e-09
	1.000000000000000e+00
	0.000000000000000e+00
	-5.809087051793201e-03
	5.809087051790201e-03
	1.999838012203825e-15

 252	1.933807494744841e-09
	1.000000000000000e+00
	0.000000000000000e+00
	-5.809087051793201e-03
	5.809087051790201e-03
	1.999838012203825e-15

 253	1.943807494744841e-09
	1.000000000000000e+00
	0.000000000000000e+00
	-5.809087051793201e-03
	5.809087051790201e-03
	1.999838012203825e-15

 254	1.953807494744842e-09
	1.000000000000000e+00
	0.000000000000000e+00
	-5.809087051793201e-03
	5.809087051790201e-03
	1.999838012203825e-15

 255	1.963807494744842e-09
	1.000000000000000e+00
	0.000000000000000e+00
	-5.809087051793201e-03
	5.809087051790201e-03
	1.999838012203825e-15

 256	1.973807494744842e-09
	1.000000000000000e+00
	0.000000000000000e+00
	-5.809087051793201e-03
	5.809087051790201e-03
	1.999838012203825e-15

 257	1.983807494744842e-09
	1.000000000000000e+00
	0.000000000000000e+00
	-5.809087051793201e-03
	5.809087051790201e-03
	1.999838012203825e-15

 258	1.993807494744842e-09
	1.000000000000000e+00
	0.000000000000000e+00
	-5.809087051793201e-03
	5.809087051790201e-03
	1.999838012203825e-15

 259	2.003807494744843e-09
	1.000000000000000e+00
	0.000000000000000e+00
	-5.809087051793201e-03
	5.809087051790201e-03
	1.999838012203825e-15

 260	2.013807494744843e-09
	1.000000000000000e+00
	0.000000000000000e+00
	-5.809087051793201e-03
	5.809087051790201e-03
	1.999838012203825e-15

 261	2.023807494744843e-09
	1.000000000000000e+00
	0.000000000000000e+00
	-5.809087051793201e-03
	5.809087051790201e-03
	1.999838012203825e-15

 262	2.033807494744843e-09
	1.000000000000000e+00
	0.000000000000000e+00
	-5.809087051793201e-03
	5.809087051790201e-03
	1.999838012203825e-15

 263	2.043807494744843e-09
	1.000000000000000e+00
	0.000000000000000e+00
	-5.809087051793201e-03
	5.809087051790201e-03
	1.999838012203825e-15

 264	2.053807494744843e-09
	1.000000000000000e+00
	0.000000000000000e+00
	-5.809087051793201e-03
	5.809087051790201e-03
	1.999838012203825e-15

 265	2.063807494744844e-09
	1.000000000000000e+00
	0.000000000000000e+00
	-5.809087051793201e-03
	5.809087051790201e-03
	1.999838012203825e-15

 266	2.073807494744844e-09
	1.000000000000000e+00
	0.000000000000000e+00
	-5.809087051793201e-03
	5.809087051790201e-03
	1.999838012203825e-15

 267	2.083807494744844e-09
	1.000000000000000e+00
	0.000000000000000e+00
	-5.809087051793201e-03
	5.809087051790201e-03
	1.999838012203825e-15

 268	2.093807494744844e-09
	1.000000000000000e+00
	0.000000000000000e+00
	-5.809087051793201e-03
	5.809087051790201e-03
	1.999838012203825e-15

 269	2.103807494744844e-09
	1.000000000000000e+00
	0.000000000000000e+00
	-5.809087051793201e-03
	5.809087051790201e-03
	1.999838012203825e-15

 270	2.113807494744844e-09
	1.000000000000000e+00
	0.000000000000000e+00
	-5.809087051793201e-03
	5.809087051790201e-03
	1.999838012203825e-15

 271	2.123807494744845e-09
	1.000000000000000e+00
	0.000000000000000e+00
	-5.809087051793201e-03
	5.809087051790201e-03
	1.999838012203825e-15

 272	2.133807494744845e-09
	1.000000000000000e+00
	0.000000000000000e+00
	-5.809087051793201e-03
	5.809087051790201e-03
	1.999838012203825e-15

 273	2.143807494744845e-09
	1.000000000000000e+00
	0.000000000000000e+00
	-5.809087051793201e-03
	5.809087051790201e-03
	1.999838012203825e-15

 274	2.153807494744845e-09
	1.000000000000000e+00
	0.000000000000000e+00
	-5.809087051793201e-03
	5.809087051790201e-03
	1.999838012203825e-15

 275	2.163807494744845e-09
	1.000000000000000e+00
	0.000000000000000e+00
	-5.809087051793201e-03
	5.809087051790201e-03
	1.999838012203825e-15

 276	2.173807494744845e-09
	1.000000000000000e+00
	0.000000000000000e+00
	-5.809087051793201e-03
	5.809087051790201e-03
	1.999838012203825e-15

 277	2.183807494744846e-09
	1.000000000000000e+00
	0.000000000000000e+00
	-5.809087051793201e-03
	5.809087051790201e-03
	1.999838012203825e-15

 278	2.193807494744846e-09
	1.000000000000000e+00
	0.000000000000000e+00
	-5.809087051793201e-03
	5.809087051790201e-03
	1.999838012203825e-15

 279	2.203807494744846e-09
	1.000000000000000e+00
	0.000000000000000e+00
	-5.809087051793201e-03
	5.809087051790201e-03
	1.999838012203825e-15

 280	2.213807494744846e-09
	1.000000000000000e+00
	0.000000000000000e+00
	-5.809087051793201e-03
	5.809087051790201e-03
	1.999838012203825e-15

 281	2.223807494744846e-09
	1.000000000000000e+00
	0.000000000000000e+00
	-5.809087051793201e-03
	5.809087051790201e-03
	1.999838012203825e-15

 282	2.233807494744846e-09
	1.000000000000000e+00
	0.000000000000000e+00
	-5.809087051793201e-03
	5.809087051790201e-03
	1.999838012203825e-15

 283	2.243807494744847e-09
	1.000000000000000e+00
	0.000000000000000e+00
	-5.809087051793201e-03
	5.809087051790201e-03
	1.999838012203825e-15

 284	2.253807494744847e-09
	1.000000000000000e+00
	0.000000000000000e+00
	-5.809087051793201e-03
	5.809087051790201e-03
	1.999838012203825e-15

 285	2.263807494744847e-09
	1.000000000000000e+00
	0.000000000000000e+00
	-5.809087051793201e-03
	5.809087051790201e-03
	1.999838012203825e-15

 286	2.273807494744847e-09
	1.000000000000000e+00
	0.000000000000000e+00
	-5.809087051793201e-03
	5.809087051790201e-03
	1.999838012203825e-15

 287	2.283807494744847e-09
	1.000000000000000e+00
	0.000000000000000e+00
	-5.809087051793201e-03
	5.809087051790201e-03
	1.999838012203825e-15

 288	2.293807494744848e-09
	1.000000000000000e+00
	0.000000000000000e+00
	-5.809087051793201e-03
	5.809087051790201e-03
	1.999838012203825e-15

 289	2.303807494744848e-09
	1.000000000000000e+00
	0.000000000000000e+00
	-5.809087051793201e-03
	5.809087051790201e-03
	1.999838012203825e-15

 290	2.313807494744848e-09
	1.000000000000000e+00
	0.000000000000000e+00
	-5.809087051793201e-03
	5.809087051790201e-03
	1.999838012203825e-15

 291	2.323807494744848e-09
	1.000000000000000e+00
	0.000000000000000e+00
	-5.809087051793201e-03
	5.809087051790201e-03
	1.999838012203825e-15

 292	2.333807494744848e-09
	1.000000000000000e+00
	0.000000000000000e+00
	-5.809087051793201e-03
	5.809087051790201e-03
	1.999838012203825e-15

 293	2.343807494744848e-09
	1.000000000000000e+00
	0.000000000000000e+00
	-5.809087051793201e-03
	5.809087051790201e-03
	1.999838012203825e-15

 294	2.353807494744849e-09
	1.000000000000000e+00
	0.000000000000000e+00
	-5.809087051793201e-03
	5.809087051790201e-03
	1.999838012203825e-15

 295	2.363807494744849e-09
	1.000000000000000e+00
	0.000000000000000e+00
	-5.809087051793201e-03
	5.809087051790201e-03
	1.999838012203825e-15

 296	2.373807494744849e-09
	1.000000000000000e+00
	0.000000000000000e+00
	-5.809087051793201e-03
	5.809087051790201e-03
	1.999838012203825e-15

 297	2.383807494744849e-09
	1.000000000000000e+00
	0.000000000000000e+00
	-5.809087051793201e-03
	5.809087051790201e-03
	1.999838012203825e-15

 298	2.393807494744849e-09
	1.000000000000000e+00
	0.000000000000000e+00
	-5.809087051793201e-03
	5.809087051790201e-03
	1.999838012203825e-15

 299	2.403807494744849e-09
	1.000000000000000e+00
	0.000000000000000e+00
	-5.809087051793201e-03
	5.809087051790201e-03
	1.999838012203825e-15

 300	2.413807494744850e-09
	1.000000000000000e+00
	0.000000000000000e+00
	-5.809087051793201e-03
	5.809087051790201e-03
	1.999838012203825e-15

 301	2.423807494744850e-09
	1.000000000000000e+00
	0.000000000000000e+00
	-5.809087051793201e-03
	5.809087051790201e-03
	1.999838012203825e-15

 302	2.433807494744850e-09
	1.000000000000000e+00
	0.000000000000000e+00
	-5.809087051793201e-03
	5.809087051790201e-03
	1.999838012203825e-15

 303	2.443807494744850e-09
	1.000000000000000e+00
	0.000000000000000e+00
	-5.809087051793201e-03
	5.809087051790201e-03
	1.999838012203825e-15

 304	2.453807494744850e-09
	1.000000000000000e+00
	0.000000000000000e+00
	-5.809087051793201e-03
	5.809087051790201e-03
	1.999838012203825e-15

 305	2.463807494744850e-09
	1.000000000000000e+00
	0.000000000000000e+00
	-5.809087051793201e-03
	5.809087051790201e-03
	1.999838012203825e-15

 306	2.473807494744851e-09
	1.000000000000000e+00
	0.000000000000000e+00
	-5.809087051793201e-03
	5.809087051790201e-03
	1.999838012203825e-15

 307	2.483807494744851e-09
	1.000000000000000e+00
	0.000000000000000e+00
	-5.809087051793201e-03
	5.809087051790201e-03
	1.999838012203825e-15

 308	2.493807494744851e-09
	1.000000000000000e+00
	0.000000000000000e+00
	-5.809087051793201e-03
	5.809087051790201e-03
	1.999838012203825e-15

 309	2.503807494744851e-09
	1.000000000000000e+00
	0.000000000000000e+00
	-5.809087051793201e-03
	5.809087051790201e-03
	1.999838012203825e-15

 310	2.513807494744851e-09
	1.000000000000000e+00
	0.000000000000000e+00
	-5.809087051793201e-03
	5.809087051790201e-03
	1.999838012203825e-15

 311	2.523807494744851e-09
	1.000000000000000e+00
	0.000000000000000e+00
	-5.809087051793201e-03
	5.809087051790201e-03
	1.999838012203825e-15

 312	2.533807494744852e-09
	1.000000000000000e+00
	0.000000000000000e+00
	-5.809087051793201e-03
	5.809087051790201e-03
	1.999838012203825e-15

 313	2.543807494744852e-09
	1.000000000000000e+00
	0.000000000000000e+00
	-5.809087051793201e-03
	5.809087051790201e-03
	1.999838012203825e-15

 314	2.553807494744852e-09
	1.000000000000000e+00
	0.000000000000000e+00
	-5.809087051793201e-03
	5.809087051790201e-03
	1.999838012203825e-15

 315	2.563807494744852e-09
	1.000000000000000e+00
	0.000000000000000e+00
	-5.809087051793201e-03
	5.809087051790201e-03
	1.999838012203825e-15

 316	2.573807494744852e-09
	1.000000000000000e+00
	0.000000000000000e+00
	-5.809087051793201e-03
	5.809087051790201e-03
	1.999838012203825e-15

 317	2.583807494744853e-09
	1.000000000000000e+00
	0.000000000000000e+00
	-5.809087051793201e-03
	5.809087051790201e-03
	1.999838012203825e-15

 318	2.593807494744853e-09
	1.000000000000000e+00
	0.000000000000000e+00
	-5.809087051793201e-03
	5.809087051790201e-03
	1.999838012203825e-15

 319	2.603807494744853e-09
	1.000000000000000e+00
	0.000000000000000e+00
	-5.809087051793201e-03
	5.809087051790201e-03
	1.999838012203825e-15

 320	2.613807494744853e-09
	1.000000000000000e+00
	0.000000000000000e+00
	-5.809087051793201e-03
	5.809087051790201e-03
	1.999838012203825e-15

 321	2.623807494744853e-09
	1.000000000000000e+00
	0.000000000000000e+00
	-5.809087051793201e-03
	5.809087051790201e-03
	1.999838012203825e-15

 322	2.633807494744853e-09
	1.000000000000000e+00
	0.000000000000000e+00
	-5.809087051793201e-03
	5.809087051790201e-03
	1.999838012203825e-15

 323	2.643807494744854e-09
	1.000000000000000e+00
	0.000000000000000e+00
	-5.809087051793201e-03
	5.809087051790201e-03
	1.999838012203825e-15

 324	2.653807494744854e-09
	1.000000000000000e+00
	0.000000000000000e+00
	-5.809087051793201e-03
	5.809087051790201e-03
	1.999838012203825e-15

 325	2.663807494744854e-09
	1.000000000000000e+00
	0.000000000000000e+00
	-5.809087051793201e-03
	5.809087051790201e-03
	1.999838012203825e-15

 326	2.673807494744854e-09
	1.000000000000000e+00
	0.000000000000000e+00
	-5.809087051793201e-03
	5.809087051790201e-03
	1.999838012203825e-15

 327	2.683807494744854e-09
	1.000000000000000e+00
	0.000000000000000e+00
	-5.809087051793201e-03
	5.809087051790201e-03
	1.999838012203825e-15

 328	2.693807494744854e-09
	1.000000000000000e+00
	0.000000000000000e+00
	-5.809087051793201e-03
	5.809087051790201e-03
	1.999838012203825e-15

 329	2.703807494744855e-09
	1.000000000000000e+00
	0.000000000000000e+00
	-5.809087051793201e-03
	5.809087051790201e-03
	1.999838012203825e-15

 330	2.713807494744855e-09
	1.000000000000000e+00
	0.000000000000000e+00
	-5.809087051793201e-03
	5.809087051790201e-03
	1.999838012203825e-15

 331	2.723807494744855e-09
	1.000000000000000e+00
	0.000000000000000e+00
	-5.809087051793201e-03
	5.809087051790201e-03
	1.999838012203825e-15

 332	2.733807494744855e-09
	1.000000000000000e+00
	0.000000000000000e+00
	-5.809087051793201e-03
	5.809087051790201e-03
	1.999838012203825e-15

 333	2.743807494744855e-09
	1.000000000000000e+00
	0.000000000000000e+00
	-5.809087051793201e-03
	5.809087051790201e-03
	1.999838012203825e-15

 334	2.753807494744855e-09
	1.000000000000000e+00
	0.000000000000000e+00
	-5.809087051793201e-03
	5.809087051790201e-03
	1.999838012203825e-15

 335	2.763807494744856e-09
	1.000000000000000e+00
	0.000000000000000e+00
	-5.809087051793201e-03
	5.809087051790201e-03
	1.999838012203825e-15

 336	2.773807494744856e-09
	1.000000000000000e+00
	0.000000000000000e+00
	-5.809087051793201e-03
	5.809087051790201e-03
	1.999838012203825e-15

 337	2.783807494744856e-09
	1.000000000000000e+00
	0.000000000000000e+00
	-5.809087051793201e-03
	5.809087051790201e-03
	1.999838012203825e-15

 338	2.793807494744856e-09
	1.000000000000000e+00
	0.000000000000000e+00
	-5.809087051793201e-03
	5.809087051790201e-03
	1.999838012203825e-15

 339	2.803807494744856e-09
	1.000000000000000e+00
	0.000000000000000e+00
	-5.809087051793201e-03
	5.809087051790201e-03
	1.999838012203825e-15

 340	2.813807494744856e-09
	1.000000000000000e+00
	0.000000000000000e+00
	-5.809087051793201e-03
	5.809087051790201e-03
	1.999838012203825e-15

 341	2.823807494744857e-09
	1.000000000000000e+00
	0.000000000000000e+00
	-5.809087051793201e-03
	5.809087051790201e-03
	1.999838012203825e-15

 342	2.833807494744857e-09
	1.000000000000000e+00
	0.000000000000000e+00
	-5.809087051793201e-03
	5.809087051790201e-03
	1.999838012203825e-15

 343	2.843807494744857e-09
	1.000000000000000e+00
	0.000000000000000e+00
	-5.809087051793201e-03
	5.809087051790201e-03
	1.999838012203825e-15

 344	2.853807494744857e-09
	1.000000000000000e+00
	0.000000000000000e+00
	-5.809087051793201e-03
	5.809087051790201e-03
	1.999838012203825e-15

 345	2.863807494744857e-09
	1.000000000000000e+00
	0.000000000000000e+00
	-5.809087051793201e-03
	5.809087051790201e-03
	1.999838012203825e-15

 346	2.873807494744858e-09
	1.000000000000000e+00
	0.000000000000000e+00
	-5.809087051793201e-03
	5.809087051790201e-03
	1.999838012203825e-15

 347	2.883807494744858e-09
	1.000000000000000e+00
	0.000000000000000e+00
	-5.809087051793201e-03
	5.809087051790201e-03
	1.999838012203825e-15

 348	2.893807494744858e-09
	1.000000000000000e+00
	0.000000000000000e+00
	-5.809087051793201e-03
	5.809087051790201e-03
	1.999838012203825e-15

 349	2.903807494744858e-09
	1.000000000000000e+00
	0.000000000000000e+00
	-5.809087051793201e-03
	5.809087051790201e-03
	1.999838012203825e-15

 350	2.913807494744858e-09
	1.000000000000000e+00
	0.000000000000000e+00
	-5.809087051793201e-03
	5.809087051790201e-03
	1.999838012203825e-15

 351	2.923807494744858e-09
	1.000000000000000e+00
	0.000000000000000e+00
	-5.809087051793201e-03
	5.809087051790201e-03
	1.999838012203825e-15

 352	2.933807494744859e-09
	1.000000000000000e+00
	0.000000000000000e+00
	-5.809087051793201e-03
	5.809087051790201e-03
	1.999838012203825e-15

 353	2.943807494744859e-09
	1.000000000000000e+00
	0.000000000000000e+00
	-5.809087051793201e-03
	5.809087051790201e-03
	1.999838012203825e-15

 354	2.953807494744859e-09
	1.000000000000000e+00
	0.000000000000000e+00
	-5.809087051793201e-03
	5.809087051790201e-03
	1.999838012203825e-15

 355	2.963807494744859e-09
	1.000000000000000e+00
	0.000000000000000e+00
	-5.809087051793201e-03
	5.809087051790201e-03
	1.999838012203825e-15

 356	2.973807494744859e-09
	1.000000000000000e+00
	0.000000000000000e+00
	-5.809087051793201e-03
	5.809087051790201e-03
	1.999838012203825e-15

 357	2.983807494744859e-09
	1.000000000000000e+00
	0.000000000000000e+00
	-5.809087051793201e-03
	5.809087051790201e-03
	1.999838012203825e-15

 358	2.993807494744860e-09
	1.000000000000000e+00
	0.000000000000000e+00
	-5.809087051793201e-03
	5.809087051790201e-03
	1.999838012203825e-15

 359	3.003807494744860e-09
	1.000000000000000e+00
	0.000000000000000e+00
	-5.809087051793201e-03
	5.809087051790201e-03
	1.999838012203825e-15

 360	3.013807494744860e-09
	1.000000000000000e+00
	0.000000000000000e+00
	-5.809087051793201e-03
	5.809087051790201e-03
	1.999838012203825e-15

 361	3.023807494744860e-09
	1.000000000000000e+00
	0.000000000000000e+00
	-5.809087051793201e-03
	5.809087051790201e-03
	1.999838012203825e-15

 362	3.033807494744860e-09
	1.000000000000000e+00
	0.000000000000000e+00
	-5.809087051793201e-03
	5.809087051790201e-03
	1.999838012203825e-15

 363	3.043807494744860e-09
	1.000000000000000e+00
	0.000000000000000e+00
	-5.809087051793201e-03
	5.809087051790201e-03
	1.999838012203825e-15

 364	3.053807494744861e-09
	1.000000000000000e+00
	0.000000000000000e+00
	-5.809087051793201e-03
	5.809087051790201e-03
	1.999838012203825e-15

 365	3.063807494744861e-09
	1.000000000000000e+00
	0.000000000000000e+00
	-5.809087051793201e-03
	5.809087051790201e-03
	1.999838012203825e-15

 366	3.073807494744861e-09
	1.000000000000000e+00
	0.000000000000000e+00
	-5.809087051793201e-03
	5.809087051790201e-03
	1.999838012203825e-15

 367	3.083807494744861e-09
	1.000000000000000e+00
	0.000000000000000e+00
	-5.809087051793201e-03
	5.809087051790201e-03
	1.999838012203825e-15

 368	3.093807494744861e-09
	1.000000000000000e+00
	0.000000000000000e+00
	-5.809087051793201e-03
	5.809087051790201e-03
	1.999838012203825e-15

 369	3.103807494744861e-09
	1.000000000000000e+00
	0.000000000000000e+00
	-5.809087051793201e-03
	5.809087051790201e-03
	1.999838012203825e-15

 370	3.113807494744862e-09
	1.000000000000000e+00
	0.000000000000000e+00
	-5.809087051793201e-03
	5.809087051790201e-03
	1.999838012203825e-15

 371	3.123807494744862e-09
	1.000000000000000e+00
	0.000000000000000e+00
	-5.809087051793201e-03
	5.809087051790201e-03
	1.999838012203825e-15

 372	3.133807494744862e-09
	1.000000000000000e+00
	0.000000000000000e+00
	-5.809087051793201e-03
	5.809087051790201e-03
	1.999838012203825e-15

 373	3.143807494744862e-09
	1.000000000000000e+00
	0.000000000000000e+00
	-5.809087051793201e-03
	5.809087051790201e-03
	1.999838012203825e-15

 374	3.153807494744862e-09
	1.000000000000000e+00
	0.000000000000000e+00
	-5.809087051793201e-03
	5.809087051790201e-03
	1.999838012203825e-15

 375	3.163807494744863e-09
	1.000000000000000e+00
	0.000000000000000e+00
	-5.809087051793201e-03
	5.809087051790201e-03
	1.999838012203825e-15

 376	3.173807494744863e-09
	1.000000000000000e+00
	0.000000000000000e+00
	-5.809087051793201e-03
	5.809087051790201e-03
	1.999838012203825e-15

 377	3.183807494744863e-09
	1.000000000000000e+00
	0.000000000000000e+00
	-5.809087051793201e-03
	5.809087051790201e-03
	1.999838012203825e-15

 378	3.193807494744863e-09
	1.000000000000000e+00
	0.000000000000000e+00
	-5.809087051793201e-03
	5.809087051790201e-03
	1.999838012203825e-15

 379	3.203807494744863e-09
	1.000000000000000e+00
	0.000000000000000e+00
	-5.809087051793201e-03
	5.809087051790201e-03
	1.999838012203825e-15

 380	3.213807494744863e-09
	1.000000000000000e+00
	0.000000000000000e+00
	-5.809087051793201e-03
	5.809087051790201e-03
	1.999838012203825e-15

 381	3.223807494744864e-09
	1.000000000000000e+00
	0.000000000000000e+00
	-5.809087051793201e-03
	5.809087051790201e-03
	1.999838012203825e-15

 382	3.233807494744864e-09
	1.000000000000000e+00
	0.000000000000000e+00
	-5.809087051793201e-03
	5.809087051790201e-03
	1.999838012203825e-15

 383	3.243807494744864e-09
	1.000000000000000e+00
	0.000000000000000e+00
	-5.809087051793201e-03
	5.809087051790201e-03
	1.999838012203825e-15

 384	3.253807494744864e-09
	1.000000000000000e+00
	0.000000000000000e+00
	-5.809087051793201e-03
	5.809087051790201e-03
	1.999838012203825e-15

 385	3.263807494744864e-09
	1.000000000000000e+00
	0.000000000000000e+00
	-5.809087051793201e-03
	5.809087051790201e-03
	1.999838012203825e-15

 386	3.273807494744864e-09
	1.000000000000000e+00
	0.000000000000000e+00
	-5.809087051793201e-03
	5.809087051790201e-03
	1.999838012203825e-15

 387	3.283807494744865e-09
	1.000000000000000e+00
	0.000000000000000e+00
	-5.809087051793201e-03
	5.809087051790201e-03
	1.999838012203825e-15

 388	3.293807494744865e-09
	1.000000000000000e+00
	0.000000000000000e+00
	-5.809087051793201e-03
	5.809087051790201e-03
	1.999838012203825e-15

 389	3.303807494744865e-09
	1.000000000000000e+00
	0.000000000000000e+00
	-5.809087051793201e-03
	5.809087051790201e-03
	1.999838012203825e-15

 390	3.313807494744865e-09
	1.000000000000000e+00
	0.000000000000000e+00
	-5.809087051793201e-03
	5.809087051790201e-03
	1.999838012203825e-15

 391	3.323807494744865e-09
	1.000000000000000e+00
	0.000000000000000e+00
	-5.809087051793201e-03
	5.809087051790201e-03
	1.999838012203825e-15

 392	3.333807494744865e-09
	1.000000000000000e+00
	0.000000000000000e+00
	-5.809087051793201e-03
	5.809087051790201e-03
	1.999838012203825e-15

 393	3.343807494744866e-09
	1.000000000000000e+00
	0.000000000000000e+00
	-5.809087051793201e-03
	5.809087051790201e-03
	1.999838012203825e-15

 394	3.353807494744866e-09
	1.000000000000000e+00
	0.000000000000000e+00
	-5.809087051793201e-03
	5.809087051790201e-03
	1.999838012203825e-15

 395	3.363807494744866e-09
	1.000000000000000e+00
	0.000000000000000e+00
	-5.809087051793201e-03
	5.809087051790201e-03
	1.999838012203825e-15

 396	3.373807494744866e-09
	1.000000000000000e+00
	0.000000000000000e+00
	-5.809087051793201e-03
	5.809087051790201e-03
	1.999838012203825e-15

 397	3.383807494744866e-09
	1.000000000000000e+00
	0.000000000000000e+00
	-5.809087051793201e-03
	5.809087051790201e-03
	1.999838012203825e-15

 398	3.393807494744866e-09
	1.000000000000000e+00
	0.000000000000000e+00
	-5.809087051793201e-03
	5.809087051790201e-03
	1.999838012203825e-15

 399	3.403807494744867e-09
	1.000000000000000e+00
	0.000000000000000e+00
	-5.809087051793201e-03
	5.809087051790201e-03
	1.999838012203825e-15

 400	3.413807494744867e-09
	1.000000000000000e+00
	0.000000000000000e+00
	-5.809087051793201e-03
	5.809087051790201e-03
	1.999838012203825e-15

 401	3.423807494744867e-09
	1.000000000000000e+00
	0.000000000000000e+00
	-5.809087051793201e-03
	5.809087051790201e-03
	1.999838012203825e-15

 402	3.433807494744867e-09
	1.000000000000000e+00
	0.000000000000000e+00
	-5.809087051793201e-03
	5.809087051790201e-03
	1.999838012203825e-15

 403	3.443807494744867e-09
	1.000000000000000e+00
	0.000000000000000e+00
	-5.809087051793201e-03
	5.809087051790201e-03
	1.999838012203825e-15

 404	3.453807494744868e-09
	1.000000000000000e+00
	0.000000000000000e+00
	-5.809087051793201e-03
	5.809087051790201e-03
	1.999838012203825e-15

 405	3.463807494744868e-09
	1.000000000000000e+00
	0.000000000000000e+00
	-5.809087051793201e-03
	5.809087051790201e-03
	1.999838012203825e-15

 406	3.473807494744868e-09
	1.000000000000000e+00
	0.000000000000000e+00
	-5.809087051793201e-03
	5.809087051790201e-03
	1.999838012203825e-15

 407	3.483807494744868e-09
	1.000000000000000e+00
	0.000000000000000e+00
	-5.809087051793201e-03
	5.809087051790201e-03
	1.999838012203825e-15

 408	3.493807494744868e-09
	1.000000000000000e+00
	0.000000000000000e+00
	-5.809087051793201e-03
	5.809087051790201e-03
	1.999838012203825e-15

 409	3.503807494744868e-09
	1.000000000000000e+00
	0.000000000000000e+00
	-5.809087051793201e-03
	5.809087051790201e-03
	1.999838012203825e-15

 410	3.513807494744869e-09
	1.000000000000000e+00
	0.000000000000000e+00
	-5.809087051793201e-03
	5.809087051790201e-03
	1.999838012203825e-15

 411	3.523807494744869e-09
	1.000000000000000e+00
	0.000000000000000e+00
	-5.809087051793201e-03
	5.809087051790201e-03
	1.999838012203825e-15

 412	3.533807494744869e-09
	1.000000000000000e+00
	0.000000000000000e+00
	-5.809087051793201e-03
	5.809087051790201e-03
	1.999838012203825e-15

 413	3.543807494744869e-09
	1.000000000000000e+00
	0.000000000000000e+00
	-5.809087051793201e-03
	5.809087051790201e-03
	1.999838012203825e-15

 414	3.553807494744869e-09
	1.000000000000000e+00
	0.000000000000000e+00
	-5.809087051793201e-03
	5.809087051790201e-03
	1.999838012203825e-15

 415	3.563807494744869e-09
	1.000000000000000e+00
	0.000000000000000e+00
	-5.809087051793201e-03
	5.809087051790201e-03
	1.999838012203825e-15

 416	3.573807494744870e-09
	1.000000000000000e+00
	0.000000000000000e+00
	-5.809087051793201e-03
	5.809087051790201e-03
	1.999838012203825e-15

 417	3.583807494744870e-09
	1.000000000000000e+00
	0.000000000000000e+00
	-5.809087051793201e-03
	5.809087051790201e-03
	1.999838012203825e-15

 418	3.593807494744870e-09
	1.000000000000000e+00
	0.000000000000000e+00
	-5.809087051793201e-03
	5.809087051790201e-03
	1.999838012203825e-15

 419	3.603807494744870e-09
	1.000000000000000e+00
	0.000000000000000e+00
	-5.809087051793201e-03
	5.809087051790201e-03
	1.999838012203825e-15

 420	3.613807494744870e-09
	1.000000000000000e+00
	0.000000000000000e+00
	-5.809087051793201e-03
	5.809087051790201e-03
	1.999838012203825e-15

 421	3.623807494744870e-09
	1.000000000000000e+00
	0.000000000000000e+00
	-5.809087051793201e-03
	5.809087051790201e-03
	1.999838012203825e-15

 422	3.633807494744871e-09
	1.000000000000000e+00
	0.000000000000000e+00
	-5.809087051793201e-03
	5.809087051790201e-03
	1.999838012203825e-15

 423	3.643807494744871e-09
	1.000000000000000e+00
	0.000000000000000e+00
	-5.809087051793201e-03
	5.809087051790201e-03
	1.999838012203825e-15

 424	3.653807494744871e-09
	1.000000000000000e+00
	0.000000000000000e+00
	-5.809087051793201e-03
	5.809087051790201e-03
	1.999838012203825e-15

 425	3.663807494744871e-09
	1.000000000000000e+00
	0.000000000000000e+00
	-5.809087051793201e-03
	5.809087051790201e-03
	1.999838012203825e-15

 426	3.673807494744871e-09
	1.000000000000000e+00
	0.000000000000000e+00
	-5.809087051793201e-03
	5.809087051790201e-03
	1.999838012203825e-15

 427	3.683807494744871e-09
	1.000000000000000e+00
	0.000000000000000e+00
	-5.809087051793201e-03
	5.809087051790201e-03
	1.999838012203825e-15

 428	3.693807494744872e-09
	1.000000000000000e+00
	0.000000000000000e+00
	-5.809087051793201e-03
	5.809087051790201e-03
	1.999838012203825e-15

 429	3.703807494744872e-09
	1.000000000000000e+00
	0.000000000000000e+00
	-5.809087051793201e-03
	5.809087051790201e-03
	1.999838012203825e-15

 430	3.713807494744872e-09
	1.000000000000000e+00
	0.000000000000000e+00
	-5.809087051793201e-03
	5.809087051790201e-03
	1.999838012203825e-15

 431	3.723807494744872e-09
	1.000000000000000e+00
	0.000000000000000e+00
	-5.809087051793201e-03
	5.809087051790201e-03
	1.999838012203825e-15

 432	3.733807494744872e-09
	1.000000000000000e+00
	0.000000000000000e+00
	-5.809087051793201e-03
	5.809087051790201e-03
	1.999838012203825e-15

 433	3.743807494744872e-09
	1.000000000000000e+00
	0.000000000000000e+00
	-5.809087051793201e-03
	5.809087051790201e-03
	1.999838012203825e-15

 434	3.753807494744872e-09
	1.000000000000000e+00
	0.000000000000000e+00
	-5.809087051793201e-03
	5.809087051790201e-03
	1.999838012203825e-15

 435	3.763807494744872e-09
	1.000000000000000e+00
	0.000000000000000e+00
	-5.809087051793201e-03
	5.809087051790201e-03
	1.999838012203825e-15

 436	3.773807494744871e-09
	1.000000000000000e+00
	0.000000000000000e+00
	-5.809087051793201e-03
	5.809087051790201e-03
	1.999838012203825e-15

 437	3.783807494744871e-09
	1.000000000000000e+00
	0.000000000000000e+00
	-5.809087051793201e-03
	5.809087051790201e-03
	1.999838012203825e-15

 438	3.793807494744871e-09
	1.000000000000000e+00
	0.000000000000000e+00
	-5.809087051793201e-03
	5.809087051790201e-03
	1.999838012203825e-15

 439	3.803807494744871e-09
	1.000000000000000e+00
	0.000000000000000e+00
	-5.809087051793201e-03
	5.809087051790201e-03
	1.999838012203825e-15

 440	3.813807494744870e-09
	1.000000000000000e+00
	0.000000000000000e+00
	-5.809087051793201e-03
	5.809087051790201e-03
	1.999838012203825e-15

 441	3.823807494744870e-09
	1.000000000000000e+00
	0.000000000000000e+00
	-5.809087051793201e-03
	5.809087051790201e-03
	1.999838012203825e-15

 442	3.833807494744870e-09
	1.000000000000000e+00
	0.000000000000000e+00
	-5.809087051793201e-03
	5.809087051790201e-03
	1.999838012203825e-15

 443	3.843807494744870e-09
	1.000000000000000e+00
	0.000000000000000e+00
	-5.809087051793201e-03
	5.809087051790201e-03
	1.999838012203825e-15

 444	3.853807494744869e-09
	1.000000000000000e+00
	0.000000000000000e+00
	-5.809087051793201e-03
	5.809087051790201e-03
	1.999838012203825e-15

 445	3.863807494744869e-09
	1.000000000000000e+00
	0.000000000000000e+00
	-5.809087051793201e-03
	5.809087051790201e-03
	1.999838012203825e-15

 446	3.873807494744869e-09
	1.000000000000000e+00
	0.000000000000000e+00
	-5.809087051793201e-03
	5.809087051790201e-03
	1.999838012203825e-15

 447	3.883807494744869e-09
	1.000000000000000e+00
	0.000000000000000e+00
	-5.809087051793201e-03
	5.809087051790201e-03
	1.999838012203825e-15

 448	3.893807494744868e-09
	1.000000000000000e+00
	0.000000000000000e+00
	-5.809087051793201e-03
	5.809087051790201e-03
	1.999838012203825e-15

 449	3.903807494744868e-09
	1.000000000000000e+00
	0.000000000000000e+00
	-5.809087051793201e-03
	5.809087051790201e-03
	1.999838012203825e-15

 450	3.913807494744868e-09
	1.000000000000000e+00
	0.000000000000000e+00
	-5.809087051793201e-03
	5.809087051790201e-03
	1.999838012203825e-15

 451	3.923807494744868e-09
	1.000000000000000e+00
	0.000000000000000e+00
	-5.809087051793201e-03
	5.809087051790201e-03
	1.999838012203825e-15

 452	3.933807494744868e-09
	1.000000000000000e+00
	0.000000000000000e+00
	-5.809087051793201e-03
	5.809087051790201e-03
	1.999838012203825e-15

 453	3.943807494744867e-09
	1.000000000000000e+00
	0.000000000000000e+00
	-5.809087051793201e-03
	5.809087051790201e-03
	1.999838012203825e-15

 454	3.953807494744867e-09
	1.000000000000000e+00
	0.000000000000000e+00
	-5.809087051793201e-03
	5.809087051790201e-03
	1.999838012203825e-15

 455	3.963807494744867e-09
	1.000000000000000e+00
	0.000000000000000e+00
	-5.809087051793201e-03
	5.809087051790201e-03
	1.999838012203825e-15

 456	3.973807494744867e-09
	1.000000000000000e+00
	0.000000000000000e+00
	-5.809087051793201e-03
	5.809087051790201e-03
	1.999838012203825e-15

 457	3.983807494744866e-09
	1.000000000000000e+00
	0.000000000000000e+00
	-5.809087051793201e-03
	5.809087051790201e-03
	1.999838012203825e-15

 458	3.993807494744866e-09
	1.000000000000000e+00
	0.000000000000000e+00
	-5.809087051793201e-03
	5.809087051790201e-03
	1.999838012203825e-15

 459	4.003807494744866e-09
	1.000000000000000e+00
	0.000000000000000e+00
	-5.809087051793201e-03
	5.809087051790201e-03
	1.999838012203825e-15

 460	4.013807494744866e-09
	1.000000000000000e+00
	0.000000000000000e+00
	-5.809087051793201e-03
	5.809087051790201e-03
	1.999838012203825e-15

 461	4.023807494744865e-09
	1.000000000000000e+00
	0.000000000000000e+00
	-5.809087051793201e-03
	5.809087051790201e-03
	1.999838012203825e-15

 462	4.033807494744865e-09
	1.000000000000000e+00
	0.000000000000000e+00
	-5.809087051793201e-03
	5.809087051790201e-03
	1.999838012203825e-15

 463	4.043807494744865e-09
	1.000000000000000e+00
	0.000000000000000e+00
	-5.809087051793201e-03
	5.809087051790201e-03
	1.999838012203825e-15

 464	4.053807494744865e-09
	1.000000000000000e+00
	0.000000000000000e+00
	-5.809087051793201e-03
	5.809087051790201e-03
	1.999838012203825e-15

 465	4.063807494744864e-09
	1.000000000000000e+00
	0.000000000000000e+00
	-5.809087051793201e-03
	5.809087051790201e-03
	1.999838012203825e-15

 466	4.073807494744864e-09
	1.000000000000000e+00
	0.000000000000000e+00
	-5.809087051793201e-03
	5.809087051790201e-03
	1.999838012203825e-15

 467	4.083807494744864e-09
	1.000000000000000e+00
	0.000000000000000e+00
	-5.809087051793201e-03
	5.809087051790201e-03
	1.999838012203825e-15

 468	4.093807494744864e-09
	1.000000000000000e+00
	0.000000000000000e+00
	-5.809087051793201e-03
	5.809087051790201e-03
	1.999838012203825e-15

 469	4.103807494744863e-09
	1.000000000000000e+00
	0.000000000000000e+00
	-5.809087051793201e-03
	5.809087051790201e-03
	1.999838012203825e-15

 470	4.113807494744863e-09
	1.000000000000000e+00
	0.000000000000000e+00
	-5.809087051793201e-03
	5.809087051790201e-03
	1.999838012203825e-15

 471	4.123807494744863e-09
	1.000000000000000e+00
	0.000000000000000e+00
	-5.809087051793201e-03
	5.809087051790201e-03
	1.999838012203825e-15

 472	4.133807494744863e-09
	1.000000000000000e+00
	0.000000000000000e+00
	-5.809087051793201e-03
	5.809087051790201e-03
	1.999838012203825e-15

 473	4.143807494744862e-09
	1.000000000000000e+00
	0.000000000000000e+00
	-5.809087051793201e-03
	5.809087051790201e-03
	1.999838012203825e-15

 474	4.153807494744862e-09
	1.000000000000000e+00
	0.000000000000000e+00
	-5.809087051793201e-03
	5.809087051790201e-03
	1.999838012203825e-15

 475	4.163807494744862e-09
	1.000000000000000e+00
	0.000000000000000e+00
	-5.809087051793201e-03
	5.809087051790201e-03
	1.999838012203825e-15

 476	4.173807494744862e-09
	1.000000000000000e+00
	0.000000000000000e+00
	-5.809087051793201e-03
	5.809087051790201e-03
	1.999838012203825e-15

 477	4.183807494744861e-09
	1.000000000000000e+00
	0.000000000000000e+00
	-5.809087051793201e-03
	5.809087051790201e-03
	1.999838012203825e-15

 478	4.193807494744861e-09
	1.000000000000000e+00
	0.000000000000000e+00
	-5.809087051793201e-03
	5.809087051790201e-03
	1.999838012203825e-15

 479	4.203807494744861e-09
	1.000000000000000e+00
	0.000000000000000e+00
	-5.809087051793201e-03
	5.809087051790201e-03
	1.999838012203825e-15

 480	4.213807494744861e-09
	1.000000000000000e+00
	0.000000000000000e+00
	-5.809087051793201e-03
	5.809087051790201e-03
	1.999838012203825e-15

 481	4.223807494744861e-09
	1.000000000000000e+00
	0.000000000000000e+00
	-5.809087051793201e-03
	5.809087051790201e-03
	1.999838012203825e-15

 482	4.233807494744860e-09
	1.000000000000000e+00
	0.000000000000000e+00
	-5.809087051793201e-03
	5.809087051790201e-03
	1.999838012203825e-15

 483	4.243807494744860e-09
	1.000000000000000e+00
	0.000000000000000e+00
	-5.809087051793201e-03
	5.809087051790201e-03
	1.999838012203825e-15

 484	4.253807494744860e-09
	1.000000000000000e+00
	0.000000000000000e+00
	-5.809087051793201e-03
	5.809087051790201e-03
	1.999838012203825e-15

 485	4.263807494744860e-09
	1.000000000000000e+00
	0.000000000000000e+00
	-5.809087051793201e-03
	5.809087051790201e-03
	1.999838012203825e-15

 486	4.273807494744859e-09
	1.000000000000000e+00
	0.000000000000000e+00
	-5.809087051793201e-03
	5.809087051790201e-03
	1.999838012203825e-15

 487	4.283807494744859e-09
	1.000000000000000e+00
	0.000000000000000e+00
	-5.809087051793201e-03
	5.809087051790201e-03
	1.999838012203825e-15

 488	4.293807494744859e-09
	1.000000000000000e+00
	0.000000000000000e+00
	-5.809087051793201e-03
	5.809087051790201e-03
	1.999838012203825e-15

 489	4.303807494744859e-09
	1.000000000000000e+00
	0.000000000000000e+00
	-5.809087051793201e-03
	5.809087051790201e-03
	1.999838012203825e-15

 490	4.313807494744858e-09
	1.000000000000000e+00
	0.000000000000000e+00
	-5.809087051793201e-03
	5.809087051790201e-03
	1.999838012203825e-15

 491	4.323807494744858e-09
	1.000000000000000e+00
	0.000000000000000e+00
	-5.809087051793201e-03
	5.809087051790201e-03
	1.999838012203825e-15

 492	4.333807494744858e-09
	1.000000000000000e+00
	0.000000000000000e+00
	-5.809087051793201e-03
	5.809087051790201e-03
	1.999838012203825e-15

 493	4.343807494744858e-09
	1.000000000000000e+00
	0.000000000000000e+00
	-5.809087051793201e-03
	5.809087051790201e-03
	1.999838012203825e-15

 494	4.353807494744857e-09
	1.000000000000000e+00
	0.000000000000000e+00
	-5.809087051793201e-03
	5.809087051790201e-03
	1.999838012203825e-15

 495	4.363807494744857e-09
	1.000000000000000e+00
	0.000000000000000e+00
	-5.809087051793201e-03
	5.809087051790201e-03
	1.999838012203825e-15

 496	4.373807494744857e-09
	1.000000000000000e+00
	0.000000000000000e+00
	-5.809087051793201e-03
	5.809087051790201e-03
	1.999838012203825e-15

 497	4.383807494744857e-09
	1.000000000000000e+00
	0.000000000000000e+00
	-5.809087051793201e-03
	5.809087051790201e-03
	1.999838012203825e-15

 498	4.393807494744856e-09
	1.000000000000000e+00
	0.000000000000000e+00
	-5.809087051793201e-03
	5.809087051790201e-03
	1.999838012203825e-15

 499	4.403807494744856e-09
	1.000000000000000e+00
	0.000000000000000e+00
	-5.809087051793201e-03
	5.809087051790201e-03
	1.999838012203825e-15

 500	4.413807494744856e-09
	1.000000000000000e+00
	0.000000000000000e+00
	-5.809087051793201e-03
	5.809087051790201e-03
	1.999838012203825e-15

 501	4.423807494744856e-09
	1.000000000000000e+00
	0.000000000000000e+00
	-5.809087051793201e-03
	5.809087051790201e-03
	1.999838012203825e-15

 502	4.433807494744855e-09
	1.000000000000000e+00
	0.000000000000000e+00
	-5.809087051793201e-03
	5.809087051790201e-03
	1.999838012203825e-15

 503	4.443807494744855e-09
	1.000000000000000e+00
	0.000000000000000e+00
	-5.809087051793201e-03
	5.809087051790201e-03
	1.999838012203825e-15

 504	4.453807494744855e-09
	1.000000000000000e+00
	0.000000000000000e+00
	-5.809087051793201e-03
	5.809087051790201e-03
	1.999838012203825e-15

 505	4.463807494744855e-09
	1.000000000000000e+00
	0.000000000000000e+00
	-5.809087051793201e-03
	5.809087051790201e-03
	1.999838012203825e-15

 506	4.473807494744854e-09
	1.000000000000000e+00
	0.000000000000000e+00
	-5.809087051793201e-03
	5.809087051790201e-03
	1.999838012203825e-15

 507	4.483807494744854e-09
	1.000000000000000e+00
	0.000000000000000e+00
	-5.809087051793201e-03
	5.809087051790201e-03
	1.999838012203825e-15

 508	4.493807494744854e-09
	1.000000000000000e+00
	0.000000000000000e+00
	-5.809087051793201e-03
	5.809087051790201e-03
	1.999838012203825e-15

 509	4.503807494744854e-09
	1.000000000000000e+00
	0.000000000000000e+00
	-5.809087051793201e-03
	5.809087051790201e-03
	1.999838012203825e-15

 510	4.513807494744854e-09
	1.000000000000000e+00
	0.000000000000000e+00
	-5.809087051793201e-03
	5.809087051790201e-03
	1.999838012203825e-15

 511	4.523807494744853e-09
	1.000000000000000e+00
	0.000000000000000e+00
	-5.809087051793201e-03
	5.809087051790201e-03
	1.999838012203825e-15

 512	4.533807494744853e-09
	1.000000000000000e+00
	0.000000000000000e+00
	-5.809087051793201e-03
	5.809087051790201e-03
	1.999838012203825e-15

 513	4.543807494744853e-09
	1.000000000000000e+00
	0.000000000000000e+00
	-5.809087051793201e-03
	5.809087051790201e-03
	1.999838012203825e-15

 514	4.553807494744853e-09
	1.000000000000000e+00
	0.000000000000000e+00
	-5.809087051793201e-03
	5.809087051790201e-03
	1.999838012203825e-15

 515	4.563807494744852e-09
	1.000000000000000e+00
	0.000000000000000e+00
	-5.809087051793201e-03
	5.809087051790201e-03
	1.999838012203825e-15

 516	4.573807494744852e-09
	1.000000000000000e+00
	0.000000000000000e+00
	-5.809087051793201e-03
	5.809087051790201e-03
	1.999838012203825e-15

 517	4.583807494744852e-09
	1.000000000000000e+00
	0.000000000000000e+00
	-5.809087051793201e-03
	5.809087051790201e-03
	1.999838012203825e-15

 518	4.593807494744852e-09
	1.000000000000000e+00
	0.000000000000000e+00
	-5.809087051793201e-03
	5.809087051790201e-03
	1.999838012203825e-15

 519	4.603807494744851e-09
	1.000000000000000e+00
	0.000000000000000e+00
	-5.809087051793201e-03
	5.809087051790201e-03
	1.999838012203825e-15

 520	4.613807494744851e-09
	1.000000000000000e+00
	0.000000000000000e+00
	-5.809087051793201e-03
	5.809087051790201e-03
	1.999838012203825e-15

 521	4.623807494744851e-09
	1.000000000000000e+00
	0.000000000000000e+00
	-5.809087051793201e-03
	5.809087051790201e-03
	1.999838012203825e-15

 522	4.633807494744851e-09
	1.000000000000000e+00
	0.000000000000000e+00
	-5.809087051793201e-03
	5.809087051790201e-03
	1.999838012203825e-15

 523	4.643807494744850e-09
	1.000000000000000e+00
	0.000000000000000e+00
	-5.809087051793201e-03
	5.809087051790201e-03
	1.999838012203825e-15

 524	4.653807494744850e-09
	1.000000000000000e+00
	0.000000000000000e+00
	-5.809087051793201e-03
	5.809087051790201e-03
	1.999838012203825e-15

 525	4.663807494744850e-09
	1.000000000000000e+00
	0.000000000000000e+00
	-5.809087051793201e-03
	5.809087051790201e-03
	1.999838012203825e-15

 526	4.673807494744850e-09
	1.000000000000000e+00
	0.000000000000000e+00
	-5.809087051793201e-03
	5.809087051790201e-03
	1.999838012203825e-15

 527	4.683807494744849e-09
	1.000000000000000e+00
	0.000000000000000e+00
	-5.809087051793201e-03
	5.809087051790201e-03
	1.999838012203825e-15

 528	4.693807494744849e-09
	1.000000000000000e+00
	0.000000000000000e+00
	-5.809087051793201e-03
	5.809087051790201e-03
	1.999838012203825e-15

 529	4.703807494744849e-09
	1.000000000000000e+00
	0.000000000000000e+00
	-5.809087051793201e-03
	5.809087051790201e-03
	1.999838012203825e-15

 530	4.713807494744849e-09
	1.000000000000000e+00
	0.000000000000000e+00
	-5.809087051793201e-03
	5.809087051790201e-03
	1.999838012203825e-15

 531	4.723807494744848e-09
	1.000000000000000e+00
	0.000000000000000e+00
	-5.809087051793201e-03
	5.809087051790201e-03
	1.999838012203825e-15

 532	4.733807494744848e-09
	1.000000000000000e+00
	0.000000000000000e+00
	-5.809087051793201e-03
	5.809087051790201e-03
	1.999838012203825e-15

 533	4.743807494744848e-09
	1.000000000000000e+00
	0.000000000000000e+00
	-5.809087051793201e-03
	5.809087051790201e-03
	1.999838012203825e-15

 534	4.753807494744848e-09
	1.000000000000000e+00
	0.000000000000000e+00
	-5.809087051793201e-03
	5.809087051790201e-03
	1.999838012203825e-15

 535	4.763807494744847e-09
	1.000000000000000e+00
	0.000000000000000e+00
	-5.809087051793201e-03
	5.809087051790201e-03
	1.999838012203825e-15

 536	4.773807494744847e-09
	1.000000000000000e+00
	0.000000000000000e+00
	-5.809087051793201e-03
	5.809087051790201e-03
	1.999838012203825e-15

 537	4.783807494744847e-09
	1.000000000000000e+00
	0.000000000000000e+00
	-5.809087051793201e-03
	5.809087051790201e-03
	1.999838012203825e-15

 538	4.793807494744847e-09
	1.000000000000000e+00
	0.000000000000000e+00
	-5.809087051793201e-03
	5.809087051790201e-03
	1.999838012203825e-15

 539	4.803807494744847e-09
	1.000000000000000e+00
	0.000000000000000e+00
	-5.809087051793201e-03
	5.809087051790201e-03
	1.999838012203825e-15

 540	4.813807494744846e-09
	1.000000000000000e+00
	0.000000000000000e+00
	-5.809087051793201e-03
	5.809087051790201e-03
	1.999838012203825e-15

 541	4.823807494744846e-09
	1.000000000000000e+00
	0.000000000000000e+00
	-5.809087051793201e-03
	5.809087051790201e-03
	1.999838012203825e-15

 542	4.833807494744846e-09
	1.000000000000000e+00
	0.000000000000000e+00
	-5.809087051793201e-03
	5.809087051790201e-03
	1.999838012203825e-15

 543	4.843807494744846e-09
	1.000000000000000e+00
	0.000000000000000e+00
	-5.809087051793201e-03
	5.809087051790201e-03
	1.999838012203825e-15

 544	4.853807494744845e-09
	1.000000000000000e+00
	0.000000000000000e+00
	-5.809087051793201e-03
	5.809087051790201e-03
	1.999838012203825e-15

 545	4.863807494744845e-09
	1.000000000000000e+00
	0.000000000000000e+00
	-5.809087051793201e-03
	5.809087051790201e-03
	1.999838012203825e-15

 546	4.873807494744845e-09
	1.000000000000000e+00
	0.000000000000000e+00
	-5.809087051793201e-03
	5.809087051790201e-03
	1.999838012203825e-15

 547	4.883807494744845e-09
	1.000000000000000e+00
	0.000000000000000e+00
	-5.809087051793201e-03
	5.809087051790201e-03
	1.999838012203825e-15

 548	4.893807494744844e-09
	1.000000000000000e+00
	0.000000000000000e+00
	-5.809087051793201e-03
	5.809087051790201e-03
	1.999838012203825e-15

 549	4.903807494744844e-09
	1.000000000000000e+00
	0.000000000000000e+00
	-5.809087051793201e-03
	5.809087051790201e-03
	1.999838012203825e-15

 550	4.913807494744844e-09
	1.000000000000000e+00
	0.000000000000000e+00
	-5.809087051793201e-03
	5.809087051790201e-03
	1.999838012203825e-15

 551	4.923807494744844e-09
	1.000000000000000e+00
	0.000000000000000e+00
	-5.809087051793201e-03
	5.809087051790201e-03
	1.999838012203825e-15

 552	4.933807494744843e-09
	1.000000000000000e+00
	0.000000000000000e+00
	-5.809087051793201e-03
	5.809087051790201e-03
	1.999838012203825e-15

 553	4.943807494744843e-09
	1.000000000000000e+00
	0.000000000000000e+00
	-5.809087051793201e-03
	5.809087051790201e-03
	1.999838012203825e-15

 554	4.953807494744843e-09
	1.000000000000000e+00
	0.000000000000000e+00
	-5.809087051793201e-03
	5.809087051790201e-03
	1.999838012203825e-15

 555	4.963807494744843e-09
	1.000000000000000e+00
	0.000000000000000e+00
	-5.809087051793201e-03
	5.809087051790201e-03
	1.999838012203825e-15

 556	4.973807494744842e-09
	1.000000000000000e+00
	0.000000000000000e+00
	-5.809087051793201e-03
	5.809087051790201e-03
	1.999838012203825e-15

 557	4.983807494744842e-09
	1.000000000000000e+00
	0.000000000000000e+00
	-5.809087051793201e-03
	5.809087051790201e-03
	1.999838012203825e-15

 558	4.991903747372421e-09
	1.000000000000000e+00
	-2.168404344971009e-19
	-5.809087051793203e-03
	5.809087051790202e-03
	1.999790578358779e-15

 559	5.000000000000000e-09
	1.000000000000000e+00
	0.000000000000000e+00
	-5.809087051793201e-03
	5.809087051790201e-03
	1.999966761211808e-15

