v-sweep v(drain_iv) v(gate_iv) id is ib ig kcl
0.000000e+00 0.000000e+00 0.000000e+00 0.000000e+00 0.000000e+00 0.000000e+00 0.000000e+00 0.000000e+00
1.000000e-02 1.000000e-02 0.000000e+00 -1.000030e-14 2.667400e-19 1.000000e-14 0.000000e+00 3.326000e-20
2.000000e-02 2.000000e-02 0.000000e+00 -2.000040e-14 4.439000e-19 2.000000e-14 0.000000e+00 4.390000e-20
3.000000e-02 3.000000e-02 0.000000e+00 -3.000060e-14 5.516300e-19 3.000000e-14 0.000000e+00 4.837000e-20
4.000000e-02 4.000000e-02 0.000000e+00 -4.000060e-14 6.129500e-19 4.000000e-14 0.000000e+00 1.295000e-20
5.000000e-02 5.000000e-02 0.000000e+00 -5.000060e-14 6.471700e-19 5.000000e-14 0.000000e+00 4.717000e-20
6.000000e-02 6.000000e-02 0.000000e+00 -6.000070e-14 6.667300e-19 6.000000e-14 0.000000e+00 3.327000e-20
7.000000e-02 7.000000e-02 0.000000e+00 -7.000070e-14 6.784900e-19 7.000000e-14 0.000000e+00 2.151000e-20
8.000000e-02 8.000000e-02 0.000000e+00 -8.000070e-14 6.859700e-19 8.000000e-14 0.000000e+00 1.403000e-20
9.000000e-02 9.000000e-02 0.000000e+00 -9.000070e-14 6.910100e-19 9.000000e-14 0.000000e+00 8.990000e-21
1.000000e-01 1.000000e-01 0.000000e+00 -1.000007e-13 6.945700e-19 1.000000e-13 0.000000e+00 5.430000e-21
1.100000e-01 1.100000e-01 0.000000e+00 -1.100007e-13 6.972100e-19 1.100000e-13 0.000000e+00 2.790000e-21
1.200000e-01 1.200000e-01 0.000000e+00 -1.200007e-13 6.992500e-19 1.200000e-13 0.000000e+00 7.500000e-22
1.300000e-01 1.300000e-01 0.000000e+00 -1.300007e-13 7.008800e-19 1.300000e-13 0.000000e+00 8.800000e-22
1.400000e-01 1.400000e-01 0.000000e+00 -1.400007e-13 7.022200e-19 1.400000e-13 0.000000e+00 2.220000e-21
1.500000e-01 1.500000e-01 0.000000e+00 -1.500007e-13 7.033500e-19 1.500000e-13 0.000000e+00 3.350000e-21
1.600000e-01 1.600000e-01 0.000000e+00 -1.600007e-13 7.043300e-19 1.600000e-13 0.000000e+00 4.330000e-21
1.700000e-01 1.700000e-01 0.000000e+00 -1.700007e-13 7.052000e-19 1.700000e-13 0.000000e+00 5.200000e-21
1.800000e-01 1.800000e-01 0.000000e+00 -1.800007e-13 7.059700e-19 1.800000e-13 0.000000e+00 5.970000e-21
1.900000e-01 1.900000e-01 0.000000e+00 -1.900007e-13 7.066800e-19 1.900000e-13 0.000000e+00 6.680000e-21
2.000000e-01 2.000000e-01 0.000000e+00 -2.000007e-13 7.073400e-19 2.000000e-13 0.000000e+00 7.340000e-21
2.100000e-01 2.100000e-01 0.000000e+00 -2.100007e-13 7.079500e-19 2.100000e-13 0.000000e+00 7.950000e-21
2.200000e-01 2.200000e-01 0.000000e+00 -2.200007e-13 7.085300e-19 2.200000e-13 0.000000e+00 8.530000e-21
2.300000e-01 2.300000e-01 0.000000e+00 -2.300007e-13 7.090800e-19 2.300000e-13 0.000000e+00 9.080000e-21
2.400000e-01 2.400000e-01 0.000000e+00 -2.400007e-13 7.096000e-19 2.400000e-13 0.000000e+00 9.600000e-21
2.500000e-01 2.500000e-01 0.000000e+00 -2.500007e-13 7.101100e-19 2.500000e-13 0.000000e+00 1.011000e-20
2.600000e-01 2.600000e-01 0.000000e+00 -2.600007e-13 7.105900e-19 2.600000e-13 0.000000e+00 1.059000e-20
2.700000e-01 2.700000e-01 0.000000e+00 -2.700007e-13 7.110700e-19 2.700000e-13 0.000000e+00 1.107000e-20
2.800000e-01 2.800000e-01 0.000000e+00 -2.800007e-13 7.115300e-19 2.800000e-13 0.000000e+00 1.153000e-20
2.900000e-01 2.900000e-01 0.000000e+00 -2.900007e-13 7.119800e-19 2.900000e-13 0.000000e+00 1.198000e-20
3.000000e-01 3.000000e-01 0.000000e+00 -3.000007e-13 7.124200e-19 3.000000e-13 0.000000e+00 1.242000e-20
3.100000e-01 3.100000e-01 0.000000e+00 -3.100007e-13 7.128500e-19 3.100000e-13 0.000000e+00 1.285000e-20
3.200000e-01 3.200000e-01 0.000000e+00 -3.200007e-13 7.132800e-19 3.200000e-13 0.000000e+00 1.328000e-20
3.300000e-01 3.300000e-01 0.000000e+00 -3.300007e-13 7.137000e-19 3.300000e-13 0.000000e+00 1.370000e-20
3.400000e-01 3.400000e-01 0.000000e+00 -3.400007e-13 7.141100e-19 3.400000e-13 0.000000e+00 1.411000e-20
3.500000e-01 3.500000e-01 0.000000e+00 -3.500007e-13 7.145200e-19 3.500000e-13 0.000000e+00 1.452000e-20
3.600000e-01 3.600000e-01 0.000000e+00 -3.600007e-13 7.149300e-19 3.600000e-13 0.000000e+00 1.493000e-20
3.700000e-01 3.700000e-01 0.000000e+00 -3.700007e-13 7.153300e-19 3.700000e-13 0.000000e+00 1.533000e-20
3.800000e-01 3.800000e-01 0.000000e+00 -3.800007e-13 7.157300e-19 3.800000e-13 0.000000e+00 1.573000e-20
3.900000e-01 3.900000e-01 0.000000e+00 -3.900007e-13 7.161300e-19 3.900000e-13 0.000000e+00 1.613000e-20
4.000000e-01 4.000000e-01 0.000000e+00 -4.000007e-13 7.165200e-19 4.000000e-13 0.000000e+00 1.652000e-20
4.100000e-01 4.100000e-01 0.000000e+00 -4.100007e-13 7.169100e-19 4.100000e-13 0.000000e+00 1.691000e-20
4.200000e-01 4.200000e-01 0.000000e+00 -4.200007e-13 7.173000e-19 4.200000e-13 0.000000e+00 1.730000e-20
4.300000e-01 4.300000e-01 0.000000e+00 -4.300007e-13 7.176800e-19 4.300000e-13 0.000000e+00 1.768000e-20
4.400000e-01 4.400000e-01 0.000000e+00 -4.400007e-13 7.180700e-19 4.400000e-13 0.000000e+00 1.807000e-20
4.500000e-01 4.500000e-01 0.000000e+00 -4.500007e-13 7.184500e-19 4.500000e-13 0.000000e+00 1.845000e-20
4.600000e-01 4.600000e-01 0.000000e+00 -4.600007e-13 7.188300e-19 4.600000e-13 0.000000e+00 1.883000e-20
4.700000e-01 4.700000e-01 0.000000e+00 -4.700007e-13 7.192100e-19 4.700000e-13 0.000000e+00 1.921000e-20
4.800000e-01 4.800000e-01 0.000000e+00 -4.800007e-13 7.195900e-19 4.800000e-13 0.000000e+00 1.959000e-20
4.900000e-01 4.900000e-01 0.000000e+00 -4.900007e-13 7.199700e-19 4.900000e-13 0.000000e+00 1.997000e-20
5.000000e-01 5.000000e-01 0.000000e+00 -5.000007e-13 7.203400e-19 5.000000e-13 0.000000e+00 2.034000e-20
5.100000e-01 5.100000e-01 0.000000e+00 -5.100007e-13 7.207200e-19 5.100000e-13 0.000000e+00 2.072000e-20
5.200000e-01 5.200000e-01 0.000000e+00 -5.200007e-13 7.210900e-19 5.200000e-13 0.000000e+00 2.109000e-20
5.300000e-01 5.300000e-01 0.000000e+00 -5.300007e-13 7.214600e-19 5.300000e-13 0.000000e+00 2.146000e-20
5.400000e-01 5.400000e-01 0.000000e+00 -5.400007e-13 7.218300e-19 5.400000e-13 0.000000e+00 2.183000e-20
5.500000e-01 5.500000e-01 0.000000e+00 -5.500007e-13 7.222000e-19 5.500000e-13 0.000000e+00 2.220000e-20
5.600000e-01 5.600000e-01 0.000000e+00 -5.600007e-13 7.225700e-19 5.600000e-13 0.000000e+00 2.257000e-20
5.700000e-01 5.700000e-01 0.000000e+00 -5.700007e-13 7.229400e-19 5.700000e-13 0.000000e+00 2.294000e-20
5.800000e-01 5.800000e-01 0.000000e+00 -5.800007e-13 7.233100e-19 5.800000e-13 0.000000e+00 2.331000e-20
5.900000e-01 5.900000e-01 0.000000e+00 -5.900007e-13 7.236800e-19 5.900000e-13 0.000000e+00 2.368000e-20
6.000000e-01 6.000000e-01 0.000000e+00 -6.000007e-13 7.240500e-19 6.000000e-13 0.000000e+00 2.405000e-20
6.100000e-01 6.100000e-01 0.000000e+00 -6.100007e-13 7.244200e-19 6.100000e-13 0.000000e+00 2.442000e-20
6.200000e-01 6.200000e-01 0.000000e+00 -6.200007e-13 7.247800e-19 6.200000e-13 0.000000e+00 2.478000e-20
6.300000e-01 6.300000e-01 0.000000e+00 -6.300007e-13 7.251500e-19 6.300000e-13 0.000000e+00 2.515000e-20
6.400000e-01 6.400000e-01 0.000000e+00 -6.400007e-13 7.255100e-19 6.400000e-13 0.000000e+00 2.551000e-20
6.500000e-01 6.500000e-01 0.000000e+00 -6.500007e-13 7.258800e-19 6.500000e-13 0.000000e+00 2.588000e-20
6.600000e-01 6.600000e-01 0.000000e+00 -6.600007e-13 7.262400e-19 6.600000e-13 0.000000e+00 2.624000e-20
6.700000e-01 6.700000e-01 0.000000e+00 -6.700007e-13 7.266100e-19 6.700000e-13 0.000000e+00 2.661000e-20
6.800000e-01 6.800000e-01 0.000000e+00 -6.800007e-13 7.269700e-19 6.800000e-13 0.000000e+00 2.697000e-20
6.900000e-01 6.900000e-01 0.000000e+00 -6.900007e-13 7.273300e-19 6.900000e-13 0.000000e+00 2.733000e-20
7.000000e-01 7.000000e-01 0.000000e+00 -7.000007e-13 7.277000e-19 7.000000e-13 0.000000e+00 2.770000e-20
7.100000e-01 7.100000e-01 0.000000e+00 -7.100007e-13 7.280600e-19 7.100000e-13 0.000000e+00 2.806000e-20
7.200000e-01 7.200000e-01 0.000000e+00 -7.200007e-13 7.284200e-19 7.200000e-13 0.000000e+00 2.842000e-20
7.300000e-01 7.300000e-01 0.000000e+00 -7.300007e-13 7.287900e-19 7.300000e-13 0.000000e+00 2.879000e-20
7.400000e-01 7.400000e-01 0.000000e+00 -7.400007e-13 7.291500e-19 7.400000e-13 0.000000e+00 2.915000e-20
7.500000e-01 7.500000e-01 0.000000e+00 -7.500007e-13 7.295100e-19 7.500000e-13 0.000000e+00 2.951000e-20
7.600000e-01 7.600000e-01 0.000000e+00 -7.600007e-13 7.298700e-19 7.600000e-13 0.000000e+00 2.987000e-20
7.700000e-01 7.700000e-01 0.000000e+00 -7.700007e-13 7.302300e-19 7.700000e-13 0.000000e+00 3.023000e-20
7.800000e-01 7.800000e-01 0.000000e+00 -7.800007e-13 7.305900e-19 7.800000e-13 0.000000e+00 3.059000e-20
7.900000e-01 7.900000e-01 0.000000e+00 -7.900007e-13 7.309500e-19 7.900000e-13 0.000000e+00 3.095000e-20
8.000000e-01 8.000000e-01 0.000000e+00 -8.000007e-13 7.313100e-19 8.000000e-13 0.000000e+00 3.131000e-20
8.100000e-01 8.100000e-01 0.000000e+00 -8.100007e-13 7.316700e-19 8.100000e-13 0.000000e+00 3.167000e-20
8.200000e-01 8.200000e-01 0.000000e+00 -8.200007e-13 7.320300e-19 8.200000e-13 0.000000e+00 3.203000e-20
8.300000e-01 8.300000e-01 0.000000e+00 -8.300007e-13 7.323900e-19 8.300000e-13 0.000000e+00 3.239000e-20
8.400000e-01 8.400000e-01 0.000000e+00 -8.400007e-13 7.327500e-19 8.400000e-13 0.000000e+00 3.275000e-20
8.500000e-01 8.500000e-01 0.000000e+00 -8.500007e-13 7.331100e-19 8.500000e-13 0.000000e+00 3.311000e-20
8.600000e-01 8.600000e-01 0.000000e+00 -8.600007e-13 7.334700e-19 8.600000e-13 0.000000e+00 3.347000e-20
8.700000e-01 8.700000e-01 0.000000e+00 -8.700007e-13 7.338300e-19 8.700000e-13 0.000000e+00 3.383000e-20
8.800000e-01 8.800000e-01 0.000000e+00 -8.800007e-13 7.341900e-19 8.800000e-13 0.000000e+00 3.419000e-20
8.900000e-01 8.900000e-01 0.000000e+00 -8.900007e-13 7.345500e-19 8.900000e-13 0.000000e+00 3.455000e-20
9.000000e-01 9.000000e-01 0.000000e+00 -9.000007e-13 7.349100e-19 9.000000e-13 0.000000e+00 3.491000e-20
9.100000e-01 9.100000e-01 0.000000e+00 -9.100007e-13 7.352700e-19 9.100000e-13 0.000000e+00 3.527000e-20
9.200000e-01 9.200000e-01 0.000000e+00 -9.200007e-13 7.356300e-19 9.200000e-13 0.000000e+00 3.563000e-20
9.300000e-01 9.300000e-01 0.000000e+00 -9.300007e-13 7.359800e-19 9.300000e-13 0.000000e+00 3.598000e-20
9.400000e-01 9.400000e-01 0.000000e+00 -9.400007e-13 7.363400e-19 9.400000e-13 0.000000e+00 3.634000e-20
9.500000e-01 9.500000e-01 0.000000e+00 -9.500007e-13 7.367000e-19 9.500000e-13 0.000000e+00 3.670000e-20
9.600000e-01 9.600000e-01 0.000000e+00 -9.600007e-13 7.370600e-19 9.600000e-13 0.000000e+00 3.706000e-20
9.700000e-01 9.700000e-01 0.000000e+00 -9.700007e-13 7.374200e-19 9.700000e-13 0.000000e+00 3.742000e-20
9.800000e-01 9.800000e-01 0.000000e+00 -9.800007e-13 7.377700e-19 9.800000e-13 0.000000e+00 3.777000e-20
9.900000e-01 9.900000e-01 0.000000e+00 -9.900007e-13 7.381300e-19 9.900000e-13 0.000000e+00 3.813000e-20
1.000000e+00 1.000000e+00 0.000000e+00 -1.000000e-12 7.384900e-19 1.000000e-12 0.000000e+00 7.384900e-19
1.010000e+00 1.010000e+00 0.000000e+00 -1.010000e-12 7.388500e-19 1.010000e-12 0.000000e+00 7.388500e-19
1.020000e+00 1.020000e+00 0.000000e+00 -1.020000e-12 7.392000e-19 1.020000e-12 0.000000e+00 7.392000e-19
1.030000e+00 1.030000e+00 0.000000e+00 -1.030000e-12 7.395600e-19 1.030000e-12 0.000000e+00 7.395600e-19
1.040000e+00 1.040000e+00 0.000000e+00 -1.040000e-12 7.399200e-19 1.040000e-12 0.000000e+00 7.399200e-19
1.050000e+00 1.050000e+00 0.000000e+00 -1.050000e-12 7.402800e-19 1.050000e-12 0.000000e+00 7.402800e-19
1.060000e+00 1.060000e+00 0.000000e+00 -1.060000e-12 7.406300e-19 1.060000e-12 0.000000e+00 7.406300e-19
1.070000e+00 1.070000e+00 0.000000e+00 -1.070000e-12 7.409900e-19 1.070000e-12 0.000000e+00 7.409900e-19
1.080000e+00 1.080000e+00 0.000000e+00 -1.080000e-12 7.413500e-19 1.080000e-12 0.000000e+00 7.413500e-19
1.090000e+00 1.090000e+00 0.000000e+00 -1.090000e-12 7.417000e-19 1.090000e-12 0.000000e+00 7.417000e-19
1.100000e+00 1.100000e+00 0.000000e+00 -1.100000e-12 7.420600e-19 1.100000e-12 0.000000e+00 7.420600e-19
1.110000e+00 1.110000e+00 0.000000e+00 -1.110000e-12 7.424200e-19 1.110000e-12 0.000000e+00 7.424200e-19
1.120000e+00 1.120000e+00 0.000000e+00 -1.120000e-12 7.427700e-19 1.120000e-12 0.000000e+00 7.427700e-19
1.130000e+00 1.130000e+00 0.000000e+00 -1.130000e-12 7.431300e-19 1.130000e-12 0.000000e+00 7.431300e-19
1.140000e+00 1.140000e+00 0.000000e+00 -1.140000e-12 7.434800e-19 1.140000e-12 0.000000e+00 7.434800e-19
1.150000e+00 1.150000e+00 0.000000e+00 -1.150000e-12 7.438400e-19 1.150000e-12 0.000000e+00 7.438400e-19
1.160000e+00 1.160000e+00 0.000000e+00 -1.160000e-12 7.442000e-19 1.160000e-12 0.000000e+00 7.442000e-19
1.170000e+00 1.170000e+00 0.000000e+00 -1.170000e-12 7.445500e-19 1.170000e-12 0.000000e+00 7.445500e-19
1.180000e+00 1.180000e+00 0.000000e+00 -1.180000e-12 7.449100e-19 1.180000e-12 0.000000e+00 7.449100e-19
1.190000e+00 1.190000e+00 0.000000e+00 -1.190000e-12 7.452700e-19 1.190000e-12 0.000000e+00 7.452700e-19
1.200000e+00 1.200000e+00 0.000000e+00 -1.200000e-12 7.456200e-19 1.200000e-12 0.000000e+00 7.456200e-19
0.000000e+00 0.000000e+00 2.000000e-01 0.000000e+00 0.000000e+00 0.000000e+00 0.000000e+00 0.000000e+00
1.000000e-02 1.000000e-02 2.000000e-01 -1.061500e-14 6.150196e-16 1.000000e-14 0.000000e+00 1.960000e-20
2.000000e-02 2.000000e-02 2.000000e-01 -2.102350e-14 1.023500e-15 2.000000e-14 0.000000e+00 3.155444e-30
3.000000e-02 3.000000e-02 2.000000e-01 -3.127190e-14 1.271900e-15 3.000000e-14 0.000000e+00 6.310887e-30
4.000000e-02 4.000000e-02 2.000000e-01 -4.141330e-14 1.413300e-15 4.000000e-14 0.000000e+00 6.310887e-30
5.000000e-02 5.000000e-02 2.000000e-01 -5.149220e-14 1.492200e-15 5.000000e-14 0.000000e+00 0.000000e+00
6.000000e-02 6.000000e-02 2.000000e-01 -6.153730e-14 1.537300e-15 6.000000e-14 0.000000e+00 1.262177e-29
7.000000e-02 7.000000e-02 2.000000e-01 -7.156440e-14 1.564400e-15 7.000000e-14 0.000000e+00 1.262177e-29
8.000000e-02 8.000000e-02 2.000000e-01 -8.158160e-14 1.581600e-15 8.000000e-14 0.000000e+00 0.000000e+00
9.000000e-02 9.000000e-02 2.000000e-01 -9.159320e-14 1.593200e-15 9.000000e-14 0.000000e+00 0.000000e+00
1.000000e-01 1.000000e-01 2.000000e-01 -1.016014e-13 1.601400e-15 1.000000e-13 0.000000e+00 0.000000e+00
1.100000e-01 1.100000e-01 2.000000e-01 -1.116075e-13 1.607500e-15 1.100000e-13 0.000000e+00 0.000000e+00
1.200000e-01 1.200000e-01 2.000000e-01 -1.216122e-13 1.612200e-15 1.200000e-13 0.000000e+00 0.000000e+00
1.300000e-01 1.300000e-01 2.000000e-01 -1.316160e-13 1.616000e-15 1.300000e-13 0.000000e+00 0.000000e+00
1.400000e-01 1.400000e-01 2.000000e-01 -1.416191e-13 1.619100e-15 1.400000e-13 0.000000e+00 0.000000e+00
1.500000e-01 1.500000e-01 2.000000e-01 -1.516217e-13 1.621700e-15 1.500000e-13 0.000000e+00 0.000000e+00
1.600000e-01 1.600000e-01 2.000000e-01 -1.616239e-13 1.623900e-15 1.600000e-13 0.000000e+00 2.524355e-29
1.700000e-01 1.700000e-01 2.000000e-01 -1.716259e-13 1.625900e-15 1.700000e-13 0.000000e+00 0.000000e+00
1.800000e-01 1.800000e-01 2.000000e-01 -1.816277e-13 1.627700e-15 1.800000e-13 0.000000e+00 0.000000e+00
1.900000e-01 1.900000e-01 2.000000e-01 -1.916294e-13 1.629400e-15 1.900000e-13 0.000000e+00 0.000000e+00
2.000000e-01 2.000000e-01 2.000000e-01 -2.016309e-13 1.630900e-15 2.000000e-13 0.000000e+00 0.000000e+00
2.100000e-01 2.100000e-01 2.000000e-01 -2.116323e-13 1.632300e-15 2.100000e-13 0.000000e+00 2.524355e-29
2.200000e-01 2.200000e-01 2.000000e-01 -2.216336e-13 1.633600e-15 2.200000e-13 0.000000e+00 0.000000e+00
2.300000e-01 2.300000e-01 2.000000e-01 -2.316349e-13 1.634900e-15 2.300000e-13 0.000000e+00 5.048710e-29
2.400000e-01 2.400000e-01 2.000000e-01 -2.416361e-13 1.636100e-15 2.400000e-13 0.000000e+00 0.000000e+00
2.500000e-01 2.500000e-01 2.000000e-01 -2.516373e-13 1.637300e-15 2.500000e-13 0.000000e+00 5.048710e-29
2.600000e-01 2.600000e-01 2.000000e-01 -2.616384e-13 1.638400e-15 2.600000e-13 0.000000e+00 0.000000e+00
2.700000e-01 2.700000e-01 2.000000e-01 -2.716395e-13 1.639500e-15 2.700000e-13 0.000000e+00 0.000000e+00
2.800000e-01 2.800000e-01 2.000000e-01 -2.816405e-13 1.640500e-15 2.800000e-13 0.000000e+00 5.048710e-29
2.900000e-01 2.900000e-01 2.000000e-01 -2.916416e-13 1.641600e-15 2.900000e-13 0.000000e+00 0.000000e+00
3.000000e-01 3.000000e-01 2.000000e-01 -3.016426e-13 1.642600e-15 3.000000e-13 0.000000e+00 0.000000e+00
3.100000e-01 3.100000e-01 2.000000e-01 -3.116436e-13 1.643600e-15 3.100000e-13 0.000000e+00 0.000000e+00
3.200000e-01 3.200000e-01 2.000000e-01 -3.216446e-13 1.644600e-15 3.200000e-13 0.000000e+00 0.000000e+00
3.300000e-01 3.300000e-01 2.000000e-01 -3.316456e-13 1.645600e-15 3.300000e-13 0.000000e+00 5.048710e-29
3.400000e-01 3.400000e-01 2.000000e-01 -3.416465e-13 1.646500e-15 3.400000e-13 0.000000e+00 0.000000e+00
3.500000e-01 3.500000e-01 2.000000e-01 -3.516475e-13 1.647500e-15 3.500000e-13 0.000000e+00 5.048710e-29
3.600000e-01 3.600000e-01 2.000000e-01 -3.616484e-13 1.648400e-15 3.600000e-13 0.000000e+00 0.000000e+00
3.700000e-01 3.700000e-01 2.000000e-01 -3.716493e-13 1.649300e-15 3.700000e-13 0.000000e+00 5.048710e-29
3.800000e-01 3.800000e-01 2.000000e-01 -3.816502e-13 1.650200e-15 3.800000e-13 0.000000e+00 5.048710e-29
3.900000e-01 3.900000e-01 2.000000e-01 -3.916511e-13 1.651100e-15 3.900000e-13 0.000000e+00 0.000000e+00
4.000000e-01 4.000000e-01 2.000000e-01 -4.016521e-13 1.652100e-15 4.000000e-13 0.000000e+00 5.048710e-29
4.100000e-01 4.100000e-01 2.000000e-01 -4.116530e-13 1.653000e-15 4.100000e-13 0.000000e+00 0.000000e+00
4.200000e-01 4.200000e-01 2.000000e-01 -4.216539e-13 1.653900e-15 4.200000e-13 0.000000e+00 5.048710e-29
4.300000e-01 4.300000e-01 2.000000e-01 -4.316547e-13 1.654700e-15 4.300000e-13 0.000000e+00 0.000000e+00
4.400000e-01 4.400000e-01 2.000000e-01 -4.416556e-13 1.655600e-15 4.400000e-13 0.000000e+00 0.000000e+00
4.500000e-01 4.500000e-01 2.000000e-01 -4.516565e-13 1.656500e-15 4.500000e-13 0.000000e+00 5.048710e-29
4.600000e-01 4.600000e-01 2.000000e-01 -4.616574e-13 1.657400e-15 4.600000e-13 0.000000e+00 1.009742e-28
4.700000e-01 4.700000e-01 2.000000e-01 -4.716583e-13 1.658300e-15 4.700000e-13 0.000000e+00 0.000000e+00
4.800000e-01 4.800000e-01 2.000000e-01 -4.816591e-13 1.659100e-15 4.800000e-13 0.000000e+00 0.000000e+00
4.900000e-01 4.900000e-01 2.000000e-01 -4.916600e-13 1.660000e-15 4.900000e-13 0.000000e+00 0.000000e+00
5.000000e-01 5.000000e-01 2.000000e-01 -5.016609e-13 1.660900e-15 5.000000e-13 0.000000e+00 0.000000e+00
5.100000e-01 5.100000e-01 2.000000e-01 -5.116617e-13 1.661700e-15 5.100000e-13 0.000000e+00 0.000000e+00
5.200000e-01 5.200000e-01 2.000000e-01 -5.216626e-13 1.662600e-15 5.200000e-13 0.000000e+00 0.000000e+00
5.300000e-01 5.300000e-01 2.000000e-01 -5.316634e-13 1.663400e-15 5.300000e-13 0.000000e+00 0.000000e+00
5.400000e-01 5.400000e-01 2.000000e-01 -5.416643e-13 1.664300e-15 5.400000e-13 0.000000e+00 1.009742e-28
5.500000e-01 5.500000e-01 2.000000e-01 -5.516652e-13 1.665200e-15 5.500000e-13 0.000000e+00 0.000000e+00
5.600000e-01 5.600000e-01 2.000000e-01 -5.616660e-13 1.666000e-15 5.600000e-13 0.000000e+00 0.000000e+00
5.700000e-01 5.700000e-01 2.000000e-01 -5.716669e-13 1.666900e-15 5.700000e-13 0.000000e+00 1.009742e-28
5.800000e-01 5.800000e-01 2.000000e-01 -5.816677e-13 1.667700e-15 5.800000e-13 0.000000e+00 1.009742e-28
5.900000e-01 5.900000e-01 2.000000e-01 -5.916686e-13 1.668600e-15 5.900000e-13 0.000000e+00 0.000000e+00
6.000000e-01 6.000000e-01 2.000000e-01 -6.016694e-13 1.669400e-15 6.000000e-13 0.000000e+00 0.000000e+00
6.100000e-01 6.100000e-01 2.000000e-01 -6.116703e-13 1.670300e-15 6.100000e-13 0.000000e+00 0.000000e+00
6.200000e-01 6.200000e-01 2.000000e-01 -6.216711e-13 1.671100e-15 6.200000e-13 0.000000e+00 0.000000e+00
6.300000e-01 6.300000e-01 2.000000e-01 -6.316719e-13 1.671900e-15 6.300000e-13 0.000000e+00 0.000000e+00
6.400000e-01 6.400000e-01 2.000000e-01 -6.416728e-13 1.672800e-15 6.400000e-13 0.000000e+00 0.000000e+00
6.500000e-01 6.500000e-01 2.000000e-01 -6.516736e-13 1.673600e-15 6.500000e-13 0.000000e+00 0.000000e+00
6.600000e-01 6.600000e-01 2.000000e-01 -6.616745e-13 1.674500e-15 6.600000e-13 0.000000e+00 0.000000e+00
6.700000e-01 6.700000e-01 2.000000e-01 -6.716753e-13 1.675300e-15 6.700000e-13 0.000000e+00 0.000000e+00
6.800000e-01 6.800000e-01 2.000000e-01 -6.816762e-13 1.676200e-15 6.800000e-13 0.000000e+00 0.000000e+00
6.900000e-01 6.900000e-01 2.000000e-01 -6.916770e-13 1.677000e-15 6.900000e-13 0.000000e+00 0.000000e+00
7.000000e-01 7.000000e-01 2.000000e-01 -7.016778e-13 1.677800e-15 7.000000e-13 0.000000e+00 1.009742e-28
7.100000e-01 7.100000e-01 2.000000e-01 -7.116787e-13 1.678700e-15 7.100000e-13 0.000000e+00 0.000000e+00
7.200000e-01 7.200000e-01 2.000000e-01 -7.216795e-13 1.679500e-15 7.200000e-13 0.000000e+00 0.000000e+00
7.300000e-01 7.300000e-01 2.000000e-01 -7.316803e-13 1.680300e-15 7.300000e-13 0.000000e+00 0.000000e+00
7.400000e-01 7.400000e-01 2.000000e-01 -7.416812e-13 1.681200e-15 7.400000e-13 0.000000e+00 1.009742e-28
7.500000e-01 7.500000e-01 2.000000e-01 -7.516820e-13 1.682000e-15 7.500000e-13 0.000000e+00 0.000000e+00
7.600000e-01 7.600000e-01 2.000000e-01 -7.616828e-13 1.682800e-15 7.600000e-13 0.000000e+00 0.000000e+00
7.700000e-01 7.700000e-01 2.000000e-01 -7.716837e-13 1.683700e-15 7.700000e-13 0.000000e+00 1.009742e-28
7.800000e-01 7.800000e-01 2.000000e-01 -7.816845e-13 1.684500e-15 7.800000e-13 0.000000e+00 1.009742e-28
7.900000e-01 7.900000e-01 2.000000e-01 -7.916853e-13 1.685300e-15 7.900000e-13 0.000000e+00 0.000000e+00
8.000000e-01 8.000000e-01 2.000000e-01 -8.016862e-13 1.686200e-15 8.000000e-13 0.000000e+00 0.000000e+00
8.100000e-01 8.100000e-01 2.000000e-01 -8.116870e-13 1.687000e-15 8.100000e-13 0.000000e+00 0.000000e+00
8.200000e-01 8.200000e-01 2.000000e-01 -8.216878e-13 1.687800e-15 8.200000e-13 0.000000e+00 1.009742e-28
8.300000e-01 8.300000e-01 2.000000e-01 -8.316887e-13 1.688700e-15 8.300000e-13 0.000000e+00 0.000000e+00
8.400000e-01 8.400000e-01 2.000000e-01 -8.416895e-13 1.689500e-15 8.400000e-13 0.000000e+00 0.000000e+00
8.500000e-01 8.500000e-01 2.000000e-01 -8.516903e-13 1.690300e-15 8.500000e-13 0.000000e+00 1.009742e-28
8.600000e-01 8.600000e-01 2.000000e-01 -8.616911e-13 1.691100e-15 8.600000e-13 0.000000e+00 0.000000e+00
8.700000e-01 8.700000e-01 2.000000e-01 -8.716920e-13 1.692000e-15 8.700000e-13 0.000000e+00 0.000000e+00
8.800000e-01 8.800000e-01 2.000000e-01 -8.816928e-13 1.692800e-15 8.800000e-13 0.000000e+00 0.000000e+00
8.900000e-01 8.900000e-01 2.000000e-01 -8.916936e-13 1.693600e-15 8.900000e-13 0.000000e+00 1.009742e-28
9.000000e-01 9.000000e-01 2.000000e-01 -9.016945e-13 1.694500e-15 9.000000e-13 0.000000e+00 1.009742e-28
9.100000e-01 9.100000e-01 2.000000e-01 -9.116953e-13 1.695300e-15 9.100000e-13 0.000000e+00 2.019484e-28
9.200000e-01 9.200000e-01 2.000000e-01 -9.216961e-13 1.696100e-15 9.200000e-13 0.000000e+00 0.000000e+00
9.300000e-01 9.300000e-01 2.000000e-01 -9.316969e-13 1.696900e-15 9.300000e-13 0.000000e+00 2.019484e-28
9.400000e-01 9.400000e-01 2.000000e-01 -9.416978e-13 1.697800e-15 9.400000e-13 0.000000e+00 0.000000e+00
9.500000e-01 9.500000e-01 2.000000e-01 -9.516986e-13 1.698600e-15 9.500000e-13 0.000000e+00 0.000000e+00
9.600000e-01 9.600000e-01 2.000000e-01 -9.616994e-13 1.699400e-15 9.600000e-13 0.000000e+00 0.000000e+00
9.700000e-01 9.700000e-01 2.000000e-01 -9.717002e-13 1.700200e-15 9.700000e-13 0.000000e+00 0.000000e+00
9.800000e-01 9.800000e-01 2.000000e-01 -9.817011e-13 1.701100e-15 9.800000e-13 0.000000e+00 0.000000e+00
9.900000e-01 9.900000e-01 2.000000e-01 -9.917019e-13 1.701900e-15 9.900000e-13 0.000000e+00 2.019484e-28
1.000000e+00 1.000000e+00 2.000000e-01 -1.001700e-12 1.702700e-15 1.000000e-12 0.000000e+00 2.700000e-18
1.010000e+00 1.010000e+00 2.000000e-01 -1.011700e-12 1.703500e-15 1.010000e-12 0.000000e+00 3.500000e-18
1.020000e+00 1.020000e+00 2.000000e-01 -1.021700e-12 1.704400e-15 1.020000e-12 0.000000e+00 4.400000e-18
1.030000e+00 1.030000e+00 2.000000e-01 -1.031700e-12 1.705200e-15 1.030000e-12 0.000000e+00 5.200000e-18
1.040000e+00 1.040000e+00 2.000000e-01 -1.041700e-12 1.706000e-15 1.040000e-12 0.000000e+00 6.000000e-18
1.050000e+00 1.050000e+00 2.000000e-01 -1.051700e-12 1.706800e-15 1.050000e-12 0.000000e+00 6.800000e-18
1.060000e+00 1.060000e+00 2.000000e-01 -1.061700e-12 1.707700e-15 1.060000e-12 0.000000e+00 7.700000e-18
1.070000e+00 1.070000e+00 2.000000e-01 -1.071700e-12 1.708500e-15 1.070000e-12 0.000000e+00 8.500000e-18
1.080000e+00 1.080000e+00 2.000000e-01 -1.081700e-12 1.709300e-15 1.080000e-12 0.000000e+00 9.300000e-18
1.090000e+00 1.090000e+00 2.000000e-01 -1.091700e-12 1.710100e-15 1.090000e-12 0.000000e+00 1.010000e-17
1.100000e+00 1.100000e+00 2.000000e-01 -1.101700e-12 1.710900e-15 1.100000e-12 0.000000e+00 1.090000e-17
1.110000e+00 1.110000e+00 2.000000e-01 -1.111700e-12 1.711800e-15 1.110000e-12 0.000000e+00 1.180000e-17
1.120000e+00 1.120000e+00 2.000000e-01 -1.121700e-12 1.712600e-15 1.120000e-12 0.000000e+00 1.260000e-17
1.130000e+00 1.130000e+00 2.000000e-01 -1.131700e-12 1.713400e-15 1.130000e-12 0.000000e+00 1.340000e-17
1.140000e+00 1.140000e+00 2.000000e-01 -1.141700e-12 1.714200e-15 1.140000e-12 0.000000e+00 1.420000e-17
1.150000e+00 1.150000e+00 2.000000e-01 -1.151700e-12 1.715000e-15 1.150000e-12 0.000000e+00 1.500000e-17
1.160000e+00 1.160000e+00 2.000000e-01 -1.161700e-12 1.715900e-15 1.160000e-12 0.000000e+00 1.590000e-17
1.170000e+00 1.170000e+00 2.000000e-01 -1.171700e-12 1.716700e-15 1.170000e-12 0.000000e+00 1.670000e-17
1.180000e+00 1.180000e+00 2.000000e-01 -1.181700e-12 1.717500e-15 1.180000e-12 0.000000e+00 1.750000e-17
1.190000e+00 1.190000e+00 2.000000e-01 -1.191700e-12 1.718300e-15 1.190000e-12 0.000000e+00 1.830000e-17
1.200000e+00 1.200000e+00 2.000000e-01 -1.201700e-12 1.719200e-15 1.200000e-12 0.000000e+00 1.920000e-17
0.000000e+00 0.000000e+00 4.000000e-01 0.000000e+00 0.000000e+00 0.000000e+00 0.000000e+00 0.000000e+00
1.000000e-02 1.000000e-02 4.000000e-01 -1.424600e-12 1.414600e-12 1.000000e-14 0.000000e+00 4.417621e-29
2.000000e-02 2.000000e-02 4.000000e-01 -2.374200e-12 2.354200e-12 2.000000e-14 0.000000e+00 8.835242e-29
3.000000e-02 3.000000e-02 4.000000e-01 -2.955500e-12 2.925500e-12 3.000000e-14 0.000000e+00 3.344770e-28
4.000000e-02 4.000000e-02 4.000000e-01 -3.290700e-12 3.250700e-12 4.000000e-14 0.000000e+00 1.767048e-28
5.000000e-02 5.000000e-02 4.000000e-01 -3.482200e-12 3.432200e-12 5.000000e-14 0.000000e+00 3.912750e-28
6.000000e-02 6.000000e-02 4.000000e-01 -3.595900e-12 3.535900e-12 6.000000e-14 0.000000e+00 2.650573e-28
7.000000e-02 7.000000e-02 4.000000e-01 -3.668300e-12 3.598300e-12 7.000000e-14 0.000000e+00 5.048710e-28
8.000000e-02 8.000000e-02 4.000000e-01 -3.718000e-12 3.638000e-12 8.000000e-14 0.000000e+00 4.543839e-28
9.000000e-02 9.000000e-02 4.000000e-01 -3.754700e-12 3.664700e-12 9.000000e-14 0.000000e+00 1.893266e-28
1.000000e-01 1.000000e-01 4.000000e-01 -3.783600e-12 3.683600e-12 1.000000e-13 0.000000e+00 2.524355e-29
1.100000e-01 1.100000e-01 4.000000e-01 -3.807600e-12 3.697600e-12 1.100000e-13 0.000000e+00 1.262177e-28
1.200000e-01 1.200000e-01 4.000000e-01 -3.828400e-12 3.708400e-12 1.200000e-13 0.000000e+00 2.776790e-28
1.300000e-01 1.300000e-01 4.000000e-01 -3.847000e-12 3.717000e-12 1.300000e-13 0.000000e+00 4.543839e-28
1.400000e-01 1.400000e-01 4.000000e-01 -3.864100e-12 3.724100e-12 1.400000e-13 0.000000e+00 2.019484e-28
1.500000e-01 1.500000e-01 4.000000e-01 -3.880100e-12 3.730100e-12 1.500000e-13 0.000000e+00 5.048710e-29
1.600000e-01 1.600000e-01 4.000000e-01 -3.895300e-12 3.735300e-12 1.600000e-13 0.000000e+00 1.009742e-28
1.700000e-01 1.700000e-01 4.000000e-01 -3.909900e-12 3.739900e-12 1.700000e-13 0.000000e+00 5.301145e-28
1.800000e-01 1.800000e-01 4.000000e-01 -3.924000e-12 3.744000e-12 1.800000e-13 0.000000e+00 3.786532e-28
1.900000e-01 1.900000e-01 4.000000e-01 -3.937800e-12 3.747800e-12 1.900000e-13 0.000000e+00 5.806016e-28
2.000000e-01 2.000000e-01 4.000000e-01 -3.951300e-12 3.751300e-12 2.000000e-13 0.000000e+00 5.048710e-29
2.100000e-01 2.100000e-01 4.000000e-01 -3.964500e-12 3.754500e-12 2.100000e-13 0.000000e+00 1.009742e-28
2.200000e-01 2.200000e-01 4.000000e-01 -3.977600e-12 3.757600e-12 2.200000e-13 0.000000e+00 5.553581e-28
2.300000e-01 2.300000e-01 4.000000e-01 -3.990500e-12 3.760500e-12 2.300000e-13 0.000000e+00 4.038968e-28
2.400000e-01 2.400000e-01 4.000000e-01 -4.003300e-12 3.763300e-12 2.400000e-13 0.000000e+00 2.524355e-28
2.500000e-01 2.500000e-01 4.000000e-01 -4.016000e-12 3.766000e-12 2.500000e-13 0.000000e+00 5.048710e-29
2.600000e-01 2.600000e-01 4.000000e-01 -4.028500e-12 3.768500e-12 2.600000e-13 0.000000e+00 9.087678e-28
2.700000e-01 2.700000e-01 4.000000e-01 -4.041100e-12 3.771100e-12 2.700000e-13 0.000000e+00 5.553581e-28
2.800000e-01 2.800000e-01 4.000000e-01 -4.053500e-12 3.773500e-12 2.800000e-13 0.000000e+00 4.038968e-28
2.900000e-01 2.900000e-01 4.000000e-01 -4.065900e-12 3.775900e-12 2.900000e-13 0.000000e+00 5.553581e-28
3.000000e-01 3.000000e-01 4.000000e-01 -4.078200e-12 3.778200e-12 3.000000e-13 0.000000e+00 1.009742e-28
3.100000e-01 3.100000e-01 4.000000e-01 -4.090500e-12 3.780500e-12 3.100000e-13 0.000000e+00 7.573065e-28
3.200000e-01 3.200000e-01 4.000000e-01 -4.102800e-12 3.782800e-12 3.200000e-13 0.000000e+00 2.019484e-28
3.300000e-01 3.300000e-01 4.000000e-01 -4.115000e-12 3.785000e-12 3.300000e-13 0.000000e+00 4.038968e-28
3.400000e-01 3.400000e-01 4.000000e-01 -4.127200e-12 3.787200e-12 3.400000e-13 0.000000e+00 5.553581e-28
3.500000e-01 3.500000e-01 4.000000e-01 -4.139400e-12 3.789400e-12 3.500000e-13 0.000000e+00 1.009742e-28
3.600000e-01 3.600000e-01 4.000000e-01 -4.151500e-12 3.791500e-12 3.600000e-13 0.000000e+00 8.582807e-28
3.700000e-01 3.700000e-01 4.000000e-01 -4.163700e-12 3.793700e-12 3.700000e-13 0.000000e+00 2.019484e-28
3.800000e-01 3.800000e-01 4.000000e-01 -4.175800e-12 3.795800e-12 3.800000e-13 0.000000e+00 3.534097e-28
3.900000e-01 3.900000e-01 4.000000e-01 -4.187900e-12 3.797900e-12 3.900000e-13 0.000000e+00 5.048710e-28
4.000000e-01 4.000000e-01 4.000000e-01 -4.200000e-12 3.800000e-12 4.000000e-13 0.000000e+00 1.009742e-28
4.100000e-01 4.100000e-01 4.000000e-01 -4.212000e-12 3.802000e-12 4.100000e-13 0.000000e+00 7.573065e-28
4.200000e-01 4.200000e-01 4.000000e-01 -4.224100e-12 3.804100e-12 4.200000e-13 0.000000e+00 2.019484e-28
4.300000e-01 4.300000e-01 4.000000e-01 -4.236100e-12 3.806100e-12 4.300000e-13 0.000000e+00 3.534097e-28
4.400000e-01 4.400000e-01 4.000000e-01 -4.248200e-12 3.808200e-12 4.400000e-13 0.000000e+00 3.029226e-28
4.500000e-01 4.500000e-01 4.000000e-01 -4.260200e-12 3.810200e-12 4.500000e-13 0.000000e+00 1.514613e-28
4.600000e-01 4.600000e-01 4.000000e-01 -4.272200e-12 3.812200e-12 4.600000e-13 0.000000e+00 0.000000e+00
4.700000e-01 4.700000e-01 4.000000e-01 -4.284200e-12 3.814200e-12 4.700000e-13 0.000000e+00 2.019484e-28
4.800000e-01 4.800000e-01 4.000000e-01 -4.296300e-12 3.816300e-12 4.800000e-13 0.000000e+00 5.048710e-28
4.900000e-01 4.900000e-01 4.000000e-01 -4.308200e-12 3.818200e-12 4.900000e-13 0.000000e+00 5.048710e-28
5.000000e-01 5.000000e-01 4.000000e-01 -4.320200e-12 3.820200e-12 5.000000e-13 0.000000e+00 7.068194e-28
5.100000e-01 5.100000e-01 4.000000e-01 -4.332200e-12 3.822200e-12 5.100000e-13 0.000000e+00 8.077936e-28
5.200000e-01 5.200000e-01 4.000000e-01 -4.344200e-12 3.824200e-12 5.200000e-13 0.000000e+00 2.019484e-28
5.300000e-01 5.300000e-01 4.000000e-01 -4.356200e-12 3.826200e-12 5.300000e-13 0.000000e+00 3.029226e-28
5.400000e-01 5.400000e-01 4.000000e-01 -4.368200e-12 3.828200e-12 5.400000e-13 0.000000e+00 5.048710e-28
5.500000e-01 5.500000e-01 4.000000e-01 -4.380100e-12 3.830100e-12 5.500000e-13 0.000000e+00 2.019484e-28
5.600000e-01 5.600000e-01 4.000000e-01 -4.392100e-12 3.832100e-12 5.600000e-13 0.000000e+00 0.000000e+00
5.700000e-01 5.700000e-01 4.000000e-01 -4.404000e-12 3.834000e-12 5.700000e-13 0.000000e+00 2.019484e-28
5.800000e-01 5.800000e-01 4.000000e-01 -4.416000e-12 3.836000e-12 5.800000e-13 0.000000e+00 1.110716e-27
5.900000e-01 5.900000e-01 4.000000e-01 -4.428000e-12 3.838000e-12 5.900000e-13 0.000000e+00 5.048710e-28
6.000000e-01 6.000000e-01 4.000000e-01 -4.439900e-12 3.839900e-12 6.000000e-13 0.000000e+00 1.009742e-27
6.100000e-01 6.100000e-01 4.000000e-01 -4.451800e-12 3.841800e-12 6.100000e-13 0.000000e+00 0.000000e+00
6.200000e-01 6.200000e-01 4.000000e-01 -4.463800e-12 3.843800e-12 6.200000e-13 0.000000e+00 1.009742e-28
6.300000e-01 6.300000e-01 4.000000e-01 -4.475700e-12 3.845700e-12 6.300000e-13 0.000000e+00 5.048710e-28
6.400000e-01 6.400000e-01 4.000000e-01 -4.487700e-12 3.847700e-12 6.400000e-13 0.000000e+00 4.038968e-28
6.500000e-01 6.500000e-01 4.000000e-01 -4.499600e-12 3.849600e-12 6.500000e-13 0.000000e+00 2.019484e-28
6.600000e-01 6.600000e-01 4.000000e-01 -4.511500e-12 3.851500e-12 6.600000e-13 0.000000e+00 0.000000e+00
6.700000e-01 6.700000e-01 4.000000e-01 -4.523500e-12 3.853500e-12 6.700000e-13 0.000000e+00 1.009742e-28
6.800000e-01 6.800000e-01 4.000000e-01 -4.535400e-12 3.855400e-12 6.800000e-13 0.000000e+00 3.029226e-28
6.900000e-01 6.900000e-01 4.000000e-01 -4.547300e-12 3.857300e-12 6.900000e-13 0.000000e+00 4.038968e-28
7.000000e-01 7.000000e-01 4.000000e-01 -4.559300e-12 3.859300e-12 7.000000e-13 0.000000e+00 6.058452e-28
7.100000e-01 7.100000e-01 4.000000e-01 -4.571200e-12 3.861200e-12 7.100000e-13 0.000000e+00 1.009742e-28
7.200000e-01 7.200000e-01 4.000000e-01 -4.583100e-12 3.863100e-12 7.200000e-13 0.000000e+00 7.068194e-28
7.300000e-01 7.300000e-01 4.000000e-01 -4.595000e-12 3.865000e-12 7.300000e-13 0.000000e+00 5.048710e-28
7.400000e-01 7.400000e-01 4.000000e-01 -4.606900e-12 3.866900e-12 7.400000e-13 0.000000e+00 4.038968e-28
7.500000e-01 7.500000e-01 4.000000e-01 -4.618900e-12 3.868900e-12 7.500000e-13 0.000000e+00 2.019484e-28
7.600000e-01 7.600000e-01 4.000000e-01 -4.630800e-12 3.870800e-12 7.600000e-13 0.000000e+00 1.009742e-28
7.700000e-01 7.700000e-01 4.000000e-01 -4.642700e-12 3.872700e-12 7.700000e-13 0.000000e+00 7.068194e-28
7.800000e-01 7.800000e-01 4.000000e-01 -4.654600e-12 3.874600e-12 7.800000e-13 0.000000e+00 2.019484e-28
7.900000e-01 7.900000e-01 4.000000e-01 -4.666500e-12 3.876500e-12 7.900000e-13 0.000000e+00 4.038968e-28
8.000000e-01 8.000000e-01 4.000000e-01 -4.678400e-12 3.878400e-12 8.000000e-13 0.000000e+00 2.019484e-28
8.100000e-01 8.100000e-01 4.000000e-01 -4.690300e-12 3.880300e-12 8.100000e-13 0.000000e+00 1.009742e-28
8.200000e-01 8.200000e-01 4.000000e-01 -4.702300e-12 3.882300e-12 8.200000e-13 0.000000e+00 1.009742e-28
8.300000e-01 8.300000e-01 4.000000e-01 -4.714200e-12 3.884200e-12 8.300000e-13 0.000000e+00 2.019484e-28
8.400000e-01 8.400000e-01 4.000000e-01 -4.726100e-12 3.886100e-12 8.400000e-13 0.000000e+00 4.038968e-28
8.500000e-01 8.500000e-01 4.000000e-01 -4.738000e-12 3.888000e-12 8.500000e-13 0.000000e+00 5.048710e-28
8.600000e-01 8.600000e-01 4.000000e-01 -4.749900e-12 3.889900e-12 8.600000e-13 0.000000e+00 1.009742e-28
8.700000e-01 8.700000e-01 4.000000e-01 -4.761800e-12 3.891800e-12 8.700000e-13 0.000000e+00 1.009742e-28
8.800000e-01 8.800000e-01 4.000000e-01 -4.773700e-12 3.893700e-12 8.800000e-13 0.000000e+00 6.058452e-28
8.900000e-01 8.900000e-01 4.000000e-01 -4.785600e-12 3.895600e-12 8.900000e-13 0.000000e+00 4.038968e-28
9.000000e-01 9.000000e-01 4.000000e-01 -4.797500e-12 3.897500e-12 9.000000e-13 0.000000e+00 5.048710e-28
9.100000e-01 9.100000e-01 4.000000e-01 -4.809400e-12 3.899400e-12 9.100000e-13 0.000000e+00 2.019484e-28
9.200000e-01 9.200000e-01 4.000000e-01 -4.821300e-12 3.901300e-12 9.200000e-13 0.000000e+00 0.000000e+00
9.300000e-01 9.300000e-01 4.000000e-01 -4.833200e-12 3.903200e-12 9.300000e-13 0.000000e+00 6.058452e-28
9.400000e-01 9.400000e-01 4.000000e-01 -4.845100e-12 3.905100e-12 9.400000e-13 0.000000e+00 4.038968e-28
9.500000e-01 9.500000e-01 4.000000e-01 -4.857000e-12 3.907000e-12 9.500000e-13 0.000000e+00 2.019484e-28
9.600000e-01 9.600000e-01 4.000000e-01 -4.868900e-12 3.908900e-12 9.600000e-13 0.000000e+00 2.019484e-28
9.700000e-01 9.700000e-01 4.000000e-01 -4.880800e-12 3.910800e-12 9.700000e-13 0.000000e+00 0.000000e+00
9.800000e-01 9.800000e-01 4.000000e-01 -4.892700e-12 3.912700e-12 9.800000e-13 0.000000e+00 6.058452e-28
9.900000e-01 9.900000e-01 4.000000e-01 -4.904600e-12 3.914600e-12 9.900000e-13 0.000000e+00 4.038968e-28
1.000000e+00 1.000000e+00 4.000000e-01 -4.916500e-12 3.916500e-12 1.000000e-12 0.000000e+00 2.019484e-28
1.010000e+00 1.010000e+00 4.000000e-01 -4.928400e-12 3.918400e-12 1.010000e-12 0.000000e+00 0.000000e+00
1.020000e+00 1.020000e+00 4.000000e-01 -4.940300e-12 3.920300e-12 1.020000e-12 0.000000e+00 0.000000e+00
1.030000e+00 1.030000e+00 4.000000e-01 -4.952200e-12 3.922200e-12 1.030000e-12 0.000000e+00 2.019484e-28
1.040000e+00 1.040000e+00 4.000000e-01 -4.964100e-12 3.924100e-12 1.040000e-12 0.000000e+00 4.038968e-28
1.050000e+00 1.050000e+00 4.000000e-01 -4.976000e-12 3.926000e-12 1.050000e-12 0.000000e+00 2.019484e-28
1.060000e+00 1.060000e+00 4.000000e-01 -4.987900e-12 3.927900e-12 1.060000e-12 0.000000e+00 2.019484e-28
1.070000e+00 1.070000e+00 4.000000e-01 -4.999700e-12 3.929700e-12 1.070000e-12 0.000000e+00 8.077936e-28
1.080000e+00 1.080000e+00 4.000000e-01 -5.011600e-12 3.931600e-12 1.080000e-12 0.000000e+00 6.058452e-28
1.090000e+00 1.090000e+00 4.000000e-01 -5.023500e-12 3.933500e-12 1.090000e-12 0.000000e+00 4.038968e-28
1.100000e+00 1.100000e+00 4.000000e-01 -5.035400e-12 3.935400e-12 1.100000e-12 0.000000e+00 4.038968e-28
1.110000e+00 1.110000e+00 4.000000e-01 -5.047300e-12 3.937300e-12 1.110000e-12 0.000000e+00 2.019484e-28
1.120000e+00 1.120000e+00 4.000000e-01 -5.059200e-12 3.939200e-12 1.120000e-12 0.000000e+00 8.077936e-28
1.130000e+00 1.130000e+00 4.000000e-01 -5.071100e-12 3.941100e-12 1.130000e-12 0.000000e+00 4.038968e-28
1.140000e+00 1.140000e+00 4.000000e-01 -5.083000e-12 3.943000e-12 1.140000e-12 0.000000e+00 6.058452e-28
1.150000e+00 1.150000e+00 4.000000e-01 -5.094900e-12 3.944900e-12 1.150000e-12 0.000000e+00 2.019484e-28
1.160000e+00 1.160000e+00 4.000000e-01 -5.106800e-12 3.946800e-12 1.160000e-12 0.000000e+00 0.000000e+00
1.170000e+00 1.170000e+00 4.000000e-01 -5.118600e-12 3.948600e-12 1.170000e-12 0.000000e+00 2.019484e-28
1.180000e+00 1.180000e+00 4.000000e-01 -5.130500e-12 3.950500e-12 1.180000e-12 0.000000e+00 4.038968e-28
1.190000e+00 1.190000e+00 4.000000e-01 -5.142400e-12 3.952400e-12 1.190000e-12 0.000000e+00 4.038968e-28
1.200000e+00 1.200000e+00 4.000000e-01 -5.154300e-12 3.954300e-12 1.200000e-12 0.000000e+00 6.058452e-28
0.000000e+00 0.000000e+00 6.000000e-01 0.000000e+00 0.000000e+00 0.000000e+00 0.000000e+00 0.000000e+00
1.000000e-02 1.000000e-02 6.000000e-01 -2.919300e-09 2.919300e-09 1.000000e-14 0.000000e+00 1.000000e-14
2.000000e-02 2.000000e-02 6.000000e-01 -4.859900e-09 4.859900e-09 2.000000e-14 0.000000e+00 2.000000e-14
3.000000e-02 3.000000e-02 6.000000e-01 -6.041300e-09 6.041300e-09 3.000000e-14 0.000000e+00 3.000000e-14
4.000000e-02 4.000000e-02 6.000000e-01 -6.714500e-09 6.714400e-09 4.000000e-14 0.000000e+00 6.000000e-14
5.000000e-02 5.000000e-02 6.000000e-01 -7.090300e-09 7.090300e-09 5.000000e-14 0.000000e+00 5.000000e-14
6.000000e-02 6.000000e-02 6.000000e-01 -7.305200e-09 7.305200e-09 6.000000e-14 0.000000e+00 6.000000e-14
7.000000e-02 7.000000e-02 6.000000e-01 -7.434400e-09 7.434300e-09 7.000000e-14 0.000000e+00 3.000000e-14
8.000000e-02 8.000000e-02 6.000000e-01 -7.516500e-09 7.516500e-09 8.000000e-14 0.000000e+00 8.000000e-14
9.000000e-02 9.000000e-02 6.000000e-01 -7.571800e-09 7.571700e-09 9.000000e-14 0.000000e+00 1.000000e-14
1.000000e-01 1.000000e-01 6.000000e-01 -7.611000e-09 7.610900e-09 1.000000e-13 0.000000e+00 1.210100e-24
1.100000e-01 1.100000e-01 6.000000e-01 -7.640000e-09 7.639900e-09 1.100000e-13 0.000000e+00 1.000000e-14
1.200000e-01 1.200000e-01 6.000000e-01 -7.662300e-09 7.662200e-09 1.200000e-13 0.000000e+00 2.000000e-14
1.300000e-01 1.300000e-01 6.000000e-01 -7.680200e-09 7.680000e-09 1.300000e-13 0.000000e+00 7.000000e-14
1.400000e-01 1.400000e-01 6.000000e-01 -7.694900e-09 7.694700e-09 1.400000e-13 0.000000e+00 6.000000e-14
1.500000e-01 1.500000e-01 6.000000e-01 -7.707300e-09 7.707200e-09 1.500000e-13 0.000000e+00 5.000000e-14
1.600000e-01 1.600000e-01 6.000000e-01 -7.718100e-09 7.717900e-09 1.600000e-13 0.000000e+00 4.000000e-14
1.700000e-01 1.700000e-01 6.000000e-01 -7.727600e-09 7.727400e-09 1.700000e-13 0.000000e+00 3.000000e-14
1.800000e-01 1.800000e-01 6.000000e-01 -7.736100e-09 7.735900e-09 1.800000e-13 0.000000e+00 2.000000e-14
1.900000e-01 1.900000e-01 6.000000e-01 -7.743900e-09 7.743700e-09 1.900000e-13 0.000000e+00 1.000000e-14
2.000000e-01 2.000000e-01 6.000000e-01 -7.751100e-09 7.750900e-09 2.000000e-13 0.000000e+00 7.658388e-25
2.100000e-01 2.100000e-01 6.000000e-01 -7.757800e-09 7.757600e-09 2.100000e-13 0.000000e+00 1.000000e-14
2.200000e-01 2.200000e-01 6.000000e-01 -7.764100e-09 7.763900e-09 2.200000e-13 0.000000e+00 2.000000e-14
2.300000e-01 2.300000e-01 6.000000e-01 -7.770100e-09 7.769900e-09 2.300000e-13 0.000000e+00 3.000000e-14
2.400000e-01 2.400000e-01 6.000000e-01 -7.775900e-09 7.775600e-09 2.400000e-13 0.000000e+00 6.000000e-14
2.500000e-01 2.500000e-01 6.000000e-01 -7.781400e-09 7.781200e-09 2.500000e-13 0.000000e+00 5.000000e-14
2.600000e-01 2.600000e-01 6.000000e-01 -7.786800e-09 7.786500e-09 2.600000e-13 0.000000e+00 4.000000e-14
2.700000e-01 2.700000e-01 6.000000e-01 -7.791900e-09 7.791700e-09 2.700000e-13 0.000000e+00 7.000000e-14
2.800000e-01 2.800000e-01 6.000000e-01 -7.797000e-09 7.796700e-09 2.800000e-13 0.000000e+00 2.000000e-14
2.900000e-01 2.900000e-01 6.000000e-01 -7.801900e-09 7.801600e-09 2.900000e-13 0.000000e+00 1.000000e-14
3.000000e-01 3.000000e-01 6.000000e-01 -7.806800e-09 7.806500e-09 3.000000e-13 0.000000e+00 1.332758e-24
3.100000e-01 3.100000e-01 6.000000e-01 -7.811500e-09 7.811200e-09 3.100000e-13 0.000000e+00 1.000000e-14
3.200000e-01 3.200000e-01 6.000000e-01 -7.816200e-09 7.815900e-09 3.200000e-13 0.000000e+00 2.000000e-14
3.300000e-01 3.300000e-01 6.000000e-01 -7.820800e-09 7.820500e-09 3.300000e-13 0.000000e+00 3.000000e-14
3.400000e-01 3.400000e-01 6.000000e-01 -7.825400e-09 7.825000e-09 3.400000e-13 0.000000e+00 6.000000e-14
3.500000e-01 3.500000e-01 6.000000e-01 -7.829900e-09 7.829500e-09 3.500000e-13 0.000000e+00 5.000000e-14
3.600000e-01 3.600000e-01 6.000000e-01 -7.834300e-09 7.833900e-09 3.600000e-13 0.000000e+00 4.000000e-14
3.700000e-01 3.700000e-01 6.000000e-01 -7.838700e-09 7.838300e-09 3.700000e-13 0.000000e+00 3.000000e-14
3.800000e-01 3.800000e-01 6.000000e-01 -7.843100e-09 7.842700e-09 3.800000e-13 0.000000e+00 2.000000e-14
3.900000e-01 3.900000e-01 6.000000e-01 -7.847400e-09 7.847000e-09 3.900000e-13 0.000000e+00 1.000000e-14
4.000000e-01 4.000000e-01 6.000000e-01 -7.851700e-09 7.851300e-09 4.000000e-13 0.000000e+00 1.226836e-25
4.100000e-01 4.100000e-01 6.000000e-01 -7.856000e-09 7.855600e-09 4.100000e-13 0.000000e+00 1.000000e-14
4.200000e-01 4.200000e-01 6.000000e-01 -7.860300e-09 7.859800e-09 4.200000e-13 0.000000e+00 8.000000e-14
4.300000e-01 4.300000e-01 6.000000e-01 -7.864500e-09 7.864100e-09 4.300000e-13 0.000000e+00 3.000000e-14
4.400000e-01 4.400000e-01 6.000000e-01 -7.868700e-09 7.868300e-09 4.400000e-13 0.000000e+00 4.000000e-14
4.500000e-01 4.500000e-01 6.000000e-01 -7.872900e-09 7.872500e-09 4.500000e-13 0.000000e+00 5.000000e-14
4.600000e-01 4.600000e-01 6.000000e-01 -7.877100e-09 7.876600e-09 4.600000e-13 0.000000e+00 4.000000e-14
4.700000e-01 4.700000e-01 6.000000e-01 -7.881200e-09 7.880800e-09 4.700000e-13 0.000000e+00 7.000000e-14
4.800000e-01 4.800000e-01 6.000000e-01 -7.885400e-09 7.884900e-09 4.800000e-13 0.000000e+00 2.000000e-14
4.900000e-01 4.900000e-01 6.000000e-01 -7.889500e-09 7.889000e-09 4.900000e-13 0.000000e+00 1.000000e-14
5.000000e-01 5.000000e-01 6.000000e-01 -7.893600e-09 7.893100e-09 5.000000e-13 0.000000e+00 5.669701e-25
5.100000e-01 5.100000e-01 6.000000e-01 -7.897700e-09 7.897200e-09 5.100000e-13 0.000000e+00 1.000000e-14
5.200000e-01 5.200000e-01 6.000000e-01 -7.901800e-09 7.901300e-09 5.200000e-13 0.000000e+00 2.000000e-14
5.300000e-01 5.300000e-01 6.000000e-01 -7.905900e-09 7.905400e-09 5.300000e-13 0.000000e+00 3.000000e-14
5.400000e-01 5.400000e-01 6.000000e-01 -7.910000e-09 7.909400e-09 5.400000e-13 0.000000e+00 6.000000e-14
5.500000e-01 5.500000e-01 6.000000e-01 -7.914100e-09 7.913500e-09 5.500000e-13 0.000000e+00 5.000000e-14
5.600000e-01 5.600000e-01 6.000000e-01 -7.918100e-09 7.917600e-09 5.600000e-13 0.000000e+00 6.000000e-14
5.700000e-01 5.700000e-01 6.000000e-01 -7.922200e-09 7.921600e-09 5.700000e-13 0.000000e+00 3.000000e-14
5.800000e-01 5.800000e-01 6.000000e-01 -7.926200e-09 7.925600e-09 5.800000e-13 0.000000e+00 2.000000e-14
5.900000e-01 5.900000e-01 6.000000e-01 -7.930200e-09 7.929700e-09 5.900000e-13 0.000000e+00 9.000000e-14
6.000000e-01 6.000000e-01 6.000000e-01 -7.934300e-09 7.933700e-09 6.000000e-13 0.000000e+00 1.011156e-24
6.100000e-01 6.100000e-01 6.000000e-01 -7.938300e-09 7.937700e-09 6.100000e-13 0.000000e+00 1.000000e-14
6.200000e-01 6.200000e-01 6.000000e-01 -7.942300e-09 7.941700e-09 6.200000e-13 0.000000e+00 2.000000e-14
6.300000e-01 6.300000e-01 6.000000e-01 -7.946300e-09 7.945700e-09 6.300000e-13 0.000000e+00 3.000000e-14
6.400000e-01 6.400000e-01 6.000000e-01 -7.950300e-09 7.949700e-09 6.400000e-13 0.000000e+00 4.000000e-14
6.500000e-01 6.500000e-01 6.000000e-01 -7.954300e-09 7.953700e-09 6.500000e-13 0.000000e+00 5.000000e-14
6.600000e-01 6.600000e-01 6.000000e-01 -7.958300e-09 7.957700e-09 6.600000e-13 0.000000e+00 6.000000e-14
6.700000e-01 6.700000e-01 6.000000e-01 -7.962300e-09 7.961700e-09 6.700000e-13 0.000000e+00 7.000000e-14
6.800000e-01 6.800000e-01 6.000000e-01 -7.966300e-09 7.965600e-09 6.800000e-13 0.000000e+00 2.000000e-14
6.900000e-01 6.900000e-01 6.000000e-01 -7.970300e-09 7.969600e-09 6.900000e-13 0.000000e+00 1.000000e-14
7.000000e-01 7.000000e-01 6.000000e-01 -7.974300e-09 7.973600e-09 7.000000e-13 0.000000e+00 1.989192e-25
7.100000e-01 7.100000e-01 6.000000e-01 -7.978300e-09 7.977600e-09 7.100000e-13 0.000000e+00 1.000000e-14
7.200000e-01 7.200000e-01 6.000000e-01 -7.982200e-09 7.981500e-09 7.200000e-13 0.000000e+00 2.000000e-14
7.300000e-01 7.300000e-01 6.000000e-01 -7.986200e-09 7.985500e-09 7.300000e-13 0.000000e+00 3.000000e-14
7.400000e-01 7.400000e-01 6.000000e-01 -7.990200e-09 7.989400e-09 7.400000e-13 0.000000e+00 6.000000e-14
7.500000e-01 7.500000e-01 6.000000e-01 -7.994100e-09 7.993400e-09 7.500000e-13 0.000000e+00 5.000000e-14
7.600000e-01 7.600000e-01 6.000000e-01 -7.998100e-09 7.997300e-09 7.600000e-13 0.000000e+00 4.000000e-14
7.700000e-01 7.700000e-01 6.000000e-01 -8.002100e-09 8.001300e-09 7.700000e-13 0.000000e+00 3.000000e-14
7.800000e-01 7.800000e-01 6.000000e-01 -8.006000e-09 8.005200e-09 7.800000e-13 0.000000e+00 2.000000e-14
7.900000e-01 7.900000e-01 6.000000e-01 -8.010000e-09 8.009200e-09 7.900000e-13 0.000000e+00 1.000000e-14
8.000000e-01 8.000000e-01 6.000000e-01 -8.013900e-09 8.013100e-09 8.000000e-13 0.000000e+00 1.408994e-24
8.100000e-01 8.100000e-01 6.000000e-01 -8.017900e-09 8.017100e-09 8.100000e-13 0.000000e+00 1.000000e-14
8.200000e-01 8.200000e-01 6.000000e-01 -8.021800e-09 8.021000e-09 8.200000e-13 0.000000e+00 2.000000e-14
8.300000e-01 8.300000e-01 6.000000e-01 -8.025800e-09 8.024900e-09 8.300000e-13 0.000000e+00 7.000000e-14
8.400000e-01 8.400000e-01 6.000000e-01 -8.029700e-09 8.028900e-09 8.400000e-13 0.000000e+00 4.000000e-14
8.500000e-01 8.500000e-01 6.000000e-01 -8.033700e-09 8.032800e-09 8.500000e-13 0.000000e+00 5.000000e-14
8.600000e-01 8.600000e-01 6.000000e-01 -8.037600e-09 8.036700e-09 8.600000e-13 0.000000e+00 4.000000e-14
8.700000e-01 8.700000e-01 6.000000e-01 -8.041500e-09 8.040700e-09 8.700000e-13 0.000000e+00 7.000000e-14
8.800000e-01 8.800000e-01 6.000000e-01 -8.045500e-09 8.044600e-09 8.800000e-13 0.000000e+00 2.000000e-14
8.900000e-01 8.900000e-01 6.000000e-01 -8.049400e-09 8.048500e-09 8.900000e-13 0.000000e+00 1.000000e-14
9.000000e-01 9.000000e-01 6.000000e-01 -8.053300e-09 8.052400e-09 9.000000e-13 0.000000e+00 9.648084e-25
9.100000e-01 9.100000e-01 6.000000e-01 -8.057300e-09 8.056400e-09 9.100000e-13 0.000000e+00 1.000000e-14
9.200000e-01 9.200000e-01 6.000000e-01 -8.061200e-09 8.060300e-09 9.200000e-13 0.000000e+00 2.000000e-14
9.300000e-01 9.300000e-01 6.000000e-01 -8.065100e-09 8.064200e-09 9.300000e-13 0.000000e+00 3.000000e-14
9.400000e-01 9.400000e-01 6.000000e-01 -8.069100e-09 8.068100e-09 9.400000e-13 0.000000e+00 6.000000e-14
9.500000e-01 9.500000e-01 6.000000e-01 -8.073000e-09 8.072000e-09 9.500000e-13 0.000000e+00 5.000000e-14
9.600000e-01 9.600000e-01 6.000000e-01 -8.076900e-09 8.075900e-09 9.600000e-13 0.000000e+00 4.000000e-14
9.700000e-01 9.700000e-01 6.000000e-01 -8.080800e-09 8.079900e-09 9.700000e-13 0.000000e+00 7.000000e-14
9.800000e-01 9.800000e-01 6.000000e-01 -8.084800e-09 8.083800e-09 9.800000e-13 0.000000e+00 2.000000e-14
9.900000e-01 9.900000e-01 6.000000e-01 -8.088700e-09 8.087700e-09 9.900000e-13 0.000000e+00 1.000000e-14
1.000000e+00 1.000000e+00 6.000000e-01 -8.092600e-09 8.091600e-09 1.000000e-12 0.000000e+00 5.204210e-25
1.010000e+00 1.010000e+00 6.000000e-01 -8.096500e-09 8.095500e-09 1.010000e-12 0.000000e+00 1.000000e-14
1.020000e+00 1.020000e+00 6.000000e-01 -8.100400e-09 8.099400e-09 1.020000e-12 0.000000e+00 2.000000e-14
1.030000e+00 1.030000e+00 6.000000e-01 -8.104300e-09 8.103300e-09 1.030000e-12 0.000000e+00 3.000000e-14
1.040000e+00 1.040000e+00 6.000000e-01 -8.108300e-09 8.107200e-09 1.040000e-12 0.000000e+00 6.000000e-14
1.050000e+00 1.050000e+00 6.000000e-01 -8.112200e-09 8.111100e-09 1.050000e-12 0.000000e+00 5.000000e-14
1.060000e+00 1.060000e+00 6.000000e-01 -8.116100e-09 8.115000e-09 1.060000e-12 0.000000e+00 4.000000e-14
1.070000e+00 1.070000e+00 6.000000e-01 -8.120000e-09 8.118900e-09 1.070000e-12 0.000000e+00 3.000000e-14
1.080000e+00 1.080000e+00 6.000000e-01 -8.123900e-09 8.122800e-09 1.080000e-12 0.000000e+00 2.000000e-14
1.090000e+00 1.090000e+00 6.000000e-01 -8.127800e-09 8.126700e-09 1.090000e-12 0.000000e+00 1.000000e-14
1.100000e+00 1.100000e+00 6.000000e-01 -8.131700e-09 8.130600e-09 1.100000e-12 0.000000e+00 1.578025e-24
1.110000e+00 1.110000e+00 6.000000e-01 -8.135600e-09 8.134500e-09 1.110000e-12 0.000000e+00 1.000000e-14
1.120000e+00 1.120000e+00 6.000000e-01 -8.139500e-09 8.138400e-09 1.120000e-12 0.000000e+00 2.000000e-14
1.130000e+00 1.130000e+00 6.000000e-01 -8.143500e-09 8.142300e-09 1.130000e-12 0.000000e+00 7.000000e-14
1.140000e+00 1.140000e+00 6.000000e-01 -8.147400e-09 8.146200e-09 1.140000e-12 0.000000e+00 6.000000e-14
1.150000e+00 1.150000e+00 6.000000e-01 -8.151300e-09 8.150100e-09 1.150000e-12 0.000000e+00 5.000000e-14
1.160000e+00 1.160000e+00 6.000000e-01 -8.155200e-09 8.154000e-09 1.160000e-12 0.000000e+00 4.000000e-14
1.170000e+00 1.170000e+00 6.000000e-01 -8.159100e-09 8.157900e-09 1.170000e-12 0.000000e+00 3.000000e-14
1.180000e+00 1.180000e+00 6.000000e-01 -8.163000e-09 8.161800e-09 1.180000e-12 0.000000e+00 2.000000e-14
1.190000e+00 1.190000e+00 6.000000e-01 -8.166900e-09 8.165700e-09 1.190000e-12 0.000000e+00 1.000000e-14
1.200000e+00 1.200000e+00 6.000000e-01 -8.170800e-09 8.169600e-09 1.200000e-12 0.000000e+00 1.286209e-24
0.000000e+00 0.000000e+00 8.000000e-01 0.000000e+00 0.000000e+00 0.000000e+00 0.000000e+00 0.000000e+00
1.000000e-02 1.000000e-02 8.000000e-01 -1.014400e-06 1.014400e-06 1.000000e-14 0.000000e+00 1.000000e-14
2.000000e-02 2.000000e-02 8.000000e-01 -1.816600e-06 1.816600e-06 2.000000e-14 0.000000e+00 2.000000e-14
3.000000e-02 3.000000e-02 8.000000e-01 -2.422500e-06 2.422500e-06 3.000000e-14 0.000000e+00 3.000000e-14
4.000000e-02 4.000000e-02 8.000000e-01 -2.856400e-06 2.856400e-06 4.000000e-14 0.000000e+00 4.000000e-14
5.000000e-02 5.000000e-02 8.000000e-01 -3.150700e-06 3.150700e-06 5.000000e-14 0.000000e+00 5.000000e-14
6.000000e-02 6.000000e-02 8.000000e-01 -3.341700e-06 3.341700e-06 6.000000e-14 0.000000e+00 6.000000e-14
7.000000e-02 7.000000e-02 8.000000e-01 -3.463000e-06 3.463000e-06 7.000000e-14 0.000000e+00 7.000000e-14
8.000000e-02 8.000000e-02 8.000000e-01 -3.540200e-06 3.540200e-06 8.000000e-14 0.000000e+00 8.000000e-14
9.000000e-02 9.000000e-02 8.000000e-01 -3.590400e-06 3.590400e-06 9.000000e-14 0.000000e+00 9.000000e-14
1.000000e-01 1.000000e-01 8.000000e-01 -3.624100e-06 3.624100e-06 1.000000e-13 0.000000e+00 1.000000e-13
1.100000e-01 1.100000e-01 8.000000e-01 -3.647600e-06 3.647600e-06 1.100000e-13 0.000000e+00 1.100000e-13
1.200000e-01 1.200000e-01 8.000000e-01 -3.664500e-06 3.664500e-06 1.200000e-13 0.000000e+00 1.200000e-13
1.300000e-01 1.300000e-01 8.000000e-01 -3.677100e-06 3.677100e-06 1.300000e-13 0.000000e+00 1.300000e-13
1.400000e-01 1.400000e-01 8.000000e-01 -3.686900e-06 3.686900e-06 1.400000e-13 0.000000e+00 1.400000e-13
1.500000e-01 1.500000e-01 8.000000e-01 -3.694600e-06 3.694600e-06 1.500000e-13 0.000000e+00 1.500000e-13
1.600000e-01 1.600000e-01 8.000000e-01 -3.700900e-06 3.700900e-06 1.600000e-13 0.000000e+00 1.600000e-13
1.700000e-01 1.700000e-01 8.000000e-01 -3.706200e-06 3.706200e-06 1.700000e-13 0.000000e+00 1.700000e-13
1.800000e-01 1.800000e-01 8.000000e-01 -3.710600e-06 3.710600e-06 1.800000e-13 0.000000e+00 1.800000e-13
1.900000e-01 1.900000e-01 8.000000e-01 -3.714500e-06 3.714500e-06 1.900000e-13 0.000000e+00 1.900000e-13
2.000000e-01 2.000000e-01 8.000000e-01 -3.717900e-06 3.717900e-06 2.000000e-13 0.000000e+00 2.000000e-13
2.100000e-01 2.100000e-01 8.000000e-01 -3.721000e-06 3.721000e-06 2.100000e-13 0.000000e+00 2.100000e-13
2.200000e-01 2.200000e-01 8.000000e-01 -3.723800e-06 3.723800e-06 2.200000e-13 0.000000e+00 2.200000e-13
2.300000e-01 2.300000e-01 8.000000e-01 -3.726300e-06 3.726300e-06 2.300000e-13 0.000000e+00 2.300000e-13
2.400000e-01 2.400000e-01 8.000000e-01 -3.728700e-06 3.728700e-06 2.400000e-13 0.000000e+00 2.400000e-13
2.500000e-01 2.500000e-01 8.000000e-01 -3.730900e-06 3.730900e-06 2.500000e-13 0.000000e+00 2.500000e-13
2.600000e-01 2.600000e-01 8.000000e-01 -3.733000e-06 3.733000e-06 2.600000e-13 0.000000e+00 2.600000e-13
2.700000e-01 2.700000e-01 8.000000e-01 -3.734900e-06 3.734900e-06 2.700000e-13 0.000000e+00 2.700000e-13
2.800000e-01 2.800000e-01 8.000000e-01 -3.736800e-06 3.736800e-06 2.800000e-13 0.000000e+00 2.800000e-13
2.900000e-01 2.900000e-01 8.000000e-01 -3.738600e-06 3.738600e-06 2.900000e-13 0.000000e+00 2.900000e-13
3.000000e-01 3.000000e-01 8.000000e-01 -3.740300e-06 3.740300e-06 3.000000e-13 0.000000e+00 3.000000e-13
3.100000e-01 3.100000e-01 8.000000e-01 -3.742000e-06 3.742000e-06 3.100000e-13 0.000000e+00 3.100000e-13
3.200000e-01 3.200000e-01 8.000000e-01 -3.743600e-06 3.743600e-06 3.200000e-13 0.000000e+00 3.200000e-13
3.300000e-01 3.300000e-01 8.000000e-01 -3.745200e-06 3.745200e-06 3.300000e-13 0.000000e+00 3.300000e-13
3.400000e-01 3.400000e-01 8.000000e-01 -3.746800e-06 3.746800e-06 3.400000e-13 0.000000e+00 3.400000e-13
3.500000e-01 3.500000e-01 8.000000e-01 -3.748300e-06 3.748300e-06 3.500000e-13 0.000000e+00 3.500000e-13
3.600000e-01 3.600000e-01 8.000000e-01 -3.749800e-06 3.749800e-06 3.600000e-13 0.000000e+00 3.600000e-13
3.700000e-01 3.700000e-01 8.000000e-01 -3.751200e-06 3.751200e-06 3.700000e-13 0.000000e+00 3.700000e-13
3.800000e-01 3.800000e-01 8.000000e-01 -3.752700e-06 3.752700e-06 3.800000e-13 0.000000e+00 3.800000e-13
3.900000e-01 3.900000e-01 8.000000e-01 -3.754100e-06 3.754100e-06 3.900000e-13 0.000000e+00 3.900000e-13
4.000000e-01 4.000000e-01 8.000000e-01 -3.755500e-06 3.755500e-06 4.000000e-13 0.000000e+00 4.000000e-13
4.100000e-01 4.100000e-01 8.000000e-01 -3.756900e-06 3.756900e-06 4.100000e-13 0.000000e+00 4.100000e-13
4.200000e-01 4.200000e-01 8.000000e-01 -3.758200e-06 3.758200e-06 4.200000e-13 0.000000e+00 4.200000e-13
4.300000e-01 4.300000e-01 8.000000e-01 -3.759600e-06 3.759600e-06 4.300000e-13 0.000000e+00 4.300000e-13
4.400000e-01 4.400000e-01 8.000000e-01 -3.760900e-06 3.760900e-06 4.400000e-13 0.000000e+00 4.400000e-13
4.500000e-01 4.500000e-01 8.000000e-01 -3.762300e-06 3.762300e-06 4.500000e-13 0.000000e+00 4.500000e-13
4.600000e-01 4.600000e-01 8.000000e-01 -3.763600e-06 3.763600e-06 4.600000e-13 0.000000e+00 4.600000e-13
4.700000e-01 4.700000e-01 8.000000e-01 -3.764900e-06 3.764900e-06 4.700000e-13 0.000000e+00 4.700000e-13
4.800000e-01 4.800000e-01 8.000000e-01 -3.766200e-06 3.766200e-06 4.800000e-13 0.000000e+00 4.800000e-13
4.900000e-01 4.900000e-01 8.000000e-01 -3.767500e-06 3.767500e-06 4.900000e-13 0.000000e+00 4.900000e-13
5.000000e-01 5.000000e-01 8.000000e-01 -3.768800e-06 3.768800e-06 5.000000e-13 0.000000e+00 5.000000e-13
5.100000e-01 5.100000e-01 8.000000e-01 -3.770100e-06 3.770100e-06 5.100000e-13 0.000000e+00 5.100000e-13
5.200000e-01 5.200000e-01 8.000000e-01 -3.771300e-06 3.771300e-06 5.200000e-13 0.000000e+00 5.200000e-13
5.300000e-01 5.300000e-01 8.000000e-01 -3.772600e-06 3.772600e-06 5.300000e-13 0.000000e+00 5.300000e-13
5.400000e-01 5.400000e-01 8.000000e-01 -3.773900e-06 3.773900e-06 5.400000e-13 0.000000e+00 5.400000e-13
5.500000e-01 5.500000e-01 8.000000e-01 -3.775100e-06 3.775100e-06 5.500000e-13 0.000000e+00 5.500000e-13
5.600000e-01 5.600000e-01 8.000000e-01 -3.776400e-06 3.776400e-06 5.600000e-13 0.000000e+00 5.600000e-13
5.700000e-01 5.700000e-01 8.000000e-01 -3.777600e-06 3.777600e-06 5.700000e-13 0.000000e+00 5.700000e-13
5.800000e-01 5.800000e-01 8.000000e-01 -3.778800e-06 3.778800e-06 5.800000e-13 0.000000e+00 5.800000e-13
5.900000e-01 5.900000e-01 8.000000e-01 -3.780100e-06 3.780100e-06 5.900000e-13 0.000000e+00 5.900000e-13
6.000000e-01 6.000000e-01 8.000000e-01 -3.781300e-06 3.781300e-06 6.000000e-13 0.000000e+00 6.000000e-13
6.100000e-01 6.100000e-01 8.000000e-01 -3.782500e-06 3.782500e-06 6.100000e-13 0.000000e+00 6.100000e-13
6.200000e-01 6.200000e-01 8.000000e-01 -3.783800e-06 3.783800e-06 6.200000e-13 0.000000e+00 6.200000e-13
6.300000e-01 6.300000e-01 8.000000e-01 -3.785000e-06 3.785000e-06 6.300000e-13 0.000000e+00 6.300000e-13
6.400000e-01 6.400000e-01 8.000000e-01 -3.786200e-06 3.786200e-06 6.400000e-13 0.000000e+00 6.400000e-13
6.500000e-01 6.500000e-01 8.000000e-01 -3.787400e-06 3.787400e-06 6.500000e-13 0.000000e+00 6.500000e-13
6.600000e-01 6.600000e-01 8.000000e-01 -3.788700e-06 3.788700e-06 6.600000e-13 0.000000e+00 6.600000e-13
6.700000e-01 6.700000e-01 8.000000e-01 -3.789900e-06 3.789900e-06 6.700000e-13 0.000000e+00 6.700000e-13
6.800000e-01 6.800000e-01 8.000000e-01 -3.791100e-06 3.791100e-06 6.800000e-13 0.000000e+00 6.800000e-13
6.900000e-01 6.900000e-01 8.000000e-01 -3.792300e-06 3.792300e-06 6.900000e-13 0.000000e+00 6.900000e-13
7.000000e-01 7.000000e-01 8.000000e-01 -3.793500e-06 3.793500e-06 7.000000e-13 0.000000e+00 7.000000e-13
7.100000e-01 7.100000e-01 8.000000e-01 -3.794700e-06 3.794700e-06 7.100000e-13 0.000000e+00 7.100000e-13
7.200000e-01 7.200000e-01 8.000000e-01 -3.795900e-06 3.795900e-06 7.200000e-13 0.000000e+00 7.200000e-13
7.300000e-01 7.300000e-01 8.000000e-01 -3.797100e-06 3.797100e-06 7.300000e-13 0.000000e+00 7.300000e-13
7.400000e-01 7.400000e-01 8.000000e-01 -3.798300e-06 3.798300e-06 7.400000e-13 0.000000e+00 7.400000e-13
7.500000e-01 7.500000e-01 8.000000e-01 -3.799500e-06 3.799500e-06 7.500000e-13 0.000000e+00 7.500000e-13
7.600000e-01 7.600000e-01 8.000000e-01 -3.800700e-06 3.800700e-06 7.600000e-13 0.000000e+00 7.600000e-13
7.700000e-01 7.700000e-01 8.000000e-01 -3.801900e-06 3.801900e-06 7.700000e-13 0.000000e+00 7.700000e-13
7.800000e-01 7.800000e-01 8.000000e-01 -3.803100e-06 3.803100e-06 7.800000e-13 0.000000e+00 7.800000e-13
7.900000e-01 7.900000e-01 8.000000e-01 -3.804300e-06 3.804300e-06 7.900000e-13 0.000000e+00 7.900000e-13
8.000000e-01 8.000000e-01 8.000000e-01 -3.805500e-06 3.805500e-06 8.000000e-13 0.000000e+00 8.000000e-13
8.100000e-01 8.100000e-01 8.000000e-01 -3.806700e-06 3.806700e-06 8.100000e-13 0.000000e+00 8.100000e-13
8.200000e-01 8.200000e-01 8.000000e-01 -3.807900e-06 3.807900e-06 8.200000e-13 0.000000e+00 8.200000e-13
8.300000e-01 8.300000e-01 8.000000e-01 -3.809000e-06 3.809000e-06 8.300000e-13 0.000000e+00 8.300000e-13
8.400000e-01 8.400000e-01 8.000000e-01 -3.810200e-06 3.810200e-06 8.400000e-13 0.000000e+00 8.400000e-13
8.500000e-01 8.500000e-01 8.000000e-01 -3.811400e-06 3.811400e-06 8.500000e-13 0.000000e+00 8.500000e-13
8.600000e-01 8.600000e-01 8.000000e-01 -3.812600e-06 3.812600e-06 8.600000e-13 0.000000e+00 8.600000e-13
8.700000e-01 8.700000e-01 8.000000e-01 -3.813800e-06 3.813800e-06 8.700000e-13 0.000000e+00 8.700000e-13
8.800000e-01 8.800000e-01 8.000000e-01 -3.815000e-06 3.815000e-06 8.800000e-13 0.000000e+00 8.800000e-13
8.900000e-01 8.900000e-01 8.000000e-01 -3.816100e-06 3.816100e-06 8.900000e-13 0.000000e+00 8.900000e-13
9.000000e-01 9.000000e-01 8.000000e-01 -3.817300e-06 3.817300e-06 9.000000e-13 0.000000e+00 9.000000e-13
9.100000e-01 9.100000e-01 8.000000e-01 -3.818500e-06 3.818500e-06 9.100000e-13 0.000000e+00 9.100000e-13
9.200000e-01 9.200000e-01 8.000000e-01 -3.819700e-06 3.819700e-06 9.200000e-13 0.000000e+00 9.200000e-13
9.300000e-01 9.300000e-01 8.000000e-01 -3.820900e-06 3.820900e-06 9.300000e-13 0.000000e+00 9.300000e-13
9.400000e-01 9.400000e-01 8.000000e-01 -3.822000e-06 3.822000e-06 9.400000e-13 0.000000e+00 9.400000e-13
9.500000e-01 9.500000e-01 8.000000e-01 -3.823200e-06 3.823200e-06 9.500000e-13 0.000000e+00 9.500000e-13
9.600000e-01 9.600000e-01 8.000000e-01 -3.824400e-06 3.824400e-06 9.600000e-13 0.000000e+00 9.600000e-13
9.700000e-01 9.700000e-01 8.000000e-01 -3.825600e-06 3.825600e-06 9.700000e-13 0.000000e+00 9.700000e-13
9.800000e-01 9.800000e-01 8.000000e-01 -3.826700e-06 3.826700e-06 9.800000e-13 0.000000e+00 9.800000e-13
9.900000e-01 9.900000e-01 8.000000e-01 -3.827900e-06 3.827900e-06 9.900000e-13 0.000000e+00 9.900000e-13
1.000000e+00 1.000000e+00 8.000000e-01 -3.829100e-06 3.829100e-06 1.000000e-12 0.000000e+00 1.000000e-12
1.010000e+00 1.010000e+00 8.000000e-01 -3.830300e-06 3.830300e-06 1.010000e-12 0.000000e+00 1.010000e-12
1.020000e+00 1.020000e+00 8.000000e-01 -3.831400e-06 3.831400e-06 1.020000e-12 0.000000e+00 1.020000e-12
1.030000e+00 1.030000e+00 8.000000e-01 -3.832600e-06 3.832600e-06 1.030000e-12 0.000000e+00 1.030000e-12
1.040000e+00 1.040000e+00 8.000000e-01 -3.833800e-06 3.833800e-06 1.040000e-12 0.000000e+00 1.040000e-12
1.050000e+00 1.050000e+00 8.000000e-01 -3.834900e-06 3.834900e-06 1.050000e-12 0.000000e+00 1.050000e-12
1.060000e+00 1.060000e+00 8.000000e-01 -3.836100e-06 3.836100e-06 1.060000e-12 0.000000e+00 1.060000e-12
1.070000e+00 1.070000e+00 8.000000e-01 -3.837300e-06 3.837300e-06 1.070000e-12 0.000000e+00 1.070000e-12
1.080000e+00 1.080000e+00 8.000000e-01 -3.838500e-06 3.838400e-06 1.080000e-12 0.000000e+00 9.892000e-11
1.090000e+00 1.090000e+00 8.000000e-01 -3.839600e-06 3.839600e-06 1.090000e-12 0.000000e+00 1.090000e-12
1.100000e+00 1.100000e+00 8.000000e-01 -3.840800e-06 3.840800e-06 1.100000e-12 0.000000e+00 1.100000e-12
1.110000e+00 1.110000e+00 8.000000e-01 -3.842000e-06 3.842000e-06 1.110000e-12 0.000000e+00 1.110000e-12
1.120000e+00 1.120000e+00 8.000000e-01 -3.843100e-06 3.843100e-06 1.120000e-12 0.000000e+00 1.120000e-12
1.130000e+00 1.130000e+00 8.000000e-01 -3.844300e-06 3.844300e-06 1.130000e-12 0.000000e+00 1.130000e-12
1.140000e+00 1.140000e+00 8.000000e-01 -3.845500e-06 3.845500e-06 1.140000e-12 0.000000e+00 1.140000e-12
1.150000e+00 1.150000e+00 8.000000e-01 -3.846600e-06 3.846600e-06 1.150000e-12 0.000000e+00 1.150000e-12
1.160000e+00 1.160000e+00 8.000000e-01 -3.847800e-06 3.847800e-06 1.160000e-12 0.000000e+00 1.160000e-12
1.170000e+00 1.170000e+00 8.000000e-01 -3.848900e-06 3.848900e-06 1.170000e-12 0.000000e+00 1.170000e-12
1.180000e+00 1.180000e+00 8.000000e-01 -3.850100e-06 3.850100e-06 1.180000e-12 0.000000e+00 1.180000e-12
1.190000e+00 1.190000e+00 8.000000e-01 -3.851300e-06 3.851300e-06 1.190000e-12 0.000000e+00 1.190000e-12
1.200000e+00 1.200000e+00 8.000000e-01 -3.852400e-06 3.852400e-06 1.200000e-12 0.000000e+00 1.200000e-12
0.000000e+00 0.000000e+00 1.000000e+00 0.000000e+00 0.000000e+00 0.000000e+00 0.000000e+00 0.000000e+00
1.000000e-02 1.000000e-02 1.000000e+00 -8.683200e-06 8.683200e-06 1.000000e-14 0.000000e+00 1.000000e-14
2.000000e-02 2.000000e-02 1.000000e+00 -1.688030e-05 1.688030e-05 2.000000e-14 0.000000e+00 2.000000e-14
3.000000e-02 3.000000e-02 1.000000e+00 -2.459320e-05 2.459320e-05 3.000000e-14 0.000000e+00 3.000000e-14
4.000000e-02 4.000000e-02 1.000000e+00 -3.182380e-05 3.182380e-05 4.000000e-14 0.000000e+00 4.000000e-14
5.000000e-02 5.000000e-02 1.000000e+00 -3.857460e-05 3.857460e-05 5.000000e-14 0.000000e+00 5.000000e-14
6.000000e-02 6.000000e-02 1.000000e+00 -4.484820e-05 4.484820e-05 6.000000e-14 0.000000e+00 6.000000e-14
7.000000e-02 7.000000e-02 1.000000e+00 -5.064790e-05 5.064790e-05 7.000000e-14 0.000000e+00 7.000000e-14
8.000000e-02 8.000000e-02 1.000000e+00 -5.597760e-05 5.597760e-05 8.000000e-14 0.000000e+00 8.000000e-14
9.000000e-02 9.000000e-02 1.000000e+00 -6.084210e-05 6.084210e-05 9.000000e-14 0.000000e+00 9.000000e-14
1.000000e-01 1.000000e-01 1.000000e+00 -6.524780e-05 6.524780e-05 1.000000e-13 0.000000e+00 1.000000e-13
1.100000e-01 1.100000e-01 1.000000e+00 -6.920240e-05 6.920240e-05 1.100000e-13 0.000000e+00 1.100000e-13
1.200000e-01 1.200000e-01 1.000000e+00 -7.271630e-05 7.271630e-05 1.200000e-13 0.000000e+00 1.200000e-13
1.300000e-01 1.300000e-01 1.000000e+00 -7.580250e-05 7.580250e-05 1.300000e-13 0.000000e+00 1.300000e-13
1.400000e-01 1.400000e-01 1.000000e+00 -7.847830e-05 7.847830e-05 1.400000e-13 0.000000e+00 1.400000e-13
1.500000e-01 1.500000e-01 1.000000e+00 -8.076530e-05 8.076530e-05 1.500000e-13 0.000000e+00 1.500000e-13
1.600000e-01 1.600000e-01 1.000000e+00 -8.269020e-05 8.269020e-05 1.600000e-13 0.000000e+00 1.600000e-13
1.700000e-01 1.700000e-01 1.000000e+00 -8.428540e-05 8.428540e-05 1.700000e-13 0.000000e+00 1.700000e-13
1.800000e-01 1.800000e-01 1.000000e+00 -8.558750e-05 8.558750e-05 1.800000e-13 0.000000e+00 1.800000e-13
1.900000e-01 1.900000e-01 1.000000e+00 -8.663630e-05 8.663630e-05 1.900000e-13 0.000000e+00 1.900000e-13
2.000000e-01 2.000000e-01 1.000000e+00 -8.747220e-05 8.747220e-05 2.000000e-13 0.000000e+00 2.000000e-13
2.100000e-01 2.100000e-01 1.000000e+00 -8.813380e-05 8.813380e-05 2.100000e-13 0.000000e+00 2.100000e-13
2.200000e-01 2.200000e-01 1.000000e+00 -8.865600e-05 8.865600e-05 2.200000e-13 0.000000e+00 2.200000e-13
2.300000e-01 2.300000e-01 1.000000e+00 -8.906850e-05 8.906850e-05 2.300000e-13 0.000000e+00 2.300000e-13
2.400000e-01 2.400000e-01 1.000000e+00 -8.939600e-05 8.939600e-05 2.400000e-13 0.000000e+00 2.400000e-13
2.500000e-01 2.500000e-01 1.000000e+00 -8.965790e-05 8.965790e-05 2.500000e-13 0.000000e+00 2.500000e-13
2.600000e-01 2.600000e-01 1.000000e+00 -8.986910e-05 8.986910e-05 2.600000e-13 0.000000e+00 2.600000e-13
2.700000e-01 2.700000e-01 1.000000e+00 -9.004140e-05 9.004130e-05 2.700000e-13 0.000000e+00 9.973000e-11
2.800000e-01 2.800000e-01 1.000000e+00 -9.018340e-05 9.018340e-05 2.800000e-13 0.000000e+00 2.800000e-13
2.900000e-01 2.900000e-01 1.000000e+00 -9.030180e-05 9.030180e-05 2.900000e-13 0.000000e+00 2.900000e-13
3.000000e-01 3.000000e-01 1.000000e+00 -9.040160e-05 9.040160e-05 3.000000e-13 0.000000e+00 3.000000e-13
3.100000e-01 3.100000e-01 1.000000e+00 -9.048670e-05 9.048670e-05 3.100000e-13 0.000000e+00 3.100000e-13
3.200000e-01 3.200000e-01 1.000000e+00 -9.056010e-05 9.056010e-05 3.200000e-13 0.000000e+00 3.200000e-13
3.300000e-01 3.300000e-01 1.000000e+00 -9.062400e-05 9.062400e-05 3.300000e-13 0.000000e+00 3.300000e-13
3.400000e-01 3.400000e-01 1.000000e+00 -9.068010e-05 9.068010e-05 3.400000e-13 0.000000e+00 3.400000e-13
3.500000e-01 3.500000e-01 1.000000e+00 -9.072980e-05 9.072980e-05 3.500000e-13 0.000000e+00 3.500000e-13
3.600000e-01 3.600000e-01 1.000000e+00 -9.077440e-05 9.077440e-05 3.600000e-13 0.000000e+00 3.600000e-13
3.700000e-01 3.700000e-01 1.000000e+00 -9.081450e-05 9.081450e-05 3.700000e-13 0.000000e+00 3.700000e-13
3.800000e-01 3.800000e-01 1.000000e+00 -9.085090e-05 9.085090e-05 3.800000e-13 0.000000e+00 3.800000e-13
3.900000e-01 3.900000e-01 1.000000e+00 -9.088420e-05 9.088420e-05 3.900000e-13 0.000000e+00 3.900000e-13
4.000000e-01 4.000000e-01 1.000000e+00 -9.091490e-05 9.091490e-05 4.000000e-13 0.000000e+00 4.000000e-13
4.100000e-01 4.100000e-01 1.000000e+00 -9.094330e-05 9.094330e-05 4.100000e-13 0.000000e+00 4.100000e-13
4.200000e-01 4.200000e-01 1.000000e+00 -9.096970e-05 9.096970e-05 4.200000e-13 0.000000e+00 4.200000e-13
4.300000e-01 4.300000e-01 1.000000e+00 -9.099440e-05 9.099440e-05 4.300000e-13 0.000000e+00 4.300000e-13
4.400000e-01 4.400000e-01 1.000000e+00 -9.101770e-05 9.101770e-05 4.400000e-13 0.000000e+00 4.400000e-13
4.500000e-01 4.500000e-01 1.000000e+00 -9.103960e-05 9.103960e-05 4.500000e-13 0.000000e+00 4.500000e-13
4.600000e-01 4.600000e-01 1.000000e+00 -9.106040e-05 9.106040e-05 4.600000e-13 0.000000e+00 4.600000e-13
4.700000e-01 4.700000e-01 1.000000e+00 -9.108020e-05 9.108020e-05 4.700000e-13 0.000000e+00 4.700000e-13
4.800000e-01 4.800000e-01 1.000000e+00 -9.109910e-05 9.109910e-05 4.800000e-13 0.000000e+00 4.800000e-13
4.900000e-01 4.900000e-01 1.000000e+00 -9.111720e-05 9.111720e-05 4.900000e-13 0.000000e+00 4.900000e-13
5.000000e-01 5.000000e-01 1.000000e+00 -9.113460e-05 9.113460e-05 5.000000e-13 0.000000e+00 5.000000e-13
5.100000e-01 5.100000e-01 1.000000e+00 -9.115130e-05 9.115130e-05 5.100000e-13 0.000000e+00 5.100000e-13
5.200000e-01 5.200000e-01 1.000000e+00 -9.116750e-05 9.116750e-05 5.200000e-13 0.000000e+00 5.200000e-13
5.300000e-01 5.300000e-01 1.000000e+00 -9.118320e-05 9.118320e-05 5.300000e-13 0.000000e+00 5.300000e-13
5.400000e-01 5.400000e-01 1.000000e+00 -9.119840e-05 9.119840e-05 5.400000e-13 0.000000e+00 5.400000e-13
5.500000e-01 5.500000e-01 1.000000e+00 -9.121310e-05 9.121310e-05 5.500000e-13 0.000000e+00 5.500000e-13
5.600000e-01 5.600000e-01 1.000000e+00 -9.122750e-05 9.122750e-05 5.600000e-13 0.000000e+00 5.600000e-13
5.700000e-01 5.700000e-01 1.000000e+00 -9.124150e-05 9.124150e-05 5.700000e-13 0.000000e+00 5.700000e-13
5.800000e-01 5.800000e-01 1.000000e+00 -9.125520e-05 9.125520e-05 5.800000e-13 0.000000e+00 5.800000e-13
5.900000e-01 5.900000e-01 1.000000e+00 -9.126860e-05 9.126860e-05 5.900000e-13 0.000000e+00 5.900000e-13
6.000000e-01 6.000000e-01 1.000000e+00 -9.128170e-05 9.128170e-05 6.000000e-13 0.000000e+00 6.000000e-13
6.100000e-01 6.100000e-01 1.000000e+00 -9.129450e-05 9.129450e-05 6.100000e-13 0.000000e+00 6.100000e-13
6.200000e-01 6.200000e-01 1.000000e+00 -9.130710e-05 9.130710e-05 6.200000e-13 0.000000e+00 6.200000e-13
6.300000e-01 6.300000e-01 1.000000e+00 -9.131960e-05 9.131960e-05 6.300000e-13 0.000000e+00 6.300000e-13
6.400000e-01 6.400000e-01 1.000000e+00 -9.133180e-05 9.133180e-05 6.400000e-13 0.000000e+00 6.400000e-13
6.500000e-01 6.500000e-01 1.000000e+00 -9.134380e-05 9.134380e-05 6.500000e-13 0.000000e+00 6.500000e-13
6.600000e-01 6.600000e-01 1.000000e+00 -9.135560e-05 9.135560e-05 6.600000e-13 0.000000e+00 6.600000e-13
6.700000e-01 6.700000e-01 1.000000e+00 -9.136730e-05 9.136730e-05 6.700000e-13 0.000000e+00 6.700000e-13
6.800000e-01 6.800000e-01 1.000000e+00 -9.137880e-05 9.137880e-05 6.800000e-13 0.000000e+00 6.800000e-13
6.900000e-01 6.900000e-01 1.000000e+00 -9.139020e-05 9.139020e-05 6.900000e-13 0.000000e+00 6.900000e-13
7.000000e-01 7.000000e-01 1.000000e+00 -9.140150e-05 9.140150e-05 7.000000e-13 0.000000e+00 7.000000e-13
7.100000e-01 7.100000e-01 1.000000e+00 -9.141260e-05 9.141260e-05 7.100000e-13 0.000000e+00 7.100000e-13
7.200000e-01 7.200000e-01 1.000000e+00 -9.142360e-05 9.142360e-05 7.200000e-13 0.000000e+00 7.200000e-13
7.300000e-01 7.300000e-01 1.000000e+00 -9.143450e-05 9.143450e-05 7.300000e-13 0.000000e+00 7.300000e-13
7.400000e-01 7.400000e-01 1.000000e+00 -9.144530e-05 9.144530e-05 7.400000e-13 0.000000e+00 7.400000e-13
7.500000e-01 7.500000e-01 1.000000e+00 -9.145610e-05 9.145600e-05 7.500000e-13 0.000000e+00 9.925000e-11
7.600000e-01 7.600000e-01 1.000000e+00 -9.146670e-05 9.146670e-05 7.600000e-13 0.000000e+00 7.600000e-13
7.700000e-01 7.700000e-01 1.000000e+00 -9.147720e-05 9.147720e-05 7.700000e-13 0.000000e+00 7.700000e-13
7.800000e-01 7.800000e-01 1.000000e+00 -9.148760e-05 9.148760e-05 7.800000e-13 0.000000e+00 7.800000e-13
7.900000e-01 7.900000e-01 1.000000e+00 -9.149800e-05 9.149800e-05 7.900000e-13 0.000000e+00 7.900000e-13
8.000000e-01 8.000000e-01 1.000000e+00 -9.150830e-05 9.150830e-05 8.000000e-13 0.000000e+00 8.000000e-13
8.100000e-01 8.100000e-01 1.000000e+00 -9.151850e-05 9.151850e-05 8.100000e-13 0.000000e+00 8.100000e-13
8.200000e-01 8.200000e-01 1.000000e+00 -9.152870e-05 9.152870e-05 8.200000e-13 0.000000e+00 8.200000e-13
8.300000e-01 8.300000e-01 1.000000e+00 -9.153880e-05 9.153880e-05 8.300000e-13 0.000000e+00 8.300000e-13
8.400000e-01 8.400000e-01 1.000000e+00 -9.154880e-05 9.154880e-05 8.400000e-13 0.000000e+00 8.400000e-13
8.500000e-01 8.500000e-01 1.000000e+00 -9.155880e-05 9.155880e-05 8.500000e-13 0.000000e+00 8.500000e-13
8.600000e-01 8.600000e-01 1.000000e+00 -9.156870e-05 9.156870e-05 8.600000e-13 0.000000e+00 8.600000e-13
8.700000e-01 8.700000e-01 1.000000e+00 -9.157860e-05 9.157860e-05 8.700000e-13 0.000000e+00 8.700000e-13
8.800000e-01 8.800000e-01 1.000000e+00 -9.158840e-05 9.158840e-05 8.800000e-13 0.000000e+00 8.800000e-13
8.900000e-01 8.900000e-01 1.000000e+00 -9.159820e-05 9.159820e-05 8.900000e-13 0.000000e+00 8.900000e-13
9.000000e-01 9.000000e-01 1.000000e+00 -9.160790e-05 9.160790e-05 9.000000e-13 0.000000e+00 9.000000e-13
9.100000e-01 9.100000e-01 1.000000e+00 -9.161760e-05 9.161760e-05 9.100000e-13 0.000000e+00 9.100000e-13
9.200000e-01 9.200000e-01 1.000000e+00 -9.162720e-05 9.162720e-05 9.200000e-13 0.000000e+00 9.200000e-13
9.300000e-01 9.300000e-01 1.000000e+00 -9.163680e-05 9.163680e-05 9.300000e-13 0.000000e+00 9.300000e-13
9.400000e-01 9.400000e-01 1.000000e+00 -9.164640e-05 9.164640e-05 9.400000e-13 0.000000e+00 9.400000e-13
9.500000e-01 9.500000e-01 1.000000e+00 -9.165590e-05 9.165590e-05 9.500000e-13 0.000000e+00 9.500000e-13
9.600000e-01 9.600000e-01 1.000000e+00 -9.166540e-05 9.166540e-05 9.600000e-13 0.000000e+00 9.600000e-13
9.700000e-01 9.700000e-01 1.000000e+00 -9.167480e-05 9.167480e-05 9.700000e-13 0.000000e+00 9.700000e-13
9.800000e-01 9.800000e-01 1.000000e+00 -9.168430e-05 9.168430e-05 9.800000e-13 0.000000e+00 9.800000e-13
9.900000e-01 9.900000e-01 1.000000e+00 -9.169370e-05 9.169370e-05 9.900000e-13 0.000000e+00 9.900000e-13
1.000000e+00 1.000000e+00 1.000000e+00 -9.170300e-05 9.170300e-05 1.000000e-12 0.000000e+00 1.000000e-12
1.010000e+00 1.010000e+00 1.000000e+00 -9.171240e-05 9.171230e-05 1.010000e-12 0.000000e+00 9.899000e-11
1.020000e+00 1.020000e+00 1.000000e+00 -9.172170e-05 9.172170e-05 1.020000e-12 0.000000e+00 1.020000e-12
1.030000e+00 1.030000e+00 1.000000e+00 -9.173090e-05 9.173090e-05 1.030000e-12 0.000000e+00 1.030000e-12
1.040000e+00 1.040000e+00 1.000000e+00 -9.174020e-05 9.174020e-05 1.040000e-12 0.000000e+00 1.040000e-12
1.050000e+00 1.050000e+00 1.000000e+00 -9.174940e-05 9.174940e-05 1.050000e-12 0.000000e+00 1.050000e-12
1.060000e+00 1.060000e+00 1.000000e+00 -9.175860e-05 9.175860e-05 1.060000e-12 0.000000e+00 1.060000e-12
1.070000e+00 1.070000e+00 1.000000e+00 -9.176780e-05 9.176780e-05 1.070000e-12 0.000000e+00 1.070000e-12
1.080000e+00 1.080000e+00 1.000000e+00 -9.177690e-05 9.177690e-05 1.080000e-12 0.000000e+00 1.080000e-12
1.090000e+00 1.090000e+00 1.000000e+00 -9.178610e-05 9.178610e-05 1.090000e-12 0.000000e+00 1.090000e-12
1.100000e+00 1.100000e+00 1.000000e+00 -9.179520e-05 9.179520e-05 1.100000e-12 0.000000e+00 1.100000e-12
1.110000e+00 1.110000e+00 1.000000e+00 -9.180430e-05 9.180430e-05 1.110000e-12 0.000000e+00 1.110000e-12
1.120000e+00 1.120000e+00 1.000000e+00 -9.181330e-05 9.181330e-05 1.120000e-12 0.000000e+00 1.120000e-12
1.130000e+00 1.130000e+00 1.000000e+00 -9.182240e-05 9.182240e-05 1.130000e-12 0.000000e+00 1.130000e-12
1.140000e+00 1.140000e+00 1.000000e+00 -9.183140e-05 9.183140e-05 1.140000e-12 0.000000e+00 1.140000e-12
1.150000e+00 1.150000e+00 1.000000e+00 -9.184040e-05 9.184040e-05 1.150000e-12 0.000000e+00 1.150000e-12
1.160000e+00 1.160000e+00 1.000000e+00 -9.184940e-05 9.184940e-05 1.160000e-12 0.000000e+00 1.160000e-12
1.170000e+00 1.170000e+00 1.000000e+00 -9.185840e-05 9.185840e-05 1.170000e-12 0.000000e+00 1.170000e-12
1.180000e+00 1.180000e+00 1.000000e+00 -9.186740e-05 9.186740e-05 1.180000e-12 0.000000e+00 1.180000e-12
1.190000e+00 1.190000e+00 1.000000e+00 -9.187630e-05 9.187630e-05 1.190000e-12 0.000000e+00 1.190000e-12
1.200000e+00 1.200000e+00 1.000000e+00 -9.188520e-05 9.188520e-05 1.200000e-12 0.000000e+00 1.200000e-12
0.000000e+00 0.000000e+00 1.200000e+00 0.000000e+00 0.000000e+00 0.000000e+00 0.000000e+00 0.000000e+00
1.000000e-02 1.000000e-02 1.200000e+00 -1.755870e-05 1.755870e-05 1.000000e-14 0.000000e+00 1.000000e-14
2.000000e-02 2.000000e-02 1.200000e+00 -3.459570e-05 3.459570e-05 2.000000e-14 0.000000e+00 2.000000e-14
3.000000e-02 3.000000e-02 1.200000e+00 -5.111220e-05 5.111220e-05 3.000000e-14 0.000000e+00 3.000000e-14
4.000000e-02 4.000000e-02 1.200000e+00 -6.710930e-05 6.710930e-05 4.000000e-14 0.000000e+00 4.000000e-14
5.000000e-02 5.000000e-02 1.200000e+00 -8.258830e-05 8.258830e-05 5.000000e-14 0.000000e+00 5.000000e-14
6.000000e-02 6.000000e-02 1.200000e+00 -9.755040e-05 9.755040e-05 6.000000e-14 0.000000e+00 6.000000e-14
7.000000e-02 7.000000e-02 1.200000e+00 -1.119970e-04 1.119970e-04 7.000000e-14 0.000000e+00 7.000000e-14
8.000000e-02 8.000000e-02 1.200000e+00 -1.259292e-04 1.259292e-04 8.000000e-14 0.000000e+00 8.000000e-14
9.000000e-02 9.000000e-02 1.200000e+00 -1.393485e-04 1.393485e-04 9.000000e-14 0.000000e+00 9.000000e-14
1.000000e-01 1.000000e-01 1.200000e+00 -1.522562e-04 1.522562e-04 1.000000e-13 0.000000e+00 1.000000e-13
1.100000e-01 1.100000e-01 1.200000e+00 -1.646537e-04 1.646537e-04 1.100000e-13 0.000000e+00 1.100000e-13
1.200000e-01 1.200000e-01 1.200000e+00 -1.765426e-04 1.765426e-04 1.200000e-13 0.000000e+00 1.200000e-13
1.300000e-01 1.300000e-01 1.200000e+00 -1.879243e-04 1.879243e-04 1.300000e-13 0.000000e+00 1.300000e-13
1.400000e-01 1.400000e-01 1.200000e+00 -1.988006e-04 1.988006e-04 1.400000e-13 0.000000e+00 1.400000e-13
1.500000e-01 1.500000e-01 1.200000e+00 -2.091732e-04 2.091732e-04 1.500000e-13 0.000000e+00 1.500000e-13
1.600000e-01 1.600000e-01 1.200000e+00 -2.190441e-04 2.190441e-04 1.600000e-13 0.000000e+00 1.600000e-13
1.700000e-01 1.700000e-01 1.200000e+00 -2.284154e-04 2.284154e-04 1.700000e-13 0.000000e+00 1.700000e-13
1.800000e-01 1.800000e-01 1.200000e+00 -2.372895e-04 2.372895e-04 1.800000e-13 0.000000e+00 1.800000e-13
1.900000e-01 1.900000e-01 1.200000e+00 -2.456689e-04 2.456689e-04 1.900000e-13 0.000000e+00 1.900000e-13
2.000000e-01 2.000000e-01 1.200000e+00 -2.535568e-04 2.535568e-04 2.000000e-13 0.000000e+00 2.000000e-13
2.100000e-01 2.100000e-01 1.200000e+00 -2.609565e-04 2.609565e-04 2.100000e-13 0.000000e+00 2.100000e-13
2.200000e-01 2.200000e-01 1.200000e+00 -2.678723e-04 2.678723e-04 2.200000e-13 0.000000e+00 2.200000e-13
2.300000e-01 2.300000e-01 1.200000e+00 -2.743088e-04 2.743088e-04 2.300000e-13 0.000000e+00 2.300000e-13
2.400000e-01 2.400000e-01 1.200000e+00 -2.802719e-04 2.802719e-04 2.400000e-13 0.000000e+00 2.400000e-13
2.500000e-01 2.500000e-01 1.200000e+00 -2.857684e-04 2.857684e-04 2.500000e-13 0.000000e+00 2.500000e-13
2.600000e-01 2.600000e-01 1.200000e+00 -2.908067e-04 2.908067e-04 2.600000e-13 0.000000e+00 2.600000e-13
2.700000e-01 2.700000e-01 1.200000e+00 -2.953968e-04 2.953968e-04 2.700000e-13 0.000000e+00 2.700000e-13
2.800000e-01 2.800000e-01 1.200000e+00 -2.995510e-04 2.995510e-04 2.800000e-13 0.000000e+00 2.800000e-13
2.900000e-01 2.900000e-01 1.200000e+00 -3.032838e-04 3.032838e-04 2.900000e-13 0.000000e+00 2.900000e-13
3.000000e-01 3.000000e-01 1.200000e+00 -3.066125e-04 3.066125e-04 3.000000e-13 0.000000e+00 3.000000e-13
3.100000e-01 3.100000e-01 1.200000e+00 -3.095576e-04 3.095576e-04 3.100000e-13 0.000000e+00 3.100000e-13
3.200000e-01 3.200000e-01 1.200000e+00 -3.121423e-04 3.121423e-04 3.200000e-13 0.000000e+00 3.200000e-13
3.300000e-01 3.300000e-01 1.200000e+00 -3.143930e-04 3.143930e-04 3.300000e-13 0.000000e+00 3.300000e-13
3.400000e-01 3.400000e-01 1.200000e+00 -3.163382e-04 3.163382e-04 3.400000e-13 0.000000e+00 3.400000e-13
3.500000e-01 3.500000e-01 1.200000e+00 -3.180082e-04 3.180082e-04 3.500000e-13 0.000000e+00 3.500000e-13
3.600000e-01 3.600000e-01 1.200000e+00 -3.194339e-04 3.194339e-04 3.600000e-13 0.000000e+00 3.600000e-13
3.700000e-01 3.700000e-01 1.200000e+00 -3.206459e-04 3.206459e-04 3.700000e-13 0.000000e+00 3.700000e-13
3.800000e-01 3.800000e-01 1.200000e+00 -3.216736e-04 3.216736e-04 3.800000e-13 0.000000e+00 3.800000e-13
3.900000e-01 3.900000e-01 1.200000e+00 -3.225440e-04 3.225440e-04 3.900000e-13 0.000000e+00 3.900000e-13
4.000000e-01 4.000000e-01 1.200000e+00 -3.232815e-04 3.232815e-04 4.000000e-13 0.000000e+00 4.000000e-13
4.100000e-01 4.100000e-01 1.200000e+00 -3.239077e-04 3.239077e-04 4.100000e-13 0.000000e+00 4.100000e-13
4.200000e-01 4.200000e-01 1.200000e+00 -3.244410e-04 3.244410e-04 4.200000e-13 0.000000e+00 4.200000e-13
4.300000e-01 4.300000e-01 1.200000e+00 -3.248970e-04 3.248970e-04 4.300000e-13 0.000000e+00 4.300000e-13
4.400000e-01 4.400000e-01 1.200000e+00 -3.252889e-04 3.252889e-04 4.400000e-13 0.000000e+00 4.400000e-13
4.500000e-01 4.500000e-01 1.200000e+00 -3.256276e-04 3.256276e-04 4.500000e-13 0.000000e+00 4.500000e-13
4.600000e-01 4.600000e-01 1.200000e+00 -3.259219e-04 3.259219e-04 4.600000e-13 0.000000e+00 4.600000e-13
4.700000e-01 4.700000e-01 1.200000e+00 -3.261792e-04 3.261792e-04 4.700000e-13 0.000000e+00 4.700000e-13
4.800000e-01 4.800000e-01 1.200000e+00 -3.264055e-04 3.264055e-04 4.800000e-13 0.000000e+00 4.800000e-13
4.900000e-01 4.900000e-01 1.200000e+00 -3.266058e-04 3.266058e-04 4.900000e-13 0.000000e+00 4.900000e-13
5.000000e-01 5.000000e-01 1.200000e+00 -3.267842e-04 3.267842e-04 5.000000e-13 0.000000e+00 5.000000e-13
5.100000e-01 5.100000e-01 1.200000e+00 -3.269439e-04 3.269439e-04 5.100000e-13 0.000000e+00 5.100000e-13
5.200000e-01 5.200000e-01 1.200000e+00 -3.270878e-04 3.270878e-04 5.200000e-13 0.000000e+00 5.200000e-13
5.300000e-01 5.300000e-01 1.200000e+00 -3.272180e-04 3.272180e-04 5.300000e-13 0.000000e+00 5.300000e-13
5.400000e-01 5.400000e-01 1.200000e+00 -3.273366e-04 3.273366e-04 5.400000e-13 0.000000e+00 5.400000e-13
5.500000e-01 5.500000e-01 1.200000e+00 -3.274451e-04 3.274451e-04 5.500000e-13 0.000000e+00 5.500000e-13
5.600000e-01 5.600000e-01 1.200000e+00 -3.275448e-04 3.275447e-04 5.600000e-13 0.000000e+00 9.944000e-11
5.700000e-01 5.700000e-01 1.200000e+00 -3.276368e-04 3.276368e-04 5.700000e-13 0.000000e+00 5.700000e-13
5.800000e-01 5.800000e-01 1.200000e+00 -3.277221e-04 3.277221e-04 5.800000e-13 0.000000e+00 5.800000e-13
5.900000e-01 5.900000e-01 1.200000e+00 -3.278016e-04 3.278016e-04 5.900000e-13 0.000000e+00 5.900000e-13
6.000000e-01 6.000000e-01 1.200000e+00 -3.278758e-04 3.278758e-04 6.000000e-13 0.000000e+00 6.000000e-13
6.100000e-01 6.100000e-01 1.200000e+00 -3.279455e-04 3.279455e-04 6.100000e-13 0.000000e+00 6.100000e-13
6.200000e-01 6.200000e-01 1.200000e+00 -3.280110e-04 3.280110e-04 6.200000e-13 0.000000e+00 6.200000e-13
6.300000e-01 6.300000e-01 1.200000e+00 -3.280729e-04 3.280729e-04 6.300000e-13 0.000000e+00 6.300000e-13
6.400000e-01 6.400000e-01 1.200000e+00 -3.281315e-04 3.281315e-04 6.400000e-13 0.000000e+00 6.400000e-13
6.500000e-01 6.500000e-01 1.200000e+00 -3.281872e-04 3.281872e-04 6.500000e-13 0.000000e+00 6.500000e-13
6.600000e-01 6.600000e-01 1.200000e+00 -3.282401e-04 3.282401e-04 6.600000e-13 0.000000e+00 6.600000e-13
6.700000e-01 6.700000e-01 1.200000e+00 -3.282907e-04 3.282907e-04 6.700000e-13 0.000000e+00 6.700000e-13
6.800000e-01 6.800000e-01 1.200000e+00 -3.283391e-04 3.283391e-04 6.800000e-13 0.000000e+00 6.800000e-13
6.900000e-01 6.900000e-01 1.200000e+00 -3.283856e-04 3.283856e-04 6.900000e-13 0.000000e+00 6.900000e-13
7.000000e-01 7.000000e-01 1.200000e+00 -3.284302e-04 3.284302e-04 7.000000e-13 0.000000e+00 7.000000e-13
7.100000e-01 7.100000e-01 1.200000e+00 -3.284732e-04 3.284732e-04 7.100000e-13 0.000000e+00 7.100000e-13
7.200000e-01 7.200000e-01 1.200000e+00 -3.285146e-04 3.285146e-04 7.200000e-13 0.000000e+00 7.200000e-13
7.300000e-01 7.300000e-01 1.200000e+00 -3.285547e-04 3.285547e-04 7.300000e-13 0.000000e+00 7.300000e-13
7.400000e-01 7.400000e-01 1.200000e+00 -3.285935e-04 3.285935e-04 7.400000e-13 0.000000e+00 7.400000e-13
7.500000e-01 7.500000e-01 1.200000e+00 -3.286311e-04 3.286311e-04 7.500000e-13 0.000000e+00 7.500000e-13
7.600000e-01 7.600000e-01 1.200000e+00 -3.286677e-04 3.286677e-04 7.600000e-13 0.000000e+00 7.600000e-13
7.700000e-01 7.700000e-01 1.200000e+00 -3.287032e-04 3.287032e-04 7.700000e-13 0.000000e+00 7.700000e-13
7.800000e-01 7.800000e-01 1.200000e+00 -3.287378e-04 3.287378e-04 7.800000e-13 0.000000e+00 7.800000e-13
7.900000e-01 7.900000e-01 1.200000e+00 -3.287715e-04 3.287715e-04 7.900000e-13 0.000000e+00 7.900000e-13
8.000000e-01 8.000000e-01 1.200000e+00 -3.288045e-04 3.288045e-04 8.000000e-13 0.000000e+00 8.000000e-13
8.100000e-01 8.100000e-01 1.200000e+00 -3.288366e-04 3.288366e-04 8.100000e-13 0.000000e+00 8.100000e-13
8.200000e-01 8.200000e-01 1.200000e+00 -3.288681e-04 3.288681e-04 8.200000e-13 0.000000e+00 8.200000e-13
8.300000e-01 8.300000e-01 1.200000e+00 -3.288989e-04 3.288989e-04 8.300000e-13 0.000000e+00 8.300000e-13
8.400000e-01 8.400000e-01 1.200000e+00 -3.289291e-04 3.289291e-04 8.400000e-13 0.000000e+00 8.400000e-13
8.500000e-01 8.500000e-01 1.200000e+00 -3.289588e-04 3.289588e-04 8.500000e-13 0.000000e+00 8.500000e-13
8.600000e-01 8.600000e-01 1.200000e+00 -3.289878e-04 3.289878e-04 8.600000e-13 0.000000e+00 8.600000e-13
8.700000e-01 8.700000e-01 1.200000e+00 -3.290164e-04 3.290164e-04 8.700000e-13 0.000000e+00 8.700000e-13
8.800000e-01 8.800000e-01 1.200000e+00 -3.290445e-04 3.290445e-04 8.800000e-13 0.000000e+00 8.800000e-13
8.900000e-01 8.900000e-01 1.200000e+00 -3.290722e-04 3.290722e-04 8.900000e-13 0.000000e+00 8.900000e-13
9.000000e-01 9.000000e-01 1.200000e+00 -3.290994e-04 3.290994e-04 9.000000e-13 0.000000e+00 9.000000e-13
9.100000e-01 9.100000e-01 1.200000e+00 -3.291262e-04 3.291262e-04 9.100000e-13 0.000000e+00 9.100000e-13
9.200000e-01 9.200000e-01 1.200000e+00 -3.291526e-04 3.291526e-04 9.200000e-13 0.000000e+00 9.200000e-13
9.300000e-01 9.300000e-01 1.200000e+00 -3.291787e-04 3.291787e-04 9.300000e-13 0.000000e+00 9.300000e-13
9.400000e-01 9.400000e-01 1.200000e+00 -3.292045e-04 3.292045e-04 9.400000e-13 0.000000e+00 9.400000e-13
9.500000e-01 9.500000e-01 1.200000e+00 -3.292299e-04 3.292299e-04 9.500000e-13 0.000000e+00 9.500000e-13
9.600000e-01 9.600000e-01 1.200000e+00 -3.292550e-04 3.292550e-04 9.600000e-13 0.000000e+00 9.600000e-13
9.700000e-01 9.700000e-01 1.200000e+00 -3.292798e-04 3.292798e-04 9.700000e-13 0.000000e+00 9.700000e-13
9.800000e-01 9.800000e-01 1.200000e+00 -3.293043e-04 3.293043e-04 9.800000e-13 0.000000e+00 9.800000e-13
9.900000e-01 9.900000e-01 1.200000e+00 -3.293286e-04 3.293286e-04 9.900000e-13 0.000000e+00 9.900000e-13
1.000000e+00 1.000000e+00 1.200000e+00 -3.293526e-04 3.293526e-04 1.000000e-12 0.000000e+00 1.000000e-12
1.010000e+00 1.010000e+00 1.200000e+00 -3.293764e-04 3.293764e-04 1.010000e-12 0.000000e+00 1.010000e-12
1.020000e+00 1.020000e+00 1.200000e+00 -3.293999e-04 3.293999e-04 1.020000e-12 0.000000e+00 1.020000e-12
1.030000e+00 1.030000e+00 1.200000e+00 -3.294233e-04 3.294233e-04 1.030000e-12 0.000000e+00 1.030000e-12
1.040000e+00 1.040000e+00 1.200000e+00 -3.294464e-04 3.294464e-04 1.040000e-12 0.000000e+00 1.040000e-12
1.050000e+00 1.050000e+00 1.200000e+00 -3.294693e-04 3.294693e-04 1.050000e-12 0.000000e+00 1.050000e-12
1.060000e+00 1.060000e+00 1.200000e+00 -3.294920e-04 3.294920e-04 1.060000e-12 0.000000e+00 1.060000e-12
1.070000e+00 1.070000e+00 1.200000e+00 -3.295146e-04 3.295146e-04 1.070000e-12 0.000000e+00 1.070000e-12
1.080000e+00 1.080000e+00 1.200000e+00 -3.295369e-04 3.295369e-04 1.080000e-12 0.000000e+00 1.080000e-12
1.090000e+00 1.090000e+00 1.200000e+00 -3.295591e-04 3.295591e-04 1.090000e-12 0.000000e+00 1.090000e-12
1.100000e+00 1.100000e+00 1.200000e+00 -3.295811e-04 3.295811e-04 1.100000e-12 0.000000e+00 1.100000e-12
1.110000e+00 1.110000e+00 1.200000e+00 -3.296030e-04 3.296030e-04 1.110000e-12 0.000000e+00 1.110000e-12
1.120000e+00 1.120000e+00 1.200000e+00 -3.296247e-04 3.296247e-04 1.120000e-12 0.000000e+00 1.120000e-12
1.130000e+00 1.130000e+00 1.200000e+00 -3.296463e-04 3.296463e-04 1.130000e-12 0.000000e+00 1.130000e-12
1.140000e+00 1.140000e+00 1.200000e+00 -3.296678e-04 3.296678e-04 1.140000e-12 0.000000e+00 1.140000e-12
1.150000e+00 1.150000e+00 1.200000e+00 -3.296891e-04 3.296891e-04 1.150000e-12 0.000000e+00 1.150000e-12
1.160000e+00 1.160000e+00 1.200000e+00 -3.297103e-04 3.297103e-04 1.160000e-12 0.000000e+00 1.160000e-12
1.170000e+00 1.170000e+00 1.200000e+00 -3.297313e-04 3.297313e-04 1.170000e-12 0.000000e+00 1.170000e-12
1.180000e+00 1.180000e+00 1.200000e+00 -3.297523e-04 3.297522e-04 1.180000e-12 0.000000e+00 9.882000e-11
1.190000e+00 1.190000e+00 1.200000e+00 -3.297731e-04 3.297731e-04 1.190000e-12 0.000000e+00 1.190000e-12
1.200000e+00 1.200000e+00 1.200000e+00 -3.297938e-04 3.297938e-04 1.200000e-12 0.000000e+00 1.200000e-12