v-sweep v(drain_iv) v(gate_iv) id is ib ig kcl
0.000000e+00 0.000000e+00 0.000000e+00 4.056700e-27 4.056700e-27 0.000000e+00 -8.113400e-27 0.000000e+00
1.000000e-02 1.000000e-02 0.000000e+00 -6.847415e-16 6.747415e-16 1.000000e-17 -5.717000e-27 5.716965e-27
2.000000e-02 2.000000e-02 0.000000e+00 -1.130100e-15 1.110100e-15 2.000000e-17 -4.396400e-27 4.396329e-27
3.000000e-02 3.000000e-02 0.000000e+00 -1.399200e-15 1.369200e-15 3.000000e-17 -3.705800e-27 3.705892e-27
4.000000e-02 4.000000e-02 0.000000e+00 -1.557700e-15 1.517700e-15 4.000000e-17 -3.358300e-27 3.358355e-27
5.000000e-02 5.000000e-02 0.000000e+00 -1.656600e-15 1.606600e-15 5.000000e-17 -3.182200e-27 3.182218e-27
6.000000e-02 6.000000e-02 0.000000e+00 -1.725200e-15 1.665200e-15 6.000000e-17 -3.089000e-27 3.088988e-27
7.000000e-02 7.000000e-02 0.000000e+00 -1.777600e-15 1.707600e-15 7.000000e-17 -3.036700e-27 3.036848e-27
8.000000e-02 8.000000e-02 0.000000e+00 -1.821100e-15 1.741100e-15 8.000000e-17 -3.005600e-27 3.005317e-27
9.000000e-02 9.000000e-02 0.000000e+00 -1.859000e-15 1.769000e-15 9.000000e-17 -2.986200e-27 2.986274e-27
1.000000e-01 1.000000e-01 0.000000e+00 -1.893200e-15 1.793200e-15 1.000000e-16 -2.973600e-27 2.973637e-27
1.100000e-01 1.100000e-01 0.000000e+00 -1.925000e-15 1.815000e-15 1.100000e-16 -2.965000e-27 2.965197e-27
1.200000e-01 1.200000e-01 0.000000e+00 -1.954800e-15 1.834800e-15 1.200000e-16 -2.958900e-27 2.958875e-27
1.300000e-01 1.300000e-01 0.000000e+00 -1.983100e-15 1.853100e-15 1.300000e-16 -2.954600e-27 2.954723e-27
1.400000e-01 1.400000e-01 0.000000e+00 -2.010200e-15 1.870200e-15 1.400000e-16 -2.951400e-27 2.951301e-27
1.500000e-01 1.500000e-01 0.000000e+00 -2.036200e-15 1.886200e-15 1.500000e-16 -2.949000e-27 2.949049e-27
1.600000e-01 1.600000e-01 0.000000e+00 -2.061500e-15 1.901500e-15 1.600000e-16 -2.947100e-27 2.947322e-27
1.700000e-01 1.700000e-01 0.000000e+00 -2.085900e-15 1.915900e-15 1.700000e-16 -2.945700e-27 2.945700e-27
1.800000e-01 1.800000e-01 0.000000e+00 -2.109800e-15 1.929800e-15 1.800000e-16 -2.944500e-27 2.944648e-27
1.900000e-01 1.900000e-01 0.000000e+00 -2.133000e-15 1.943000e-15 1.900000e-16 -2.943600e-27 2.943526e-27
2.000000e-01 2.000000e-01 0.000000e+00 -2.155700e-15 1.955700e-15 2.000000e-16 -2.942900e-27 2.942974e-27
2.100000e-01 2.100000e-01 0.000000e+00 -2.177900e-15 1.967900e-15 2.100000e-16 -2.942200e-27 2.942052e-27
2.200000e-01 2.200000e-01 0.000000e+00 -2.199600e-15 1.979600e-15 2.200000e-16 -2.941700e-27 2.942094e-27
2.300000e-01 2.300000e-01 0.000000e+00 -2.221000e-15 1.991000e-15 2.300000e-16 -2.941300e-27 2.941448e-27
2.400000e-01 2.400000e-01 0.000000e+00 -2.241900e-15 2.001900e-15 2.400000e-16 -2.941000e-27 2.940951e-27
2.500000e-01 2.500000e-01 0.000000e+00 -2.262600e-15 2.012600e-15 2.500000e-16 -2.940700e-27 2.940799e-27
2.600000e-01 2.600000e-01 0.000000e+00 -2.282800e-15 2.022800e-15 2.600000e-16 -2.940400e-27 2.939858e-27
2.700000e-01 2.700000e-01 0.000000e+00 -2.302800e-15 2.032800e-15 2.700000e-16 -2.940200e-27 2.940249e-27
2.800000e-01 2.800000e-01 0.000000e+00 -2.322500e-15 2.042500e-15 2.800000e-16 -2.940000e-27 2.939803e-27
2.900000e-01 2.900000e-01 0.000000e+00 -2.342000e-15 2.052000e-15 2.900000e-16 -2.939800e-27 2.939751e-27
3.000000e-01 3.000000e-01 0.000000e+00 -2.361100e-15 2.061100e-15 3.000000e-16 -2.939700e-27 2.939404e-27
3.100000e-01 3.100000e-01 0.000000e+00 -2.380100e-15 2.070100e-15 3.100000e-16 -2.939600e-27 2.939501e-27
3.200000e-01 3.200000e-01 0.000000e+00 -2.398800e-15 2.078800e-15 3.200000e-16 -2.939500e-27 2.939549e-27
3.300000e-01 3.300000e-01 0.000000e+00 -2.417300e-15 2.087300e-15 3.300000e-16 -2.939400e-27 2.939203e-27
3.400000e-01 3.400000e-01 0.000000e+00 -2.435500e-15 2.095500e-15 3.400000e-16 -2.939300e-27 2.939300e-27
3.500000e-01 3.500000e-01 0.000000e+00 -2.453600e-15 2.103600e-15 3.500000e-16 -2.939200e-27 2.938953e-27
3.600000e-01 3.600000e-01 0.000000e+00 -2.471500e-15 2.111500e-15 3.600000e-16 -2.939100e-27 2.939001e-27
3.700000e-01 3.700000e-01 0.000000e+00 -2.489300e-15 2.119300e-15 3.700000e-16 -2.939100e-27 2.939544e-27
3.800000e-01 3.800000e-01 0.000000e+00 -2.506800e-15 2.126800e-15 3.800000e-16 -2.939000e-27 2.939641e-27
3.900000e-01 3.900000e-01 0.000000e+00 -2.524200e-15 2.134200e-15 3.900000e-16 -2.939000e-27 2.939394e-27
4.000000e-01 4.000000e-01 0.000000e+00 -2.541500e-15 2.141500e-15 4.000000e-16 -2.938900e-27 2.939048e-27
4.100000e-01 4.100000e-01 0.000000e+00 -2.558600e-15 2.148600e-15 4.100000e-16 -2.938900e-27 2.939245e-27
4.200000e-01 4.200000e-01 0.000000e+00 -2.575500e-15 2.155500e-15 4.200000e-16 -2.938800e-27 2.938899e-27
4.300000e-01 4.300000e-01 0.000000e+00 -2.592400e-15 2.162400e-15 4.300000e-16 -2.938800e-27 2.938652e-27
4.400000e-01 4.400000e-01 0.000000e+00 -2.609100e-15 2.169100e-15 4.400000e-16 -2.938800e-27 2.939194e-27
4.500000e-01 4.500000e-01 0.000000e+00 -2.625600e-15 2.175600e-15 4.500000e-16 -2.938800e-27 2.938603e-27
4.600000e-01 4.600000e-01 0.000000e+00 -2.642100e-15 2.182100e-15 4.600000e-16 -2.938700e-27 2.938601e-27
4.700000e-01 4.700000e-01 0.000000e+00 -2.658400e-15 2.188400e-15 4.700000e-16 -2.938700e-27 2.938404e-27
4.800000e-01 4.800000e-01 0.000000e+00 -2.674600e-15 2.194600e-15 4.800000e-16 -2.938700e-27 2.938601e-27
4.900000e-01 4.900000e-01 0.000000e+00 -2.690700e-15 2.200700e-15 4.900000e-16 -2.938700e-27 2.938700e-27
5.000000e-01 5.000000e-01 0.000000e+00 -2.706800e-15 2.206800e-15 5.000000e-16 -2.938700e-27 2.938897e-27
5.100000e-01 5.100000e-01 0.000000e+00 -2.722700e-15 2.212700e-15 5.100000e-16 -2.938600e-27 2.938600e-27
5.200000e-01 5.200000e-01 0.000000e+00 -2.738500e-15 2.218500e-15 5.200000e-16 -2.938600e-27 2.938304e-27
5.300000e-01 5.300000e-01 0.000000e+00 -2.754200e-15 2.224200e-15 5.300000e-16 -2.938600e-27 2.938107e-27
5.400000e-01 5.400000e-01 0.000000e+00 -2.769800e-15 2.229800e-15 5.400000e-16 -2.938600e-27 2.938699e-27
5.500000e-01 5.500000e-01 0.000000e+00 -2.785400e-15 2.235400e-15 5.500000e-16 -2.938600e-27 2.938797e-27
5.600000e-01 5.600000e-01 0.000000e+00 -2.800800e-15 2.240800e-15 5.600000e-16 -2.938600e-27 2.938600e-27
5.700000e-01 5.700000e-01 0.000000e+00 -2.816200e-15 2.246200e-15 5.700000e-16 -2.938600e-27 2.938403e-27
5.800000e-01 5.800000e-01 0.000000e+00 -2.831500e-15 2.251500e-15 5.800000e-16 -2.938500e-27 2.938401e-27
5.900000e-01 5.900000e-01 0.000000e+00 -2.846700e-15 2.256700e-15 5.900000e-16 -2.938500e-27 2.938204e-27
6.000000e-01 6.000000e-01 0.000000e+00 -2.861900e-15 2.261900e-15 6.000000e-16 -2.938500e-27 2.938697e-27
6.100000e-01 6.100000e-01 0.000000e+00 -2.876900e-15 2.266900e-15 6.100000e-16 -2.938500e-27 2.938500e-27
6.200000e-01 6.200000e-01 0.000000e+00 -2.891900e-15 2.271900e-15 6.200000e-16 -2.938500e-27 2.938697e-27
6.300000e-01 6.300000e-01 0.000000e+00 -2.906900e-15 2.276900e-15 6.300000e-16 -2.938500e-27 2.938401e-27
6.400000e-01 6.400000e-01 0.000000e+00 -2.921700e-15 2.281700e-15 6.400000e-16 -2.938500e-27 2.938599e-27
6.500000e-01 6.500000e-01 0.000000e+00 -2.936500e-15 2.286500e-15 6.500000e-16 -2.938500e-27 2.938401e-27
6.600000e-01 6.600000e-01 0.000000e+00 -2.951300e-15 2.291300e-15 6.600000e-16 -2.938500e-27 2.938106e-27
6.700000e-01 6.700000e-01 0.000000e+00 -2.966000e-15 2.296000e-15 6.700000e-16 -2.938500e-27 2.939092e-27
6.800000e-01 6.800000e-01 0.000000e+00 -2.980600e-15 2.300600e-15 6.800000e-16 -2.938500e-27 2.938106e-27
6.900000e-01 6.900000e-01 0.000000e+00 -2.995100e-15 2.305100e-15 6.900000e-16 -2.938500e-27 2.938599e-27
7.000000e-01 7.000000e-01 0.000000e+00 -3.009700e-15 2.309700e-15 7.000000e-16 -2.938500e-27 2.938796e-27
7.100000e-01 7.100000e-01 0.000000e+00 -3.024100e-15 2.314100e-15 7.100000e-16 -2.938500e-27 2.938500e-27
7.200000e-01 7.200000e-01 0.000000e+00 -3.038500e-15 2.318500e-15 7.200000e-16 -2.938500e-27 2.938697e-27
7.300000e-01 7.300000e-01 0.000000e+00 -3.052800e-15 2.322800e-15 7.300000e-16 -2.938500e-27 2.938500e-27
7.400000e-01 7.400000e-01 0.000000e+00 -3.067100e-15 2.327100e-15 7.400000e-16 -2.938500e-27 2.938204e-27
7.500000e-01 7.500000e-01 0.000000e+00 -3.081400e-15 2.331400e-15 7.500000e-16 -2.938400e-27 2.938696e-27
7.600000e-01 7.600000e-01 0.000000e+00 -3.095600e-15 2.335600e-15 7.600000e-16 -2.938400e-27 2.938893e-27
7.700000e-01 7.700000e-01 0.000000e+00 -3.109700e-15 2.339700e-15 7.700000e-16 -2.938400e-27 2.938597e-27
7.800000e-01 7.800000e-01 0.000000e+00 -3.123800e-15 2.343800e-15 7.800000e-16 -2.938400e-27 2.938794e-27
7.900000e-01 7.900000e-01 0.000000e+00 -3.137900e-15 2.347900e-15 7.900000e-16 -2.938400e-27 2.938597e-27
8.000000e-01 8.000000e-01 0.000000e+00 -3.151900e-15 2.351900e-15 8.000000e-16 -2.938400e-27 2.938301e-27
8.100000e-01 8.100000e-01 0.000000e+00 -3.165900e-15 2.355900e-15 8.100000e-16 -2.938400e-27 2.938499e-27
8.200000e-01 8.200000e-01 0.000000e+00 -3.179800e-15 2.359800e-15 8.200000e-16 -2.938400e-27 2.938696e-27
8.300000e-01 8.300000e-01 0.000000e+00 -3.193700e-15 2.363700e-15 8.300000e-16 -2.938400e-27 2.938794e-27
8.400000e-01 8.400000e-01 0.000000e+00 -3.207500e-15 2.367500e-15 8.400000e-16 -2.938400e-27 2.938203e-27
8.500000e-01 8.500000e-01 0.000000e+00 -3.221300e-15 2.371300e-15 8.500000e-16 -2.938400e-27 2.937907e-27
8.600000e-01 8.600000e-01 0.000000e+00 -3.235100e-15 2.375100e-15 8.600000e-16 -2.938400e-27 2.938499e-27
8.700000e-01 8.700000e-01 0.000000e+00 -3.248800e-15 2.378800e-15 8.700000e-16 -2.938400e-27 2.938301e-27
8.800000e-01 8.800000e-01 0.000000e+00 -3.262500e-15 2.382500e-15 8.800000e-16 -2.938400e-27 2.938794e-27
8.900000e-01 8.900000e-01 0.000000e+00 -3.276200e-15 2.386200e-15 8.900000e-16 -2.938400e-27 2.937808e-27
9.000000e-01 9.000000e-01 0.000000e+00 -3.289800e-15 2.389800e-15 9.000000e-16 -2.938400e-27 2.938400e-27
9.100000e-01 9.100000e-01 0.000000e+00 -3.303400e-15 2.393400e-15 9.100000e-16 -2.938400e-27 2.938203e-27
9.200000e-01 9.200000e-01 0.000000e+00 -3.317000e-15 2.397000e-15 9.200000e-16 -2.938400e-27 2.938597e-27
9.300000e-01 9.300000e-01 0.000000e+00 -3.330500e-15 2.400500e-15 9.300000e-16 -2.938400e-27 2.938006e-27
9.400000e-01 9.400000e-01 0.000000e+00 -3.344000e-15 2.404000e-15 9.400000e-16 -2.938400e-27 2.938597e-27
9.500000e-01 9.500000e-01 0.000000e+00 -3.357400e-15 2.407400e-15 9.500000e-16 -2.938400e-27 2.938794e-27
9.600000e-01 9.600000e-01 0.000000e+00 -3.370800e-15 2.410800e-15 9.600000e-16 -2.938400e-27 2.938597e-27
9.700000e-01 9.700000e-01 0.000000e+00 -3.384200e-15 2.414200e-15 9.700000e-16 -2.938400e-27 2.938006e-27
9.800000e-01 9.800000e-01 0.000000e+00 -3.397600e-15 2.417600e-15 9.800000e-16 -2.938400e-27 2.938400e-27
9.900000e-01 9.900000e-01 0.000000e+00 -3.410900e-15 2.420900e-15 9.900000e-16 -2.938400e-27 2.938203e-27
1.000000e+00 1.000000e+00 0.000000e+00 -3.424200e-15 2.424200e-15 1.000000e-15 -2.938400e-27 2.938400e-27
1.010000e+00 1.010000e+00 0.000000e+00 -3.437500e-15 2.427500e-15 1.010000e-15 -2.938400e-27 2.938203e-27
1.020000e+00 1.020000e+00 0.000000e+00 -3.450800e-15 2.430800e-15 1.020000e-15 -2.938400e-27 2.938400e-27
1.030000e+00 1.030000e+00 0.000000e+00 -3.464000e-15 2.434000e-15 1.030000e-15 -2.938400e-27 2.938006e-27
1.040000e+00 1.040000e+00 0.000000e+00 -3.477200e-15 2.437200e-15 1.040000e-15 -2.938400e-27 2.938597e-27
1.050000e+00 1.050000e+00 0.000000e+00 -3.490400e-15 2.440400e-15 1.050000e-15 -2.938400e-27 2.938794e-27
1.060000e+00 1.060000e+00 0.000000e+00 -3.503500e-15 2.443500e-15 1.060000e-15 -2.938400e-27 2.938597e-27
1.070000e+00 1.070000e+00 0.000000e+00 -3.516600e-15 2.446600e-15 1.070000e-15 -2.938400e-27 2.938203e-27
1.080000e+00 1.080000e+00 0.000000e+00 -3.529700e-15 2.449700e-15 1.080000e-15 -2.938400e-27 2.938006e-27
1.090000e+00 1.090000e+00 0.000000e+00 -3.542800e-15 2.452800e-15 1.090000e-15 -2.938400e-27 2.938597e-27
1.100000e+00 1.100000e+00 0.000000e+00 -3.555800e-15 2.455800e-15 1.100000e-15 -2.938400e-27 2.938794e-27
1.110000e+00 1.110000e+00 0.000000e+00 -3.568800e-15 2.458800e-15 1.110000e-15 -2.938400e-27 2.937808e-27
1.120000e+00 1.120000e+00 0.000000e+00 -3.581800e-15 2.461800e-15 1.120000e-15 -2.938400e-27 2.937808e-27
1.130000e+00 1.130000e+00 0.000000e+00 -3.594800e-15 2.464800e-15 1.130000e-15 -2.938400e-27 2.938992e-27
1.140000e+00 1.140000e+00 0.000000e+00 -3.607700e-15 2.467700e-15 1.140000e-15 -2.938400e-27 2.938400e-27
1.150000e+00 1.150000e+00 0.000000e+00 -3.620700e-15 2.470700e-15 1.150000e-15 -2.938400e-27 2.938203e-27
1.160000e+00 1.160000e+00 0.000000e+00 -3.633600e-15 2.473600e-15 1.160000e-15 -2.938400e-27 2.939189e-27
1.170000e+00 1.170000e+00 0.000000e+00 -3.646500e-15 2.476500e-15 1.170000e-15 -2.938400e-27 2.938400e-27
1.180000e+00 1.180000e+00 0.000000e+00 -3.659300e-15 2.479300e-15 1.180000e-15 -2.938400e-27 2.938597e-27
1.190000e+00 1.190000e+00 0.000000e+00 -3.672200e-15 2.482200e-15 1.190000e-15 -2.938400e-27 2.938794e-27
1.200000e+00 1.200000e+00 0.000000e+00 -3.685000e-15 2.485000e-15 1.200000e-15 -2.938400e-27 2.938992e-27
0.000000e+00 0.000000e+00 2.000000e-01 2.342600e-20 2.342600e-20 1.121482e-13 -1.121483e-13 5.314800e-20
1.000000e-02 1.000000e-02 2.000000e-01 -1.621500e-12 1.621500e-12 1.121582e-13 -1.121483e-13 9.900000e-18
2.000000e-02 2.000000e-02 2.000000e-01 -2.667700e-12 2.667700e-12 1.121682e-13 -1.121483e-13 1.990000e-17
3.000000e-02 3.000000e-02 2.000000e-01 -3.290300e-12 3.290200e-12 1.121782e-13 -1.121483e-13 7.010000e-17
4.000000e-02 4.000000e-02 2.000000e-01 -3.647200e-12 3.647200e-12 1.121882e-13 -1.121483e-13 3.990000e-17
5.000000e-02 5.000000e-02 2.000000e-01 -3.861000e-12 3.860900e-12 1.121982e-13 -1.121483e-13 5.010000e-17
6.000000e-02 6.000000e-02 2.000000e-01 -4.001600e-12 4.001600e-12 1.122082e-13 -1.121483e-13 5.990000e-17
7.000000e-02 7.000000e-02 2.000000e-01 -4.103700e-12 4.103600e-12 1.122182e-13 -1.121483e-13 3.010000e-17
8.000000e-02 8.000000e-02 2.000000e-01 -4.184100e-12 4.184000e-12 1.122282e-13 -1.121483e-13 2.010000e-17
9.000000e-02 9.000000e-02 2.000000e-01 -4.251200e-12 4.251100e-12 1.122382e-13 -1.121483e-13 1.010000e-17
1.000000e-01 1.000000e-01 2.000000e-01 -4.309500e-12 4.309400e-12 1.122482e-13 -1.121483e-13 1.000000e-19
1.100000e-01 1.100000e-01 2.000000e-01 -4.361700e-12 4.361600e-12 1.122582e-13 -1.121483e-13 9.900000e-18
1.200000e-01 1.200000e-01 2.000000e-01 -4.409200e-12 4.409100e-12 1.122682e-13 -1.121483e-13 1.990000e-17
1.300000e-01 1.300000e-01 2.000000e-01 -4.453200e-12 4.453100e-12 1.122782e-13 -1.121483e-13 2.990000e-17
1.400000e-01 1.400000e-01 2.000000e-01 -4.494300e-12 4.494200e-12 1.122882e-13 -1.121483e-13 3.990000e-17
1.500000e-01 1.500000e-01 2.000000e-01 -4.533000e-12 4.532900e-12 1.122982e-13 -1.121483e-13 4.990000e-17
1.600000e-01 1.600000e-01 2.000000e-01 -4.569600e-12 4.569400e-12 1.123082e-13 -1.121483e-13 4.010000e-17
1.700000e-01 1.700000e-01 2.000000e-01 -4.604400e-12 4.604200e-12 1.123182e-13 -1.121483e-13 3.010000e-17
1.800000e-01 1.800000e-01 2.000000e-01 -4.637600e-12 4.637400e-12 1.123282e-13 -1.121483e-13 2.010000e-17
1.900000e-01 1.900000e-01 2.000000e-01 -4.669400e-12 4.669200e-12 1.123382e-13 -1.121483e-13 1.010000e-17
2.000000e-01 2.000000e-01 2.000000e-01 -4.699900e-12 4.699700e-12 1.123482e-13 -1.121483e-13 1.000000e-19
2.100000e-01 2.100000e-01 2.000000e-01 -4.729200e-12 4.729000e-12 1.123582e-13 -1.121483e-13 9.900000e-18
2.200000e-01 2.200000e-01 2.000000e-01 -4.757500e-12 4.757300e-12 1.123682e-13 -1.121483e-13 1.990000e-17
2.300000e-01 2.300000e-01 2.000000e-01 -4.784800e-12 4.784500e-12 1.123782e-13 -1.121483e-13 7.010000e-17
2.400000e-01 2.400000e-01 2.000000e-01 -4.811100e-12 4.810900e-12 1.123882e-13 -1.121483e-13 3.990000e-17
2.500000e-01 2.500000e-01 2.000000e-01 -4.836700e-12 4.836400e-12 1.123982e-13 -1.121483e-13 5.010000e-17
2.600000e-01 2.600000e-01 2.000000e-01 -4.861400e-12 4.861100e-12 1.124082e-13 -1.121483e-13 4.010000e-17
2.700000e-01 2.700000e-01 2.000000e-01 -4.885400e-12 4.885100e-12 1.124182e-13 -1.121483e-13 3.010000e-17
2.800000e-01 2.800000e-01 2.000000e-01 -4.908700e-12 4.908400e-12 1.124282e-13 -1.121483e-13 2.010000e-17
2.900000e-01 2.900000e-01 2.000000e-01 -4.931400e-12 4.931100e-12 1.124382e-13 -1.121483e-13 1.010000e-17
3.000000e-01 3.000000e-01 2.000000e-01 -4.953400e-12 4.953100e-12 1.124482e-13 -1.121483e-13 1.000000e-19
3.100000e-01 3.100000e-01 2.000000e-01 -4.974900e-12 4.974600e-12 1.124582e-13 -1.121483e-13 9.900000e-18
3.200000e-01 3.200000e-01 2.000000e-01 -4.995800e-12 4.995500e-12 1.124682e-13 -1.121483e-13 1.990000e-17
3.300000e-01 3.300000e-01 2.000000e-01 -5.016300e-12 5.015900e-12 1.124782e-13 -1.121483e-13 7.010000e-17
3.400000e-01 3.400000e-01 2.000000e-01 -5.036200e-12 5.035800e-12 1.124882e-13 -1.121483e-13 6.010000e-17
3.500000e-01 3.500000e-01 2.000000e-01 -5.055600e-12 5.055300e-12 1.124982e-13 -1.121483e-13 4.990000e-17
3.600000e-01 3.600000e-01 2.000000e-01 -5.074600e-12 5.074300e-12 1.125082e-13 -1.121483e-13 5.990000e-17
3.700000e-01 3.700000e-01 2.000000e-01 -5.093200e-12 5.092900e-12 1.125182e-13 -1.121483e-13 6.990000e-17
3.800000e-01 3.800000e-01 2.000000e-01 -5.111400e-12 5.111000e-12 1.125282e-13 -1.121483e-13 2.010000e-17
3.900000e-01 3.900000e-01 2.000000e-01 -5.129200e-12 5.128800e-12 1.125382e-13 -1.121483e-13 1.010000e-17
4.000000e-01 4.000000e-01 2.000000e-01 -5.146600e-12 5.146200e-12 1.125482e-13 -1.121483e-13 1.000000e-19
4.100000e-01 4.100000e-01 2.000000e-01 -5.163700e-12 5.163300e-12 1.125582e-13 -1.121483e-13 9.900000e-18
4.200000e-01 4.200000e-01 2.000000e-01 -5.180400e-12 5.180000e-12 1.125682e-13 -1.121483e-13 1.990000e-17
4.300000e-01 4.300000e-01 2.000000e-01 -5.196800e-12 5.196400e-12 1.125782e-13 -1.121483e-13 2.990000e-17
4.400000e-01 4.400000e-01 2.000000e-01 -5.212900e-12 5.212500e-12 1.125882e-13 -1.121483e-13 3.990000e-17
4.500000e-01 4.500000e-01 2.000000e-01 -5.228700e-12 5.228300e-12 1.125982e-13 -1.121483e-13 4.990000e-17
4.600000e-01 4.600000e-01 2.000000e-01 -5.244200e-12 5.243800e-12 1.126082e-13 -1.121483e-13 5.990000e-17
4.700000e-01 4.700000e-01 2.000000e-01 -5.259500e-12 5.259000e-12 1.126182e-13 -1.121483e-13 3.010000e-17
4.800000e-01 4.800000e-01 2.000000e-01 -5.274400e-12 5.274000e-12 1.126282e-13 -1.121483e-13 7.990000e-17
4.900000e-01 4.900000e-01 2.000000e-01 -5.289100e-12 5.288600e-12 1.126382e-13 -1.121483e-13 1.010000e-17
5.000000e-01 5.000000e-01 2.000000e-01 -5.303600e-12 5.303100e-12 1.126482e-13 -1.121483e-13 1.000000e-19
5.100000e-01 5.100000e-01 2.000000e-01 -5.317800e-12 5.317300e-12 1.126582e-13 -1.121483e-13 9.900000e-18
5.200000e-01 5.200000e-01 2.000000e-01 -5.331800e-12 5.331300e-12 1.126682e-13 -1.121483e-13 1.990000e-17
5.300000e-01 5.300000e-01 2.000000e-01 -5.345500e-12 5.345000e-12 1.126782e-13 -1.121483e-13 2.990000e-17
5.400000e-01 5.400000e-01 2.000000e-01 -5.359100e-12 5.358500e-12 1.126882e-13 -1.121483e-13 6.010000e-17
5.500000e-01 5.500000e-01 2.000000e-01 -5.372400e-12 5.371900e-12 1.126982e-13 -1.121483e-13 4.990000e-17
5.600000e-01 5.600000e-01 2.000000e-01 -5.385500e-12 5.385000e-12 1.127082e-13 -1.121483e-13 5.990000e-17
5.700000e-01 5.700000e-01 2.000000e-01 -5.398500e-12 5.397900e-12 1.127182e-13 -1.121483e-13 3.010000e-17
5.800000e-01 5.800000e-01 2.000000e-01 -5.411200e-12 5.410600e-12 1.127282e-13 -1.121483e-13 2.010000e-17
5.900000e-01 5.900000e-01 2.000000e-01 -5.423800e-12 5.423200e-12 1.127382e-13 -1.121483e-13 1.010000e-17
6.000000e-01 6.000000e-01 2.000000e-01 -5.436100e-12 5.435500e-12 1.127482e-13 -1.121483e-13 1.000000e-19
6.100000e-01 6.100000e-01 2.000000e-01 -5.448300e-12 5.447700e-12 1.127582e-13 -1.121483e-13 9.900000e-18
6.200000e-01 6.200000e-01 2.000000e-01 -5.460400e-12 5.459700e-12 1.127682e-13 -1.121483e-13 8.010000e-17
6.300000e-01 6.300000e-01 2.000000e-01 -5.472200e-12 5.471600e-12 1.127782e-13 -1.121483e-13 2.990000e-17
6.400000e-01 6.400000e-01 2.000000e-01 -5.483900e-12 5.483300e-12 1.127882e-13 -1.121483e-13 3.990000e-17
6.500000e-01 6.500000e-01 2.000000e-01 -5.495500e-12 5.494800e-12 1.127982e-13 -1.121483e-13 5.010000e-17
6.600000e-01 6.600000e-01 2.000000e-01 -5.506900e-12 5.506200e-12 1.128082e-13 -1.121483e-13 4.010000e-17
6.700000e-01 6.700000e-01 2.000000e-01 -5.518200e-12 5.517500e-12 1.128182e-13 -1.121483e-13 3.010000e-17
6.800000e-01 6.800000e-01 2.000000e-01 -5.529300e-12 5.528600e-12 1.128282e-13 -1.121483e-13 2.010000e-17
6.900000e-01 6.900000e-01 2.000000e-01 -5.540200e-12 5.539500e-12 1.128382e-13 -1.121483e-13 1.010000e-17
7.000000e-01 7.000000e-01 2.000000e-01 -5.551100e-12 5.550400e-12 1.128482e-13 -1.121483e-13 1.000000e-19
7.100000e-01 7.100000e-01 2.000000e-01 -5.561800e-12 5.561100e-12 1.128582e-13 -1.121483e-13 9.900000e-18
7.200000e-01 7.200000e-01 2.000000e-01 -5.572400e-12 5.571600e-12 1.128682e-13 -1.121483e-13 8.010000e-17
7.300000e-01 7.300000e-01 2.000000e-01 -5.582800e-12 5.582100e-12 1.128782e-13 -1.121483e-13 2.990000e-17
7.400000e-01 7.400000e-01 2.000000e-01 -5.593100e-12 5.592400e-12 1.128882e-13 -1.121483e-13 3.990000e-17
7.500000e-01 7.500000e-01 2.000000e-01 -5.603300e-12 5.602600e-12 1.128982e-13 -1.121483e-13 4.990000e-17
7.600000e-01 7.600000e-01 2.000000e-01 -5.613400e-12 5.612700e-12 1.129082e-13 -1.121483e-13 5.990000e-17
7.700000e-01 7.700000e-01 2.000000e-01 -5.623400e-12 5.622700e-12 1.129182e-13 -1.121483e-13 6.990000e-17
7.800000e-01 7.800000e-01 2.000000e-01 -5.633300e-12 5.632500e-12 1.129282e-13 -1.121483e-13 2.010000e-17
7.900000e-01 7.900000e-01 2.000000e-01 -5.643100e-12 5.642300e-12 1.129382e-13 -1.121483e-13 1.010000e-17
8.000000e-01 8.000000e-01 2.000000e-01 -5.652700e-12 5.651900e-12 1.129482e-13 -1.121483e-13 1.000000e-19
8.100000e-01 8.100000e-01 2.000000e-01 -5.662300e-12 5.661400e-12 1.129582e-13 -1.121483e-13 9.010000e-17
8.200000e-01 8.200000e-01 2.000000e-01 -5.671700e-12 5.670900e-12 1.129682e-13 -1.121483e-13 1.990000e-17
8.300000e-01 8.300000e-01 2.000000e-01 -5.681100e-12 5.680200e-12 1.129782e-13 -1.121483e-13 7.010000e-17
8.400000e-01 8.400000e-01 2.000000e-01 -5.690300e-12 5.689500e-12 1.129882e-13 -1.121483e-13 3.990000e-17
8.500000e-01 8.500000e-01 2.000000e-01 -5.699500e-12 5.698600e-12 1.129982e-13 -1.121483e-13 5.010000e-17
8.600000e-01 8.600000e-01 2.000000e-01 -5.708500e-12 5.707700e-12 1.130082e-13 -1.121483e-13 5.990000e-17
8.700000e-01 8.700000e-01 2.000000e-01 -5.717500e-12 5.716600e-12 1.130182e-13 -1.121483e-13 3.010000e-17
8.800000e-01 8.800000e-01 2.000000e-01 -5.726400e-12 5.725500e-12 1.130282e-13 -1.121483e-13 2.010000e-17
8.900000e-01 8.900000e-01 2.000000e-01 -5.735200e-12 5.734300e-12 1.130382e-13 -1.121483e-13 1.010000e-17
9.000000e-01 9.000000e-01 2.000000e-01 -5.743900e-12 5.743000e-12 1.130482e-13 -1.121483e-13 1.000000e-19
9.100000e-01 9.100000e-01 2.000000e-01 -5.752600e-12 5.751600e-12 1.130582e-13 -1.121483e-13 9.010000e-17
9.200000e-01 9.200000e-01 2.000000e-01 -5.761100e-12 5.760200e-12 1.130682e-13 -1.121483e-13 1.990000e-17
9.300000e-01 9.300000e-01 2.000000e-01 -5.769600e-12 5.768600e-12 1.130782e-13 -1.121483e-13 7.010000e-17
9.400000e-01 9.400000e-01 2.000000e-01 -5.778000e-12 5.777000e-12 1.130882e-13 -1.121483e-13 6.010000e-17
9.500000e-01 9.500000e-01 2.000000e-01 -5.786300e-12 5.785300e-12 1.130982e-13 -1.121483e-13 5.010000e-17
9.600000e-01 9.600000e-01 2.000000e-01 -5.794500e-12 5.793600e-12 1.131082e-13 -1.121483e-13 5.990000e-17
9.700000e-01 9.700000e-01 2.000000e-01 -5.802700e-12 5.801700e-12 1.131182e-13 -1.121483e-13 3.010000e-17
9.800000e-01 9.800000e-01 2.000000e-01 -5.810800e-12 5.809800e-12 1.131282e-13 -1.121483e-13 2.010000e-17
9.900000e-01 9.900000e-01 2.000000e-01 -5.818800e-12 5.817800e-12 1.131382e-13 -1.121483e-13 1.010000e-17
1.000000e+00 1.000000e+00 2.000000e-01 -5.826800e-12 5.825800e-12 1.131482e-13 -1.121483e-13 1.000000e-19
1.010000e+00 1.010000e+00 2.000000e-01 -5.834600e-12 5.833600e-12 1.131582e-13 -1.121483e-13 9.900000e-18
1.020000e+00 1.020000e+00 2.000000e-01 -5.842500e-12 5.841400e-12 1.131682e-13 -1.121483e-13 8.010000e-17
1.030000e+00 1.030000e+00 2.000000e-01 -5.850200e-12 5.849200e-12 1.131782e-13 -1.121483e-13 2.990000e-17
1.040000e+00 1.040000e+00 2.000000e-01 -5.857900e-12 5.856900e-12 1.131882e-13 -1.121483e-13 3.990000e-17
1.050000e+00 1.050000e+00 2.000000e-01 -5.865500e-12 5.864500e-12 1.131982e-13 -1.121483e-13 4.990000e-17
1.060000e+00 1.060000e+00 2.000000e-01 -5.873100e-12 5.872000e-12 1.132082e-13 -1.121483e-13 4.010000e-17
1.070000e+00 1.070000e+00 2.000000e-01 -5.880600e-12 5.879500e-12 1.132182e-13 -1.121483e-13 3.010000e-17
1.080000e+00 1.080000e+00 2.000000e-01 -5.888000e-12 5.886900e-12 1.132282e-13 -1.121483e-13 2.010000e-17
1.090000e+00 1.090000e+00 2.000000e-01 -5.895400e-12 5.894300e-12 1.132382e-13 -1.121483e-13 1.010000e-17
1.100000e+00 1.100000e+00 2.000000e-01 -5.902700e-12 5.901600e-12 1.132482e-13 -1.121483e-13 1.000000e-19
1.110000e+00 1.110000e+00 2.000000e-01 -5.910000e-12 5.908900e-12 1.132582e-13 -1.121483e-13 9.900000e-18
1.120000e+00 1.120000e+00 2.000000e-01 -5.917200e-12 5.916100e-12 1.132682e-13 -1.121483e-13 1.990000e-17
1.130000e+00 1.130000e+00 2.000000e-01 -5.924300e-12 5.923200e-12 1.132782e-13 -1.121483e-13 2.990000e-17
1.140000e+00 1.140000e+00 2.000000e-01 -5.931400e-12 5.930300e-12 1.132882e-13 -1.121483e-13 3.990000e-17
1.150000e+00 1.150000e+00 2.000000e-01 -5.938500e-12 5.937300e-12 1.132982e-13 -1.121483e-13 5.010000e-17
1.160000e+00 1.160000e+00 2.000000e-01 -5.945500e-12 5.944300e-12 1.133082e-13 -1.121483e-13 4.010000e-17
1.170000e+00 1.170000e+00 2.000000e-01 -5.952400e-12 5.951200e-12 1.133182e-13 -1.121483e-13 3.010000e-17
1.180000e+00 1.180000e+00 2.000000e-01 -5.959300e-12 5.958100e-12 1.133282e-13 -1.121483e-13 2.010000e-17
1.190000e+00 1.190000e+00 2.000000e-01 -5.966100e-12 5.964900e-12 1.133382e-13 -1.121483e-13 1.010000e-17
1.200000e+00 1.200000e+00 2.000000e-01 -5.972900e-12 5.971700e-12 1.133482e-13 -1.121483e-13 1.000000e-19
0.000000e+00 0.000000e+00 4.000000e-01 1.027769e-13 1.027769e-13 1.675970e-14 -2.223135e-13 0.000000e+00
1.000000e-02 1.000000e-02 4.000000e-01 -3.475700e-09 3.475900e-09 1.676970e-14 -1.663906e-13 5.037910e-14
2.000000e-02 2.000000e-02 4.000000e-01 -5.807200e-09 5.807400e-09 1.677970e-14 -1.329521e-13 8.382760e-14
3.000000e-02 3.000000e-02 4.000000e-01 -7.242700e-09 7.242800e-09 1.678970e-14 -1.143863e-13 2.403400e-15
4.000000e-02 4.000000e-02 4.000000e-01 -8.086000e-09 8.086100e-09 1.679970e-14 -1.046404e-13 1.215930e-14
5.000000e-02 5.000000e-02 4.000000e-01 -8.596300e-09 8.596400e-09 1.680970e-14 -9.956140e-14 1.724830e-14
6.000000e-02 6.000000e-02 4.000000e-01 -8.931700e-09 8.931800e-09 1.681970e-14 -9.682610e-14 1.999360e-14
7.000000e-02 7.000000e-02 4.000000e-01 -9.173500e-09 9.173600e-09 1.682970e-14 -9.527630e-14 2.155340e-14
8.000000e-02 8.000000e-02 4.000000e-01 -9.362200e-09 9.362300e-09 1.683970e-14 -9.435000e-14 2.248970e-14
9.000000e-02 9.000000e-02 4.000000e-01 -9.518600e-09 9.518600e-09 1.684970e-14 -9.376850e-14 7.691880e-14
1.000000e-01 1.000000e-01 4.000000e-01 -9.653600e-09 9.653700e-09 1.685970e-14 -9.338720e-14 2.347250e-14
1.100000e-01 1.100000e-01 4.000000e-01 -9.773800e-09 9.773800e-09 1.686970e-14 -9.312770e-14 7.625800e-14
1.200000e-01 1.200000e-01 4.000000e-01 -9.882900e-09 9.883000e-09 1.687970e-14 -9.294530e-14 2.393440e-14
1.300000e-01 1.300000e-01 4.000000e-01 -9.983500e-09 9.983600e-09 1.688970e-14 -9.281350e-14 2.407620e-14
1.400000e-01 1.400000e-01 4.000000e-01 -1.007720e-08 1.007730e-08 1.689970e-14 -9.271580e-14 2.418390e-14
1.500000e-01 1.500000e-01 4.000000e-01 -1.016520e-08 1.016530e-08 1.690970e-14 -9.264200e-14 2.426770e-14
1.600000e-01 1.600000e-01 4.000000e-01 -1.024830e-08 1.024840e-08 1.691970e-14 -9.258510e-14 2.433460e-14
1.700000e-01 1.700000e-01 4.000000e-01 -1.032730e-08 1.032740e-08 1.692970e-14 -9.254060e-14 2.438910e-14
1.800000e-01 1.800000e-01 4.000000e-01 -1.040260e-08 1.040260e-08 1.693970e-14 -9.250510e-14 7.556540e-14
1.900000e-01 1.900000e-01 4.000000e-01 -1.047450e-08 1.047460e-08 1.694970e-14 -9.247660e-14 2.447310e-14
2.000000e-01 2.000000e-01 4.000000e-01 -1.054350e-08 1.054360e-08 1.695970e-14 -9.245330e-14 2.450640e-14
2.100000e-01 2.100000e-01 4.000000e-01 -1.060990e-08 1.060990e-08 1.696970e-14 -9.243410e-14 7.546440e-14
2.200000e-01 2.200000e-01 4.000000e-01 -1.067370e-08 1.067380e-08 1.697970e-14 -9.241810e-14 2.456160e-14
2.300000e-01 2.300000e-01 4.000000e-01 -1.073530e-08 1.073540e-08 1.698970e-14 -9.240470e-14 2.458500e-14
2.400000e-01 2.400000e-01 4.000000e-01 -1.079490e-08 1.079500e-08 1.699970e-14 -9.239330e-14 2.460640e-14
2.500000e-01 2.500000e-01 4.000000e-01 -1.085250e-08 1.085260e-08 1.700970e-14 -9.238350e-14 2.462620e-14
2.600000e-01 2.600000e-01 4.000000e-01 -1.090830e-08 1.090840e-08 1.701970e-14 -9.237520e-14 2.464450e-14
2.700000e-01 2.700000e-01 4.000000e-01 -1.096240e-08 1.096250e-08 1.702970e-14 -9.236790e-14 2.466180e-14
2.800000e-01 2.800000e-01 4.000000e-01 -1.101500e-08 1.101510e-08 1.703970e-14 -9.236160e-14 2.467810e-14
2.900000e-01 2.900000e-01 4.000000e-01 -1.106610e-08 1.106620e-08 1.704970e-14 -9.235600e-14 2.469370e-14
3.000000e-01 3.000000e-01 4.000000e-01 -1.111580e-08 1.111580e-08 1.705970e-14 -9.235110e-14 7.529140e-14
3.100000e-01 3.100000e-01 4.000000e-01 -1.116420e-08 1.116420e-08 1.706970e-14 -9.234670e-14 7.527700e-14
3.200000e-01 3.200000e-01 4.000000e-01 -1.121130e-08 1.121140e-08 1.707970e-14 -9.234280e-14 2.473690e-14
3.300000e-01 3.300000e-01 4.000000e-01 -1.125730e-08 1.125730e-08 1.708970e-14 -9.233930e-14 7.524960e-14
3.400000e-01 3.400000e-01 4.000000e-01 -1.130210e-08 1.130220e-08 1.709970e-14 -9.233620e-14 2.476350e-14
3.500000e-01 3.500000e-01 4.000000e-01 -1.134590e-08 1.134600e-08 1.710970e-14 -9.233330e-14 2.477640e-14
3.600000e-01 3.600000e-01 4.000000e-01 -1.138870e-08 1.138880e-08 1.711970e-14 -9.233080e-14 2.478890e-14
3.700000e-01 3.700000e-01 4.000000e-01 -1.143050e-08 1.143060e-08 1.712970e-14 -9.232840e-14 2.480130e-14
3.800000e-01 3.800000e-01 4.000000e-01 -1.147140e-08 1.147150e-08 1.713970e-14 -9.232630e-14 2.481340e-14
3.900000e-01 3.900000e-01 4.000000e-01 -1.151150e-08 1.151150e-08 1.714970e-14 -9.232430e-14 7.517460e-14
4.000000e-01 4.000000e-01 4.000000e-01 -1.155070e-08 1.155070e-08 1.715970e-14 -9.232250e-14 7.516280e-14
4.100000e-01 4.100000e-01 4.000000e-01 -1.158910e-08 1.158910e-08 1.716970e-14 -9.232080e-14 7.515110e-14
4.200000e-01 4.200000e-01 4.000000e-01 -1.162670e-08 1.162680e-08 1.717970e-14 -9.231920e-14 2.486050e-14
4.300000e-01 4.300000e-01 4.000000e-01 -1.166360e-08 1.166370e-08 1.718970e-14 -9.231770e-14 2.487200e-14
4.400000e-01 4.400000e-01 4.000000e-01 -1.169980e-08 1.169980e-08 1.719970e-14 -9.231640e-14 7.511670e-14
4.500000e-01 4.500000e-01 4.000000e-01 -1.173530e-08 1.173540e-08 1.720970e-14 -9.231510e-14 2.489460e-14
4.600000e-01 4.600000e-01 4.000000e-01 -1.177010e-08 1.177020e-08 1.721970e-14 -9.231390e-14 2.490580e-14
4.700000e-01 4.700000e-01 4.000000e-01 -1.180440e-08 1.180440e-08 1.722970e-14 -9.231280e-14 7.508310e-14
4.800000e-01 4.800000e-01 4.000000e-01 -1.183800e-08 1.183810e-08 1.723970e-14 -9.231170e-14 2.492800e-14
4.900000e-01 4.900000e-01 4.000000e-01 -1.187100e-08 1.187110e-08 1.724970e-14 -9.231070e-14 2.493900e-14
5.000000e-01 5.000000e-01 4.000000e-01 -1.190350e-08 1.190360e-08 1.725970e-14 -9.230980e-14 2.494990e-14
5.100000e-01 5.100000e-01 4.000000e-01 -1.193540e-08 1.193550e-08 1.726970e-14 -9.230890e-14 2.496080e-14
5.200000e-01 5.200000e-01 4.000000e-01 -1.196690e-08 1.196690e-08 1.727970e-14 -9.230800e-14 7.502830e-14
5.300000e-01 5.300000e-01 4.000000e-01 -1.199780e-08 1.199780e-08 1.728970e-14 -9.230720e-14 7.501750e-14
5.400000e-01 5.400000e-01 4.000000e-01 -1.202820e-08 1.202820e-08 1.729970e-14 -9.230650e-14 7.500680e-14
5.500000e-01 5.500000e-01 4.000000e-01 -1.205810e-08 1.205820e-08 1.730970e-14 -9.230570e-14 2.500400e-14
5.600000e-01 5.600000e-01 4.000000e-01 -1.208760e-08 1.208770e-08 1.731970e-14 -9.230500e-14 2.501470e-14
5.700000e-01 5.700000e-01 4.000000e-01 -1.211660e-08 1.211670e-08 1.732970e-14 -9.230430e-14 2.502540e-14
5.800000e-01 5.800000e-01 4.000000e-01 -1.214520e-08 1.214530e-08 1.733970e-14 -9.230370e-14 2.503600e-14
5.900000e-01 5.900000e-01 4.000000e-01 -1.217340e-08 1.217350e-08 1.734970e-14 -9.230300e-14 2.504670e-14
6.000000e-01 6.000000e-01 4.000000e-01 -1.220120e-08 1.220130e-08 1.735970e-14 -9.230240e-14 2.505730e-14
6.100000e-01 6.100000e-01 4.000000e-01 -1.222860e-08 1.222870e-08 1.736970e-14 -9.230190e-14 2.506780e-14
6.200000e-01 6.200000e-01 4.000000e-01 -1.225560e-08 1.225570e-08 1.737970e-14 -9.230130e-14 2.507840e-14
6.300000e-01 6.300000e-01 4.000000e-01 -1.228230e-08 1.228230e-08 1.738970e-14 -9.230070e-14 7.491100e-14
6.400000e-01 6.400000e-01 4.000000e-01 -1.230860e-08 1.230860e-08 1.739970e-14 -9.230020e-14 7.490050e-14
6.500000e-01 6.500000e-01 4.000000e-01 -1.233450e-08 1.233460e-08 1.740970e-14 -9.229970e-14 2.511000e-14
6.600000e-01 6.600000e-01 4.000000e-01 -1.236010e-08 1.236020e-08 1.741970e-14 -9.229920e-14 2.512050e-14
6.700000e-01 6.700000e-01 4.000000e-01 -1.238530e-08 1.238540e-08 1.742970e-14 -9.229870e-14 2.513100e-14
6.800000e-01 6.800000e-01 4.000000e-01 -1.241030e-08 1.241040e-08 1.743970e-14 -9.229830e-14 2.514140e-14
6.900000e-01 6.900000e-01 4.000000e-01 -1.243490e-08 1.243500e-08 1.744970e-14 -9.229780e-14 2.515190e-14
7.000000e-01 7.000000e-01 4.000000e-01 -1.245920e-08 1.245930e-08 1.745970e-14 -9.229740e-14 2.516230e-14
7.100000e-01 7.100000e-01 4.000000e-01 -1.248320e-08 1.248330e-08 1.746970e-14 -9.229690e-14 2.517280e-14
7.200000e-01 7.200000e-01 4.000000e-01 -1.250700e-08 1.250710e-08 1.747970e-14 -9.229650e-14 2.518320e-14
7.300000e-01 7.300000e-01 4.000000e-01 -1.253040e-08 1.253050e-08 1.748970e-14 -9.229610e-14 2.519360e-14
7.400000e-01 7.400000e-01 4.000000e-01 -1.255360e-08 1.255370e-08 1.749970e-14 -9.229570e-14 2.520400e-14
7.500000e-01 7.500000e-01 4.000000e-01 -1.257650e-08 1.257660e-08 1.750970e-14 -9.229530e-14 2.521440e-14
7.600000e-01 7.600000e-01 4.000000e-01 -1.259920e-08 1.259920e-08 1.751970e-14 -9.229490e-14 7.477520e-14
7.700000e-01 7.700000e-01 4.000000e-01 -1.262150e-08 1.262160e-08 1.752970e-14 -9.229460e-14 2.523510e-14
7.800000e-01 7.800000e-01 4.000000e-01 -1.264370e-08 1.264380e-08 1.753970e-14 -9.229420e-14 2.524550e-14
7.900000e-01 7.900000e-01 4.000000e-01 -1.266560e-08 1.266560e-08 1.754970e-14 -9.229380e-14 7.474410e-14
8.000000e-01 8.000000e-01 4.000000e-01 -1.268720e-08 1.268730e-08 1.755970e-14 -9.229350e-14 2.526620e-14
8.100000e-01 8.100000e-01 4.000000e-01 -1.270860e-08 1.270870e-08 1.756970e-14 -9.229320e-14 2.527650e-14
8.200000e-01 8.200000e-01 4.000000e-01 -1.272980e-08 1.272990e-08 1.757970e-14 -9.229280e-14 2.528690e-14
8.300000e-01 8.300000e-01 4.000000e-01 -1.275080e-08 1.275090e-08 1.758970e-14 -9.229250e-14 2.529720e-14
8.400000e-01 8.400000e-01 4.000000e-01 -1.277160e-08 1.277160e-08 1.759970e-14 -9.229220e-14 7.469250e-14
8.500000e-01 8.500000e-01 4.000000e-01 -1.279210e-08 1.279220e-08 1.760970e-14 -9.229180e-14 2.531790e-14
8.600000e-01 8.600000e-01 4.000000e-01 -1.281240e-08 1.281250e-08 1.761970e-14 -9.229150e-14 2.532820e-14
8.700000e-01 8.700000e-01 4.000000e-01 -1.283260e-08 1.283260e-08 1.762970e-14 -9.229120e-14 7.466150e-14
8.800000e-01 8.800000e-01 4.000000e-01 -1.285250e-08 1.285260e-08 1.763970e-14 -9.229090e-14 2.534880e-14
8.900000e-01 8.900000e-01 4.000000e-01 -1.287220e-08 1.287230e-08 1.764970e-14 -9.229060e-14 2.535910e-14
9.000000e-01 9.000000e-01 4.000000e-01 -1.289180e-08 1.289180e-08 1.765970e-14 -9.229030e-14 7.463060e-14
9.100000e-01 9.100000e-01 4.000000e-01 -1.291110e-08 1.291120e-08 1.766970e-14 -9.229000e-14 2.537970e-14
9.200000e-01 9.200000e-01 4.000000e-01 -1.293030e-08 1.293040e-08 1.767970e-14 -9.228980e-14 2.538990e-14
9.300000e-01 9.300000e-01 4.000000e-01 -1.294930e-08 1.294930e-08 1.768970e-14 -9.228950e-14 7.459980e-14
9.400000e-01 9.400000e-01 4.000000e-01 -1.296810e-08 1.296820e-08 1.769970e-14 -9.228920e-14 2.541050e-14
9.500000e-01 9.500000e-01 4.000000e-01 -1.298670e-08 1.298680e-08 1.770970e-14 -9.228890e-14 2.542080e-14
9.600000e-01 9.600000e-01 4.000000e-01 -1.300520e-08 1.300530e-08 1.771970e-14 -9.228870e-14 2.543100e-14
9.700000e-01 9.700000e-01 4.000000e-01 -1.302350e-08 1.302360e-08 1.772970e-14 -9.228840e-14 2.544130e-14
9.800000e-01 9.800000e-01 4.000000e-01 -1.304160e-08 1.304170e-08 1.773970e-14 -9.228810e-14 2.545160e-14
9.900000e-01 9.900000e-01 4.000000e-01 -1.305960e-08 1.305970e-08 1.774970e-14 -9.228790e-14 2.546180e-14
1.000000e+00 1.000000e+00 4.000000e-01 -1.307740e-08 1.307750e-08 1.775970e-14 -9.228760e-14 2.547210e-14
1.010000e+00 1.010000e+00 4.000000e-01 -1.309510e-08 1.309520e-08 1.776970e-14 -9.228740e-14 2.548230e-14
1.020000e+00 1.020000e+00 4.000000e-01 -1.311260e-08 1.311270e-08 1.777970e-14 -9.228710e-14 2.549260e-14
1.030000e+00 1.030000e+00 4.000000e-01 -1.313000e-08 1.313000e-08 1.778970e-14 -9.228690e-14 7.449720e-14
1.040000e+00 1.040000e+00 4.000000e-01 -1.314720e-08 1.314730e-08 1.779970e-14 -9.228660e-14 2.551310e-14
1.050000e+00 1.050000e+00 4.000000e-01 -1.316430e-08 1.316430e-08 1.780970e-14 -9.228640e-14 7.447670e-14
1.060000e+00 1.060000e+00 4.000000e-01 -1.318120e-08 1.318130e-08 1.781970e-14 -9.228620e-14 2.553350e-14
1.070000e+00 1.070000e+00 4.000000e-01 -1.319800e-08 1.319810e-08 1.782970e-14 -9.228590e-14 2.554380e-14
1.080000e+00 1.080000e+00 4.000000e-01 -1.321470e-08 1.321470e-08 1.783970e-14 -9.228570e-14 7.444600e-14
1.090000e+00 1.090000e+00 4.000000e-01 -1.323120e-08 1.323130e-08 1.784970e-14 -9.228550e-14 2.556420e-14
1.100000e+00 1.100000e+00 4.000000e-01 -1.324760e-08 1.324770e-08 1.785970e-14 -9.228520e-14 2.557450e-14
1.110000e+00 1.110000e+00 4.000000e-01 -1.326390e-08 1.326390e-08 1.786970e-14 -9.228500e-14 7.441530e-14
1.120000e+00 1.120000e+00 4.000000e-01 -1.328000e-08 1.328010e-08 1.787970e-14 -9.228480e-14 2.559490e-14
1.130000e+00 1.130000e+00 4.000000e-01 -1.329600e-08 1.329610e-08 1.788970e-14 -9.228460e-14 2.560510e-14
1.140000e+00 1.140000e+00 4.000000e-01 -1.331190e-08 1.331200e-08 1.789970e-14 -9.228440e-14 2.561530e-14
1.150000e+00 1.150000e+00 4.000000e-01 -1.332770e-08 1.332780e-08 1.790970e-14 -9.228410e-14 2.562560e-14
1.160000e+00 1.160000e+00 4.000000e-01 -1.334330e-08 1.334340e-08 1.791970e-14 -9.228390e-14 2.563580e-14
1.170000e+00 1.170000e+00 4.000000e-01 -1.335890e-08 1.335900e-08 1.792970e-14 -9.228370e-14 2.564600e-14
1.180000e+00 1.180000e+00 4.000000e-01 -1.337430e-08 1.337440e-08 1.793970e-14 -9.228350e-14 2.565620e-14
1.190000e+00 1.190000e+00 4.000000e-01 -1.338960e-08 1.338970e-08 1.794970e-14 -9.228330e-14 2.566640e-14
1.200000e+00 1.200000e+00 4.000000e-01 -1.340480e-08 1.340490e-08 1.795970e-14 -9.228310e-14 2.567660e-14
0.000000e+00 0.000000e+00 6.000000e-01 1.542130e-10 1.542130e-10 1.877400e-15 -3.084280e-10 1.226000e-16
1.000000e-02 1.000000e-02 6.000000e-01 -1.346731e-07 1.349565e-07 1.887400e-15 -2.833949e-10 6.987400e-15
2.000000e-02 2.000000e-02 6.000000e-01 -2.587261e-07 2.589863e-07 1.897400e-15 -2.602156e-10 1.370260e-14
3.000000e-02 3.000000e-02 6.000000e-01 -3.712875e-07 3.715265e-07 1.907400e-15 -2.390322e-10 3.029260e-14
4.000000e-02 4.000000e-02 6.000000e-01 -4.715364e-07 4.717564e-07 1.917400e-15 -2.200415e-10 3.958260e-14
5.000000e-02 5.000000e-02 6.000000e-01 -5.589707e-07 5.591741e-07 1.927400e-15 -2.034189e-10 1.697260e-14
6.000000e-02 6.000000e-02 6.000000e-01 -6.337150e-07 6.339043e-07 1.937400e-15 -1.892469e-10 5.503740e-14
7.000000e-02 7.000000e-02 6.000000e-01 -6.966014e-07 6.967789e-07 1.947400e-15 -1.774734e-10 2.854740e-14
8.000000e-02 8.000000e-02 6.000000e-01 -7.490116e-07 7.491795e-07 1.957400e-15 -1.679126e-10 1.064260e-14
9.000000e-02 9.000000e-02 6.000000e-01 -7.925894e-07 7.927497e-07 1.967400e-15 -1.602846e-10 1.736740e-14
1.000000e-01 1.000000e-01 6.000000e-01 -8.289680e-07 8.291222e-07 1.977400e-15 -1.542701e-10 6.812260e-14
1.100000e-01 1.100000e-01 6.000000e-01 -8.595971e-07 8.597466e-07 1.987400e-15 -1.495564e-10 5.441260e-14
1.200000e-01 1.200000e-01 6.000000e-01 -8.856761e-07 8.858220e-07 1.997400e-15 -1.458665e-10 3.549740e-14
1.300000e-01 1.300000e-01 6.000000e-01 -9.081565e-07 9.082994e-07 2.007400e-15 -1.429706e-10 6.859260e-14
1.400000e-01 1.400000e-01 6.000000e-01 -9.277766e-07 9.279173e-07 2.017400e-15 -1.406859e-10 1.611740e-14
1.500000e-01 1.500000e-01 6.000000e-01 -9.451046e-07 9.452435e-07 2.027400e-15 -1.388706e-10 3.142740e-14
1.600000e-01 1.600000e-01 6.000000e-01 -9.605769e-07 9.607143e-07 2.037400e-15 -1.374167e-10 1.466260e-14
1.700000e-01 1.700000e-01 6.000000e-01 -9.745303e-07 9.746666e-07 2.047400e-15 -1.362419e-10 6.014740e-14
1.800000e-01 1.800000e-01 6.000000e-01 -9.872268e-07 9.873621e-07 2.057400e-15 -1.352842e-10 1.785740e-14
1.900000e-01 1.900000e-01 6.000000e-01 -9.988715e-07 9.990060e-07 2.067400e-15 -1.344965e-10 5.567400e-15
2.000000e-01 2.000000e-01 6.000000e-01 -1.009600e-06 1.009800e-06 2.077400e-15 -1.338430e-10 6.615908e-11
2.100000e-01 2.100000e-01 6.000000e-01 -1.019600e-06 1.019800e-06 2.087400e-15 -1.332961e-10 6.670599e-11
2.200000e-01 2.200000e-01 6.000000e-01 -1.029000e-06 1.029100e-06 2.097400e-15 -1.328348e-10 3.283270e-11
2.300000e-01 2.300000e-01 6.000000e-01 -1.037700e-06 1.037900e-06 2.107400e-15 -1.324426e-10 6.755951e-11
2.400000e-01 2.400000e-01 6.000000e-01 -1.046000e-06 1.046100e-06 2.117400e-15 -1.321066e-10 3.210448e-11
2.500000e-01 2.500000e-01 6.000000e-01 -1.053800e-06 1.054000e-06 2.127400e-15 -1.318167e-10 6.818543e-11
2.600000e-01 2.600000e-01 6.000000e-01 -1.061300e-06 1.061400e-06 2.137400e-15 -1.315649e-10 3.156276e-11
2.700000e-01 2.700000e-01 6.000000e-01 -1.068400e-06 1.068500e-06 2.147400e-15 -1.313448e-10 3.134265e-11
2.800000e-01 2.800000e-01 6.000000e-01 -1.075100e-06 1.075300e-06 2.157400e-15 -1.311512e-10 6.885096e-11
2.900000e-01 2.900000e-01 6.000000e-01 -1.081600e-06 1.081700e-06 2.167400e-15 -1.309799e-10 3.097773e-11
3.000000e-01 3.000000e-01 6.000000e-01 -1.087800e-06 1.088000e-06 2.177400e-15 -1.308275e-10 6.917468e-11
3.100000e-01 3.100000e-01 6.000000e-01 -1.093800e-06 1.093900e-06 2.187400e-15 -1.306912e-10 3.068901e-11
3.200000e-01 3.200000e-01 6.000000e-01 -1.099600e-06 1.099700e-06 2.197400e-15 -1.305687e-10 3.056650e-11
3.300000e-01 3.300000e-01 6.000000e-01 -1.105100e-06 1.105300e-06 2.207400e-15 -1.304580e-10 6.954421e-11
3.400000e-01 3.400000e-01 6.000000e-01 -1.110500e-06 1.110600e-06 2.217400e-15 -1.303576e-10 3.035538e-11
3.500000e-01 3.500000e-01 6.000000e-01 -1.115700e-06 1.115800e-06 2.227400e-15 -1.302661e-10 3.026387e-11
3.600000e-01 3.600000e-01 6.000000e-01 -1.120700e-06 1.120900e-06 2.237400e-15 -1.301823e-10 6.981994e-11
3.700000e-01 3.700000e-01 6.000000e-01 -1.125600e-06 1.125800e-06 2.247400e-15 -1.301054e-10 6.989685e-11
3.800000e-01 3.800000e-01 6.000000e-01 -1.130400e-06 1.130500e-06 2.257400e-15 -1.300345e-10 3.003224e-11
3.900000e-01 3.900000e-01 6.000000e-01 -1.135000e-06 1.135100e-06 2.267400e-15 -1.299689e-10 2.996663e-11
4.000000e-01 4.000000e-01 6.000000e-01 -1.139500e-06 1.139600e-06 2.277400e-15 -1.299079e-10 2.990562e-11
4.100000e-01 4.100000e-01 6.000000e-01 -1.143800e-06 1.144000e-06 2.287400e-15 -1.298512e-10 7.015109e-11
4.200000e-01 4.200000e-01 6.000000e-01 -1.148100e-06 1.148200e-06 2.297400e-15 -1.297982e-10 2.979590e-11
4.300000e-01 4.300000e-01 6.000000e-01 -1.152200e-06 1.152400e-06 2.307400e-15 -1.297485e-10 7.025381e-11
4.400000e-01 4.400000e-01 6.000000e-01 -1.156300e-06 1.156400e-06 2.317400e-15 -1.297019e-10 2.969958e-11
4.500000e-01 4.500000e-01 6.000000e-01 -1.160300e-06 1.160400e-06 2.327400e-15 -1.296579e-10 2.965557e-11
4.600000e-01 4.600000e-01 6.000000e-01 -1.164100e-06 1.164300e-06 2.337400e-15 -1.296164e-10 7.038594e-11
4.700000e-01 4.700000e-01 6.000000e-01 -1.167900e-06 1.168000e-06 2.347400e-15 -1.295771e-10 2.957475e-11
4.800000e-01 4.800000e-01 6.000000e-01 -1.171600e-06 1.171700e-06 2.357400e-15 -1.295398e-10 2.953744e-11
4.900000e-01 4.900000e-01 6.000000e-01 -1.175200e-06 1.175400e-06 2.367400e-15 -1.295044e-10 7.049797e-11
5.000000e-01 5.000000e-01 6.000000e-01 -1.178800e-06 1.178900e-06 2.377400e-15 -1.294707e-10 2.946832e-11
5.100000e-01 5.100000e-01 6.000000e-01 -1.182200e-06 1.182400e-06 2.387400e-15 -1.294385e-10 7.056389e-11
5.200000e-01 5.200000e-01 6.000000e-01 -1.185700e-06 1.185800e-06 2.397400e-15 -1.294077e-10 2.940530e-11
5.300000e-01 5.300000e-01 6.000000e-01 -1.189000e-06 1.189100e-06 2.407400e-15 -1.293782e-10 2.937579e-11
5.400000e-01 5.400000e-01 6.000000e-01 -1.192300e-06 1.192400e-06 2.417400e-15 -1.293499e-10 2.934748e-11
5.500000e-01 5.500000e-01 6.000000e-01 -1.195500e-06 1.195600e-06 2.427400e-15 -1.293228e-10 2.932037e-11
5.600000e-01 5.600000e-01 6.000000e-01 -1.198600e-06 1.198800e-06 2.437400e-15 -1.292966e-10 7.070584e-11
5.700000e-01 5.700000e-01 6.000000e-01 -1.201700e-06 1.201900e-06 2.447400e-15 -1.292714e-10 7.073105e-11
5.800000e-01 5.800000e-01 6.000000e-01 -1.204800e-06 1.204900e-06 2.457400e-15 -1.292471e-10 2.924464e-11
5.900000e-01 5.900000e-01 6.000000e-01 -1.207800e-06 1.207900e-06 2.467400e-15 -1.292237e-10 2.922123e-11
6.000000e-01 6.000000e-01 6.000000e-01 -1.210700e-06 1.210900e-06 2.477400e-15 -1.292010e-10 7.080148e-11
6.100000e-01 6.100000e-01 6.000000e-01 -1.213600e-06 1.213800e-06 2.487400e-15 -1.291790e-10 7.082349e-11
6.200000e-01 6.200000e-01 6.000000e-01 -1.216500e-06 1.216600e-06 2.497400e-15 -1.291577e-10 2.915520e-11
6.300000e-01 6.300000e-01 6.000000e-01 -1.219300e-06 1.219400e-06 2.507400e-15 -1.291370e-10 2.913449e-11
6.400000e-01 6.400000e-01 6.000000e-01 -1.222100e-06 1.222200e-06 2.517400e-15 -1.291169e-10 2.911438e-11
6.500000e-01 6.500000e-01 6.000000e-01 -1.224800e-06 1.224900e-06 2.527400e-15 -1.290974e-10 2.909487e-11
6.600000e-01 6.600000e-01 6.000000e-01 -1.227400e-06 1.227600e-06 2.537400e-15 -1.290784e-10 7.092414e-11
6.700000e-01 6.700000e-01 6.000000e-01 -1.230100e-06 1.230200e-06 2.547400e-15 -1.290600e-10 2.905745e-11
6.800000e-01 6.800000e-01 6.000000e-01 -1.232700e-06 1.232800e-06 2.557400e-15 -1.290419e-10 2.903934e-11
6.900000e-01 6.900000e-01 6.000000e-01 -1.235200e-06 1.235400e-06 2.567400e-15 -1.290244e-10 7.097817e-11
7.000000e-01 7.000000e-01 6.000000e-01 -1.237800e-06 1.237900e-06 2.577400e-15 -1.290072e-10 2.900462e-11
7.100000e-01 7.100000e-01 6.000000e-01 -1.240300e-06 1.240400e-06 2.587400e-15 -1.289905e-10 2.898791e-11
7.200000e-01 7.200000e-01 6.000000e-01 -1.242700e-06 1.242800e-06 2.597400e-15 -1.289741e-10 2.897150e-11
7.300000e-01 7.300000e-01 6.000000e-01 -1.245100e-06 1.245300e-06 2.607400e-15 -1.289581e-10 7.104451e-11
7.400000e-01 7.400000e-01 6.000000e-01 -1.247500e-06 1.247700e-06 2.617400e-15 -1.289425e-10 7.106012e-11
7.500000e-01 7.500000e-01 6.000000e-01 -1.249900e-06 1.250000e-06 2.627400e-15 -1.289271e-10 2.892447e-11
7.600000e-01 7.600000e-01 6.000000e-01 -1.252200e-06 1.252300e-06 2.637400e-15 -1.289121e-10 2.890946e-11
7.700000e-01 7.700000e-01 6.000000e-01 -1.254500e-06 1.254600e-06 2.647400e-15 -1.288974e-10 2.889475e-11
7.800000e-01 7.800000e-01 6.000000e-01 -1.256800e-06 1.256900e-06 2.657400e-15 -1.288830e-10 2.888034e-11
7.900000e-01 7.900000e-01 6.000000e-01 -1.259000e-06 1.259200e-06 2.667400e-15 -1.288688e-10 7.113387e-11
8.000000e-01 8.000000e-01 6.000000e-01 -1.261200e-06 1.261400e-06 2.677400e-15 -1.288549e-10 7.114778e-11
8.100000e-01 8.100000e-01 6.000000e-01 -1.263400e-06 1.263600e-06 2.687400e-15 -1.288413e-10 7.116139e-11
8.200000e-01 8.200000e-01 6.000000e-01 -1.265600e-06 1.265700e-06 2.697400e-15 -1.288279e-10 2.882520e-11
8.300000e-01 8.300000e-01 6.000000e-01 -1.267700e-06 1.267800e-06 2.707400e-15 -1.288147e-10 2.881199e-11
8.400000e-01 8.400000e-01 6.000000e-01 -1.269800e-06 1.270000e-06 2.717400e-15 -1.288018e-10 7.120092e-11
8.500000e-01 8.500000e-01 6.000000e-01 -1.271900e-06 1.272000e-06 2.727400e-15 -1.287890e-10 2.878627e-11
8.600000e-01 8.600000e-01 6.000000e-01 -1.274000e-06 1.274100e-06 2.737400e-15 -1.287765e-10 2.877376e-11
8.700000e-01 8.700000e-01 6.000000e-01 -1.276000e-06 1.276100e-06 2.747400e-15 -1.287642e-10 2.876145e-11
8.800000e-01 8.800000e-01 6.000000e-01 -1.278000e-06 1.278200e-06 2.757400e-15 -1.287520e-10 7.125076e-11
8.900000e-01 8.900000e-01 6.000000e-01 -1.280000e-06 1.280200e-06 2.767400e-15 -1.287401e-10 7.126267e-11
9.000000e-01 9.000000e-01 6.000000e-01 -1.282000e-06 1.282100e-06 2.777400e-15 -1.287283e-10 2.872552e-11
9.100000e-01 9.100000e-01 6.000000e-01 -1.283900e-06 1.284100e-06 2.787400e-15 -1.287167e-10 7.128609e-11
9.200000e-01 9.200000e-01 6.000000e-01 -1.285900e-06 1.286000e-06 2.797400e-15 -1.287053e-10 2.870250e-11
9.300000e-01 9.300000e-01 6.000000e-01 -1.287800e-06 1.287900e-06 2.807400e-15 -1.286940e-10 2.869119e-11
9.400000e-01 9.400000e-01 6.000000e-01 -1.289700e-06 1.289800e-06 2.817400e-15 -1.286829e-10 2.868008e-11
9.500000e-01 9.500000e-01 6.000000e-01 -1.291600e-06 1.291700e-06 2.827400e-15 -1.286719e-10 2.866907e-11
9.600000e-01 9.600000e-01 6.000000e-01 -1.293400e-06 1.293500e-06 2.837400e-15 -1.286611e-10 2.865826e-11
9.700000e-01 9.700000e-01 6.000000e-01 -1.295200e-06 1.295400e-06 2.847400e-15 -1.286504e-10 7.135245e-11
9.800000e-01 9.800000e-01 6.000000e-01 -1.297100e-06 1.297200e-06 2.857400e-15 -1.286399e-10 2.863704e-11
9.900000e-01 9.900000e-01 6.000000e-01 -1.298800e-06 1.299000e-06 2.867400e-15 -1.286295e-10 7.137337e-11
1.000000e+00 1.000000e+00 6.000000e-01 -1.300600e-06 1.300800e-06 2.877400e-15 -1.286192e-10 7.138368e-11
1.010000e+00 1.010000e+00 6.000000e-01 -1.302400e-06 1.302500e-06 2.887400e-15 -1.286091e-10 2.860621e-11
1.020000e+00 1.020000e+00 6.000000e-01 -1.304100e-06 1.304300e-06 2.897400e-15 -1.285990e-10 7.140390e-11
1.030000e+00 1.030000e+00 6.000000e-01 -1.305900e-06 1.306000e-06 2.907400e-15 -1.285891e-10 2.858619e-11
1.040000e+00 1.040000e+00 6.000000e-01 -1.307600e-06 1.307700e-06 2.917400e-15 -1.285793e-10 2.857638e-11
1.050000e+00 1.050000e+00 6.000000e-01 -1.309300e-06 1.309400e-06 2.927400e-15 -1.285696e-10 2.856667e-11
1.060000e+00 1.060000e+00 6.000000e-01 -1.311000e-06 1.311100e-06 2.937400e-15 -1.285601e-10 2.855716e-11
1.070000e+00 1.070000e+00 6.000000e-01 -1.312600e-06 1.312800e-06 2.947400e-15 -1.285506e-10 7.145235e-11
1.080000e+00 1.080000e+00 6.000000e-01 -1.314300e-06 1.314400e-06 2.957400e-15 -1.285413e-10 2.853834e-11
1.090000e+00 1.090000e+00 6.000000e-01 -1.315900e-06 1.316000e-06 2.967400e-15 -1.285320e-10 2.852903e-11
1.100000e+00 1.100000e+00 6.000000e-01 -1.317500e-06 1.317700e-06 2.977400e-15 -1.285228e-10 7.148018e-11
1.110000e+00 1.110000e+00 6.000000e-01 -1.319100e-06 1.319300e-06 2.987400e-15 -1.285138e-10 7.148919e-11
1.120000e+00 1.120000e+00 6.000000e-01 -1.320700e-06 1.320900e-06 2.997400e-15 -1.285048e-10 7.149820e-11
1.130000e+00 1.130000e+00 6.000000e-01 -1.322300e-06 1.322400e-06 3.007400e-15 -1.284960e-10 2.849299e-11
1.140000e+00 1.140000e+00 6.000000e-01 -1.323900e-06 1.324000e-06 3.017400e-15 -1.284872e-10 2.848418e-11
1.150000e+00 1.150000e+00 6.000000e-01 -1.325400e-06 1.325600e-06 3.027400e-15 -1.284785e-10 7.152453e-11
1.160000e+00 1.160000e+00 6.000000e-01 -1.327000e-06 1.327100e-06 3.037400e-15 -1.284699e-10 2.846686e-11
1.170000e+00 1.170000e+00 6.000000e-01 -1.328500e-06 1.328600e-06 3.047400e-15 -1.284613e-10 2.845825e-11
1.180000e+00 1.180000e+00 6.000000e-01 -1.330000e-06 1.330200e-06 3.057400e-15 -1.284529e-10 7.155016e-11
1.190000e+00 1.190000e+00 6.000000e-01 -1.331500e-06 1.331700e-06 3.067400e-15 -1.284445e-10 7.155857e-11
1.200000e+00 1.200000e+00 6.000000e-01 -1.333000e-06 1.333200e-06 3.077400e-15 -1.284363e-10 7.156678e-11
0.000000e+00 0.000000e+00 8.000000e-01 1.486500e-09 1.486500e-09 1.871326e-16 -2.973000e-09 1.871326e-16
1.000000e-02 1.000000e-02 8.000000e-01 -3.359285e-07 3.387859e-07 1.970815e-16 -2.857400e-09 1.970815e-16
2.000000e-02 2.000000e-02 8.000000e-01 -6.645309e-07 6.672759e-07 2.070429e-16 -2.745000e-09 2.070429e-16
3.000000e-02 3.000000e-02 8.000000e-01 -9.839413e-07 9.865772e-07 2.170137e-16 -2.636000e-09 9.978299e-14
4.000000e-02 4.000000e-02 8.000000e-01 -1.293700e-06 1.296200e-06 2.269915e-16 -2.530400e-09 3.039977e-11
5.000000e-02 5.000000e-02 8.000000e-01 -1.593100e-06 1.595500e-06 2.369747e-16 -2.428400e-09 2.839976e-11
6.000000e-02 6.000000e-02 8.000000e-01 -1.881600e-06 1.884000e-06 2.469619e-16 -2.330300e-09 6.970025e-11
7.000000e-02 7.000000e-02 8.000000e-01 -2.158600e-06 2.160800e-06 2.569522e-16 -2.236100e-09 3.609974e-11
8.000000e-02 8.000000e-02 8.000000e-01 -2.423400e-06 2.425600e-06 2.669448e-16 -2.146200e-09 5.380027e-11
9.000000e-02 9.000000e-02 8.000000e-01 -2.675600e-06 2.677600e-06 2.769391e-16 -2.060700e-09 6.069972e-11
1.000000e-01 1.000000e-01 8.000000e-01 -2.914600e-06 2.916600e-06 2.869348e-16 -1.979900e-09 2.010029e-11
1.100000e-01 1.100000e-01 8.000000e-01 -3.140400e-06 3.142300e-06 2.969315e-16 -1.903900e-09 3.899703e-12
1.200000e-01 1.200000e-01 8.000000e-01 -3.352800e-06 3.354600e-06 3.069289e-16 -1.833000e-09 3.299969e-11
1.300000e-01 1.300000e-01 8.000000e-01 -3.552000e-06 3.553800e-06 3.169269e-16 -1.767100e-09 3.290032e-11
1.400000e-01 1.400000e-01 8.000000e-01 -3.738300e-06 3.740000e-06 3.269253e-16 -1.706300e-09 6.299673e-12
1.500000e-01 1.500000e-01 8.000000e-01 -3.912200e-06 3.913900e-06 3.369241e-16 -1.650400e-09 4.960034e-11
1.600000e-01 1.600000e-01 8.000000e-01 -4.074300e-06 4.075900e-06 3.469231e-16 -1.599500e-09 5.003469e-13
1.700000e-01 1.700000e-01 8.000000e-01 -4.225200e-06 4.226800e-06 3.569223e-16 -1.553200e-09 4.680036e-11
1.800000e-01 1.800000e-01 8.000000e-01 -4.365700e-06 4.367200e-06 3.669217e-16 -1.511400e-09 1.139963e-11
1.900000e-01 1.900000e-01 8.000000e-01 -4.496500e-06 4.497900e-06 3.769211e-16 -1.473700e-09 7.369962e-11
2.000000e-01 2.000000e-01 8.000000e-01 -4.618200e-06 4.619700e-06 3.869207e-16 -1.439900e-09 6.010039e-11
2.100000e-01 2.100000e-01 8.000000e-01 -4.731700e-06 4.733100e-06 3.969204e-16 -1.409600e-09 9.599603e-12
2.200000e-01 2.200000e-01 8.000000e-01 -4.837500e-06 4.838900e-06 4.069201e-16 -1.382500e-09 1.750041e-11
2.300000e-01 2.300000e-01 8.000000e-01 -4.936400e-06 4.937700e-06 4.169198e-16 -1.358300e-09 5.829958e-11
2.400000e-01 2.400000e-01 8.000000e-01 -5.028800e-06 5.030100e-06 4.269196e-16 -1.336700e-09 3.669957e-11
2.500000e-01 2.500000e-01 8.000000e-01 -5.115300e-06 5.116600e-06 4.369195e-16 -1.317500e-09 1.749956e-11
2.600000e-01 2.600000e-01 8.000000e-01 -5.196300e-06 5.197600e-06 4.469193e-16 -1.300300e-09 2.995531e-13
2.700000e-01 2.700000e-01 8.000000e-01 -5.272400e-06 5.273700e-06 4.569192e-16 -1.284900e-09 1.510046e-11
2.800000e-01 2.800000e-01 8.000000e-01 -5.344000e-06 5.345200e-06 4.669191e-16 -1.271200e-09 7.119953e-11
2.900000e-01 2.900000e-01 8.000000e-01 -5.411300e-06 5.412600e-06 4.769190e-16 -1.258900e-09 4.110048e-11
3.000000e-01 3.000000e-01 8.000000e-01 -5.474900e-06 5.476100e-06 4.869189e-16 -1.247900e-09 4.789951e-11
3.100000e-01 3.100000e-01 8.000000e-01 -5.534900e-06 5.536100e-06 4.969188e-16 -1.238000e-09 3.799950e-11
3.200000e-01 3.200000e-01 8.000000e-01 -5.591700e-06 5.592900e-06 5.069187e-16 -1.229000e-09 2.899949e-11
3.300000e-01 3.300000e-01 8.000000e-01 -5.645500e-06 5.646700e-06 5.169187e-16 -1.221000e-09 2.099948e-11
3.400000e-01 3.400000e-01 8.000000e-01 -5.696600e-06 5.697800e-06 5.269186e-16 -1.213700e-09 1.369947e-11
3.500000e-01 3.500000e-01 8.000000e-01 -5.745200e-06 5.746400e-06 5.369186e-16 -1.207200e-09 7.199463e-12
3.600000e-01 3.600000e-01 8.000000e-01 -5.791400e-06 5.792700e-06 5.469185e-16 -1.201200e-09 9.880055e-11
3.700000e-01 3.700000e-01 8.000000e-01 -5.835600e-06 5.836800e-06 5.569185e-16 -1.195800e-09 4.200557e-12
3.800000e-01 3.800000e-01 8.000000e-01 -5.877700e-06 5.878900e-06 5.669185e-16 -1.190800e-09 9.200567e-12
3.900000e-01 3.900000e-01 8.000000e-01 -5.918000e-06 5.919200e-06 5.769185e-16 -1.186300e-09 1.370058e-11
4.000000e-01 4.000000e-01 8.000000e-01 -5.956600e-06 5.957800e-06 5.869184e-16 -1.182100e-09 1.790059e-11
4.100000e-01 4.100000e-01 8.000000e-01 -5.993700e-06 5.994900e-06 5.969184e-16 -1.178300e-09 2.170060e-11
4.200000e-01 4.200000e-01 8.000000e-01 -6.029300e-06 6.030400e-06 6.069184e-16 -1.174800e-09 7.479939e-11
4.300000e-01 4.300000e-01 8.000000e-01 -6.063500e-06 6.064600e-06 6.169184e-16 -1.171600e-09 7.159938e-11
4.400000e-01 4.400000e-01 8.000000e-01 -6.096400e-06 6.097600e-06 6.269183e-16 -1.168600e-09 3.140063e-11
4.500000e-01 4.500000e-01 8.000000e-01 -6.128200e-06 6.129300e-06 6.369183e-16 -1.165900e-09 6.589936e-11
4.600000e-01 4.600000e-01 8.000000e-01 -6.158800e-06 6.160000e-06 6.469183e-16 -1.163300e-09 3.670065e-11
4.700000e-01 4.700000e-01 8.000000e-01 -6.188400e-06 6.189600e-06 6.569183e-16 -1.160900e-09 3.910066e-11
4.800000e-01 4.800000e-01 8.000000e-01 -6.217100e-06 6.218200e-06 6.669183e-16 -1.158700e-09 5.869933e-11
4.900000e-01 4.900000e-01 8.000000e-01 -6.244800e-06 6.245900e-06 6.769183e-16 -1.156600e-09 5.659932e-11
5.000000e-01 5.000000e-01 8.000000e-01 -6.271600e-06 6.272800e-06 6.869183e-16 -1.154700e-09 4.530069e-11
5.100000e-01 5.100000e-01 8.000000e-01 -6.297700e-06 6.298800e-06 6.969182e-16 -1.152900e-09 5.289930e-11
5.200000e-01 5.200000e-01 8.000000e-01 -6.323000e-06 6.324100e-06 7.069182e-16 -1.151200e-09 5.119929e-11
5.300000e-01 5.300000e-01 8.000000e-01 -6.347500e-06 6.348700e-06 7.169182e-16 -1.149600e-09 5.040072e-11
5.400000e-01 5.400000e-01 8.000000e-01 -6.371400e-06 6.372600e-06 7.269182e-16 -1.148100e-09 5.190073e-11
5.500000e-01 5.500000e-01 8.000000e-01 -6.394600e-06 6.395800e-06 7.369182e-16 -1.146700e-09 5.330074e-11
5.600000e-01 5.600000e-01 8.000000e-01 -6.417300e-06 6.418400e-06 7.469182e-16 -1.145300e-09 4.529925e-11
5.700000e-01 5.700000e-01 8.000000e-01 -6.439300e-06 6.440400e-06 7.569182e-16 -1.144100e-09 4.409924e-11
5.800000e-01 5.800000e-01 8.000000e-01 -6.460800e-06 6.461900e-06 7.669182e-16 -1.142900e-09 4.289923e-11
5.900000e-01 5.900000e-01 8.000000e-01 -6.481700e-06 6.482900e-06 7.769182e-16 -1.141700e-09 5.830078e-11
6.000000e-01 6.000000e-01 8.000000e-01 -6.502200e-06 6.503300e-06 7.869182e-16 -1.140700e-09 4.069921e-11
6.100000e-01 6.100000e-01 8.000000e-01 -6.522200e-06 6.523300e-06 7.969182e-16 -1.139600e-09 3.959920e-11
6.200000e-01 6.200000e-01 8.000000e-01 -6.541700e-06 6.542800e-06 8.069182e-16 -1.138600e-09 3.859919e-11
6.300000e-01 6.300000e-01 8.000000e-01 -6.560800e-06 6.561900e-06 8.169181e-16 -1.137700e-09 3.769918e-11
6.400000e-01 6.400000e-01 8.000000e-01 -6.579500e-06 6.580600e-06 8.269181e-16 -1.136800e-09 3.679917e-11
6.500000e-01 6.500000e-01 8.000000e-01 -6.597800e-06 6.598900e-06 8.369181e-16 -1.136000e-09 3.599916e-11
6.600000e-01 6.600000e-01 8.000000e-01 -6.615700e-06 6.616800e-06 8.469181e-16 -1.135100e-09 3.509915e-11
6.700000e-01 6.700000e-01 8.000000e-01 -6.633200e-06 6.634300e-06 8.569181e-16 -1.134400e-09 3.439914e-11
6.800000e-01 6.800000e-01 8.000000e-01 -6.650400e-06 6.651500e-06 8.669181e-16 -1.133600e-09 3.359913e-11
6.900000e-01 6.900000e-01 8.000000e-01 -6.667200e-06 6.668400e-06 8.769181e-16 -1.132900e-09 6.710088e-11
7.000000e-01 7.000000e-01 8.000000e-01 -6.683800e-06 6.684900e-06 8.869181e-16 -1.132200e-09 3.219911e-11
7.100000e-01 7.100000e-01 8.000000e-01 -6.700000e-06 6.701100e-06 8.969181e-16 -1.131500e-09 3.149910e-11
7.200000e-01 7.200000e-01 8.000000e-01 -6.715900e-06 6.717000e-06 9.069181e-16 -1.130900e-09 3.089909e-11
7.300000e-01 7.300000e-01 8.000000e-01 -6.731500e-06 6.732600e-06 9.169181e-16 -1.130300e-09 3.029908e-11
7.400000e-01 7.400000e-01 8.000000e-01 -6.746900e-06 6.748000e-06 9.269181e-16 -1.129700e-09 2.969907e-11
7.500000e-01 7.500000e-01 8.000000e-01 -6.761900e-06 6.763100e-06 9.369181e-16 -1.129100e-09 7.090094e-11
7.600000e-01 7.600000e-01 8.000000e-01 -6.776800e-06 6.777900e-06 9.469181e-16 -1.128500e-09 2.849905e-11
7.700000e-01 7.700000e-01 8.000000e-01 -6.791400e-06 6.792500e-06 9.569181e-16 -1.128000e-09 2.799904e-11
7.800000e-01 7.800000e-01 8.000000e-01 -6.805700e-06 6.806800e-06 9.669181e-16 -1.127500e-09 2.749903e-11
7.900000e-01 7.900000e-01 8.000000e-01 -6.819800e-06 6.820900e-06 9.769181e-16 -1.127000e-09 2.699902e-11
8.000000e-01 8.000000e-01 8.000000e-01 -6.833700e-06 6.834800e-06 9.869181e-16 -1.126500e-09 2.649901e-11
8.100000e-01 8.100000e-01 8.000000e-01 -6.847300e-06 6.848500e-06 9.969181e-16 -1.126000e-09 7.400100e-11
8.200000e-01 8.200000e-01 8.000000e-01 -6.860800e-06 6.861900e-06 1.006900e-15 -1.125500e-09 2.549899e-11
8.300000e-01 8.300000e-01 8.000000e-01 -6.874000e-06 6.875200e-06 1.016900e-15 -1.125100e-09 7.490102e-11
8.400000e-01 8.400000e-01 8.000000e-01 -6.887100e-06 6.888200e-06 1.026900e-15 -1.124600e-09 2.459897e-11
8.500000e-01 8.500000e-01 8.000000e-01 -6.899900e-06 6.901100e-06 1.036900e-15 -1.124200e-09 7.580104e-11
8.600000e-01 8.600000e-01 8.000000e-01 -6.912600e-06 6.913700e-06 1.046900e-15 -1.123800e-09 2.379895e-11
8.700000e-01 8.700000e-01 8.000000e-01 -6.925100e-06 6.926200e-06 1.056900e-15 -1.123400e-09 2.339894e-11
8.800000e-01 8.800000e-01 8.000000e-01 -6.937400e-06 6.938500e-06 1.066900e-15 -1.123000e-09 2.299893e-11
8.900000e-01 8.900000e-01 8.000000e-01 -6.949600e-06 6.950700e-06 1.076900e-15 -1.122600e-09 2.259892e-11
9.000000e-01 9.000000e-01 8.000000e-01 -6.961500e-06 6.962700e-06 1.086900e-15 -1.122200e-09 7.780109e-11
9.100000e-01 9.100000e-01 8.000000e-01 -6.973400e-06 6.974500e-06 1.096900e-15 -1.121900e-09 2.189890e-11
9.200000e-01 9.200000e-01 8.000000e-01 -6.985000e-06 6.986100e-06 1.106900e-15 -1.121500e-09 2.149889e-11
9.300000e-01 9.300000e-01 8.000000e-01 -6.996500e-06 6.997700e-06 1.116900e-15 -1.121200e-09 7.880112e-11
9.400000e-01 9.400000e-01 8.000000e-01 -7.007900e-06 7.009000e-06 1.126900e-15 -1.120800e-09 2.079887e-11
9.500000e-01 9.500000e-01 8.000000e-01 -7.019100e-06 7.020200e-06 1.136900e-15 -1.120500e-09 2.049886e-11
9.600000e-01 9.600000e-01 8.000000e-01 -7.030200e-06 7.031300e-06 1.146900e-15 -1.120200e-09 2.019885e-11
9.700000e-01 9.700000e-01 8.000000e-01 -7.041100e-06 7.042200e-06 1.156900e-15 -1.119800e-09 1.979884e-11
9.800000e-01 9.800000e-01 8.000000e-01 -7.051900e-06 7.053000e-06 1.166900e-15 -1.119500e-09 1.949883e-11
9.900000e-01 9.900000e-01 8.000000e-01 -7.062600e-06 7.063700e-06 1.176900e-15 -1.119200e-09 1.919882e-11
1.000000e+00 1.000000e+00 8.000000e-01 -7.073100e-06 7.074300e-06 1.186900e-15 -1.118900e-09 8.110119e-11
1.010000e+00 1.010000e+00 8.000000e-01 -7.083600e-06 7.084700e-06 1.196900e-15 -1.118600e-09 1.859880e-11
1.020000e+00 1.020000e+00 8.000000e-01 -7.093900e-06 7.095000e-06 1.206900e-15 -1.118300e-09 1.829879e-11
1.030000e+00 1.030000e+00 8.000000e-01 -7.104100e-06 7.105200e-06 1.216900e-15 -1.118000e-09 1.799878e-11
1.040000e+00 1.040000e+00 8.000000e-01 -7.114100e-06 7.115200e-06 1.226900e-15 -1.117700e-09 1.769877e-11
1.050000e+00 1.050000e+00 8.000000e-01 -7.124100e-06 7.125200e-06 1.236900e-15 -1.117500e-09 1.749876e-11
1.060000e+00 1.060000e+00 8.000000e-01 -7.133900e-06 7.135000e-06 1.246900e-15 -1.117200e-09 1.719875e-11
1.070000e+00 1.070000e+00 8.000000e-01 -7.143700e-06 7.144800e-06 1.256900e-15 -1.116900e-09 1.689874e-11
1.080000e+00 1.080000e+00 8.000000e-01 -7.153300e-06 7.154400e-06 1.266900e-15 -1.116700e-09 1.669873e-11
1.090000e+00 1.090000e+00 8.000000e-01 -7.162800e-06 7.163900e-06 1.276900e-15 -1.116400e-09 1.639872e-11
1.100000e+00 1.100000e+00 8.000000e-01 -7.172200e-06 7.173400e-06 1.286900e-15 -1.116200e-09 8.380129e-11
1.110000e+00 1.110000e+00 8.000000e-01 -7.181600e-06 7.182700e-06 1.296900e-15 -1.115900e-09 1.589870e-11
1.120000e+00 1.120000e+00 8.000000e-01 -7.190800e-06 7.191900e-06 1.306900e-15 -1.115700e-09 1.569869e-11
1.130000e+00 1.130000e+00 8.000000e-01 -7.199900e-06 7.201100e-06 1.316900e-15 -1.115400e-09 8.460132e-11
1.140000e+00 1.140000e+00 8.000000e-01 -7.209000e-06 7.210100e-06 1.326900e-15 -1.115200e-09 1.519867e-11
1.150000e+00 1.150000e+00 8.000000e-01 -7.217900e-06 7.219100e-06 1.336900e-15 -1.114900e-09 8.510134e-11
1.160000e+00 1.160000e+00 8.000000e-01 -7.226800e-06 7.227900e-06 1.346900e-15 -1.114700e-09 1.469865e-11
1.170000e+00 1.170000e+00 8.000000e-01 -7.235600e-06 7.236700e-06 1.356900e-15 -1.114500e-09 1.449864e-11
1.180000e+00 1.180000e+00 8.000000e-01 -7.244300e-06 7.245400e-06 1.366900e-15 -1.114300e-09 1.429863e-11
1.190000e+00 1.190000e+00 8.000000e-01 -7.252900e-06 7.254000e-06 1.376900e-15 -1.114000e-09 1.399862e-11
1.200000e+00 1.200000e+00 8.000000e-01 -7.261400e-06 7.262500e-06 1.386900e-15 -1.113800e-09 1.379861e-11
0.000000e+00 0.000000e+00 1.000000e+00 5.243900e-09 5.243900e-09 2.882880e-14 -1.048790e-08 7.117120e-14
1.000000e-02 1.000000e-02 1.000000e+00 -4.638264e-07 4.740476e-07 2.136960e-14 -1.022120e-08 2.136960e-14
2.000000e-02 2.000000e-02 1.000000e+00 -9.282076e-07 9.381668e-07 1.585730e-14 -9.959200e-09 1.585730e-14
3.000000e-02 3.000000e-02 1.000000e+00 -1.387700e-06 1.397400e-06 1.178240e-14 -9.702100e-09 2.088218e-12
4.000000e-02 4.000000e-02 1.000000e+00 -1.842100e-06 1.851500e-06 8.769600e-15 -9.449800e-09 4.979123e-11
5.000000e-02 5.000000e-02 1.000000e+00 -2.291000e-06 2.300200e-06 6.541600e-15 -9.202400e-09 2.393458e-12
6.000000e-02 6.000000e-02 1.000000e+00 -2.734200e-06 2.743200e-06 4.894100e-15 -8.960000e-09 4.000489e-11
7.000000e-02 7.000000e-02 1.000000e+00 -3.171300e-06 3.180100e-06 3.675700e-15 -8.722500e-09 7.750368e-11
8.000000e-02 8.000000e-02 1.000000e+00 -3.602000e-06 3.610500e-06 2.774800e-15 -8.490200e-09 9.802775e-12
9.000000e-02 9.000000e-02 1.000000e+00 -4.025900e-06 4.034200e-06 2.108900e-15 -8.263200e-09 3.680211e-11
1.000000e-01 1.000000e-01 1.000000e+00 -4.442600e-06 4.450600e-06 1.616900e-15 -8.041500e-09 4.149838e-11
1.100000e-01 1.100000e-01 1.000000e+00 -4.851700e-06 4.859500e-06 1.253700e-15 -7.825400e-09 2.539875e-11
1.200000e-01 1.200000e-01 1.000000e+00 -5.252700e-06 5.260400e-06 9.858383e-16 -7.615100e-09 8.490099e-11
1.300000e-01 1.300000e-01 1.000000e+00 -5.645500e-06 5.652900e-06 7.886773e-16 -7.410500e-09 1.049921e-11
1.400000e-01 1.400000e-01 1.000000e+00 -6.029500e-06 6.036800e-06 6.439347e-16 -7.212100e-09 8.790064e-11
1.500000e-01 1.500000e-01 1.000000e+00 -6.404600e-06 6.411600e-06 5.381088e-16 -7.019800e-09 1.979946e-11
1.600000e-01 1.600000e-01 1.000000e+00 -6.770300e-06 6.777200e-06 4.611996e-16 -6.834000e-09 6.600046e-11
1.700000e-01 1.700000e-01 1.000000e+00 -7.126600e-06 7.133200e-06 4.058018e-16 -6.654600e-09 5.459959e-11
1.800000e-01 1.800000e-01 1.000000e+00 -7.473100e-06 7.479600e-06 3.664379e-16 -6.481900e-09 1.810037e-11
1.900000e-01 1.900000e-01 1.000000e+00 -7.809800e-06 7.816100e-06 3.390420e-16 -6.316000e-09 1.599966e-11
2.000000e-01 2.000000e-01 1.000000e+00 -8.136600e-06 8.142800e-06 3.206010e-16 -6.156900e-09 4.310032e-11
2.100000e-01 2.100000e-01 1.000000e+00 -8.453500e-06 8.459500e-06 3.088798e-16 -6.004700e-09 4.699691e-12
2.200000e-01 2.200000e-01 1.000000e+00 -8.760400e-06 8.766200e-06 3.022127e-16 -5.859500e-09 5.949970e-11
2.300000e-01 2.300000e-01 1.000000e+00 -9.057400e-06 9.063100e-06 2.993576e-16 -5.721200e-09 2.119970e-11
2.400000e-01 2.400000e-01 1.000000e+00 -9.344600e-06 9.350200e-06 2.993893e-16 -5.589700e-09 1.030030e-11
2.500000e-01 2.500000e-01 1.000000e+00 -9.622200e-06 9.627700e-06 3.016193e-16 -5.465100e-09 3.490030e-11
2.600000e-01 2.600000e-01 1.000000e+00 -9.890300e-06 9.895600e-06 3.055243e-16 -5.347100e-09 4.709969e-11
2.700000e-01 2.700000e-01 1.000000e+00 -1.014900e-05 1.015420e-05 3.107142e-16 -5.235700e-09 3.569969e-11
2.800000e-01 2.800000e-01 1.000000e+00 -1.039850e-05 1.040370e-05 3.168953e-16 -5.130700e-09 6.930032e-11
2.900000e-01 2.900000e-01 1.000000e+00 -1.063910e-05 1.064420e-05 3.238437e-16 -5.031900e-09 6.810032e-11
3.000000e-01 3.000000e-01 1.000000e+00 -1.087100e-05 1.087590e-05 3.313891e-16 -4.939000e-09 3.899967e-11
3.100000e-01 3.100000e-01 1.000000e+00 -1.109430e-05 1.109910e-05 3.394015e-16 -4.851900e-09 5.189966e-11
3.200000e-01 3.200000e-01 1.000000e+00 -1.130930e-05 1.131400e-05 3.477820e-16 -4.770200e-09 7.019965e-11
3.300000e-01 3.300000e-01 1.000000e+00 -1.151610e-05 1.152080e-05 3.564534e-16 -4.693800e-09 6.200356e-12
3.400000e-01 3.400000e-01 1.000000e+00 -1.171520e-05 1.171980e-05 3.653567e-16 -4.622300e-09 2.229963e-11
3.500000e-01 3.500000e-01 1.000000e+00 -1.190660e-05 1.191110e-05 3.744462e-16 -4.555600e-09 5.559963e-11
3.600000e-01 3.600000e-01 1.000000e+00 -1.209060e-05 1.209510e-05 3.836849e-16 -4.493200e-09 6.800384e-12
3.700000e-01 3.700000e-01 1.000000e+00 -1.226750e-05 1.227190e-05 3.930451e-16 -4.435100e-09 3.509961e-11
3.800000e-01 3.800000e-01 1.000000e+00 -1.243750e-05 1.244180e-05 4.025034e-16 -4.380800e-09 8.079960e-11
3.900000e-01 3.900000e-01 1.000000e+00 -1.260080e-05 1.260510e-05 4.120426e-16 -4.330200e-09 3.019959e-11
4.000000e-01 4.000000e-01 1.000000e+00 -1.275780e-05 1.276200e-05 4.216491e-16 -4.283100e-09 8.309958e-11
4.100000e-01 4.100000e-01 1.000000e+00 -1.290860e-05 1.291280e-05 4.313104e-16 -4.239100e-09 3.909957e-11
4.200000e-01 4.200000e-01 1.000000e+00 -1.305350e-05 1.305770e-05 4.410172e-16 -4.198100e-09 1.900441e-12
4.300000e-01 4.300000e-01 1.000000e+00 -1.319280e-05 1.319690e-05 4.507632e-16 -4.159900e-09 5.989955e-11
4.400000e-01 4.400000e-01 1.000000e+00 -1.332670e-05 1.333080e-05 4.605412e-16 -4.124200e-09 2.419954e-11
4.500000e-01 4.500000e-01 1.000000e+00 -1.345540e-05 1.345950e-05 4.703464e-16 -4.090900e-09 9.100470e-12
4.600000e-01 4.600000e-01 1.000000e+00 -1.357920e-05 1.358320e-05 4.801752e-16 -4.059900e-09 5.989952e-11
4.700000e-01 4.700000e-01 1.000000e+00 -1.369820e-05 1.370230e-05 4.900238e-16 -4.030800e-09 6.920049e-11
4.800000e-01 4.800000e-01 1.000000e+00 -1.381290e-05 1.381690e-05 4.998891e-16 -4.003700e-09 3.699500e-12
4.900000e-01 4.900000e-01 1.000000e+00 -1.392320e-05 1.392720e-05 5.097694e-16 -3.978400e-09 2.160051e-11
5.000000e-01 5.000000e-01 1.000000e+00 -1.402950e-05 1.403340e-05 5.196624e-16 -3.954600e-09 5.459948e-11
5.100000e-01 5.100000e-01 1.000000e+00 -1.413190e-05 1.413590e-05 5.295661e-16 -3.932400e-09 6.760053e-11
5.200000e-01 5.200000e-01 1.000000e+00 -1.423070e-05 1.423460e-05 5.394794e-16 -3.911600e-09 1.159946e-11
5.300000e-01 5.300000e-01 1.000000e+00 -1.432600e-05 1.432980e-05 5.494011e-16 -3.892000e-09 9.199945e-11
5.400000e-01 5.400000e-01 1.000000e+00 -1.441790e-05 1.442180e-05 5.593304e-16 -3.873700e-09 2.630056e-11
5.500000e-01 5.500000e-01 1.000000e+00 -1.450670e-05 1.451060e-05 5.692661e-16 -3.856500e-09 4.350057e-11
5.600000e-01 5.600000e-01 1.000000e+00 -1.459250e-05 1.459640e-05 5.792071e-16 -3.840300e-09 5.970058e-11
5.700000e-01 5.700000e-01 1.000000e+00 -1.467550e-05 1.467930e-05 5.891538e-16 -3.825000e-09 2.499941e-11
5.800000e-01 5.800000e-01 1.000000e+00 -1.475580e-05 1.475960e-05 5.991043e-16 -3.810700e-09 1.069940e-11
5.900000e-01 5.900000e-01 1.000000e+00 -1.483350e-05 1.483730e-05 6.090595e-16 -3.797100e-09 2.900609e-12
6.000000e-01 6.000000e-01 1.000000e+00 -1.490870e-05 1.491250e-05 6.190178e-16 -3.784300e-09 1.570062e-11
6.100000e-01 6.100000e-01 1.000000e+00 -1.498160e-05 1.498540e-05 6.289795e-16 -3.772200e-09 2.780063e-11
6.200000e-01 6.200000e-01 1.000000e+00 -1.505240e-05 1.505610e-05 6.389442e-16 -3.760800e-09 6.079936e-11
6.300000e-01 6.300000e-01 1.000000e+00 -1.512100e-05 1.512470e-05 6.489112e-16 -3.750000e-09 4.999935e-11
6.400000e-01 6.400000e-01 1.000000e+00 -1.518760e-05 1.519130e-05 6.588809e-16 -3.739800e-09 3.979934e-11
6.500000e-01 6.500000e-01 1.000000e+00 -1.525230e-05 1.525600e-05 6.688526e-16 -3.730100e-09 3.009933e-11
6.600000e-01 6.600000e-01 1.000000e+00 -1.531510e-05 1.531890e-05 6.788261e-16 -3.720900e-09 7.910068e-11
6.700000e-01 6.700000e-01 1.000000e+00 -1.537630e-05 1.538000e-05 6.888012e-16 -3.712100e-09 1.209931e-11
6.800000e-01 6.800000e-01 1.000000e+00 -1.543580e-05 1.543950e-05 6.987782e-16 -3.703800e-09 3.799301e-12
6.900000e-01 6.900000e-01 1.000000e+00 -1.549370e-05 1.549740e-05 7.087568e-16 -3.695900e-09 4.100709e-12
7.000000e-01 7.000000e-01 1.000000e+00 -1.555010e-05 1.555380e-05 7.187364e-16 -3.688400e-09 1.160072e-11
7.100000e-01 7.100000e-01 1.000000e+00 -1.560500e-05 1.560870e-05 7.287174e-16 -3.681200e-09 1.880073e-11
7.200000e-01 7.200000e-01 1.000000e+00 -1.565860e-05 1.566230e-05 7.386993e-16 -3.674300e-09 2.570074e-11
7.300000e-01 7.300000e-01 1.000000e+00 -1.571090e-05 1.571450e-05 7.486825e-16 -3.667800e-09 6.779925e-11
7.400000e-01 7.400000e-01 1.000000e+00 -1.576190e-05 1.576550e-05 7.586665e-16 -3.661500e-09 6.149924e-11
7.500000e-01 7.500000e-01 1.000000e+00 -1.581170e-05 1.581530e-05 7.686513e-16 -3.655500e-09 5.549923e-11
7.600000e-01 7.600000e-01 1.000000e+00 -1.586030e-05 1.586390e-05 7.786372e-16 -3.649800e-09 4.979922e-11
7.700000e-01 7.700000e-01 1.000000e+00 -1.590780e-05 1.591150e-05 7.886236e-16 -3.644300e-09 5.570079e-11
7.800000e-01 7.800000e-01 1.000000e+00 -1.595430e-05 1.595790e-05 7.986106e-16 -3.639100e-09 3.909920e-11
7.900000e-01 7.900000e-01 1.000000e+00 -1.599970e-05 1.600330e-05 8.085986e-16 -3.634000e-09 3.399919e-11
8.000000e-01 8.000000e-01 1.000000e+00 -1.604420e-05 1.604780e-05 8.185869e-16 -3.629200e-09 2.919918e-11
8.100000e-01 8.100000e-01 1.000000e+00 -1.608770e-05 1.609130e-05 8.285759e-16 -3.624500e-09 2.449917e-11
8.200000e-01 8.200000e-01 1.000000e+00 -1.613030e-05 1.613390e-05 8.385654e-16 -3.620000e-09 1.999916e-11
8.300000e-01 8.300000e-01 1.000000e+00 -1.617200e-05 1.617570e-05 8.485552e-16 -3.615700e-09 8.430085e-11
8.400000e-01 8.400000e-01 1.000000e+00 -1.621290e-05 1.621660e-05 8.585456e-16 -3.611600e-09 8.840086e-11
8.500000e-01 8.500000e-01 1.000000e+00 -1.625300e-05 1.625660e-05 8.685365e-16 -3.607600e-09 7.599131e-12
8.600000e-01 8.600000e-01 1.000000e+00 -1.629240e-05 1.629600e-05 8.785279e-16 -3.603700e-09 3.699121e-12
8.700000e-01 8.700000e-01 1.000000e+00 -1.633090e-05 1.633450e-05 8.885195e-16 -3.600000e-09 8.885172e-16
8.800000e-01 8.800000e-01 1.000000e+00 -1.636880e-05 1.637240e-05 8.985113e-16 -3.596400e-09 3.600899e-12
8.900000e-01 8.900000e-01 1.000000e+00 -1.640590e-05 1.640950e-05 9.085035e-16 -3.592900e-09 7.100909e-12
9.000000e-01 9.000000e-01 1.000000e+00 -1.644240e-05 1.644600e-05 9.184960e-16 -3.589600e-09 1.040092e-11
9.100000e-01 9.100000e-01 1.000000e+00 -1.647820e-05 1.648180e-05 9.284889e-16 -3.586300e-09 1.370093e-11
9.200000e-01 9.200000e-01 1.000000e+00 -1.651340e-05 1.651700e-05 9.384819e-16 -3.583200e-09 1.680094e-11
9.300000e-01 9.300000e-01 1.000000e+00 -1.654800e-05 1.655160e-05 9.484754e-16 -3.580100e-09 1.990095e-11
9.400000e-01 9.400000e-01 1.000000e+00 -1.658200e-05 1.658560e-05 9.584690e-16 -3.577200e-09 2.280096e-11
9.500000e-01 9.500000e-01 1.000000e+00 -1.661540e-05 1.661900e-05 9.684630e-16 -3.574300e-09 2.570097e-11
9.600000e-01 9.600000e-01 1.000000e+00 -1.664830e-05 1.665190e-05 9.784569e-16 -3.571500e-09 2.850098e-11
9.700000e-01 9.700000e-01 1.000000e+00 -1.668070e-05 1.668430e-05 9.884511e-16 -3.568800e-09 3.120099e-11
9.800000e-01 9.800000e-01 1.000000e+00 -1.671250e-05 1.671610e-05 9.984458e-16 -3.566200e-09 3.380100e-11
9.900000e-01 9.900000e-01 1.000000e+00 -1.674390e-05 1.674740e-05 1.008400e-15 -3.563700e-09 6.369899e-11
1.000000e+00 1.000000e+00 1.000000e+00 -1.677470e-05 1.677830e-05 1.018400e-15 -3.561200e-09 3.880102e-11
1.010000e+00 1.010000e+00 1.000000e+00 -1.680510e-05 1.680870e-05 1.028400e-15 -3.558800e-09 4.120103e-11
1.020000e+00 1.020000e+00 1.000000e+00 -1.683500e-05 1.683860e-05 1.038400e-15 -3.556400e-09 4.360104e-11
1.030000e+00 1.030000e+00 1.000000e+00 -1.686450e-05 1.686810e-05 1.048400e-15 -3.554200e-09 4.580105e-11
1.040000e+00 1.040000e+00 1.000000e+00 -1.689360e-05 1.689710e-05 1.058400e-15 -3.551900e-09 5.189894e-11
1.050000e+00 1.050000e+00 1.000000e+00 -1.692220e-05 1.692570e-05 1.068400e-15 -3.549800e-09 4.979893e-11
1.060000e+00 1.060000e+00 1.000000e+00 -1.695040e-05 1.695400e-05 1.078400e-15 -3.547600e-09 5.240108e-11
1.070000e+00 1.070000e+00 1.000000e+00 -1.697830e-05 1.698180e-05 1.088400e-15 -3.545600e-09 4.559891e-11
1.080000e+00 1.080000e+00 1.000000e+00 -1.700570e-05 1.700920e-05 1.098400e-15 -3.543600e-09 4.359890e-11
1.090000e+00 1.090000e+00 1.000000e+00 -1.703280e-05 1.703630e-05 1.108400e-15 -3.541600e-09 4.159889e-11
1.100000e+00 1.100000e+00 1.000000e+00 -1.705950e-05 1.706300e-05 1.118400e-15 -3.539700e-09 3.969888e-11
1.110000e+00 1.110000e+00 1.000000e+00 -1.708590e-05 1.708940e-05 1.128400e-15 -3.537800e-09 3.779887e-11
1.120000e+00 1.120000e+00 1.000000e+00 -1.711190e-05 1.711540e-05 1.138400e-15 -3.536000e-09 3.599886e-11
1.130000e+00 1.130000e+00 1.000000e+00 -1.713750e-05 1.714110e-05 1.148400e-15 -3.534200e-09 6.580115e-11
1.140000e+00 1.140000e+00 1.000000e+00 -1.716290e-05 1.716640e-05 1.158400e-15 -3.532400e-09 3.239884e-11
1.150000e+00 1.150000e+00 1.000000e+00 -1.718790e-05 1.719150e-05 1.168400e-15 -3.530700e-09 6.930117e-11
1.160000e+00 1.160000e+00 1.000000e+00 -1.721270e-05 1.721620e-05 1.178400e-15 -3.529000e-09 2.899882e-11
1.170000e+00 1.170000e+00 1.000000e+00 -1.723710e-05 1.724060e-05 1.188400e-15 -3.527400e-09 2.739881e-11
1.180000e+00 1.180000e+00 1.000000e+00 -1.726120e-05 1.726470e-05 1.198400e-15 -3.525800e-09 2.579880e-11
1.190000e+00 1.190000e+00 1.000000e+00 -1.728500e-05 1.728860e-05 1.208400e-15 -3.524200e-09 7.580121e-11
1.200000e+00 1.200000e+00 1.000000e+00 -1.730860e-05 1.731210e-05 1.218400e-15 -3.522600e-09 2.259878e-11
0.000000e+00 0.000000e+00 1.200000e+00 1.274830e-08 1.274830e-08 7.372600e-09 -3.286930e-08 1.000000e-13
1.000000e-02 1.000000e-02 1.200000e+00 -5.185185e-07 5.435228e-07 5.397900e-09 -3.040220e-08 9.926167e-23
2.000000e-02 2.000000e-02 1.200000e+00 -1.047900e-06 1.072400e-06 3.953400e-09 -2.847240e-08 1.900000e-11
3.000000e-02 3.000000e-02 1.200000e+00 -1.575300e-06 1.599300e-06 2.896600e-09 -2.693700e-08 4.040000e-11
4.000000e-02 4.000000e-02 1.200000e+00 -2.100600e-06 2.124100e-06 2.123100e-09 -2.569190e-08 6.880000e-11
5.000000e-02 5.000000e-02 1.200000e+00 -2.623600e-06 2.646700e-06 1.556800e-09 -2.466100e-08 4.200000e-12
6.000000e-02 6.000000e-02 1.200000e+00 -3.144200e-06 3.166900e-06 1.142100e-09 -2.378850e-08 5.360000e-11
7.000000e-02 7.000000e-02 1.200000e+00 -3.662200e-06 3.684400e-06 8.383968e-10 -2.303380e-08 4.596800e-12
8.000000e-02 8.000000e-02 1.200000e+00 -4.177500e-06 4.199300e-06 6.158308e-10 -2.236720e-08 4.863080e-11
9.000000e-02 9.000000e-02 1.200000e+00 -4.689900e-06 4.711200e-06 4.526821e-10 -2.176700e-08 1.431790e-11
1.000000e-01 1.000000e-01 1.200000e+00 -5.199000e-06 5.219900e-06 3.330358e-10 -2.121730e-08 1.573580e-11
1.100000e-01 1.100000e-01 1.200000e+00 -5.704900e-06 5.725300e-06 2.452478e-10 -2.070650e-08 6.125220e-11
1.200000e-01 1.200000e-01 1.200000e+00 -6.207100e-06 6.227100e-06 1.807975e-10 -2.022620e-08 4.540250e-11
1.300000e-01 1.300000e-01 1.200000e+00 -6.705500e-06 6.725200e-06 1.334489e-10 -1.977030e-08 6.314890e-11
1.400000e-01 1.400000e-01 1.200000e+00 -7.199900e-06 7.219100e-06 9.863720e-11 -1.933430e-08 3.566280e-11
1.500000e-01 1.500000e-01 1.200000e+00 -7.690100e-06 7.708900e-06 7.302000e-11 -1.891480e-08 4.178000e-11
1.600000e-01 1.600000e-01 1.200000e+00 -8.175700e-06 8.194200e-06 5.414990e-11 -1.850970e-08 4.444990e-11
1.700000e-01 1.700000e-01 1.200000e+00 -8.656700e-06 8.674700e-06 4.023380e-11 -1.811710e-08 7.686620e-11
1.800000e-01 1.800000e-01 1.200000e+00 -9.132700e-06 9.150400e-06 2.995790e-11 -1.773590e-08 5.942100e-12
1.900000e-01 1.900000e-01 1.200000e+00 -9.603600e-06 9.620900e-06 2.235880e-11 -1.736530e-08 4.294120e-11
2.000000e-01 2.000000e-01 1.200000e+00 -1.006910e-05 1.008610e-05 1.673030e-11 -1.700470e-08 1.203030e-11
2.100000e-01 2.100000e-01 1.200000e+00 -1.052920e-05 1.054580e-05 1.255370e-11 -1.665350e-08 4.094630e-11
2.200000e-01 2.200000e-01 1.200000e+00 -1.098350e-05 1.099980e-05 9.448400e-12 -1.631170e-08 2.251600e-12
2.300000e-01 2.300000e-01 1.200000e+00 -1.143190e-05 1.144790e-05 7.134600e-12 -1.597890e-08 2.823460e-11
2.400000e-01 2.400000e-01 1.200000e+00 -1.187430e-05 1.188990e-05 5.406400e-12 -1.565520e-08 4.979360e-11
2.500000e-01 2.500000e-01 1.200000e+00 -1.231050e-05 1.232580e-05 4.112300e-12 -1.534030e-08 3.618770e-11
2.600000e-01 2.600000e-01 1.200000e+00 -1.274040e-05 1.275540e-05 3.140500e-12 -1.503430e-08 3.115950e-11
2.700000e-01 2.700000e-01 1.200000e+00 -1.316390e-05 1.317860e-05 2.408600e-12 -1.473720e-08 3.479140e-11
2.800000e-01 2.800000e-01 1.200000e+00 -1.358080e-05 1.359530e-05 1.855600e-12 -1.444900e-08 5.285560e-11
2.900000e-01 2.900000e-01 1.200000e+00 -1.399120e-05 1.400530e-05 1.436300e-12 -1.416960e-08 6.816370e-11
3.000000e-01 3.000000e-01 1.200000e+00 -1.439490e-05 1.440870e-05 1.117300e-12 -1.389900e-08 9.788270e-11
3.100000e-01 3.100000e-01 1.200000e+00 -1.479180e-05 1.480540e-05 8.736282e-13 -1.363720e-08 3.632637e-11
3.200000e-01 3.200000e-01 1.200000e+00 -1.518190e-05 1.519530e-05 6.867575e-13 -1.338410e-08 1.658676e-11
3.300000e-01 3.300000e-01 1.200000e+00 -1.556510e-05 1.557820e-05 5.428528e-13 -1.313980e-08 3.925715e-11
3.400000e-01 3.400000e-01 1.200000e+00 -1.594140e-05 1.595430e-05 4.315534e-13 -1.290410e-08 3.668447e-12
3.500000e-01 3.500000e-01 1.200000e+00 -1.631080e-05 1.632350e-05 3.450845e-13 -1.267700e-08 2.334508e-11
3.600000e-01 3.600000e-01 1.200000e+00 -1.667320e-05 1.668560e-05 2.775947e-13 -1.245830e-08 5.802241e-11
3.700000e-01 3.700000e-01 1.200000e+00 -1.702850e-05 1.704080e-05 2.246672e-13 -1.224790e-08 5.232467e-11
3.800000e-01 3.800000e-01 1.200000e+00 -1.737680e-05 1.738880e-05 1.829578e-13 -1.204580e-08 4.561704e-11
3.900000e-01 3.900000e-01 1.200000e+00 -1.771800e-05 1.772990e-05 1.499256e-13 -1.185180e-08 4.834993e-11
4.000000e-01 4.000000e-01 1.200000e+00 -1.805210e-05 1.806380e-05 1.236337e-13 -1.166560e-08 3.452363e-11
4.100000e-01 4.100000e-01 1.200000e+00 -1.837910e-05 1.839050e-05 1.026004e-13 -1.148720e-08 8.709740e-11
4.200000e-01 4.200000e-01 1.200000e+00 -1.869890e-05 1.871020e-05 8.568760e-14 -1.131630e-08 1.621431e-11
4.300000e-01 4.300000e-01 1.200000e+00 -1.901150e-05 1.902270e-05 7.201790e-14 -1.115270e-08 4.737202e-11
4.400000e-01 4.400000e-01 1.200000e+00 -1.931710e-05 1.932810e-05 6.091290e-14 -1.099630e-08 3.760913e-12
4.500000e-01 4.500000e-01 1.200000e+00 -1.961540e-05 1.962630e-05 5.184470e-14 -1.084690e-08 5.315184e-11
4.600000e-01 4.600000e-01 1.200000e+00 -1.990670e-05 1.991740e-05 4.440210e-14 -1.070410e-08 4.055598e-12
4.700000e-01 4.700000e-01 1.200000e+00 -2.019090e-05 2.020140e-05 3.826270e-14 -1.056780e-08 6.776174e-11
4.800000e-01 4.800000e-01 1.200000e+00 -2.046800e-05 2.047840e-05 3.317300e-14 -1.043780e-08 3.776683e-11
4.900000e-01 4.900000e-01 1.200000e+00 -2.073800e-05 2.074840e-05 2.893240e-14 -1.031390e-08 8.612893e-11
5.000000e-01 5.000000e-01 1.200000e+00 -2.100120e-05 2.101140e-05 2.538240e-14 -1.019570e-08 4.325382e-12
5.100000e-01 5.100000e-01 1.200000e+00 -2.125750e-05 2.126750e-05 2.239610e-14 -1.008310e-08 8.307760e-11
5.200000e-01 5.200000e-01 1.200000e+00 -2.150690e-05 2.151690e-05 1.987230e-14 -9.975900e-09 2.411987e-11
5.300000e-01 5.300000e-01 1.200000e+00 -2.174970e-05 2.175960e-05 1.772970e-14 -9.873800e-09 2.621773e-11
5.400000e-01 5.400000e-01 1.200000e+00 -2.198590e-05 2.199560e-05 1.590250e-14 -9.776500e-09 7.648410e-11
5.500000e-01 5.500000e-01 1.200000e+00 -2.221550e-05 2.222520e-05 1.433750e-14 -9.684000e-09 1.601434e-11
5.600000e-01 5.600000e-01 1.200000e+00 -2.243880e-05 2.244840e-05 1.299150e-14 -9.595900e-09 4.112992e-12
5.700000e-01 5.700000e-01 1.200000e+00 -2.265590e-05 2.266540e-05 1.182900e-14 -9.512100e-09 1.208817e-11
5.800000e-01 5.800000e-01 1.200000e+00 -2.286690e-05 2.287630e-05 1.082110e-14 -9.432400e-09 3.238918e-11
5.900000e-01 5.900000e-01 1.200000e+00 -2.307190e-05 2.308120e-05 9.943800e-15 -9.356500e-09 5.649006e-11
6.000000e-01 6.000000e-01 1.200000e+00 -2.327100e-05 2.328030e-05 9.177400e-15 -9.284300e-09 1.570918e-11
6.100000e-01 6.100000e-01 1.200000e+00 -2.346450e-05 2.347380e-05 8.505500e-15 -9.215600e-09 8.440851e-11
6.200000e-01 6.200000e-01 1.200000e+00 -2.365250e-05 2.366170e-05 7.914400e-15 -9.150200e-09 4.980791e-11
6.300000e-01 6.300000e-01 1.200000e+00 -2.383510e-05 2.384420e-05 7.392600e-15 -9.088000e-09 1.200739e-11
6.400000e-01 6.400000e-01 1.200000e+00 -2.401250e-05 2.402160e-05 6.930500e-15 -9.028800e-09 7.120693e-11
6.500000e-01 6.500000e-01 1.200000e+00 -2.418490e-05 2.419390e-05 6.520200e-15 -8.972400e-09 2.760652e-11
6.600000e-01 6.600000e-01 1.200000e+00 -2.435230e-05 2.436130e-05 6.154600e-15 -8.918600e-09 8.140615e-11
6.700000e-01 6.700000e-01 1.200000e+00 -2.451500e-05 2.452390e-05 5.828000e-15 -8.867400e-09 3.260583e-11
6.800000e-01 6.800000e-01 1.200000e+00 -2.467320e-05 2.468200e-05 5.535400e-15 -8.818700e-09 1.869446e-11
6.900000e-01 6.900000e-01 1.200000e+00 -2.482680e-05 2.483560e-05 5.272700e-15 -8.772200e-09 2.780527e-11
7.000000e-01 7.000000e-01 1.200000e+00 -2.497620e-05 2.498500e-05 5.036200e-15 -8.727900e-09 7.210504e-11
7.100000e-01 7.100000e-01 1.200000e+00 -2.512150e-05 2.513020e-05 4.822800e-15 -8.685600e-09 1.440482e-11
7.200000e-01 7.200000e-01 1.200000e+00 -2.526270e-05 2.527140e-05 4.629800e-15 -8.645200e-09 5.480463e-11
7.300000e-01 7.300000e-01 1.200000e+00 -2.540010e-05 2.540870e-05 4.454900e-15 -8.606700e-09 6.695545e-12
7.400000e-01 7.400000e-01 1.200000e+00 -2.553380e-05 2.554240e-05 4.296100e-15 -8.570000e-09 3.000430e-11
7.500000e-01 7.500000e-01 1.200000e+00 -2.566390e-05 2.567240e-05 4.151500e-15 -8.534800e-09 3.479585e-11
7.600000e-01 7.600000e-01 1.200000e+00 -2.579050e-05 2.579900e-05 4.019800e-15 -8.501300e-09 1.295980e-12
7.700000e-01 7.700000e-01 1.200000e+00 -2.591380e-05 2.592230e-05 3.899500e-15 -8.469200e-09 3.080390e-11
7.800000e-01 7.800000e-01 1.200000e+00 -2.603390e-05 2.604230e-05 3.789500e-15 -8.438500e-09 3.849621e-11
7.900000e-01 7.900000e-01 1.200000e+00 -2.615080e-05 2.615920e-05 3.688700e-15 -8.409100e-09 9.096311e-12
8.000000e-01 8.000000e-01 1.200000e+00 -2.626480e-05 2.627320e-05 3.596200e-15 -8.380900e-09 1.910360e-11
8.100000e-01 8.100000e-01 1.200000e+00 -2.637590e-05 2.638430e-05 3.511300e-15 -8.354000e-09 4.600351e-11
8.200000e-01 8.200000e-01 1.200000e+00 -2.648430e-05 2.649260e-05 3.433200e-15 -8.328200e-09 2.819657e-11
8.300000e-01 8.300000e-01 1.200000e+00 -2.659000e-05 2.659830e-05 3.361300e-15 -8.303400e-09 3.396639e-12
8.400000e-01 8.400000e-01 1.200000e+00 -2.669310e-05 2.670130e-05 3.295000e-15 -8.279700e-09 7.969671e-11
8.500000e-01 8.500000e-01 1.200000e+00 -2.679370e-05 2.680200e-05 3.233800e-15 -8.256900e-09 4.310323e-11
8.600000e-01 8.600000e-01 1.200000e+00 -2.689190e-05 2.690020e-05 3.177300e-15 -8.235000e-09 6.500318e-11
8.700000e-01 8.700000e-01 1.200000e+00 -2.698790e-05 2.699610e-05 3.125100e-15 -8.214000e-09 1.399687e-11
8.800000e-01 8.800000e-01 1.200000e+00 -2.708160e-05 2.708980e-05 3.076700e-15 -8.193800e-09 6.203077e-12
8.900000e-01 8.900000e-01 1.200000e+00 -2.717320e-05 2.718140e-05 3.032000e-15 -8.174300e-09 2.570303e-11
9.000000e-01 9.000000e-01 1.200000e+00 -2.726270e-05 2.727090e-05 2.990600e-15 -8.155600e-09 4.440299e-11
9.100000e-01 9.100000e-01 1.200000e+00 -2.735020e-05 2.735840e-05 2.952100e-15 -8.137600e-09 6.240295e-11
9.200000e-01 9.200000e-01 1.200000e+00 -2.743580e-05 2.744400e-05 2.916500e-15 -8.120300e-09 7.970292e-11
9.300000e-01 9.300000e-01 1.200000e+00 -2.751960e-05 2.752770e-05 2.883500e-15 -8.103600e-09 3.597117e-12
9.400000e-01 9.400000e-01 1.200000e+00 -2.760160e-05 2.760970e-05 2.852800e-15 -8.087500e-09 1.250285e-11
9.500000e-01 9.500000e-01 1.200000e+00 -2.768180e-05 2.768990e-05 2.824400e-15 -8.072000e-09 2.800282e-11
9.600000e-01 9.600000e-01 1.200000e+00 -2.776040e-05 2.776850e-05 2.798000e-15 -8.057000e-09 4.300280e-11
9.700000e-01 9.700000e-01 1.200000e+00 -2.783740e-05 2.784540e-05 2.773400e-15 -8.042600e-09 4.259723e-11
9.800000e-01 9.800000e-01 1.200000e+00 -2.791280e-05 2.792090e-05 2.750700e-15 -8.028600e-09 7.140275e-11
9.900000e-01 9.900000e-01 1.200000e+00 -2.798680e-05 2.799480e-05 2.729600e-15 -8.015200e-09 1.519727e-11
1.000000e+00 1.000000e+00 1.200000e+00 -2.805920e-05 2.806720e-05 2.710000e-15 -8.002100e-09 2.097290e-12
1.010000e+00 1.010000e+00 1.200000e+00 -2.813030e-05 2.813830e-05 2.691900e-15 -7.989500e-09 1.050269e-11
1.020000e+00 1.020000e+00 1.200000e+00 -2.820000e-05 2.820800e-05 2.675000e-15 -7.977300e-09 2.270268e-11
1.030000e+00 1.030000e+00 1.200000e+00 -2.826840e-05 2.827640e-05 2.659500e-15 -7.965500e-09 3.450266e-11
1.040000e+00 1.040000e+00 1.200000e+00 -2.833560e-05 2.834350e-05 2.645000e-15 -7.954100e-09 5.409735e-11
1.050000e+00 1.050000e+00 1.200000e+00 -2.840150e-05 2.840940e-05 2.631700e-15 -7.943000e-09 4.299737e-11
1.060000e+00 1.060000e+00 1.200000e+00 -2.846620e-05 2.847410e-05 2.619400e-15 -7.932300e-09 3.229738e-11
1.070000e+00 1.070000e+00 1.200000e+00 -2.852970e-05 2.853770e-05 2.608100e-15 -7.921900e-09 7.810261e-11
1.080000e+00 1.080000e+00 1.200000e+00 -2.859220e-05 2.860010e-05 2.597700e-15 -7.911800e-09 1.179740e-11
1.090000e+00 1.090000e+00 1.200000e+00 -2.865360e-05 2.866150e-05 2.588100e-15 -7.902000e-09 1.997412e-12
1.100000e+00 1.100000e+00 1.200000e+00 -2.871390e-05 2.872180e-05 2.579300e-15 -7.892500e-09 7.502579e-12
1.110000e+00 1.110000e+00 1.200000e+00 -2.877320e-05 2.878110e-05 2.571200e-15 -7.883200e-09 1.680257e-11
1.120000e+00 1.120000e+00 1.200000e+00 -2.883150e-05 2.883940e-05 2.563900e-15 -7.874300e-09 2.570256e-11
1.130000e+00 1.130000e+00 1.200000e+00 -2.888890e-05 2.889670e-05 2.557300e-15 -7.865500e-09 6.549744e-11
1.140000e+00 1.140000e+00 1.200000e+00 -2.894530e-05 2.895310e-05 2.551200e-15 -7.857000e-09 5.699745e-11
1.150000e+00 1.150000e+00 1.200000e+00 -2.900080e-05 2.900870e-05 2.545800e-15 -7.848800e-09 5.120255e-11
1.160000e+00 1.160000e+00 1.200000e+00 -2.905550e-05 2.906330e-05 2.541000e-15 -7.840800e-09 4.079746e-11
1.170000e+00 1.170000e+00 1.200000e+00 -2.910930e-05 2.911710e-05 2.536600e-15 -7.832900e-09 3.289746e-11
1.180000e+00 1.180000e+00 1.200000e+00 -2.916220e-05 2.917010e-05 2.532800e-15 -7.825300e-09 7.470253e-11
1.190000e+00 1.190000e+00 1.200000e+00 -2.921440e-05 2.922220e-05 2.529500e-15 -7.817900e-09 1.789747e-11
1.200000e+00 1.200000e+00 1.200000e+00 -2.926580e-05 2.927360e-05 2.526600e-15 -7.810700e-09 1.069747e-11