 v-sweep         v(drain_iv)     v(gate_iv)      id              is              ib              ig              kcl            
 0.00000000e+00  0.00000000e+00  0.00000000e+00  0.00000000e+00  0.00000000e+00  0.00000000e+00  0.00000000e+00  0.00000000e+00 
 1.00000000e-01  1.00000000e-01  0.00000000e+00 -5.17967005e-14  5.16967005e-14  1.00000000e-16  0.00000000e+00  8.25838760e-31 
 2.00000000e-01  2.00000000e-01  0.00000000e+00 -1.37100702e-14  1.35100702e-14  2.00000000e-16  0.00000000e+00  1.65167752e-30 
 3.00000000e-01  3.00000000e-01  0.00000000e+00 -1.44716322e-14  1.41716322e-14  3.00000000e-16  0.00000000e+00  7.39557099e-31 
 4.00000000e-01  4.00000000e-01  0.00000000e+00 -1.52080472e-14  1.48080472e-14  4.00000000e-16  0.00000000e+00  1.47911420e-31 
 5.00000000e-01  5.00000000e-01  0.00000000e+00 -1.59339749e-14  1.54339749e-14  5.00000000e-16  0.00000000e+00  9.86076132e-31 
 6.00000000e-01  6.00000000e-01  0.00000000e+00 -1.66538781e-14  1.60538781e-14  6.00000000e-16  0.00000000e+00  1.28189897e-30 
 7.00000000e-01  7.00000000e-01  0.00000000e+00 -1.73698322e-14  1.66698322e-14  7.00000000e-16  0.00000000e+00  4.93038066e-31 
 8.00000000e-01  8.00000000e-01  0.00000000e+00 -1.80830259e-14  1.72830259e-14  8.00000000e-16  0.00000000e+00  3.94430453e-31 
 9.00000000e-01  9.00000000e-01  0.00000000e+00 -1.87942228e-14  1.78942228e-14  9.00000000e-16  0.00000000e+00  1.18329136e-30 
 1.00000000e+00  1.00000000e+00  0.00000000e+00 -1.95039559e-14  1.85039559e-14  1.00000000e-15  0.00000000e+00  9.86076132e-31 
 1.10000000e+00  1.10000000e+00  0.00000000e+00 -2.02126434e-14  1.91126434e-14  1.10000000e-15  0.00000000e+00  1.97215226e-31 
 1.20000000e+00  1.20000000e+00  0.00000000e+00 -2.09206961e-14  1.97206961e-14  1.20000000e-15  0.00000000e+00  5.91645679e-31 
 0.00000000e+00  0.00000000e+00  2.00000000e-01  0.00000000e+00  0.00000000e+00  0.00000000e+00  0.00000000e+00  0.00000000e+00 
 1.00000000e-01  1.00000000e-01  2.00000000e-01 -1.79584649e-11  1.79583649e-11  1.00000000e-16  0.00000000e+00  4.34625381e-28 
 2.00000000e-01  2.00000000e-01  2.00000000e-01 -1.91107090e-11  1.91105090e-11  2.00000000e-16  0.00000000e+00  8.69250762e-28 
 3.00000000e-01  3.00000000e-01  2.00000000e-01 -2.00466107e-11  2.00463107e-11  3.00000000e-16  0.00000000e+00  1.30393777e-27 
 4.00000000e-01  4.00000000e-01  2.00000000e-01 -2.09469410e-11  2.09465410e-11  4.00000000e-16  0.00000000e+00  1.49267274e-27 
 5.00000000e-01  5.00000000e-01  2.00000000e-01 -2.18324366e-11  2.18319366e-11  5.00000000e-16  0.00000000e+00  1.05805969e-27 
 6.00000000e-01  6.00000000e-01  2.00000000e-01 -2.27094102e-11  2.27088102e-11  6.00000000e-16  0.00000000e+00  6.23495938e-28 
 7.00000000e-01  7.00000000e-01  2.00000000e-01 -2.35807977e-11  2.35800977e-11  7.00000000e-16  0.00000000e+00  1.88833579e-28 
 8.00000000e-01  8.00000000e-01  2.00000000e-01 -2.44482804e-11  2.44474804e-11  8.00000000e-16  0.00000000e+00  2.45730172e-28 
 9.00000000e-01  9.00000000e-01  2.00000000e-01 -2.53129385e-11  2.53120385e-11  9.00000000e-16  0.00000000e+00  6.80392531e-28 
 1.00000000e+00  1.00000000e+00  2.00000000e-01 -2.61755260e-11  2.61745260e-11  1.00000000e-15  0.00000000e+00  1.11485767e-27 
 1.10000000e+00  1.10000000e+00  2.00000000e-01 -2.70366346e-11  2.70355346e-11  1.10000000e-15  0.00000000e+00  1.68165423e-27 
 1.20000000e+00  1.20000000e+00  2.00000000e-01 -2.78968452e-11  2.78956452e-11  1.20000000e-15  0.00000000e+00  1.24699188e-27 
 0.00000000e+00  0.00000000e+00  4.00000000e-01  0.00000000e+00  0.00000000e+00  0.00000000e+00  0.00000000e+00  0.00000000e+00 
 1.00000000e-01  1.00000000e-01  4.00000000e-01 -2.31682914e-08  2.31682913e-08  1.00000000e-16  0.00000000e+00  1.62248411e-24 
 2.00000000e-01  2.00000000e-01  4.00000000e-01 -2.46512706e-08  2.46512704e-08  2.00000000e-16  0.00000000e+00  6.37542346e-26 
 3.00000000e-01  3.00000000e-01  4.00000000e-01 -2.58536271e-08  2.58536268e-08  3.00000000e-16  0.00000000e+00  1.55872993e-24 
 4.00000000e-01  4.00000000e-01  4.00000000e-01 -2.70099261e-08  2.70099257e-08  4.00000000e-16  0.00000000e+00  1.27508469e-25 
 5.00000000e-01  5.00000000e-01  4.00000000e-01 -2.81470148e-08  2.81470143e-08  5.00000000e-16  0.00000000e+00  1.81374682e-24 
 6.00000000e-01  6.00000000e-01  4.00000000e-01 -2.92730608e-08  2.92730602e-08  6.00000000e-16  0.00000000e+00  1.91262778e-25 
 7.00000000e-01  7.00000000e-01  4.00000000e-01 -3.03918626e-08  3.03918619e-08  7.00000000e-16  0.00000000e+00  1.43122137e-24 
 8.00000000e-01  8.00000000e-01  4.00000000e-01 -3.15055958e-08  3.15055950e-08  8.00000000e-16  0.00000000e+00  2.55017037e-25 
 9.00000000e-01  9.00000000e-01  4.00000000e-01 -3.26156584e-08  3.26156575e-08  9.00000000e-16  0.00000000e+00  1.94125534e-24 
 1.00000000e+00  1.00000000e+00  4.00000000e-01 -3.37230263e-08  3.37230253e-08  1.00000000e-15  0.00000000e+00  3.62749385e-24 
 1.10000000e+00  1.10000000e+00  4.00000000e-01 -3.48284652e-08  3.48284641e-08  1.10000000e-15  0.00000000e+00  1.30371275e-24 
 1.20000000e+00  1.20000000e+00  4.00000000e-01 -3.59327256e-08  3.59327244e-08  1.20000000e-15  0.00000000e+00  6.99997046e-24 
 0.00000000e+00  0.00000000e+00  6.00000000e-01  0.00000000e+00  0.00000000e+00  0.00000000e+00  0.00000000e+00  0.00000000e+00 
 1.00000000e-01  1.00000000e-01  6.00000000e-01 -9.53771862e-06  9.53771862e-06  1.00000000e-16  0.00000000e+00  7.09752843e-22 
 2.00000000e-01  2.00000000e-01  6.00000000e-01 -1.02216141e-05  1.02216141e-05  2.00000000e-16  0.00000000e+00  1.41950569e-21 
 3.00000000e-01  3.00000000e-01  6.00000000e-01 -1.05345079e-05  1.05345079e-05  3.00000000e-16  0.00000000e+00  4.35192633e-22 
 4.00000000e-01  4.00000000e-01  6.00000000e-01 -1.08112634e-05  1.08112634e-05  4.00000000e-16  0.00000000e+00  5.49120418e-22 
 5.00000000e-01  5.00000000e-01  6.00000000e-01 -1.10749868e-05  1.10749868e-05  5.00000000e-16  0.00000000e+00  1.60632424e-22 
 6.00000000e-01  6.00000000e-01  6.00000000e-01 -1.13312933e-05  1.13312933e-05  6.00000000e-16  0.00000000e+00  8.23680627e-22 
 7.00000000e-01  7.00000000e-01  6.00000000e-01 -1.15825809e-05  1.15825809e-05  7.00000000e-16  0.00000000e+00  1.13927785e-22 
 8.00000000e-01  8.00000000e-01  6.00000000e-01 -1.18301861e-05  1.18301861e-05  8.00000000e-16  0.00000000e+00  5.95825058e-22 
 9.00000000e-01  9.00000000e-01  6.00000000e-01 -1.20749623e-05  1.20749623e-05  9.00000000e-16  0.00000000e+00  3.88487994e-22 
 1.00000000e+00  1.00000000e+00  6.00000000e-01 -1.23175021e-05  1.23175021e-05  1.00000000e-15  0.00000000e+00  1.37280105e-21 
 1.10000000e+00  1.10000000e+00  6.00000000e-01 -1.25582492e-05  1.25582492e-05  1.10000000e-15  0.00000000e+00  6.63048203e-22 
 1.20000000e+00  1.20000000e+00  6.00000000e-01 -1.27975802e-05  1.27975802e-05  1.20000000e-15  0.00000000e+00  4.67046399e-23 
 0.00000000e+00  0.00000000e+00  8.00000000e-01  0.00000000e+00  0.00000000e+00  0.00000000e+00  0.00000000e+00  0.00000000e+00 
 1.00000000e-01  1.00000000e-01  8.00000000e-01 -8.26417948e-05  8.26417948e-05  1.00000000e-16  0.00000000e+00  9.45464252e-21 
 2.00000000e-01  2.00000000e-01  8.00000000e-01 -1.22537554e-04  1.22537554e-04  2.00000000e-16  0.00000000e+00  8.19576926e-21 
 3.00000000e-01  3.00000000e-01  8.00000000e-01 -1.32995179e-04  1.32995179e-04  3.00000000e-16  0.00000000e+00  1.25887326e-21 
 4.00000000e-01  4.00000000e-01  8.00000000e-01 -1.35994907e-04  1.35994907e-04  4.00000000e-16  0.00000000e+00  1.63915385e-20 
 5.00000000e-01  5.00000000e-01  8.00000000e-01 -1.38015741e-04  1.38015741e-04  5.00000000e-16  0.00000000e+00  2.01681583e-20 
 6.00000000e-01  6.00000000e-01  8.00000000e-01 -1.39764726e-04  1.39764726e-04  6.00000000e-16  0.00000000e+00  2.51774652e-21 
 7.00000000e-01  7.00000000e-01  8.00000000e-01 -1.41375122e-04  1.41375122e-04  7.00000000e-16  0.00000000e+00  1.19723890e-20 
 8.00000000e-01  8.00000000e-01  8.00000000e-01 -1.42894984e-04  1.42894984e-04  8.00000000e-16  0.00000000e+00  5.67802274e-21 
 9.00000000e-01  9.00000000e-01  8.00000000e-01 -1.44348950e-04  1.44348950e-04  9.00000000e-16  0.00000000e+00  3.77661978e-21 
 1.00000000e+00  1.00000000e+00  8.00000000e-01 -1.45752132e-04  1.45752132e-04  1.00000000e-15  0.00000000e+00  1.38737920e-20 
 1.10000000e+00  1.10000000e+00  8.00000000e-01 -1.47114762e-04  1.47114762e-04  1.10000000e-15  0.00000000e+00  4.41914948e-21 
 1.20000000e+00  1.20000000e+00  8.00000000e-01 -1.48444263e-04  1.48444263e-04  1.20000000e-15  0.00000000e+00  5.03549304e-21 
 0.00000000e+00  0.00000000e+00  1.00000000e+00  0.00000000e+00  0.00000000e+00  0.00000000e+00  0.00000000e+00  0.00000000e+00 
 1.00000000e-01  1.00000000e-01  1.00000000e+00 -1.57389377e-04  1.57389377e-04  1.00000000e-16  0.00000000e+00  9.45464252e-21 
 2.00000000e-01  2.00000000e-01  1.00000000e+00 -2.68746437e-04  2.68746437e-04  2.00000000e-16  0.00000000e+00  1.89092850e-20 
 3.00000000e-01  3.00000000e-01  1.00000000e+00 -3.35890993e-04  3.35890993e-04  3.00000000e-16  0.00000000e+00  1.25887326e-21 
 4.00000000e-01  4.00000000e-01  1.00000000e+00 -3.65262942e-04  3.65262942e-04  4.00000000e-16  0.00000000e+00  1.63915385e-20 
 5.00000000e-01  5.00000000e-01  1.00000000e+00 -3.75178886e-04  3.75178886e-04  5.00000000e-16  0.00000000e+00  2.01681583e-20 
 6.00000000e-01  6.00000000e-01  1.00000000e+00 -3.80416923e-04  3.80416923e-04  6.00000000e-16  0.00000000e+00  2.51774652e-21 
 7.00000000e-01  7.00000000e-01  1.00000000e+00 -3.84504418e-04  3.84504418e-04  7.00000000e-16  0.00000000e+00  1.51326653e-20 
 8.00000000e-01  8.00000000e-01  1.00000000e+00 -3.88092718e-04  3.88092718e-04  8.00000000e-16  0.00000000e+00  3.27830771e-20 
 9.00000000e-01  9.00000000e-01  1.00000000e+00 -3.91378374e-04  3.91378374e-04  9.00000000e-16  0.00000000e+00  3.77661978e-21 
 1.00000000e+00  1.00000000e+00  1.00000000e+00 -3.94451241e-04  3.94451241e-04  1.00000000e-15  0.00000000e+00  1.38737920e-20 
 1.10000000e+00  1.10000000e+00  1.00000000e+00 -3.97363069e-04  3.97363069e-04  1.10000000e-15  0.00000000e+00  2.26859048e-20 
 1.20000000e+00  1.20000000e+00  1.00000000e+00 -4.00147658e-04  4.00147658e-04  1.20000000e-15  0.00000000e+00  5.03549304e-21 
 0.00000000e+00  0.00000000e+00  1.20000000e+00  0.00000000e+00  0.00000000e+00  0.00000000e+00  0.00000000e+00  0.00000000e+00 
 1.00000000e-01  1.00000000e-01  1.20000000e+00 -2.24885797e-04  2.24885797e-04  1.00000000e-16  0.00000000e+00  9.45464252e-21 
 2.00000000e-01  2.00000000e-01  1.20000000e+00 -4.03864784e-04  4.03864784e-04  2.00000000e-16  0.00000000e+00  3.53008236e-20 
 3.00000000e-01  3.00000000e-01  1.20000000e+00 -5.37927620e-04  5.37927620e-04  3.00000000e-16  0.00000000e+00  1.07161344e-19 
 4.00000000e-01  4.00000000e-01  1.20000000e+00 -6.28482460e-04  6.28482460e-04  4.00000000e-16  0.00000000e+00  7.06016472e-20 
 5.00000000e-01  5.00000000e-01  1.20000000e+00 -6.79085008e-04  6.79085008e-04  5.00000000e-16  0.00000000e+00  3.40419503e-20 
 6.00000000e-01  6.00000000e-01  1.20000000e+00 -7.01159625e-04  7.01159625e-04  6.00000000e-16  0.00000000e+00  2.51774652e-21 
 7.00000000e-01  7.00000000e-01  1.20000000e+00 -7.11777167e-04  7.11777167e-04  7.00000000e-16  0.00000000e+00  3.90774434e-20 
 8.00000000e-01  8.00000000e-01  1.20000000e+00 -7.19192454e-04  7.19192454e-04  8.00000000e-16  0.00000000e+00  3.27830771e-20 
 9.00000000e-01  9.00000000e-01  1.20000000e+00 -7.25389432e-04  7.25389432e-04  9.00000000e-16  0.00000000e+00  3.77661978e-21 
 1.00000000e+00  1.00000000e+00  1.20000000e+00 -7.30910850e-04  7.30910850e-04  1.00000000e-15  0.00000000e+00  4.03363166e-20 
 1.10000000e+00  1.10000000e+00  1.20000000e+00 -7.35977448e-04  7.35977448e-04  1.10000000e-15  0.00000000e+00  3.15242038e-20 
 1.20000000e+00  1.20000000e+00  1.20000000e+00 -7.40707577e-04  7.40707577e-04  1.20000000e-15  0.00000000e+00  1.03384724e-19 
