 v-sweep         v(drain_iv)     v(gate_iv)      id              is              ib              ig              kcl            
 0.00000000e+00  0.00000000e+00  0.00000000e+00  0.00000000e+00  0.00000000e+00  0.00000000e+00  0.00000000e+00  0.00000000e+00 
 1.00000000e-01  1.00000000e-01  0.00000000e+00 -6.17030050e-13  6.16930050e-13  1.00000000e-16  0.00000000e+00  3.07285974e-29 
 2.00000000e-01  2.00000000e-01  0.00000000e+00 -1.72405693e-13  1.72205693e-13  2.00000000e-16  0.00000000e+00  1.09700970e-29 
 3.00000000e-01  3.00000000e-01  0.00000000e+00 -1.80693731e-13  1.80393731e-13  3.00000000e-16  0.00000000e+00  8.72677376e-30 
 4.00000000e-01  4.00000000e-01  0.00000000e+00 -1.88563322e-13  1.88163322e-13  4.00000000e-16  0.00000000e+00  2.19401939e-29 
 5.00000000e-01  5.00000000e-01  0.00000000e+00 -1.96246189e-13  1.95746189e-13  5.00000000e-16  0.00000000e+00  2.16936749e-30 
 6.00000000e-01  6.00000000e-01  0.00000000e+00 -2.03818912e-13  2.03218912e-13  6.00000000e-16  0.00000000e+00  7.59278621e-30 
 7.00000000e-01  7.00000000e-01  0.00000000e+00 -2.11318566e-13  2.10618566e-13  7.00000000e-16  0.00000000e+00  1.31148125e-29 
 8.00000000e-01  8.00000000e-01  0.00000000e+00 -2.18766648e-13  2.17966648e-13  8.00000000e-16  0.00000000e+00  6.70531769e-30 
 9.00000000e-01  9.00000000e-01  0.00000000e+00 -2.26176949e-13  2.25276949e-13  9.00000000e-16  0.00000000e+00  1.18329136e-30 
 1.00000000e+00  1.00000000e+00  0.00000000e+00 -2.33558990e-13  2.32558990e-13  1.00000000e-15  0.00000000e+00  4.14151975e-30 
 1.10000000e+00  1.10000000e+00  0.00000000e+00 -2.40919988e-13  2.39819988e-13  1.10000000e-15  0.00000000e+00  1.55800029e-29 
 1.20000000e+00  1.20000000e+00  0.00000000e+00 -2.48266481e-13  2.47066481e-13  1.20000000e-15  0.00000000e+00  3.53015255e-29 
 0.00000000e+00  0.00000000e+00  2.00000000e-01  0.00000000e+00  0.00000000e+00  0.00000000e+00  0.00000000e+00  0.00000000e+00 
 1.00000000e-01  1.00000000e-01  2.00000000e-01 -1.24320803e-10  1.24320703e-10  1.00000000e-16  0.00000000e+00  1.98216710e-26 
 2.00000000e-01  2.00000000e-01  2.00000000e-01 -1.32366337e-10  1.32366137e-10  2.00000000e-16  0.00000000e+00  1.20554463e-26 
 3.00000000e-01  3.00000000e-01  2.00000000e-01 -1.38660139e-10  1.38659839e-10  3.00000000e-16  0.00000000e+00  7.76628631e-27 
 4.00000000e-01  4.00000000e-01  2.00000000e-01 -1.44632298e-10  1.44631898e-10  4.00000000e-16  0.00000000e+00  2.41108926e-26 
 5.00000000e-01  5.00000000e-01  2.00000000e-01 -1.50460931e-10  1.50460431e-10  5.00000000e-16  0.00000000e+00  4.28923396e-27 
 6.00000000e-01  6.00000000e-01  2.00000000e-01 -1.56204901e-10  1.56204301e-10  6.00000000e-16  0.00000000e+00  1.03170187e-26 
 7.00000000e-01  7.00000000e-01  2.00000000e-01 -1.61892706e-10  1.61892006e-10  7.00000000e-16  0.00000000e+00  9.50468922e-27 
 8.00000000e-01  8.00000000e-01  2.00000000e-01 -1.67540870e-10  1.67540070e-10  8.00000000e-16  0.00000000e+00  2.23724897e-26 
 9.00000000e-01  9.00000000e-01  2.00000000e-01 -1.73159993e-10  1.73159093e-10  9.00000000e-16  0.00000000e+00  2.32986124e-26 
 1.00000000e+00  1.00000000e+00  2.00000000e-01 -1.78757394e-10  1.78756394e-10  1.00000000e-15  0.00000000e+00  8.57866513e-27 
 1.10000000e+00  1.10000000e+00  2.00000000e-01 -1.84338619e-10  1.84337519e-10  1.10000000e-15  0.00000000e+00  1.12430428e-26 
 1.20000000e+00  1.20000000e+00  2.00000000e-01 -1.89908696e-10  1.89907496e-10  1.20000000e-15  0.00000000e+00  5.21535666e-27 
 0.00000000e+00  0.00000000e+00  4.00000000e-01  0.00000000e+00  0.00000000e+00  0.00000000e+00  0.00000000e+00  0.00000000e+00 
 1.00000000e-01  1.00000000e-01  4.00000000e-01 -8.64567779e-08  8.64567778e-08  1.00000000e-16  0.00000000e+00  4.93120656e-24 
 2.00000000e-01  2.00000000e-01  4.00000000e-01 -9.20389967e-08  9.20389965e-08  2.00000000e-16  0.00000000e+00  3.37247668e-24 
 3.00000000e-01  3.00000000e-01  4.00000000e-01 -9.63938299e-08  9.63938296e-08  3.00000000e-16  0.00000000e+00  1.16761599e-23 
 4.00000000e-01  4.00000000e-01  4.00000000e-01 -1.00523963e-07  1.00523963e-07  4.00000000e-16  0.00000000e+00  6.48993643e-24 
 5.00000000e-01  5.00000000e-01  4.00000000e-01 -1.04553858e-07  1.04553858e-07  5.00000000e-16  0.00000000e+00  1.81374682e-24 
 6.00000000e-01  6.00000000e-01  4.00000000e-01 -1.08524604e-07  1.08524604e-07  6.00000000e-16  0.00000000e+00  3.11745967e-24 
 7.00000000e-01  7.00000000e-01  4.00000000e-01 -1.12456090e-07  1.12456089e-07  7.00000000e-16  0.00000000e+00  5.18622353e-24 
 8.00000000e-01  8.00000000e-01  4.00000000e-01 -1.16359847e-07  1.16359846e-07  8.00000000e-16  0.00000000e+00  1.34899068e-23 
 9.00000000e-01  9.00000000e-01  4.00000000e-01 -1.20243273e-07  1.20243272e-07  9.00000000e-16  0.00000000e+00  8.55870024e-24 
 1.00000000e+00  1.00000000e+00  4.00000000e-01 -1.24111476e-07  1.24111475e-07  1.00000000e-15  0.00000000e+00  2.28422858e-23 
 1.10000000e+00  1.10000000e+00  4.00000000e-01 -1.27968328e-07  1.27968327e-07  1.10000000e-15  0.00000000e+00  1.30371275e-24 
 1.20000000e+00  1.20000000e+00  4.00000000e-01 -1.31817330e-07  1.31817329e-07  1.20000000e-15  0.00000000e+00  6.23491934e-24 
 0.00000000e+00  0.00000000e+00  6.00000000e-01  0.00000000e+00  0.00000000e+00  0.00000000e+00  0.00000000e+00  0.00000000e+00 
 1.00000000e-01  1.00000000e-01  6.00000000e-01 -2.27577800e-05  2.27577800e-05  1.00000000e-16  0.00000000e+00  7.09752843e-22 
 2.00000000e-01  2.00000000e-01  6.00000000e-01 -2.45166122e-05  2.45166122e-05  2.00000000e-16  0.00000000e+00  1.96862610e-21 
 3.00000000e-01  3.00000000e-01  6.00000000e-01 -2.53037908e-05  2.53037908e-05  3.00000000e-16  0.00000000e+00  1.25887326e-21 
 4.00000000e-01  4.00000000e-01  6.00000000e-01 -2.59850984e-05  2.59850984e-05  4.00000000e-16  0.00000000e+00  5.49120418e-22 
 5.00000000e-01  5.00000000e-01  6.00000000e-01 -2.66256071e-05  2.66256071e-05  5.00000000e-16  0.00000000e+00  1.60632424e-22 
 6.00000000e-01  6.00000000e-01  6.00000000e-01 -2.72426893e-05  2.72426893e-05  6.00000000e-16  0.00000000e+00  8.70385267e-22 
 7.00000000e-01  7.00000000e-01  6.00000000e-01 -2.78440969e-05  2.78440969e-05  7.00000000e-16  0.00000000e+00  1.80799368e-21 
 8.00000000e-01  8.00000000e-01  6.00000000e-01 -2.84341799e-05  2.84341799e-05  8.00000000e-16  0.00000000e+00  1.09824084e-21 
 9.00000000e-01  9.00000000e-01  6.00000000e-01 -2.90156908e-05  2.90156908e-05  9.00000000e-16  0.00000000e+00  3.88487994e-22 
 1.00000000e+00  1.00000000e+00  6.00000000e-01 -2.95905095e-05  2.95905095e-05  1.00000000e-15  0.00000000e+00  3.21264849e-22 
 1.10000000e+00  1.10000000e+00  6.00000000e-01 -3.01600117e-05  3.01600117e-05  1.10000000e-15  0.00000000e+00  1.03101769e-21 
 1.20000000e+00  1.20000000e+00  6.00000000e-01 -3.07253173e-05  3.07253173e-05  1.20000000e-15  0.00000000e+00  1.74077053e-21 
 0.00000000e+00  0.00000000e+00  8.00000000e-01  0.00000000e+00  0.00000000e+00  0.00000000e+00  0.00000000e+00  0.00000000e+00 
 1.00000000e-01  1.00000000e-01  8.00000000e-01 -1.95533472e-04  1.95533472e-04  1.00000000e-16  0.00000000e+00  9.45464252e-21 
 2.00000000e-01  2.00000000e-01  8.00000000e-01 -2.91355667e-04  2.91355667e-04  2.00000000e-16  0.00000000e+00  1.89092850e-20 
 3.00000000e-01  3.00000000e-01  8.00000000e-01 -3.17824438e-04  3.17824438e-04  3.00000000e-16  0.00000000e+00  1.25887326e-21 
 4.00000000e-01  4.00000000e-01  8.00000000e-01 -3.25869855e-04  3.25869855e-04  4.00000000e-16  0.00000000e+00  1.63915385e-20 
 5.00000000e-01  5.00000000e-01  8.00000000e-01 -3.31195058e-04  3.31195058e-04  5.00000000e-16  0.00000000e+00  2.01681583e-20 
 6.00000000e-01  6.00000000e-01  8.00000000e-01 -3.35683418e-04  3.35683418e-04  6.00000000e-16  0.00000000e+00  2.51774652e-21 
 7.00000000e-01  7.00000000e-01  8.00000000e-01 -3.39735982e-04  3.39735982e-04  7.00000000e-16  0.00000000e+00  1.51326653e-20 
 8.00000000e-01  8.00000000e-01  8.00000000e-01 -3.43507940e-04  3.43507940e-04  8.00000000e-16  0.00000000e+00  3.27830771e-20 
 9.00000000e-01  9.00000000e-01  8.00000000e-01 -3.47080190e-04  3.47080190e-04  9.00000000e-16  0.00000000e+00  3.77661978e-21 
 1.00000000e+00  1.00000000e+00  8.00000000e-01 -3.50501869e-04  3.50501869e-04  1.00000000e-15  0.00000000e+00  4.03363166e-20 
 1.10000000e+00  1.10000000e+00  8.00000000e-01 -3.53805627e-04  3.53805627e-04  1.10000000e-15  0.00000000e+00  2.26859048e-20 
 1.20000000e+00  1.20000000e+00  8.00000000e-01 -3.57014609e-04  3.57014609e-04  1.20000000e-15  0.00000000e+00  5.03549304e-21 
 0.00000000e+00  0.00000000e+00  1.00000000e+00  0.00000000e+00  0.00000000e+00  0.00000000e+00  0.00000000e+00  0.00000000e+00 
 1.00000000e-01  1.00000000e-01  1.00000000e+00 -3.68810230e-04  3.68810230e-04  1.00000000e-16  0.00000000e+00  1.76504118e-20 
 2.00000000e-01  2.00000000e-01  1.00000000e+00 -6.30282679e-04  6.30282679e-04  2.00000000e-16  0.00000000e+00  3.53008236e-20 
 3.00000000e-01  3.00000000e-01  1.00000000e+00 -7.89078764e-04  7.89078764e-04  3.00000000e-16  0.00000000e+00  1.25887326e-21 
 4.00000000e-01  4.00000000e-01  1.00000000e+00 -8.60351217e-04  8.60351217e-04  4.00000000e-16  0.00000000e+00  7.06016472e-20 
 5.00000000e-01  5.00000000e-01  1.00000000e+00 -8.86146934e-04  8.86146934e-04  5.00000000e-16  0.00000000e+00  3.40419503e-20 
 6.00000000e-01  6.00000000e-01  1.00000000e+00 -9.00172654e-04  9.00172654e-04  6.00000000e-16  0.00000000e+00  2.51774652e-21 
 7.00000000e-01  7.00000000e-01  1.00000000e+00 -9.10869684e-04  9.10869684e-04  7.00000000e-16  0.00000000e+00  6.93427739e-20 
 8.00000000e-01  8.00000000e-01  1.00000000e+00 -9.20026296e-04  9.20026296e-04  8.00000000e-16  0.00000000e+00  3.27830771e-20 
 9.00000000e-01  9.00000000e-01  1.00000000e+00 -9.28249582e-04  9.28249582e-04  9.00000000e-16  0.00000000e+00  3.77661978e-21 
 1.00000000e+00  1.00000000e+00  1.00000000e+00 -9.35830315e-04  9.35830315e-04  1.00000000e-15  0.00000000e+00  6.80839006e-20 
 1.10000000e+00  1.10000000e+00  1.00000000e+00 -9.42936342e-04  9.42936342e-04  1.10000000e-15  0.00000000e+00  3.15242038e-20 
 1.20000000e+00  1.20000000e+00  1.00000000e+00 -9.49675533e-04  9.49675533e-04  1.20000000e-15  0.00000000e+00  5.03549304e-21 
 0.00000000e+00  0.00000000e+00  1.20000000e+00  0.00000000e+00  0.00000000e+00  0.00000000e+00  0.00000000e+00  0.00000000e+00 
 1.00000000e-01  1.00000000e-01  1.20000000e+00 -5.22093656e-04  5.22093656e-04  1.00000000e-16  0.00000000e+00  3.65596968e-20 
 2.00000000e-01  2.00000000e-01  1.20000000e+00 -9.37319234e-04  9.37319234e-04  2.00000000e-16  0.00000000e+00  3.53008236e-20 
 3.00000000e-01  3.00000000e-01  1.20000000e+00 -1.24840360e-03  1.24840360e-03  3.00000000e-16  0.00000000e+00  1.07161344e-19 
 4.00000000e-01  4.00000000e-01  1.20000000e+00 -1.45898140e-03  1.45898140e-03  4.00000000e-16  0.00000000e+00  1.46238787e-19 
 5.00000000e-01  5.00000000e-01  1.20000000e+00 -1.57777043e-03  1.57777043e-03  5.00000000e-16  0.00000000e+00  1.82798484e-19 
 6.00000000e-01  6.00000000e-01  1.20000000e+00 -1.63191774e-03  1.63191774e-03  6.00000000e-16  0.00000000e+00  2.51774652e-21 
 7.00000000e-01  7.00000000e-01  1.20000000e+00 -1.65969794e-03  1.65969794e-03  7.00000000e-16  0.00000000e+00  3.90774434e-20 
 8.00000000e-01  8.00000000e-01  1.20000000e+00 -1.67913487e-03  1.67913487e-03  8.00000000e-16  0.00000000e+00  1.41203294e-19 
 9.00000000e-01  9.00000000e-01  1.20000000e+00 -1.69500283e-03  1.69500283e-03  9.00000000e-16  0.00000000e+00  1.12196837e-19 
 1.00000000e+00  1.00000000e+00  1.20000000e+00 -1.70883159e-03  1.70883159e-03  1.00000000e-15  0.00000000e+00  6.80839006e-20 
 1.10000000e+00  1.10000000e+00  1.20000000e+00 -1.72130339e-03  1.72130339e-03  1.10000000e-15  0.00000000e+00  3.15242038e-20 
 1.20000000e+00  1.20000000e+00  1.20000000e+00 -1.73279369e-03  1.73279369e-03  1.20000000e-15  0.00000000e+00  5.03549304e-21 
