Title: Spectre charge conservation analysis
Plotname: Transient Analysis
Flags: real
No. Variables: 6
No. Points: 239
Variables:
	0	time	time
	1	v(gate_3)	voltage
	2	i(vgq)	current
	3	i(vdq)	current
	4	i(vsq)	current
	5	i(vbq)	current
Values:
 0	0.0000000000e+00
	0.0000000000e+00
	0.0000000000e+00
	-5.7642003405e-11
	5.6641813035e-11
	1.0001903694e-12

 1	5.0000000000e-12
	0.0000000000e+00
	2.6871870241e-21
	-5.7642003415e-11
	5.6641813037e-11
	1.0001903753e-12

 2	1.5000000000e-11
	0.0000000000e+00
	1.1152619200e-20
	-5.7642003444e-11
	5.6641813037e-11
	1.0001903961e-12

 3	3.5000000000e-11
	0.0000000000e+00
	1.3448375347e-20
	-5.7642003498e-11
	5.6641813041e-11
	1.0001905795e-12

 4	7.5000000000e-11
	0.0000000000e+00
	-9.0651493656e-20
	-5.7642003492e-11
	5.6641813033e-11
	1.0001905228e-12

 5	1.2500000000e-10
	0.0000000000e+00
	3.7784581093e-21
	-5.7642003400e-11
	5.6641813034e-11
	1.0001903754e-12

 6	1.7500000000e-10
	0.0000000000e+00
	2.8436953185e-20
	-5.7642003415e-11
	5.6641813039e-11
	1.0001903013e-12

 7	2.2500000000e-10
	0.0000000000e+00
	2.8178601944e-22
	-5.7642003423e-11
	5.6641813038e-11
	1.0001903782e-12

 8	2.7500000000e-10
	0.0000000000e+00
	2.2700049861e-20
	-5.7642003457e-11
	5.6641813032e-11
	1.0001903681e-12

 9	3.2500000000e-10
	0.0000000000e+00
	2.3201539285e-20
	-5.7642003406e-11
	5.6641813037e-11
	1.0001903334e-12

 10	3.7500000000e-10
	0.0000000000e+00
	3.9498898073e-21
	-5.7642003396e-11
	5.6641813038e-11
	1.0001903407e-12

 11	4.2500000000e-10
	0.0000000000e+00
	2.8274118341e-21
	-5.7642003399e-11
	5.6641813035e-11
	1.0001903476e-12

 12	4.7500000000e-10
	0.0000000000e+00
	5.3950845997e-21
	-5.7642003399e-11
	5.6641813036e-11
	1.0001903442e-12

 13	5.2500000000e-10
	0.0000000000e+00
	-1.2246497549e-20
	-5.7642003423e-11
	5.6641813037e-11
	1.0001904046e-12

 14	5.7500000000e-10
	0.0000000000e+00
	2.2214530449e-20
	-5.7642003430e-11
	5.6641813033e-11
	1.0001903605e-12

 15	6.2500000000e-10
	0.0000000000e+00
	3.8548672869e-21
	-5.7642003421e-11
	5.6641813038e-11
	1.0001903661e-12

 16	6.7500000000e-10
	0.0000000000e+00
	2.2336835053e-20
	-5.7642003426e-11
	5.6641813035e-11
	1.0001903542e-12

 17	7.2500000000e-10
	0.0000000000e+00
	-8.1298144549e-22
	-5.7642003425e-11
	5.6641813036e-11
	1.0001903759e-12

 18	7.7500000000e-10
	0.0000000000e+00
	2.2828698039e-20
	-5.7642003426e-11
	5.6641813035e-11
	1.0001903543e-12

 19	8.2500000000e-10
	0.0000000000e+00
	7.1350274679e-22
	-5.7642003424e-11
	5.6641813037e-11
	1.0001903729e-12

 20	8.7500000000e-10
	0.0000000000e+00
	2.2694612429e-20
	-5.7642003426e-11
	5.6641813035e-11
	1.0001903544e-12

 21	9.2500000000e-10
	0.0000000000e+00
	2.9324547208e-22
	-5.7642003424e-11
	5.6641813037e-11
	1.0001903737e-12

 22	9.7500000000e-10
	0.0000000000e+00
	2.2751946005e-20
	-5.7642003426e-11
	5.6641813035e-11
	1.0001903543e-12

 23	1.0000000000e-09
	0.0000000000e+00
	2.5484772729e-20
	-5.7642003376e-11
	5.6641813037e-11
	1.0001903683e-12

 24	1.0006005959e-09
	6.0059594750e-04
	-1.9166759946e-06
	7.4760299347e-07
	8.0455601556e-07
	3.6317020806e-07

 25	1.0013240382e-09
	1.3240382392e-03
	-3.1690223534e-06
	1.1996085355e-06
	1.2920670320e-06
	6.7596194368e-07

 26	1.0018474662e-09
	1.8474661649e-03
	-3.6212749685e-06
	1.3309140001e-06
	1.4337771819e-06
	8.5508622885e-07

 27	1.0023784107e-09
	2.3784107312e-03
	-3.9161871272e-06
	1.3916159450e-06
	1.4997142168e-06
	1.0232432854e-06

 28	1.0029455507e-09
	2.9455506944e-03
	-4.1582040925e-06
	1.4244097978e-06
	1.5361031242e-06
	1.1959783506e-06

 29	1.0036881330e-09
	3.6881330184e-03
	-4.4146809564e-06
	1.4449023398e-06
	1.5598439802e-06
	1.4081300904e-06

 30	1.0044892139e-09
	4.4892139004e-03
	-4.6305978442e-06
	1.4495648046e-06
	1.5664830112e-06
	1.6126804315e-06

 31	1.0053384281e-09
	5.3384280750e-03
	-4.8032854223e-06
	1.4425987529e-06
	1.5602482938e-06
	1.7985242263e-06

 32	1.0062851419e-09
	6.2851418674e-03
	-4.9440477561e-06
	1.4278908966e-06
	1.5453036861e-06
	1.9689075155e-06

 33	1.0073581867e-09
	7.3581866576e-03
	-5.0566764815e-06
	1.4089006926e-06
	1.5253970499e-06
	2.1204113108e-06

 34	1.0085965552e-09
	8.5965551783e-03
	-5.1447042395e-06
	1.3886593850e-06
	1.5038654885e-06
	2.2501974658e-06

 35	1.0100480251e-09
	1.0048025064e-02
	-5.2108152055e-06
	1.3696844760e-06
	1.4835072392e-06
	2.3556325013e-06

 36	1.0117747138e-09
	1.1774713776e-02
	-5.2574639196e-06
	1.3538417694e-06
	1.4664140723e-06
	2.4352117837e-06

 37	1.0138676498e-09
	1.3867649765e-02
	-5.2873815189e-06
	1.3421822185e-06
	1.4537817580e-06
	2.4894184188e-06

 38	1.0164666851e-09
	1.6466685060e-02
	-5.3035830053e-06
	1.3349263847e-06
	1.4458858534e-06
	2.5207703115e-06

 39	1.0198003393e-09
	1.9800339287e-02
	-5.3092680789e-06
	1.3315563964e-06
	1.4421799831e-06
	2.5335307412e-06

 40	1.0242730097e-09
	2.4273009724e-02
	-5.3075571580e-06
	1.3310492896e-06
	1.4415494262e-06
	2.5329573932e-06

 41	1.0306817007e-09
	3.0681700746e-02
	-5.3009517414e-06
	1.3322557999e-06
	1.4427167081e-06
	2.5239782566e-06

 42	1.0356800665e-09
	3.5680066486e-02
	-5.2953857136e-06
	1.3334419180e-06
	1.4438622168e-06
	2.5160806699e-06

 43	1.0456767980e-09
	4.5676797967e-02
	-5.2853673263e-06
	1.3354092292e-06
	1.4456612216e-06
	2.5022960256e-06

 44	1.0579668148e-09
	5.7966814808e-02
	-5.2739928460e-06
	1.3375404882e-06
	1.4474373200e-06
	2.4870142098e-06

 45	1.0742517512e-09
	7.4251751163e-02
	-5.2594042659e-06
	1.3403446380e-06
	1.4495580142e-06
	2.4675008013e-06

 46	1.1031991448e-09
	1.0319914478e-01
	-5.2341572076e-06
	1.3454989848e-06
	1.4530015656e-06
	2.4336558716e-06

 47	1.1496110703e-09
	1.4961107034e-01
	-5.1956562972e-06
	1.3542171538e-06
	1.4577055967e-06
	2.3817328099e-06

 48	1.1996110703e-09
	1.9961107034e-01
	-5.1575191976e-06
	1.3643829331e-06
	1.4619207187e-06
	2.3292148746e-06

 49	1.2496110703e-09
	2.4961107034e-01
	-5.1232826692e-06
	1.3754507902e-06
	1.4662088116e-06
	2.2796224620e-06

 50	1.2996110703e-09
	2.9961107034e-01
	-5.0933308095e-06
	1.3874372583e-06
	1.4720668172e-06
	2.2318261919e-06

 51	1.3496110703e-09
	3.4961107034e-01
	-5.0685457594e-06
	1.4002971784e-06
	1.4819590924e-06
	2.1842890317e-06

 52	1.3961082476e-09
	3.9610824765e-01
	-5.0517778358e-06
	1.4129469299e-06
	1.4987893832e-06
	2.1380411881e-06

 53	1.4316471627e-09
	4.3164716269e-01
	-5.0452526298e-06
	1.4232596565e-06
	1.5214429251e-06
	2.0985498884e-06

 54	1.4580579299e-09
	4.5805792992e-01
	-5.0454131239e-06
	1.4311973632e-06
	1.5474499439e-06
	2.0647658490e-06

 55	1.4787963532e-09
	4.7879635324e-01
	-5.0493530873e-06
	1.4372532693e-06
	1.5755852696e-06
	2.0345147609e-06

 56	1.4959126864e-09
	4.9591268636e-01
	-5.0557565618e-06
	1.4418776091e-06
	1.6054951781e-06
	2.0063841675e-06

 57	1.5105243046e-09
	5.1052430459e-01
	-5.0639849115e-06
	1.4453752277e-06
	1.6370418948e-06
	1.9795683678e-06

 58	1.5233394143e-09
	5.2333941433e-01
	-5.0736861540e-06
	1.4479329695e-06
	1.6702343961e-06
	1.9535195558e-06

 59	1.5348529638e-09
	5.3485296377e-01
	-5.0846862786e-06
	1.4496562374e-06
	1.7052423627e-06
	1.9277886360e-06

 60	1.5453934389e-09
	5.4539343885e-01
	-5.0969022642e-06
	1.4505905297e-06
	1.7422646487e-06
	1.9020482354e-06

 61	1.5551767948e-09
	5.5517679477e-01
	-5.1102882773e-06
	1.4507399104e-06
	1.7814702769e-06
	1.8760794337e-06

 62	1.5643556419e-09
	5.6435564188e-01
	-5.1248212211e-06
	1.4500782633e-06
	1.8230206532e-06
	1.8497238432e-06

 63	1.5730429903e-09
	5.7304299032e-01
	-5.1404929936e-06
	1.4485552650e-06
	1.8670793779e-06
	1.8228600841e-06

 64	1.5813231152e-09
	5.8132311518e-01
	-5.1573015759e-06
	1.4461006303e-06
	1.9138043537e-06
	1.7953985190e-06

 65	1.5892601098e-09
	5.8926010979e-01
	-5.1752468118e-06
	1.4426265809e-06
	1.9633476186e-06
	1.7672747306e-06

 66	1.5969043604e-09
	5.9690436036e-01
	-5.1943294530e-06
	1.4380286100e-06
	2.0158609013e-06
	1.7384422475e-06

 67	1.6042964285e-09
	6.0429642850e-01
	-5.2145501199e-06
	1.4321855344e-06
	2.0714985349e-06
	1.7088685383e-06

 68	1.6114694678e-09
	6.1146946778e-01
	-5.2359080608e-06
	1.4249592281e-06
	2.1304184064e-06
	1.6785330891e-06

 69	1.6184509787e-09
	6.1845097871e-01
	-5.2584002802e-06
	1.4161939835e-06
	2.1927831609e-06
	1.6474259647e-06

 70	1.6252640749e-09
	6.2526407490e-01
	-5.2820208159e-06
	1.4057156101e-06
	2.2587613807e-06
	1.6155468097e-06

 71	1.6319283609e-09
	6.3192836091e-01
	-5.3067599366e-06
	1.3933304472e-06
	2.3285282299e-06
	1.5829043873e-06

 72	1.6384605608e-09
	6.3846056075e-01
	-5.3326032947e-06
	1.3788243696e-06
	2.4022657400e-06
	1.5495164421e-06

 73	1.6448749861e-09
	6.4487498612e-01
	-5.3595310904e-06
	1.3619618376e-06
	2.4801629079e-06
	1.5154097148e-06

 74	1.6511838885e-09
	6.5118388848e-01
	-5.3875172495e-06
	1.3424850699e-06
	2.5624156028e-06
	1.4806200419e-06

 75	1.6573977270e-09
	6.5739772699e-01
	-5.4165286374e-06
	1.3201134178e-06
	2.6492262838e-06
	1.4451924765e-06

 76	1.6635229418e-09
	6.6352294180e-01
	-5.4465123220e-06
	1.2945540782e-06
	2.7407661480e-06
	1.4091956910e-06

 77	1.6693702366e-09
	6.6937023661e-01
	-5.4764038035e-06
	1.2665072583e-06
	2.8340164912e-06
	1.3738836844e-06

 78	1.6749190250e-09
	6.7491902502e-01
	-5.5058810473e-06
	1.2362032590e-06
	2.9280955988e-06
	1.3395858307e-06

 79	1.6801911351e-09
	6.8019113507e-01
	-5.5348463624e-06
	1.2037071601e-06
	3.0227871476e-06
	1.3063556835e-06

 80	1.6851960265e-09
	6.8519602649e-01
	-5.5631642056e-06
	1.1691743389e-06
	3.1177029708e-06
	1.2742904937e-06

 81	1.6899557893e-09
	6.8995578932e-01
	-5.5907964571e-06
	1.1326862147e-06
	3.2127321323e-06
	1.2433816607e-06

 82	1.6945972632e-09
	6.9459726323e-01
	-5.6183568261e-06
	1.0933719115e-06
	3.3100801470e-06
	1.2129082536e-06

 83	1.6990505957e-09
	6.9905059569e-01
	-5.6453354746e-06
	1.0518986871e-06
	3.4080342054e-06
	1.1834059925e-06

 84	1.7033554325e-09
	7.0335543251e-01
	-5.6718767706e-06
	1.0080372721e-06
	3.5071539778e-06
	1.1546888427e-06

 85	1.7075102801e-09
	7.0751028008e-01
	-5.6978881473e-06
	9.6192347175e-07
	3.6071370981e-06
	1.1268308002e-06

 86	1.7115317742e-09
	7.1153177421e-01
	-5.7233990203e-06
	9.1350000478e-07
	3.7081267747e-06
	1.0997753546e-06

 87	1.7154276763e-09
	7.1542767626e-01
	-5.7483935634e-06
	8.6279232292e-07
	3.8100875617e-06
	1.0735166751e-06

 88	1.7192080953e-09
	7.1920809528e-01
	-5.7728794907e-06
	8.0978518750e-07
	3.9130712969e-06
	1.0480258780e-06

 89	1.7228807488e-09
	7.2288074883e-01
	-5.7968567626e-06
	7.5448151599e-07
	4.0170939874e-06
	1.0232840000e-06

 90	1.7264531427e-09
	7.2645314272e-01
	-5.8203304815e-06
	6.9687562774e-07
	4.1221892019e-06
	9.9926825660e-07

 91	1.7299318002e-09
	7.2993180025e-01
	-5.8433050150e-06
	6.3696558171e-07
	4.2283838919e-06
	9.7595800568e-07

 92	1.7333227289e-09
	7.3332272895e-01
	-5.8657862896e-06
	5.7474751960e-07
	4.3357088397e-06
	9.5333225060e-07

 93	1.7366313391e-09
	7.3663133908e-01
	-5.8877806178e-06
	5.1021822889e-07
	4.4441938303e-06
	9.3137073225e-07

 94	1.7398625774e-09
	7.3986257739e-01
	-5.9092950337e-06
	4.4337396987e-07
	4.5538695952e-06
	9.1005349339e-07

 95	1.7430209548e-09
	7.4302095479e-01
	-5.9303370043e-06
	3.7421099858e-07
	4.6647667951e-06
	8.8936108521e-07

 96	1.7461106071e-09
	7.4611060708e-01
	-5.9509144262e-06
	3.0272532225e-07
	4.7769163306e-06
	8.6927449691e-07

 97	1.7491353316e-09
	7.4913533162e-01
	-5.9710355154e-06
	2.2891279955e-07
	4.8903490909e-06
	8.4977519725e-07

 98	1.7520986259e-09
	7.5209862587e-01
	-5.9907087571e-06
	1.5276908507e-07
	5.0050959687e-06
	8.3084512456e-07

 99	1.7550037180e-09
	7.5500371802e-01
	-6.0099428411e-06
	7.4289643138e-08
	5.1211877739e-06
	8.1246669485e-07

 100	1.7578535949e-09
	7.5785359489e-01
	-6.0287466142e-06
	-6.5302693680e-09
	5.2386552056e-06
	7.9462279926e-07

 101	1.7606510259e-09
	7.6065102595e-01
	-6.0471290338e-06
	-8.9695606310e-08
	5.3575288098e-06
	7.7729680344e-07

 102	1.7633985845e-09
	7.6339858452e-01
	-6.0650991292e-06
	-1.7521154150e-07
	5.4778389537e-06
	7.6047254385e-07

 103	1.7660986665e-09
	7.6609866650e-01
	-6.0826659666e-06
	-2.6308347476e-07
	5.5996158003e-06
	7.4413432348e-07

 104	1.7687535068e-09
	7.6875350678e-01
	-6.0998386185e-06
	-3.5331703901e-07
	5.7228892917e-06
	7.2826690617e-07

 105	1.7713651939e-09
	7.7136519394e-01
	-6.1166261369e-06
	-4.4591810619e-07
	5.8476891335e-06
	7.1285551025e-07

 106	1.7739356832e-09
	7.7393568322e-01
	-6.1330375297e-06
	-5.4089279327e-07
	5.9740447853e-06
	6.9788580119e-07

 107	1.7764668081e-09
	7.7646680808e-01
	-6.1490817398e-06
	-6.3824746737e-07
	6.1019854527e-06
	6.8334388375e-07

 108	1.7789602906e-09
	7.7896029056e-01
	-6.1647676276e-06
	-7.3798875075e-07
	6.2315400828e-06
	6.6921629351e-07

 109	1.7839472555e-09
	7.8394725553e-01
	-6.1957961444e-06
	-9.4930621958e-07
	6.5016238997e-06
	6.4147822496e-07

 110	1.7861679298e-09
	7.8616792979e-01
	-6.2094223326e-06
	-1.0487130209e-06
	6.6266584762e-06
	6.2947648977e-07

 111	1.7906092783e-09
	7.9060927830e-01
	-6.2363301570e-06
	-1.2577187477e-06
	6.8861762907e-06
	6.0587202837e-07

 112	1.7929413430e-09
	7.9294134295e-01
	-6.2502573684e-06
	-1.3731102016e-06
	7.0275619395e-06
	5.9380490961e-07

 113	1.7976054723e-09
	7.9760547226e-01
	-6.2777195817e-06
	-1.6159835117e-06
	7.3215572205e-06
	5.7014495731e-07

 114	1.8001191414e-09
	8.0011914135e-01
	-6.2922690324e-06
	-1.7538222327e-06
	7.4863090339e-06
	5.5778117521e-07

 115	1.8029757698e-09
	8.0297576979e-01
	-6.3085797405e-06
	-1.9165700062e-06
	7.6791502131e-06
	5.4399835401e-07

 116	1.8056236557e-09
	8.0562365570e-01
	-6.3234966387e-06
	-2.0733740235e-06
	7.8633840514e-06
	5.3148532107e-07

 117	1.8083871135e-09
	8.0838711353e-01
	-6.3388570319e-06
	-2.2432895193e-06
	8.0614470596e-06
	5.1869809025e-07

 118	1.8111811698e-09
	8.1118116980e-01
	-6.3541660136e-06
	-2.4217689472e-06
	8.2678768793e-06
	5.0605656950e-07

 119	1.8140515183e-09
	8.1405151829e-01
	-6.3696544664e-06
	-2.6123078402e-06
	8.4865868017e-06
	4.9337388327e-07

 120	1.8169854256e-09
	8.1698542564e-01
	-6.3852306355e-06
	-2.8147942534e-06
	8.7172922255e-06
	4.8073093404e-07

 121	1.8199900334e-09
	8.1999003342e-01
	-6.4009106156e-06
	-3.0304737997e-06
	8.9612626599e-06
	4.6811992116e-07

 122	1.8230640671e-09
	8.2306406708e-01
	-6.4166654553e-06
	-3.2600741085e-06
	9.2191679352e-06
	4.5556969280e-07

 123	1.8262093595e-09
	8.2620935946e-01
	-6.4324822639e-06
	-3.5045989492e-06
	9.4919832180e-06
	4.4309596184e-07

 124	1.8294266404e-09
	8.2942664041e-01
	-6.4483420936e-06
	-3.7650308528e-06
	9.7806516916e-06
	4.3071912837e-07

 125	1.8327172614e-09
	8.3271726135e-01
	-6.4642287479e-06
	-4.0424644822e-06
	1.0086233762e-05
	4.1845725318e-07

 126	1.8360825800e-09
	8.3608258004e-01
	-6.4801256664e-06
	-4.3380648085e-06
	1.0409859641e-05
	4.0632853604e-07

 127	1.8395242303e-09
	8.3952423029e-01
	-6.4960172469e-06
	-4.6530954464e-06
	1.0752760024e-05
	3.9435029450e-07

 128	1.8430440434e-09
	8.4304404339e-01
	-6.5118884481e-06
	-4.9889193604e-06
	1.1116266080e-05
	3.8253928387e-07

 129	1.8466441030e-09
	8.4664410298e-01
	-6.5277250216e-06
	-5.3470117782e-06
	1.1501822760e-05
	3.7091153084e-07

 130	1.8503267496e-09
	8.5032674958e-01
	-6.5435134942e-06
	-5.7289695666e-06
	1.1910998136e-05
	3.5948235980e-07

 131	1.8540946068e-09
	8.5409460678e-01
	-6.5592412355e-06
	-6.1365236580e-06
	1.2345495924e-05
	3.4826635524e-07

 132	1.8579506017e-09
	8.5795060172e-01
	-6.5748964857e-06
	-6.5715520991e-06
	1.2807168575e-05
	3.3727735518e-07

 133	1.8618979910e-09
	8.6189799103e-01
	-6.5904683923e-06
	-7.0360949474e-06
	1.3298032213e-05
	3.2652843957e-07

 134	1.8659403881e-09
	8.6594038812e-01
	-6.6059470358e-06
	-7.5323707969e-06
	1.3820283195e-05
	3.1603192672e-07

 135	1.8700817940e-09
	8.7008179403e-01
	-6.6213234527e-06
	-8.0627953404e-06
	1.4376316695e-05
	3.0579937249e-07

 136	1.8743266314e-09
	8.7432663137e-01
	-6.6365896512e-06
	-8.6300021668e-06
	1.4968747514e-05
	2.9584157380e-07

 137	1.8786797822e-09
	8.7867978223e-01
	-6.6517386227e-06
	-9.2368661354e-06
	1.5600433457e-05
	2.8616857535e-07

 138	1.8831466304e-09
	8.8314663038e-01
	-6.6667643463e-06
	-9.8865296737e-06
	1.6274501630e-05
	2.7678967942e-07

 139	1.8877331084e-09
	8.8773310841e-01
	-6.6816617876e-06
	-1.0582432421e-05
	1.6994378064e-05
	2.6771345812e-07

 140	1.8924457505e-09
	8.9244575046e-01
	-6.6964268901e-06
	-1.1328344695e-05
	1.7763821167e-05
	2.5894776768e-07

 141	1.8972917514e-09
	8.9729175140e-01
	-6.7110565599e-06
	-1.2128405349e-05
	1.8586959540e-05
	2.5049976399e-07

 142	1.9022790333e-09
	9.0227903328e-01
	-6.7255486420e-06
	-1.2987164656e-05
	1.9468334829e-05
	2.4237591916e-07

 143	1.9074163200e-09
	9.0741632004e-01
	-6.7399018874e-06
	-1.3909632987e-05
	2.0412950354e-05
	2.3458203804e-07

 144	1.9120516830e-09
	9.1205168298e-01
	-6.7523533476e-06
	-1.4775236458e-05
	2.1297542681e-05
	2.2804470538e-07

 145	1.9175484602e-09
	9.1754846015e-01
	-6.7665767129e-06
	-1.5842804277e-05
	2.2386565812e-05
	2.2081285395e-07

 146	1.9225089680e-09
	9.2250896800e-01
	-6.7788990396e-06
	-1.6844697935e-05
	2.3406807820e-05
	2.1478691257e-07

 147	1.9283638930e-09
	9.2836389296e-01
	-6.7928741101e-06
	-1.8074313274e-05
	2.4656979424e-05
	2.0820583076e-07

 148	1.9336459643e-09
	9.3364596433e-01
	-6.8049457457e-06
	-1.9227421133e-05
	2.5827593789e-05
	2.0277105931e-07

 149	1.9387799612e-09
	9.3877996125e-01
	-6.8162155081e-06
	-2.0387982887e-05
	2.7004288979e-05
	1.9790748897e-07

 150	1.9441034049e-09
	9.4410340487e-01
	-6.8274641826e-06
	-2.1632658887e-05
	2.8264867281e-05
	1.9325397749e-07

 151	1.9495366454e-09
	9.4953664536e-01
	-6.8385064905e-06
	-2.2946181326e-05
	2.9593795923e-05
	1.8889020172e-07

 152	1.9550882424e-09
	9.5508824240e-01
	-6.8493472046e-06
	-2.4333121565e-05
	3.0995657722e-05
	1.8480948093e-07

 153	1.9608101594e-09
	9.6081015942e-01
	-6.8600746095e-06
	-2.5809664339e-05
	3.2486762562e-05
	1.8097494950e-07

 154	1.9667152159e-09
	9.6671521587e-01
	-6.8706940951e-06
	-2.7383103862e-05
	3.4074412862e-05
	1.7738379501e-07

 155	1.9728133464e-09
	9.7281334639e-01
	-6.8812034299e-06
	-2.9060350207e-05
	3.5765517286e-05
	1.7403519207e-07

 156	1.9791217021e-09
	9.7912170210e-01
	-6.8916109974e-06
	-3.0850714518e-05
	3.7569400285e-05
	1.7092421987e-07

 157	1.9856559424e-09
	9.8565594245e-01
	-6.9019195749e-06
	-3.2763641245e-05
	3.9495512403e-05
	1.6804755903e-07

 158	1.9924314111e-09
	9.9243141108e-01
	-6.9121285913e-06
	-3.4809004595e-05
	4.1553730074e-05
	1.6540241206e-07

 159	1.9994652340e-09
	9.9946523404e-01
	-6.9222374292e-06
	-3.6997755240e-05
	4.3755006725e-05
	1.6298540767e-07

 160	2.0000000000e-09
	1.0000000000e+00
	-6.9229528612e-06
	-3.7166898270e-05
	4.3925006812e-05
	1.6284376208e-07

 161	2.0002939551e-09
	1.0000000000e+00
	-5.4763229566e-06
	-3.7873600812e-05
	4.3414643681e-05
	-6.5304923637e-08

 162	2.0005546715e-09
	1.0000000000e+00
	-4.4736333841e-06
	-3.8386775122e-05
	4.3062308193e-05
	-2.0253437987e-07

 163	2.0007984224e-09
	1.0000000000e+00
	-3.7603005537e-06
	-3.8764989169e-05
	4.2809128126e-05
	-2.8445742097e-07

 164	2.0012859242e-09
	1.0000000000e+00
	-2.7273492963e-06
	-3.9331235065e-05
	4.2430988913e-05
	-3.7292831486e-07

 165	2.0018127107e-09
	1.0000000000e+00
	-1.9615980896e-06
	-3.9769928619e-05
	4.2135530074e-05
	-4.0441170191e-07

 166	2.0024049021e-09
	1.0000000000e+00
	-1.3588656762e-06
	-4.0131701594e-05
	4.1888202264e-05
	-3.9793657253e-07

 167	2.0031762918e-09
	1.0000000000e+00
	-8.3006571371e-07
	-4.0466645587e-05
	4.1654550254e-05
	-3.5804188535e-07

 168	2.0042241214e-09
	1.0000000000e+00
	-4.0265050568e-07
	-4.0758493889e-05
	4.1445274906e-05
	-2.8424877532e-07

 169	2.0055552901e-09
	1.0000000000e+00
	-1.3504402431e-07
	-4.0964050934e-05
	4.1292046187e-05
	-1.9300914008e-07

 170	2.0072791375e-09
	1.0000000000e+00
	-4.8758263787e-09
	-4.1086750086e-05
	4.1195300910e-05
	-1.0369524765e-07

 171	2.0097504657e-09
	1.0000000000e+00
	3.3608467892e-08
	-4.1146169982e-05
	4.1143953599e-05
	-3.1392550215e-08

 172	2.0131064495e-09
	1.0000000000e+00
	2.3077689081e-08
	-4.1158071427e-05
	4.1130280598e-05
	4.7177669861e-09

 173	2.0170670139e-09
	1.0000000000e+00
	7.2180279072e-09
	-4.1151431614e-05
	4.1133867739e-05
	1.0348964643e-08

 174	2.0216526805e-09
	1.0000000000e+00
	1.9882747589e-10
	-4.1144887518e-05
	4.1139010801e-05
	5.6789890613e-09

 175	2.0277881030e-09
	1.0000000000e+00
	-9.8537375359e-10
	-4.1141913132e-05
	4.1141725268e-05
	1.1732979321e-09

 176	2.0346299083e-09
	1.0000000000e+00
	-3.8669009846e-10
	-4.1141554823e-05
	4.1142191702e-05
	-2.5029806870e-10

 177	2.0419879929e-09
	1.0000000000e+00
	-3.7899453858e-11
	-4.1141757264e-05
	4.1142057334e-05
	-2.6222637405e-10

 178	2.0528019801e-09
	1.0000000000e+00
	3.1594221238e-11
	-4.1141897999e-05
	4.1141931364e-05
	-6.4966059182e-11

 179	2.0744299545e-09
	1.0000000000e+00
	9.5795778558e-12
	-4.1141926153e-05
	4.1141899399e-05
	1.7179138888e-11

 180	2.1176859033e-09
	1.0000000000e+00
	-6.4423009065e-13
	-4.1141915357e-05
	4.1141908142e-05
	7.8600990711e-12

 181	2.1676859033e-09
	1.0000000000e+00
	-2.3649057326e-13
	-4.1141912235e-05
	4.1141911304e-05
	1.1671411761e-12

 182	2.2176859033e-09
	1.0000000000e+00
	-1.5085067078e-15
	-4.1141912221e-05
	4.1141911362e-05
	8.5989205282e-13

 183	2.2676859033e-09
	1.0000000000e+00
	4.0289979361e-15
	-4.1141912287e-05
	4.1141911298e-05
	9.8432178400e-13

 184	2.3176859033e-09
	1.0000000000e+00
	2.3784945171e-16
	-4.1141912293e-05
	4.1141911291e-05
	1.0017278108e-12

 185	2.3676859033e-09
	1.0000000000e+00
	-6.0668984699e-17
	-4.1141912292e-05
	4.1141911292e-05
	1.0004310557e-12

 186	2.4176859033e-09
	1.0000000000e+00
	-7.8184147289e-18
	-4.1141912292e-05
	4.1141911292e-05
	9.9993184978e-13

 187	2.4676859033e-09
	1.0000000000e+00
	8.2750972816e-19
	-4.1141912292e-05
	4.1141911292e-05
	9.9991750540e-13

 188	2.5176859033e-09
	1.0000000000e+00
	1.8355875600e-19
	-4.1141912292e-05
	4.1141911292e-05
	9.9992754496e-13

 189	2.5676859033e-09
	1.0000000000e+00
	9.3575993035e-20
	-4.1141912292e-05
	4.1141911292e-05
	9.9992847111e-13

 190	2.6176859033e-09
	1.0000000000e+00
	8.5252512920e-20
	-4.1141912292e-05
	4.1141911292e-05
	9.9992847151e-13

 191	2.6676859033e-09
	1.0000000000e+00
	2.4846538324e-20
	-4.1141912292e-05
	4.1141911292e-05
	9.9992843587e-13

 192	2.7176859033e-09
	1.0000000000e+00
	2.9845815992e-20
	-4.1141912292e-05
	4.1141911292e-05
	9.9992845542e-13

 193	2.7676859033e-09
	1.0000000000e+00
	2.5287978639e-20
	-4.1141912292e-05
	4.1141911292e-05
	9.9992847597e-13

 194	2.8176859033e-09
	1.0000000000e+00
	2.6485115094e-20
	-4.1141912292e-05
	4.1141911292e-05
	9.9992847522e-13

 195	2.8676859033e-09
	1.0000000000e+00
	2.6740842850e-20
	-4.1141912292e-05
	4.1141911292e-05
	9.9992847230e-13

 196	2.9176859033e-09
	1.0000000000e+00
	2.6558765041e-20
	-4.1141912292e-05
	4.1141911292e-05
	9.9992847300e-13

 197	2.9676859033e-09
	1.0000000000e+00
	2.6500523161e-20
	-4.1141912292e-05
	4.1141911292e-05
	9.9992847357e-13

 198	3.0176859033e-09
	1.0000000000e+00
	2.6519505382e-20
	-4.1141912292e-05
	4.1141911292e-05
	9.9992847338e-13

 199	3.0676859033e-09
	1.0000000000e+00
	2.6528609099e-20
	-4.1141912292e-05
	4.1141911292e-05
	9.9992847329e-13

 200	3.1176859033e-09
	1.0000000000e+00
	2.6523590542e-20
	-4.1141912292e-05
	4.1141911292e-05
	9.9992847334e-13

 201	3.1676859033e-09
	1.0000000000e+00
	2.6522301252e-20
	-4.1141912292e-05
	4.1141911292e-05
	9.9992847335e-13

 202	3.2176859033e-09
	1.0000000000e+00
	2.6523441945e-20
	-4.1141912292e-05
	4.1141911292e-05
	9.9992847334e-13

 203	3.2676859033e-09
	1.0000000000e+00
	2.6523569775e-20
	-4.1141912292e-05
	4.1141911292e-05
	9.9992847334e-13

 204	3.3176859033e-09
	1.0000000000e+00
	2.6523325870e-20
	-4.1141912292e-05
	4.1141911292e-05
	9.9992847334e-13

 205	3.3676859033e-09
	1.0000000000e+00
	2.6523327295e-20
	-4.1141912292e-05
	4.1141911292e-05
	9.9992847334e-13

 206	3.4176859033e-09
	1.0000000000e+00
	2.6523375986e-20
	-4.1141912292e-05
	4.1141911292e-05
	9.9992847334e-13

 207	3.4676859033e-09
	1.0000000000e+00
	2.6523370227e-20
	-4.1141912292e-05
	4.1141911292e-05
	9.9992847334e-13

 208	3.5176859033e-09
	1.0000000000e+00
	2.6523361106e-20
	-4.1141912292e-05
	4.1141911292e-05
	9.9992847334e-13

 209	3.5676859033e-09
	1.0000000000e+00
	2.6523363279e-20
	-4.1141912292e-05
	4.1141911292e-05
	9.9992847334e-13

 210	3.6176859033e-09
	1.0000000000e+00
	2.6523364861e-20
	-4.1141912292e-05
	4.1141911292e-05
	9.9992847334e-13

 211	3.6676859033e-09
	1.0000000000e+00
	2.6523364251e-20
	-4.1141912292e-05
	4.1141911292e-05
	9.9992847334e-13

 212	3.7176859033e-09
	1.0000000000e+00
	2.6523364003e-20
	-4.1141912292e-05
	4.1141911292e-05
	9.9992847334e-13

 213	3.7676859033e-09
	1.0000000000e+00
	2.6523364153e-20
	-4.1141912292e-05
	4.1141911292e-05
	9.9992847334e-13

 214	3.8176859033e-09
	1.0000000000e+00
	-2.9785122649e-20
	-4.1141912292e-05
	4.1141911292e-05
	9.9992849901e-13

 215	3.8676859033e-09
	1.0000000000e+00
	-4.1908641697e-21
	-4.1141912292e-05
	4.1141911292e-05
	9.9992850277e-13

 216	3.9176859033e-09
	1.0000000000e+00
	-1.0975639706e-20
	-4.1141912292e-05
	4.1141911292e-05
	9.9992857382e-13

 217	3.9676859033e-09
	1.0000000000e+00
	-1.2060677141e-20
	-4.1141912292e-05
	4.1141911292e-05
	9.9992857338e-13

 218	4.0176859033e-09
	1.0000000000e+00
	-1.1172582199e-20
	-4.1141912292e-05
	4.1141911292e-05
	9.9992857407e-13

 219	4.0676859033e-09
	1.0000000000e+00
	-1.1180877027e-20
	-4.1141912292e-05
	4.1141911292e-05
	9.9992856561e-13

 220	4.1176859033e-09
	1.0000000000e+00
	-1.1691793250e-20
	-4.1141912292e-05
	4.1141911292e-05
	9.9992857641e-13

 221	4.1676859033e-09
	1.0000000000e+00
	-1.1356510202e-20
	-4.1141912292e-05
	4.1141911292e-05
	9.9992856733e-13

 222	4.2176859033e-09
	1.0000000000e+00
	-1.1433619131e-20
	-4.1141912292e-05
	4.1141911292e-05
	9.9992857622e-13

 223	4.2676859033e-09
	1.0000000000e+00
	-1.1438432588e-20
	-4.1141912292e-05
	4.1141911292e-05
	9.9992856696e-13

 224	4.3176859033e-09
	1.0000000000e+00
	-1.1440386967e-20
	-4.1141912292e-05
	4.1141911292e-05
	9.9992857629e-13

 225	4.3676859033e-09
	1.0000000000e+00
	-1.1444971584e-20
	-4.1141912292e-05
	4.1141911292e-05
	9.9992856702e-13

 226	4.4176859033e-09
	1.0000000000e+00
	-1.1438095139e-20
	-4.1141912292e-05
	4.1141911292e-05
	9.9992857627e-13

 227	4.4676859033e-09
	1.0000000000e+00
	-1.1443936189e-20
	-4.1141912292e-05
	4.1141911292e-05
	9.9992856701e-13

 228	4.5176859033e-09
	1.0000000000e+00
	-1.1438653755e-20
	-4.1141912292e-05
	4.1141911292e-05
	9.9992857627e-13

 229	4.5676859033e-09
	1.0000000000e+00
	-1.1444078845e-20
	-4.1141912292e-05
	4.1141911292e-05
	9.9992856701e-13

 230	4.6176859033e-09
	1.0000000000e+00
	-1.1438525381e-20
	-4.1141912292e-05
	4.1141911292e-05
	9.9992857627e-13

 231	4.6676859033e-09
	1.0000000000e+00
	-1.1444064404e-20
	-4.1141912292e-05
	4.1141911292e-05
	9.9992856701e-13

 232	4.7176859033e-09
	1.0000000000e+00
	-1.1438552696e-20
	-4.1141912292e-05
	4.1141911292e-05
	9.9992857627e-13

 233	4.7676859033e-09
	1.0000000000e+00
	-1.1444064233e-20
	-4.1141912292e-05
	4.1141911292e-05
	9.9992856701e-13

 234	4.8176859033e-09
	1.0000000000e+00
	-1.1438547235e-20
	-4.1141912292e-05
	4.1141911292e-05
	9.9992857627e-13

 235	4.8676859033e-09
	1.0000000000e+00
	-1.1444064879e-20
	-4.1141912292e-05
	4.1141911292e-05
	9.9992856701e-13

 236	4.9176859033e-09
	1.0000000000e+00
	-1.1438548262e-20
	-4.1141912292e-05
	4.1141911292e-05
	9.9992857627e-13

 237	4.9588429517e-09
	1.0000000000e+00
	1.2520292749e-21
	-4.1141912292e-05
	4.1141911292e-05
	9.9992855745e-13

 238	5.0000000000e-09
	1.0000000000e+00
	2.0020861627e-20
	-4.1141912292e-05
	4.1141911292e-05
	9.9992847543e-13

