v-sweep v(drain_iv) v(gate_iv) id is ib ig kcl
0.000000e+00 0.000000e+00 0.000000e+00 -8.376500e-26 -8.376500e-26 0.000000e+00 1.675300e-25 0.000000e+00
-1.000000e-02 -1.000000e-02 0.000000e+00 8.528680e-14 -8.527680e-14 -1.000000e-17 1.148000e-25 1.148045e-25
-2.000000e-02 -2.000000e-02 0.000000e+00 1.378128e-13 -1.377928e-13 -2.000000e-17 8.735900e-26 8.736800e-26
-3.000000e-02 -3.000000e-02 0.000000e+00 1.673091e-13 -1.672791e-13 -3.000000e-17 7.391800e-26 7.391888e-26
-4.000000e-02 -4.000000e-02 0.000000e+00 1.834306e-13 -1.833906e-13 -4.000000e-17 6.755500e-26 6.752251e-26
-5.000000e-02 -5.000000e-02 0.000000e+00 1.928838e-13 -1.928338e-13 -5.000000e-17 6.447100e-26 6.448088e-26
-6.000000e-02 -6.000000e-02 0.000000e+00 1.991114e-13 -1.990514e-13 -6.000000e-17 6.288500e-26 6.288676e-26
-7.000000e-02 -7.000000e-02 0.000000e+00 2.036910e-13 -2.036210e-13 -7.000000e-17 6.201100e-26 6.200464e-26
-8.000000e-02 -8.000000e-02 0.000000e+00 2.073519e-13 -2.072719e-13 -8.000000e-17 6.149700e-26 6.150776e-26
-9.000000e-02 -9.000000e-02 0.000000e+00 2.104519e-13 -2.103619e-13 -9.000000e-17 6.117900e-26 6.118164e-26
-1.000000e-01 -1.000000e-01 0.000000e+00 2.131799e-13 -2.130799e-13 -1.000000e-16 6.097100e-26 6.096551e-26
-1.100000e-01 -1.100000e-01 0.000000e+00 2.156429e-13 -2.155329e-13 -1.100000e-16 6.083100e-26 6.081739e-26
-1.200000e-01 -1.200000e-01 0.000000e+00 2.179057e-13 -2.177857e-13 -1.200000e-16 6.073300e-26 6.073653e-26
-1.300000e-01 -1.300000e-01 0.000000e+00 2.200102e-13 -2.198802e-13 -1.300000e-16 6.066200e-26 6.065739e-26
-1.400000e-01 -1.400000e-01 0.000000e+00 2.219848e-13 -2.218448e-13 -1.400000e-16 6.061000e-26 6.062252e-26
-1.500000e-01 -1.500000e-01 0.000000e+00 2.238499e-13 -2.236999e-13 -1.500000e-16 6.057100e-26 6.055014e-26
-1.600000e-01 -1.600000e-01 0.000000e+00 2.256205e-13 -2.254605e-13 -1.600000e-16 6.054100e-26 6.053728e-26
-1.700000e-01 -1.700000e-01 0.000000e+00 2.273082e-13 -2.271382e-13 -1.700000e-16 6.051800e-26 6.050617e-26
-1.800000e-01 -1.800000e-01 0.000000e+00 2.289221e-13 -2.287421e-13 -1.800000e-16 6.049900e-26 6.050428e-26
-1.900000e-01 -1.900000e-01 0.000000e+00 2.304698e-13 -2.302798e-13 -1.900000e-16 6.048400e-26 6.050641e-26
-2.000000e-01 -2.000000e-01 0.000000e+00 2.319573e-13 -2.317573e-13 -2.000000e-16 6.047200e-26 6.046103e-26
-2.100000e-01 -2.100000e-01 0.000000e+00 2.333900e-13 -2.331800e-13 -2.100000e-16 6.046200e-26 6.046816e-26
-2.200000e-01 -2.200000e-01 0.000000e+00 2.347722e-13 -2.345522e-13 -2.200000e-16 6.045400e-26 6.047727e-26
-2.300000e-01 -2.300000e-01 0.000000e+00 2.361079e-13 -2.358779e-13 -2.300000e-16 6.044700e-26 6.043689e-26
-2.400000e-01 -2.400000e-01 0.000000e+00 2.374003e-13 -2.371603e-13 -2.400000e-16 6.044100e-26 6.039756e-26
-2.500000e-01 -2.500000e-01 0.000000e+00 2.386526e-13 -2.384026e-13 -2.500000e-16 6.043700e-26 6.046116e-26
-2.600000e-01 -2.600000e-01 0.000000e+00 2.398672e-13 -2.396072e-13 -2.600000e-16 6.043200e-26 6.042278e-26
-2.700000e-01 -2.700000e-01 0.000000e+00 2.410467e-13 -2.407767e-13 -2.700000e-16 6.042900e-26 6.038645e-26
-2.800000e-01 -2.800000e-01 0.000000e+00 2.421931e-13 -2.419131e-13 -2.800000e-16 6.042600e-26 6.045105e-26
-2.900000e-01 -2.900000e-01 0.000000e+00 2.433085e-13 -2.430185e-13 -2.900000e-16 6.042300e-26 6.046515e-26
-3.000000e-01 -3.000000e-01 0.000000e+00 2.443944e-13 -2.440944e-13 -3.000000e-16 6.042100e-26 6.037929e-26
-3.100000e-01 -3.100000e-01 0.000000e+00 2.454526e-13 -2.451426e-13 -3.100000e-16 6.041900e-26 6.044493e-26
-3.200000e-01 -3.200000e-01 0.000000e+00 2.464846e-13 -2.461646e-13 -3.200000e-16 6.041700e-26 6.040956e-26
-3.300000e-01 -3.300000e-01 0.000000e+00 2.474916e-13 -2.471616e-13 -3.300000e-16 6.041600e-26 6.042566e-26
-3.400000e-01 -3.400000e-01 0.000000e+00 2.484749e-13 -2.481349e-13 -3.400000e-16 6.041400e-26 6.039033e-26
-3.500000e-01 -3.500000e-01 0.000000e+00 2.494358e-13 -2.490858e-13 -3.500000e-16 6.041300e-26 6.045693e-26
-3.600000e-01 -3.600000e-01 0.000000e+00 2.503751e-13 -2.500151e-13 -3.600000e-16 6.041200e-26 6.042255e-26
-3.700000e-01 -3.700000e-01 0.000000e+00 2.512940e-13 -2.509240e-13 -3.700000e-16 6.041100e-26 6.038817e-26
-3.800000e-01 -3.800000e-01 0.000000e+00 2.521934e-13 -2.518134e-13 -3.800000e-16 6.041000e-26 6.040433e-26
-3.900000e-01 -3.900000e-01 0.000000e+00 2.530741e-13 -2.526841e-13 -3.900000e-16 6.040900e-26 6.036995e-26
-4.000000e-01 -4.000000e-01 0.000000e+00 2.539369e-13 -2.535369e-13 -4.000000e-16 6.040800e-26 6.038606e-26
-4.100000e-01 -4.100000e-01 0.000000e+00 2.547825e-13 -2.543725e-13 -4.100000e-16 6.040800e-26 6.040322e-26
-4.200000e-01 -4.200000e-01 0.000000e+00 2.556118e-13 -2.551918e-13 -4.200000e-16 6.040700e-26 6.036884e-26
-4.300000e-01 -4.300000e-01 0.000000e+00 2.564253e-13 -2.559953e-13 -4.300000e-16 6.040700e-26 6.043643e-26
-4.400000e-01 -4.400000e-01 0.000000e+00 2.572236e-13 -2.567836e-13 -4.400000e-16 6.040600e-26 6.040206e-26
-4.500000e-01 -4.500000e-01 0.000000e+00 2.580074e-13 -2.575574e-13 -4.500000e-16 6.040600e-26 6.046970e-26
-4.600000e-01 -4.600000e-01 0.000000e+00 2.587771e-13 -2.583171e-13 -4.600000e-16 6.040500e-26 6.043527e-26
-4.700000e-01 -4.700000e-01 0.000000e+00 2.595334e-13 -2.590634e-13 -4.700000e-16 6.040500e-26 6.040194e-26
-4.800000e-01 -4.800000e-01 0.000000e+00 2.602767e-13 -2.597967e-13 -4.800000e-16 6.040500e-26 6.041910e-26
-4.900000e-01 -4.900000e-01 0.000000e+00 2.610075e-13 -2.605175e-13 -4.900000e-16 6.040400e-26 6.043516e-26
-5.000000e-01 -5.000000e-01 0.000000e+00 2.617261e-13 -2.612261e-13 -5.000000e-16 6.040400e-26 6.040183e-26
-5.100000e-01 -5.100000e-01 0.000000e+00 2.624331e-13 -2.619231e-13 -5.100000e-16 6.040400e-26 6.046948e-26
-5.200000e-01 -5.200000e-01 0.000000e+00 2.631288e-13 -2.626088e-13 -5.200000e-16 6.040300e-26 6.043505e-26
-5.300000e-01 -5.300000e-01 0.000000e+00 2.638136e-13 -2.632836e-13 -5.300000e-16 6.040300e-26 6.040172e-26
-5.400000e-01 -5.400000e-01 0.000000e+00 2.644878e-13 -2.639478e-13 -5.400000e-16 6.040300e-26 6.041888e-26
-5.500000e-01 -5.500000e-01 0.000000e+00 2.651519e-13 -2.646019e-13 -5.500000e-16 6.040300e-26 6.038545e-26
-5.600000e-01 -5.600000e-01 0.000000e+00 2.658060e-13 -2.652460e-13 -5.600000e-16 6.040300e-26 6.040261e-26
-5.700000e-01 -5.700000e-01 0.000000e+00 2.664506e-13 -2.658806e-13 -5.700000e-16 6.040200e-26 6.041876e-26
-5.800000e-01 -5.800000e-01 0.000000e+00 2.670859e-13 -2.665059e-13 -5.800000e-16 6.040200e-26 6.038534e-26
-5.900000e-01 -5.900000e-01 0.000000e+00 2.677122e-13 -2.671222e-13 -5.900000e-16 6.040200e-26 6.040249e-26
-6.000000e-01 -6.000000e-01 0.000000e+00 2.683298e-13 -2.677298e-13 -6.000000e-16 6.040200e-26 6.036907e-26
-6.100000e-01 -6.100000e-01 0.000000e+00 2.689389e-13 -2.683289e-13 -6.100000e-16 6.040200e-26 6.043671e-26
-6.200000e-01 -6.200000e-01 0.000000e+00 2.695398e-13 -2.689198e-13 -6.200000e-16 6.040200e-26 6.040338e-26
-6.300000e-01 -6.300000e-01 0.000000e+00 2.701326e-13 -2.695026e-13 -6.300000e-16 6.040200e-26 6.047093e-26
-6.400000e-01 -6.400000e-01 0.000000e+00 2.707177e-13 -2.700777e-13 -6.400000e-16 6.040200e-26 6.038711e-26
-6.500000e-01 -6.500000e-01 0.000000e+00 2.712953e-13 -2.706453e-13 -6.500000e-16 6.040100e-26 6.040327e-26
-6.600000e-01 -6.600000e-01 0.000000e+00 2.718654e-13 -2.712054e-13 -6.600000e-16 6.040100e-26 6.042033e-26
-6.700000e-01 -6.700000e-01 0.000000e+00 2.724285e-13 -2.717585e-13 -6.700000e-16 6.040100e-26 6.038700e-26
-6.800000e-01 -6.800000e-01 0.000000e+00 2.729845e-13 -2.723045e-13 -6.800000e-16 6.040100e-26 6.040416e-26
-6.900000e-01 -6.900000e-01 0.000000e+00 2.735338e-13 -2.728438e-13 -6.900000e-16 6.040100e-26 6.042121e-26
-7.000000e-01 -7.000000e-01 0.000000e+00 2.740765e-13 -2.733765e-13 -7.000000e-16 6.040100e-26 6.038789e-26
-7.100000e-01 -7.100000e-01 0.000000e+00 2.746128e-13 -2.739028e-13 -7.100000e-16 6.040100e-26 6.040494e-26
-7.200000e-01 -7.200000e-01 0.000000e+00 2.751428e-13 -2.744228e-13 -7.200000e-16 6.040100e-26 6.042210e-26
-7.300000e-01 -7.300000e-01 0.000000e+00 2.756666e-13 -2.749366e-13 -7.300000e-16 6.040100e-26 6.038877e-26
-7.400000e-01 -7.400000e-01 0.000000e+00 2.761845e-13 -2.754445e-13 -7.400000e-16 6.040100e-26 6.040583e-26
-7.500000e-01 -7.500000e-01 0.000000e+00 2.766966e-13 -2.759466e-13 -7.500000e-16 6.040100e-26 6.042299e-26
-7.600000e-01 -7.600000e-01 0.000000e+00 2.772030e-13 -2.764430e-13 -7.600000e-16 6.040100e-26 6.038966e-26
-7.700000e-01 -7.700000e-01 0.000000e+00 2.777039e-13 -2.769339e-13 -7.700000e-16 6.040100e-26 6.040672e-26
-7.800000e-01 -7.800000e-01 0.000000e+00 2.781993e-13 -2.774193e-13 -7.800000e-16 6.040100e-26 6.037339e-26
-7.900000e-01 -7.900000e-01 0.000000e+00 2.786894e-13 -2.778994e-13 -7.900000e-16 6.040100e-26 6.039055e-26
-8.000000e-01 -8.000000e-01 0.000000e+00 2.791744e-13 -2.783744e-13 -8.000000e-16 6.040000e-26 6.040661e-26
-8.100000e-01 -8.100000e-01 0.000000e+00 2.796543e-13 -2.788443e-13 -8.100000e-16 6.040000e-26 6.037328e-26
-8.200000e-01 -8.200000e-01 0.000000e+00 2.801293e-13 -2.793093e-13 -8.200000e-16 6.040000e-26 6.039044e-26
-8.300000e-01 -8.300000e-01 0.000000e+00 2.805995e-13 -2.797695e-13 -8.300000e-16 6.040000e-26 6.040749e-26
-8.400000e-01 -8.400000e-01 0.000000e+00 2.810649e-13 -2.802249e-13 -8.400000e-16 6.040000e-26 6.047514e-26
-8.500000e-01 -8.500000e-01 0.000000e+00 2.815258e-13 -2.806758e-13 -8.500000e-16 6.040000e-26 6.039122e-26
-8.600000e-01 -8.600000e-01 0.000000e+00 2.819820e-13 -2.811220e-13 -8.600000e-16 6.040000e-26 6.045887e-26
-8.700000e-01 -8.700000e-01 0.000000e+00 2.824339e-13 -2.815639e-13 -8.700000e-16 6.040000e-26 6.042554e-26
-8.800000e-01 -8.800000e-01 0.000000e+00 2.828815e-13 -2.820015e-13 -8.800000e-16 6.040000e-26 6.039211e-26
-8.900000e-01 -8.900000e-01 0.000000e+00 2.833247e-13 -2.824347e-13 -8.900000e-16 6.040000e-26 6.040927e-26
-9.000000e-01 -9.000000e-01 0.000000e+00 2.837639e-13 -2.828639e-13 -9.000000e-16 6.040000e-26 6.042643e-26
-9.100000e-01 -9.100000e-01 0.000000e+00 2.841990e-13 -2.832890e-13 -9.100000e-16 6.040000e-26 6.039310e-26
-9.200000e-01 -9.200000e-01 0.000000e+00 2.846300e-13 -2.837100e-13 -9.200000e-16 6.040000e-26 6.041006e-26
-9.300000e-01 -9.300000e-01 0.000000e+00 2.850572e-13 -2.841272e-13 -9.300000e-16 6.040000e-26 6.042722e-26
-9.400000e-01 -9.400000e-01 0.000000e+00 2.854805e-13 -2.845405e-13 -9.400000e-16 6.040000e-26 6.039389e-26
-9.500000e-01 -9.500000e-01 0.000000e+00 2.859001e-13 -2.849501e-13 -9.500000e-16 6.040000e-26 6.041104e-26
-9.600000e-01 -9.600000e-01 0.000000e+00 2.863160e-13 -2.853560e-13 -9.600000e-16 6.040000e-26 6.037771e-26
-9.700000e-01 -9.700000e-01 0.000000e+00 2.867283e-13 -2.857583e-13 -9.700000e-16 6.040000e-26 6.034439e-26
-9.800000e-01 -9.800000e-01 0.000000e+00 2.871371e-13 -2.861571e-13 -9.800000e-16 6.040000e-26 6.036135e-26
-9.900000e-01 -9.900000e-01 0.000000e+00 2.875423e-13 -2.865523e-13 -9.900000e-16 6.040000e-26 6.037850e-26
-1.000000e+00 -1.000000e+00 0.000000e+00 2.879442e-13 -2.869442e-13 -1.000000e-15 6.040000e-26 6.039566e-26
-1.010000e+00 -1.010000e+00 0.000000e+00 2.883427e-13 -2.873327e-13 -1.010000e-15 6.040000e-26 6.041282e-26
-1.020000e+00 -1.020000e+00 0.000000e+00 2.887379e-13 -2.877179e-13 -1.020000e-15 6.040000e-26 6.042998e-26
-1.030000e+00 -1.030000e+00 0.000000e+00 2.891299e-13 -2.880999e-13 -1.030000e-15 6.040000e-26 6.044694e-26
-1.040000e+00 -1.040000e+00 0.000000e+00 2.895187e-13 -2.884787e-13 -1.040000e-15 6.040000e-26 6.046409e-26
-1.050000e+00 -1.050000e+00 0.000000e+00 2.899044e-13 -2.888544e-13 -1.050000e-15 6.040000e-26 6.038028e-26
-1.060000e+00 -1.060000e+00 0.000000e+00 2.902870e-13 -2.892270e-13 -1.060000e-15 6.040000e-26 6.039744e-26
-1.070000e+00 -1.070000e+00 0.000000e+00 2.906667e-13 -2.895967e-13 -1.070000e-15 6.040000e-26 6.041440e-26
-1.080000e+00 -1.080000e+00 0.000000e+00 2.910434e-13 -2.899634e-13 -1.080000e-15 6.040000e-26 6.043155e-26
-1.090000e+00 -1.090000e+00 0.000000e+00 2.914172e-13 -2.903272e-13 -1.090000e-15 6.040000e-26 6.034774e-26
-1.100000e+00 -1.100000e+00 0.000000e+00 2.917881e-13 -2.906881e-13 -1.100000e-15 6.040000e-26 6.036490e-26
-1.110000e+00 -1.110000e+00 0.000000e+00 2.921562e-13 -2.910462e-13 -1.110000e-15 6.040000e-26 6.038205e-26
-1.120000e+00 -1.120000e+00 0.000000e+00 2.925216e-13 -2.914016e-13 -1.120000e-15 6.040000e-26 6.039901e-26
-1.130000e+00 -1.130000e+00 0.000000e+00 2.928842e-13 -2.917542e-13 -1.130000e-15 6.040000e-26 6.041637e-26
-1.140000e+00 -1.140000e+00 0.000000e+00 2.932442e-13 -2.921042e-13 -1.140000e-15 6.040000e-26 6.038304e-26
-1.150000e+00 -1.150000e+00 0.000000e+00 2.936016e-13 -2.924516e-13 -1.150000e-15 6.040000e-26 6.045068e-26
-1.160000e+00 -1.160000e+00 0.000000e+00 2.939564e-13 -2.927964e-13 -1.160000e-15 6.040000e-26 6.036687e-26
-1.170000e+00 -1.170000e+00 0.000000e+00 2.943086e-13 -2.931386e-13 -1.170000e-15 6.040000e-26 6.043432e-26
-1.180000e+00 -1.180000e+00 0.000000e+00 2.946584e-13 -2.934784e-13 -1.180000e-15 6.040000e-26 6.035050e-26
-1.190000e+00 -1.190000e+00 0.000000e+00 2.950057e-13 -2.938157e-13 -1.190000e-15 6.040000e-26 6.041814e-26
-1.200000e+00 -1.200000e+00 0.000000e+00 2.953506e-13 -2.941506e-13 -1.200000e-15 6.040000e-26 6.038481e-26
0.000000e+00 0.000000e+00 -2.000000e-01 -1.905500e-18 -1.905500e-18 -2.637800e-15 2.641600e-15 1.100000e-20
-1.000000e-02 -1.000000e-02 -2.000000e-01 4.090191e-10 -4.090191e-10 -2.647800e-15 2.640400e-15 7.400000e-18
-2.000000e-02 -2.000000e-02 -2.000000e-01 6.630300e-10 -6.630299e-10 -2.657800e-15 2.639800e-15 8.200000e-17
-3.000000e-02 -3.000000e-02 -2.000000e-01 8.066472e-10 -8.066472e-10 -2.667800e-15 2.639500e-15 2.830000e-17
-4.000000e-02 -4.000000e-02 -2.000000e-01 8.854699e-10 -8.854698e-10 -2.677800e-15 2.639400e-15 6.160000e-17
-5.000000e-02 -5.000000e-02 -2.000000e-01 9.317281e-10 -9.317280e-10 -2.687800e-15 2.639300e-15 5.150000e-17
-6.000000e-02 -6.000000e-02 -2.000000e-01 9.621580e-10 -9.621579e-10 -2.697800e-15 2.639200e-15 4.140000e-17
-7.000000e-02 -7.000000e-02 -2.000000e-01 9.844830e-10 -9.844829e-10 -2.707800e-15 2.639200e-15 3.140000e-17
-8.000000e-02 -8.000000e-02 -2.000000e-01 1.002300e-09 -1.002300e-09 -2.717800e-15 2.639200e-15 7.860000e-17
-9.000000e-02 -9.000000e-02 -2.000000e-01 1.017300e-09 -1.017300e-09 -2.727800e-15 2.639200e-15 8.860000e-17
-1.000000e-01 -1.000000e-01 -2.000000e-01 1.030600e-09 -1.030600e-09 -2.737800e-15 2.639200e-15 9.860000e-17
-1.100000e-01 -1.100000e-01 -2.000000e-01 1.042500e-09 -1.042500e-09 -2.747800e-15 2.639200e-15 1.086000e-16
-1.200000e-01 -1.200000e-01 -2.000000e-01 1.053400e-09 -1.053400e-09 -2.757800e-15 2.639200e-15 1.186000e-16
-1.300000e-01 -1.300000e-01 -2.000000e-01 1.063600e-09 -1.063600e-09 -2.767800e-15 2.639200e-15 1.286000e-16
-1.400000e-01 -1.400000e-01 -2.000000e-01 1.073100e-09 -1.073100e-09 -2.777800e-15 2.639200e-15 1.386000e-16
-1.500000e-01 -1.500000e-01 -2.000000e-01 1.082100e-09 -1.082100e-09 -2.787800e-15 2.639200e-15 1.486000e-16
-1.600000e-01 -1.600000e-01 -2.000000e-01 1.090600e-09 -1.090600e-09 -2.797800e-15 2.639200e-15 1.586000e-16
-1.700000e-01 -1.700000e-01 -2.000000e-01 1.098800e-09 -1.098800e-09 -2.807800e-15 2.639200e-15 1.686000e-16
-1.800000e-01 -1.800000e-01 -2.000000e-01 1.106500e-09 -1.106500e-09 -2.817800e-15 2.639200e-15 1.786000e-16
-1.900000e-01 -1.900000e-01 -2.000000e-01 1.114000e-09 -1.114000e-09 -2.827800e-15 2.639200e-15 1.886000e-16
-2.000000e-01 -2.000000e-01 -2.000000e-01 1.121200e-09 -1.121200e-09 -2.837800e-15 2.639200e-15 1.986000e-16
-2.100000e-01 -2.100000e-01 -2.000000e-01 1.128000e-09 -1.128000e-09 -2.847800e-15 2.639200e-15 2.086000e-16
-2.200000e-01 -2.200000e-01 -2.000000e-01 1.134700e-09 -1.134700e-09 -2.857800e-15 2.639200e-15 2.186000e-16
-2.300000e-01 -2.300000e-01 -2.000000e-01 1.141100e-09 -1.141100e-09 -2.867800e-15 2.639200e-15 2.286000e-16
-2.400000e-01 -2.400000e-01 -2.000000e-01 1.147300e-09 -1.147300e-09 -2.877800e-15 2.639200e-15 2.386000e-16
-2.500000e-01 -2.500000e-01 -2.000000e-01 1.153300e-09 -1.153300e-09 -2.887800e-15 2.639200e-15 2.486000e-16
-2.600000e-01 -2.600000e-01 -2.000000e-01 1.159200e-09 -1.159200e-09 -2.897800e-15 2.639200e-15 2.586000e-16
-2.700000e-01 -2.700000e-01 -2.000000e-01 1.164800e-09 -1.164800e-09 -2.907800e-15 2.639200e-15 2.686000e-16
-2.800000e-01 -2.800000e-01 -2.000000e-01 1.170300e-09 -1.170300e-09 -2.917800e-15 2.639200e-15 2.786000e-16
-2.900000e-01 -2.900000e-01 -2.000000e-01 1.175700e-09 -1.175700e-09 -2.927800e-15 2.639200e-15 2.886000e-16
-3.000000e-01 -3.000000e-01 -2.000000e-01 1.180900e-09 -1.180900e-09 -2.937800e-15 2.639200e-15 2.986000e-16
-3.100000e-01 -3.100000e-01 -2.000000e-01 1.186000e-09 -1.186000e-09 -2.947800e-15 2.639200e-15 3.086000e-16
-3.200000e-01 -3.200000e-01 -2.000000e-01 1.190900e-09 -1.190900e-09 -2.957800e-15 2.639200e-15 3.186000e-16
-3.300000e-01 -3.300000e-01 -2.000000e-01 1.195800e-09 -1.195800e-09 -2.967800e-15 2.639200e-15 3.286000e-16
-3.400000e-01 -3.400000e-01 -2.000000e-01 1.200500e-09 -1.200500e-09 -2.977800e-15 2.639200e-15 3.386000e-16
-3.500000e-01 -3.500000e-01 -2.000000e-01 1.205100e-09 -1.205100e-09 -2.987800e-15 2.639200e-15 3.486000e-16
-3.600000e-01 -3.600000e-01 -2.000000e-01 1.209600e-09 -1.209600e-09 -2.997800e-15 2.639200e-15 3.586000e-16
-3.700000e-01 -3.700000e-01 -2.000000e-01 1.214000e-09 -1.214000e-09 -3.007800e-15 2.639200e-15 3.686000e-16
-3.800000e-01 -3.800000e-01 -2.000000e-01 1.218300e-09 -1.218300e-09 -3.017800e-15 2.639200e-15 3.786000e-16
-3.900000e-01 -3.900000e-01 -2.000000e-01 1.222500e-09 -1.222500e-09 -3.027800e-15 2.639200e-15 3.886000e-16
-4.000000e-01 -4.000000e-01 -2.000000e-01 1.226600e-09 -1.226600e-09 -3.037800e-15 2.639200e-15 3.986000e-16
-4.100000e-01 -4.100000e-01 -2.000000e-01 1.230700e-09 -1.230700e-09 -3.047800e-15 2.639200e-15 4.086000e-16
-4.200000e-01 -4.200000e-01 -2.000000e-01 1.234600e-09 -1.234600e-09 -3.057800e-15 2.639200e-15 4.186000e-16
-4.300000e-01 -4.300000e-01 -2.000000e-01 1.238500e-09 -1.238500e-09 -3.067800e-15 2.639200e-15 4.286000e-16
-4.400000e-01 -4.400000e-01 -2.000000e-01 1.242300e-09 -1.242300e-09 -3.077800e-15 2.639200e-15 4.386000e-16
-4.500000e-01 -4.500000e-01 -2.000000e-01 1.246100e-09 -1.246100e-09 -3.087800e-15 2.639200e-15 4.486000e-16
-4.600000e-01 -4.600000e-01 -2.000000e-01 1.249800e-09 -1.249800e-09 -3.097800e-15 2.639200e-15 4.586000e-16
-4.700000e-01 -4.700000e-01 -2.000000e-01 1.253400e-09 -1.253400e-09 -3.107800e-15 2.639200e-15 4.686000e-16
-4.800000e-01 -4.800000e-01 -2.000000e-01 1.256900e-09 -1.256900e-09 -3.117800e-15 2.639200e-15 4.786000e-16
-4.900000e-01 -4.900000e-01 -2.000000e-01 1.260400e-09 -1.260400e-09 -3.127800e-15 2.639200e-15 4.886000e-16
-5.000000e-01 -5.000000e-01 -2.000000e-01 1.263800e-09 -1.263800e-09 -3.137800e-15 2.639200e-15 4.986000e-16
-5.100000e-01 -5.100000e-01 -2.000000e-01 1.267200e-09 -1.267200e-09 -3.147800e-15 2.639200e-15 5.086000e-16
-5.200000e-01 -5.200000e-01 -2.000000e-01 1.270500e-09 -1.270500e-09 -3.157800e-15 2.639200e-15 5.186000e-16
-5.300000e-01 -5.300000e-01 -2.000000e-01 1.273800e-09 -1.273800e-09 -3.167800e-15 2.639200e-15 5.286000e-16
-5.400000e-01 -5.400000e-01 -2.000000e-01 1.277000e-09 -1.277000e-09 -3.177800e-15 2.639200e-15 5.386000e-16
-5.500000e-01 -5.500000e-01 -2.000000e-01 1.280200e-09 -1.280200e-09 -3.187800e-15 2.639200e-15 5.486000e-16
-5.600000e-01 -5.600000e-01 -2.000000e-01 1.283300e-09 -1.283300e-09 -3.197800e-15 2.639200e-15 5.586000e-16
-5.700000e-01 -5.700000e-01 -2.000000e-01 1.286400e-09 -1.286400e-09 -3.207800e-15 2.639200e-15 5.686000e-16
-5.800000e-01 -5.800000e-01 -2.000000e-01 1.289400e-09 -1.289400e-09 -3.217800e-15 2.639200e-15 5.786000e-16
-5.900000e-01 -5.900000e-01 -2.000000e-01 1.292400e-09 -1.292400e-09 -3.227800e-15 2.639200e-15 5.886000e-16
-6.000000e-01 -6.000000e-01 -2.000000e-01 1.295300e-09 -1.295300e-09 -3.237800e-15 2.639200e-15 5.986000e-16
-6.100000e-01 -6.100000e-01 -2.000000e-01 1.298200e-09 -1.298200e-09 -3.247800e-15 2.639200e-15 6.086000e-16
-6.200000e-01 -6.200000e-01 -2.000000e-01 1.301100e-09 -1.301100e-09 -3.257800e-15 2.639200e-15 6.186000e-16
-6.300000e-01 -6.300000e-01 -2.000000e-01 1.303900e-09 -1.303900e-09 -3.267800e-15 2.639200e-15 6.286000e-16
-6.400000e-01 -6.400000e-01 -2.000000e-01 1.306700e-09 -1.306700e-09 -3.277800e-15 2.639200e-15 6.386000e-16
-6.500000e-01 -6.500000e-01 -2.000000e-01 1.309400e-09 -1.309400e-09 -3.287800e-15 2.639200e-15 6.486000e-16
-6.600000e-01 -6.600000e-01 -2.000000e-01 1.312100e-09 -1.312100e-09 -3.297800e-15 2.639200e-15 6.586000e-16
-6.700000e-01 -6.700000e-01 -2.000000e-01 1.314800e-09 -1.314800e-09 -3.307800e-15 2.639200e-15 6.686000e-16
-6.800000e-01 -6.800000e-01 -2.000000e-01 1.317400e-09 -1.317400e-09 -3.317800e-15 2.639200e-15 6.786000e-16
-6.900000e-01 -6.900000e-01 -2.000000e-01 1.320100e-09 -1.320100e-09 -3.327800e-15 2.639200e-15 6.886000e-16
-7.000000e-01 -7.000000e-01 -2.000000e-01 1.322600e-09 -1.322600e-09 -3.337800e-15 2.639200e-15 6.986000e-16
-7.100000e-01 -7.100000e-01 -2.000000e-01 1.325200e-09 -1.325200e-09 -3.347800e-15 2.639200e-15 7.086000e-16
-7.200000e-01 -7.200000e-01 -2.000000e-01 1.327700e-09 -1.327700e-09 -3.357800e-15 2.639200e-15 7.186000e-16
-7.300000e-01 -7.300000e-01 -2.000000e-01 1.330200e-09 -1.330200e-09 -3.367800e-15 2.639200e-15 7.286000e-16
-7.400000e-01 -7.400000e-01 -2.000000e-01 1.332600e-09 -1.332600e-09 -3.377800e-15 2.639200e-15 7.386000e-16
-7.500000e-01 -7.500000e-01 -2.000000e-01 1.335100e-09 -1.335100e-09 -3.387800e-15 2.639200e-15 7.486000e-16
-7.600000e-01 -7.600000e-01 -2.000000e-01 1.337500e-09 -1.337500e-09 -3.397800e-15 2.639200e-15 7.586000e-16
-7.700000e-01 -7.700000e-01 -2.000000e-01 1.339800e-09 -1.339800e-09 -3.407800e-15 2.639200e-15 7.686000e-16
-7.800000e-01 -7.800000e-01 -2.000000e-01 1.342200e-09 -1.342200e-09 -3.417800e-15 2.639200e-15 7.786000e-16
-7.900000e-01 -7.900000e-01 -2.000000e-01 1.344500e-09 -1.344500e-09 -3.427800e-15 2.639200e-15 7.886000e-16
-8.000000e-01 -8.000000e-01 -2.000000e-01 1.346800e-09 -1.346800e-09 -3.437800e-15 2.639200e-15 7.986000e-16
-8.100000e-01 -8.100000e-01 -2.000000e-01 1.349100e-09 -1.349100e-09 -3.447800e-15 2.639200e-15 8.086000e-16
-8.200000e-01 -8.200000e-01 -2.000000e-01 1.351300e-09 -1.351300e-09 -3.457800e-15 2.639200e-15 8.186000e-16
-8.300000e-01 -8.300000e-01 -2.000000e-01 1.353600e-09 -1.353600e-09 -3.467800e-15 2.639200e-15 8.286000e-16
-8.400000e-01 -8.400000e-01 -2.000000e-01 1.355800e-09 -1.355800e-09 -3.477800e-15 2.639200e-15 8.386000e-16
-8.500000e-01 -8.500000e-01 -2.000000e-01 1.358000e-09 -1.357900e-09 -3.487800e-15 2.639200e-15 9.915140e-14
-8.600000e-01 -8.600000e-01 -2.000000e-01 1.360100e-09 -1.360100e-09 -3.497800e-15 2.639200e-15 8.586000e-16
-8.700000e-01 -8.700000e-01 -2.000000e-01 1.362200e-09 -1.362200e-09 -3.507800e-15 2.639200e-15 8.686000e-16
-8.800000e-01 -8.800000e-01 -2.000000e-01 1.364400e-09 -1.364400e-09 -3.517800e-15 2.639200e-15 8.786000e-16
-8.900000e-01 -8.900000e-01 -2.000000e-01 1.366500e-09 -1.366500e-09 -3.527800e-15 2.639200e-15 8.886000e-16
-9.000000e-01 -9.000000e-01 -2.000000e-01 1.368500e-09 -1.368500e-09 -3.537800e-15 2.639200e-15 8.986000e-16
-9.100000e-01 -9.100000e-01 -2.000000e-01 1.370600e-09 -1.370600e-09 -3.547800e-15 2.639200e-15 9.086000e-16
-9.200000e-01 -9.200000e-01 -2.000000e-01 1.372600e-09 -1.372600e-09 -3.557800e-15 2.639200e-15 9.186000e-16
-9.300000e-01 -9.300000e-01 -2.000000e-01 1.374600e-09 -1.374600e-09 -3.567800e-15 2.639200e-15 9.286000e-16
-9.400000e-01 -9.400000e-01 -2.000000e-01 1.376600e-09 -1.376600e-09 -3.577800e-15 2.639200e-15 9.386000e-16
-9.500000e-01 -9.500000e-01 -2.000000e-01 1.378600e-09 -1.378600e-09 -3.587800e-15 2.639200e-15 9.486000e-16
-9.600000e-01 -9.600000e-01 -2.000000e-01 1.380600e-09 -1.380600e-09 -3.597800e-15 2.639200e-15 9.586000e-16
-9.700000e-01 -9.700000e-01 -2.000000e-01 1.382500e-09 -1.382500e-09 -3.607800e-15 2.639200e-15 9.686000e-16
-9.800000e-01 -9.800000e-01 -2.000000e-01 1.384500e-09 -1.384500e-09 -3.617800e-15 2.639200e-15 9.786000e-16
-9.900000e-01 -9.900000e-01 -2.000000e-01 1.386400e-09 -1.386400e-09 -3.627800e-15 2.639200e-15 9.886000e-16
-1.000000e+00 -1.000000e+00 -2.000000e-01 1.388300e-09 -1.388300e-09 -3.637800e-15 2.639200e-15 9.986000e-16
-1.010000e+00 -1.010000e+00 -2.000000e-01 1.390200e-09 -1.390200e-09 -3.647800e-15 2.639200e-15 1.008600e-15
-1.020000e+00 -1.020000e+00 -2.000000e-01 1.392000e-09 -1.392000e-09 -3.657800e-15 2.639200e-15 1.018600e-15
-1.030000e+00 -1.030000e+00 -2.000000e-01 1.393900e-09 -1.393900e-09 -3.667800e-15 2.639200e-15 1.028600e-15
-1.040000e+00 -1.040000e+00 -2.000000e-01 1.395700e-09 -1.395700e-09 -3.677800e-15 2.639200e-15 1.038600e-15
-1.050000e+00 -1.050000e+00 -2.000000e-01 1.397500e-09 -1.397500e-09 -3.687800e-15 2.639200e-15 1.048600e-15
-1.060000e+00 -1.060000e+00 -2.000000e-01 1.399300e-09 -1.399300e-09 -3.697800e-15 2.639200e-15 1.058600e-15
-1.070000e+00 -1.070000e+00 -2.000000e-01 1.401100e-09 -1.401100e-09 -3.707800e-15 2.639200e-15 1.068600e-15
-1.080000e+00 -1.080000e+00 -2.000000e-01 1.402900e-09 -1.402900e-09 -3.717800e-15 2.639200e-15 1.078600e-15
-1.090000e+00 -1.090000e+00 -2.000000e-01 1.404600e-09 -1.404600e-09 -3.727800e-15 2.639200e-15 1.088600e-15
-1.100000e+00 -1.100000e+00 -2.000000e-01 1.406400e-09 -1.406400e-09 -3.737800e-15 2.639200e-15 1.098600e-15
-1.110000e+00 -1.110000e+00 -2.000000e-01 1.408100e-09 -1.408100e-09 -3.747800e-15 2.639200e-15 1.108600e-15
-1.120000e+00 -1.120000e+00 -2.000000e-01 1.409800e-09 -1.409800e-09 -3.757800e-15 2.639200e-15 1.118600e-15
-1.130000e+00 -1.130000e+00 -2.000000e-01 1.411500e-09 -1.411500e-09 -3.767800e-15 2.639200e-15 1.128600e-15
-1.140000e+00 -1.140000e+00 -2.000000e-01 1.413200e-09 -1.413200e-09 -3.777800e-15 2.639200e-15 1.138600e-15
-1.150000e+00 -1.150000e+00 -2.000000e-01 1.414900e-09 -1.414900e-09 -3.787800e-15 2.639200e-15 1.148600e-15
-1.160000e+00 -1.160000e+00 -2.000000e-01 1.416600e-09 -1.416600e-09 -3.797800e-15 2.639200e-15 1.158600e-15
-1.170000e+00 -1.170000e+00 -2.000000e-01 1.418200e-09 -1.418200e-09 -3.807800e-15 2.639200e-15 1.168600e-15
-1.180000e+00 -1.180000e+00 -2.000000e-01 1.419900e-09 -1.419900e-09 -3.817800e-15 2.639200e-15 1.178600e-15
-1.190000e+00 -1.190000e+00 -2.000000e-01 1.421500e-09 -1.421500e-09 -3.827800e-15 2.639200e-15 1.188600e-15
-1.200000e+00 -1.200000e+00 -2.000000e-01 1.423100e-09 -1.423100e-09 -3.837800e-15 2.639200e-15 1.198600e-15
0.000000e+00 0.000000e+00 -4.000000e-01 -4.703020e-14 -4.703020e-14 -3.107339e-16 9.437110e-14 3.390000e-20
-1.000000e-02 -1.000000e-02 -4.000000e-01 6.869720e-08 -6.869720e-08 -3.207339e-16 8.476930e-14 8.444857e-14
-2.000000e-02 -2.000000e-02 -4.000000e-01 1.299495e-07 -1.299496e-07 -3.307339e-16 7.613550e-14 2.419523e-14
-3.000000e-02 -3.000000e-02 -4.000000e-01 1.832265e-07 -1.832266e-07 -3.407339e-16 6.855940e-14 3.178133e-14
-4.000000e-02 -4.000000e-02 -4.000000e-01 2.281235e-07 -2.281235e-07 -3.507339e-16 6.213640e-14 6.178567e-14
-5.000000e-02 -5.000000e-02 -4.000000e-01 2.647871e-07 -2.647872e-07 -3.607339e-16 5.690080e-14 4.345993e-14
-6.000000e-02 -6.000000e-02 -4.000000e-01 2.940226e-07 -2.940226e-07 -3.707339e-16 5.279120e-14 5.242047e-14
-7.000000e-02 -7.000000e-02 -4.000000e-01 3.170748e-07 -3.170749e-07 -3.807339e-16 4.966250e-14 5.071823e-14
-8.000000e-02 -8.000000e-02 -4.000000e-01 3.352886e-07 -3.352887e-07 -3.907339e-16 4.732820e-14 5.306253e-14
-9.000000e-02 -9.000000e-02 -4.000000e-01 3.498583e-07 -3.498584e-07 -4.007339e-16 4.560350e-14 5.479723e-14
-1.000000e-01 -1.000000e-01 -4.000000e-01 3.617291e-07 -3.617291e-07 -4.107339e-16 4.433030e-14 4.391957e-14
-1.100000e-01 -1.100000e-01 -4.000000e-01 3.716026e-07 -3.716027e-07 -4.207339e-16 4.338540e-14 5.703533e-14
-1.200000e-01 -1.200000e-01 -4.000000e-01 3.799844e-07 -3.799844e-07 -4.307339e-16 4.267760e-14 4.224687e-14
-1.300000e-01 -1.300000e-01 -4.000000e-01 3.872350e-07 -3.872351e-07 -4.407339e-16 4.214120e-14 5.829953e-14
-1.400000e-01 -1.400000e-01 -4.000000e-01 3.936130e-07 -3.936130e-07 -4.507339e-16 4.172950e-14 4.127877e-14
-1.500000e-01 -1.500000e-01 -4.000000e-01 3.993051e-07 -3.993051e-07 -4.607339e-16 4.140950e-14 4.094877e-14
-1.600000e-01 -1.600000e-01 -4.000000e-01 4.044485e-07 -4.044486e-07 -4.707339e-16 4.115760e-14 5.931313e-14
-1.700000e-01 -1.700000e-01 -4.000000e-01 4.091454e-07 -4.091455e-07 -4.807339e-16 4.095670e-14 5.952403e-14
-1.800000e-01 -1.800000e-01 -4.000000e-01 4.134730e-07 -4.134731e-07 -4.907339e-16 4.079480e-14 5.969593e-14
-1.900000e-01 -1.900000e-01 -4.000000e-01 4.174908e-07 -4.174908e-07 -5.007339e-16 4.066280e-14 4.016207e-14
-2.000000e-01 -2.000000e-01 -4.000000e-01 4.212450e-07 -4.212450e-07 -5.107339e-16 4.055400e-14 4.004327e-14
-2.100000e-01 -2.100000e-01 -4.000000e-01 4.247724e-07 -4.247724e-07 -5.207339e-16 4.046350e-14 3.994277e-14
-2.200000e-01 -2.200000e-01 -4.000000e-01 4.281024e-07 -4.281024e-07 -5.307339e-16 4.038760e-14 3.985687e-14
-2.300000e-01 -2.300000e-01 -4.000000e-01 4.312590e-07 -4.312590e-07 -5.407339e-16 4.032330e-14 3.978257e-14
-2.400000e-01 -2.400000e-01 -4.000000e-01 4.342619e-07 -4.342619e-07 -5.507339e-16 4.026840e-14 3.971767e-14
-2.500000e-01 -2.500000e-01 -4.000000e-01 4.371274e-07 -4.371274e-07 -5.607339e-16 4.022120e-14 3.966047e-14
-2.600000e-01 -2.600000e-01 -4.000000e-01 4.398694e-07 -4.398694e-07 -5.707339e-16 4.018030e-14 3.960957e-14
-2.700000e-01 -2.700000e-01 -4.000000e-01 4.424995e-07 -4.424995e-07 -5.807339e-16 4.014470e-14 3.956397e-14
-2.800000e-01 -2.800000e-01 -4.000000e-01 4.450277e-07 -4.450277e-07 -5.907339e-16 4.011340e-14 3.952267e-14
-2.900000e-01 -2.900000e-01 -4.000000e-01 4.474626e-07 -4.474627e-07 -6.007339e-16 4.008570e-14 6.051503e-14
-3.000000e-01 -3.000000e-01 -4.000000e-01 4.498118e-07 -4.498119e-07 -6.107339e-16 4.006120e-14 6.054953e-14
-3.100000e-01 -3.100000e-01 -4.000000e-01 4.520818e-07 -4.520819e-07 -6.207339e-16 4.003930e-14 6.058143e-14
-3.200000e-01 -3.200000e-01 -4.000000e-01 4.542785e-07 -4.542785e-07 -6.307339e-16 4.001970e-14 3.938897e-14
-3.300000e-01 -3.300000e-01 -4.000000e-01 4.564068e-07 -4.564069e-07 -6.407339e-16 4.000200e-14 6.063873e-14
-3.400000e-01 -3.400000e-01 -4.000000e-01 4.584715e-07 -4.584715e-07 -6.507339e-16 3.998590e-14 3.933517e-14
-3.500000e-01 -3.500000e-01 -4.000000e-01 4.604765e-07 -4.604765e-07 -6.607339e-16 3.997130e-14 3.931057e-14
-3.600000e-01 -3.600000e-01 -4.000000e-01 4.624256e-07 -4.624257e-07 -6.707339e-16 3.995800e-14 6.071273e-14
-3.700000e-01 -3.700000e-01 -4.000000e-01 4.643221e-07 -4.643222e-07 -6.807339e-16 3.994570e-14 6.073503e-14
-3.800000e-01 -3.800000e-01 -4.000000e-01 4.661691e-07 -4.661691e-07 -6.907339e-16 3.993450e-14 3.924377e-14
-3.900000e-01 -3.900000e-01 -4.000000e-01 4.679692e-07 -4.679692e-07 -7.007339e-16 3.992400e-14 3.922327e-14
-4.000000e-01 -4.000000e-01 -4.000000e-01 4.697250e-07 -4.697250e-07 -7.107339e-16 3.991440e-14 3.920367e-14
-4.100000e-01 -4.100000e-01 -4.000000e-01 4.714388e-07 -4.714388e-07 -7.207339e-16 3.990540e-14 3.918467e-14
-4.200000e-01 -4.200000e-01 -4.000000e-01 4.731127e-07 -4.731127e-07 -7.307339e-16 3.989700e-14 3.916627e-14
-4.300000e-01 -4.300000e-01 -4.000000e-01 4.747486e-07 -4.747486e-07 -7.407339e-16 3.988920e-14 3.914847e-14
-4.400000e-01 -4.400000e-01 -4.000000e-01 4.763484e-07 -4.763484e-07 -7.507339e-16 3.988190e-14 3.913117e-14
-4.500000e-01 -4.500000e-01 -4.000000e-01 4.779137e-07 -4.779137e-07 -7.607339e-16 3.987490e-14 3.911417e-14
-4.600000e-01 -4.600000e-01 -4.000000e-01 4.794461e-07 -4.794461e-07 -7.707339e-16 3.986840e-14 3.909767e-14
-4.700000e-01 -4.700000e-01 -4.000000e-01 4.809470e-07 -4.809470e-07 -7.807339e-16 3.986220e-14 3.908147e-14
-4.800000e-01 -4.800000e-01 -4.000000e-01 4.824178e-07 -4.824178e-07 -7.907339e-16 3.985640e-14 3.906567e-14
-4.900000e-01 -4.900000e-01 -4.000000e-01 4.838597e-07 -4.838597e-07 -8.007339e-16 3.985080e-14 3.905007e-14
-5.000000e-01 -5.000000e-01 -4.000000e-01 4.852739e-07 -4.852739e-07 -8.107339e-16 3.984560e-14 3.903487e-14
-5.100000e-01 -5.100000e-01 -4.000000e-01 4.866615e-07 -4.866615e-07 -8.207339e-16 3.984050e-14 3.901977e-14
-5.200000e-01 -5.200000e-01 -4.000000e-01 4.880235e-07 -4.880235e-07 -8.307339e-16 3.983570e-14 3.900497e-14
-5.300000e-01 -5.300000e-01 -4.000000e-01 4.893610e-07 -4.893610e-07 -8.407339e-16 3.983110e-14 3.899037e-14
-5.400000e-01 -5.400000e-01 -4.000000e-01 4.906748e-07 -4.906748e-07 -8.507339e-16 3.982670e-14 3.897597e-14
-5.500000e-01 -5.500000e-01 -4.000000e-01 4.919657e-07 -4.919658e-07 -8.607339e-16 3.982250e-14 6.103823e-14
-5.600000e-01 -5.600000e-01 -4.000000e-01 4.932348e-07 -4.932348e-07 -8.707339e-16 3.981840e-14 3.894767e-14
-5.700000e-01 -5.700000e-01 -4.000000e-01 4.944826e-07 -4.944826e-07 -8.807339e-16 3.981450e-14 3.893377e-14
-5.800000e-01 -5.800000e-01 -4.000000e-01 4.957099e-07 -4.957099e-07 -8.907339e-16 3.981070e-14 3.891997e-14
-5.900000e-01 -5.900000e-01 -4.000000e-01 4.969174e-07 -4.969174e-07 -9.007339e-16 3.980710e-14 3.890637e-14
-6.000000e-01 -6.000000e-01 -4.000000e-01 4.981058e-07 -4.981058e-07 -9.107339e-16 3.980350e-14 3.889277e-14
-6.100000e-01 -6.100000e-01 -4.000000e-01 4.992757e-07 -4.992757e-07 -9.207339e-16 3.980010e-14 3.887937e-14
-6.200000e-01 -6.200000e-01 -4.000000e-01 5.004277e-07 -5.004277e-07 -9.307339e-16 3.979680e-14 3.886607e-14
-6.300000e-01 -6.300000e-01 -4.000000e-01 5.015623e-07 -5.015624e-07 -9.407339e-16 3.979360e-14 6.114713e-14
-6.400000e-01 -6.400000e-01 -4.000000e-01 5.026801e-07 -5.026802e-07 -9.507339e-16 3.979050e-14 6.116023e-14
-6.500000e-01 -6.500000e-01 -4.000000e-01 5.037817e-07 -5.037817e-07 -9.607339e-16 3.978750e-14 3.882677e-14
-6.600000e-01 -6.600000e-01 -4.000000e-01 5.048674e-07 -5.048674e-07 -9.707339e-16 3.978450e-14 3.881377e-14
-6.700000e-01 -6.700000e-01 -4.000000e-01 5.059378e-07 -5.059378e-07 -9.807339e-16 3.978170e-14 3.880097e-14
-6.800000e-01 -6.800000e-01 -4.000000e-01 5.069933e-07 -5.069933e-07 -9.907339e-16 3.977890e-14 3.878817e-14
-6.900000e-01 -6.900000e-01 -4.000000e-01 5.080343e-07 -5.080343e-07 -1.000700e-15 3.977620e-14 3.877550e-14
-7.000000e-01 -7.000000e-01 -4.000000e-01 5.090613e-07 -5.090613e-07 -1.010700e-15 3.977350e-14 3.876280e-14
-7.100000e-01 -7.100000e-01 -4.000000e-01 5.100746e-07 -5.100746e-07 -1.020700e-15 3.977090e-14 3.875020e-14
-7.200000e-01 -7.200000e-01 -4.000000e-01 5.110746e-07 -5.110746e-07 -1.030700e-15 3.976840e-14 3.873770e-14
-7.300000e-01 -7.300000e-01 -4.000000e-01 5.120616e-07 -5.120617e-07 -1.040700e-15 3.976590e-14 6.127480e-14
-7.400000e-01 -7.400000e-01 -4.000000e-01 5.130361e-07 -5.130362e-07 -1.050700e-15 3.976350e-14 6.128720e-14
-7.500000e-01 -7.500000e-01 -4.000000e-01 5.139983e-07 -5.139984e-07 -1.060700e-15 3.976110e-14 6.129960e-14
-7.600000e-01 -7.600000e-01 -4.000000e-01 5.149486e-07 -5.149487e-07 -1.070700e-15 3.975880e-14 6.131190e-14
-7.700000e-01 -7.700000e-01 -4.000000e-01 5.158873e-07 -5.158873e-07 -1.080700e-15 3.975660e-14 3.867590e-14
-7.800000e-01 -7.800000e-01 -4.000000e-01 5.168146e-07 -5.168146e-07 -1.090700e-15 3.975430e-14 3.866360e-14
-7.900000e-01 -7.900000e-01 -4.000000e-01 5.177308e-07 -5.177308e-07 -1.100700e-15 3.975210e-14 3.865140e-14
-8.000000e-01 -8.000000e-01 -4.000000e-01 5.186362e-07 -5.186363e-07 -1.110700e-15 3.975000e-14 6.136070e-14
-8.100000e-01 -8.100000e-01 -4.000000e-01 5.195312e-07 -5.195312e-07 -1.120700e-15 3.974790e-14 3.862720e-14
-8.200000e-01 -8.200000e-01 -4.000000e-01 5.204158e-07 -5.204159e-07 -1.130700e-15 3.974580e-14 6.138490e-14
-8.300000e-01 -8.300000e-01 -4.000000e-01 5.212904e-07 -5.212905e-07 -1.140700e-15 3.974380e-14 6.139690e-14
-8.400000e-01 -8.400000e-01 -4.000000e-01 5.221553e-07 -5.221553e-07 -1.150700e-15 3.974180e-14 3.859110e-14
-8.500000e-01 -8.500000e-01 -4.000000e-01 5.230105e-07 -5.230106e-07 -1.160700e-15 3.973980e-14 6.142090e-14
-8.600000e-01 -8.600000e-01 -4.000000e-01 5.238564e-07 -5.238565e-07 -1.170700e-15 3.973790e-14 6.143280e-14
-8.700000e-01 -8.700000e-01 -4.000000e-01 5.246932e-07 -5.246932e-07 -1.180700e-15 3.973600e-14 3.855530e-14
-8.800000e-01 -8.800000e-01 -4.000000e-01 5.255210e-07 -5.255210e-07 -1.190700e-15 3.973410e-14 3.854340e-14
-8.900000e-01 -8.900000e-01 -4.000000e-01 5.263401e-07 -5.263401e-07 -1.200700e-15 3.973230e-14 3.853160e-14
-9.000000e-01 -9.000000e-01 -4.000000e-01 5.271506e-07 -5.271507e-07 -1.210700e-15 3.973050e-14 6.148020e-14
-9.100000e-01 -9.100000e-01 -4.000000e-01 5.279528e-07 -5.279529e-07 -1.220700e-15 3.972870e-14 6.149200e-14
-9.200000e-01 -9.200000e-01 -4.000000e-01 5.287468e-07 -5.287469e-07 -1.230700e-15 3.972690e-14 6.150380e-14
-9.300000e-01 -9.300000e-01 -4.000000e-01 5.295328e-07 -5.295328e-07 -1.240700e-15 3.972520e-14 3.848450e-14
-9.400000e-01 -9.400000e-01 -4.000000e-01 5.303109e-07 -5.303110e-07 -1.250700e-15 3.972350e-14 6.152720e-14
-9.500000e-01 -9.500000e-01 -4.000000e-01 5.310814e-07 -5.310814e-07 -1.260700e-15 3.972180e-14 3.846110e-14
-9.600000e-01 -9.600000e-01 -4.000000e-01 5.318443e-07 -5.318444e-07 -1.270700e-15 3.972010e-14 6.155060e-14
-9.700000e-01 -9.700000e-01 -4.000000e-01 5.325999e-07 -5.325999e-07 -1.280700e-15 3.971850e-14 3.843780e-14
-9.800000e-01 -9.800000e-01 -4.000000e-01 5.333482e-07 -5.333483e-07 -1.290700e-15 3.971680e-14 6.157390e-14
-9.900000e-01 -9.900000e-01 -4.000000e-01 5.340895e-07 -5.340895e-07 -1.300700e-15 3.971520e-14 3.841450e-14
-1.000000e+00 -1.000000e+00 -4.000000e-01 5.348238e-07 -5.348238e-07 -1.310700e-15 3.971360e-14 3.840290e-14
-1.010000e+00 -1.010000e+00 -4.000000e-01 5.355513e-07 -5.355513e-07 -1.320700e-15 3.971210e-14 3.839140e-14
-1.020000e+00 -1.020000e+00 -4.000000e-01 5.362721e-07 -5.362721e-07 -1.330700e-15 3.971050e-14 3.837980e-14
-1.030000e+00 -1.030000e+00 -4.000000e-01 5.369864e-07 -5.369864e-07 -1.340700e-15 3.970900e-14 3.836830e-14
-1.040000e+00 -1.040000e+00 -4.000000e-01 5.376942e-07 -5.376943e-07 -1.350700e-15 3.970750e-14 6.164320e-14
-1.050000e+00 -1.050000e+00 -4.000000e-01 5.383958e-07 -5.383958e-07 -1.360700e-15 3.970600e-14 3.834530e-14
-1.060000e+00 -1.060000e+00 -4.000000e-01 5.390911e-07 -5.390912e-07 -1.370700e-15 3.970450e-14 6.166620e-14
-1.070000e+00 -1.070000e+00 -4.000000e-01 5.397804e-07 -5.397805e-07 -1.380700e-15 3.970300e-14 6.167770e-14
-1.080000e+00 -1.080000e+00 -4.000000e-01 5.404638e-07 -5.404638e-07 -1.390700e-15 3.970160e-14 3.831090e-14
-1.090000e+00 -1.090000e+00 -4.000000e-01 5.411412e-07 -5.411413e-07 -1.400700e-15 3.970020e-14 6.170050e-14
-1.100000e+00 -1.100000e+00 -4.000000e-01 5.418129e-07 -5.418130e-07 -1.410700e-15 3.969880e-14 6.171190e-14
-1.110000e+00 -1.110000e+00 -4.000000e-01 5.424790e-07 -5.424790e-07 -1.420700e-15 3.969740e-14 3.827670e-14
-1.120000e+00 -1.120000e+00 -4.000000e-01 5.431395e-07 -5.431396e-07 -1.430700e-15 3.969600e-14 6.173470e-14
-1.130000e+00 -1.130000e+00 -4.000000e-01 5.437946e-07 -5.437946e-07 -1.440700e-15 3.969460e-14 3.825390e-14
-1.140000e+00 -1.140000e+00 -4.000000e-01 5.444443e-07 -5.444443e-07 -1.450700e-15 3.969320e-14 3.824250e-14
-1.150000e+00 -1.150000e+00 -4.000000e-01 5.450887e-07 -5.450887e-07 -1.460700e-15 3.969190e-14 3.823120e-14
-1.160000e+00 -1.160000e+00 -4.000000e-01 5.457280e-07 -5.457280e-07 -1.470700e-15 3.969060e-14 3.821990e-14
-1.170000e+00 -1.170000e+00 -4.000000e-01 5.463621e-07 -5.463622e-07 -1.480700e-15 3.968920e-14 6.179150e-14
-1.180000e+00 -1.180000e+00 -4.000000e-01 5.469913e-07 -5.469913e-07 -1.490700e-15 3.968790e-14 3.819720e-14
-1.190000e+00 -1.190000e+00 -4.000000e-01 5.476155e-07 -5.476155e-07 -1.500700e-15 3.968660e-14 3.818590e-14
-1.200000e+00 -1.200000e+00 -4.000000e-01 5.482349e-07 -5.482349e-07 -1.510700e-15 3.968540e-14 3.817470e-14
0.000000e+00 0.000000e+00 -6.000000e-01 -7.154352e-13 -7.154352e-13 -2.745060e-17 1.430900e-12 2.149400e-18
-1.000000e-02 -1.000000e-02 -6.000000e-01 2.319066e-07 -2.319080e-07 -3.745020e-17 1.367200e-12 3.283745e-14
-2.000000e-02 -2.000000e-02 -6.000000e-01 4.556003e-07 -4.556016e-07 -4.745000e-17 1.305600e-12 5.552550e-15
-3.000000e-02 -3.000000e-02 -6.000000e-01 6.707899e-07 -6.707911e-07 -5.744980e-17 1.246300e-12 4.624255e-14
-4.000000e-02 -4.000000e-02 -6.000000e-01 8.770746e-07 -8.770757e-07 -6.744960e-17 1.189300e-12 8.923255e-14
-5.000000e-02 -5.000000e-02 -6.000000e-01 1.074000e-06 -1.074000e-06 -7.744950e-17 1.134700e-12 1.134623e-12
-6.000000e-02 -6.000000e-02 -6.000000e-01 1.261100e-06 -1.261100e-06 -8.744940e-17 1.082600e-12 1.082513e-12
-7.000000e-02 -7.000000e-02 -6.000000e-01 1.437900e-06 -1.437900e-06 -9.744930e-17 1.033300e-12 1.033203e-12
-8.000000e-02 -8.000000e-02 -6.000000e-01 1.604100e-06 -1.604100e-06 -1.074493e-16 9.869222e-13 9.868148e-13
-9.000000e-02 -9.000000e-02 -6.000000e-01 1.759600e-06 -1.759600e-06 -1.174492e-16 9.435092e-13 9.433918e-13
-1.000000e-01 -1.000000e-01 -6.000000e-01 1.904300e-06 -1.904300e-06 -1.274492e-16 9.032038e-13 9.030764e-13
-1.100000e-01 -1.100000e-01 -6.000000e-01 2.038400e-06 -2.038400e-06 -1.374492e-16 8.660626e-13 8.659252e-13
-1.200000e-01 -1.200000e-01 -6.000000e-01 2.162200e-06 -2.162200e-06 -1.474492e-16 8.320909e-13 8.319435e-13
-1.300000e-01 -1.300000e-01 -6.000000e-01 2.276300e-06 -2.276300e-06 -1.574492e-16 8.012403e-13 8.010829e-13
-1.400000e-01 -1.400000e-01 -6.000000e-01 2.381300e-06 -2.381300e-06 -1.674492e-16 7.734106e-13 7.732432e-13
-1.500000e-01 -1.500000e-01 -6.000000e-01 2.477800e-06 -2.477800e-06 -1.774492e-16 7.484565e-13 7.482791e-13
-1.600000e-01 -1.600000e-01 -6.000000e-01 2.566600e-06 -2.566600e-06 -1.874491e-16 7.261973e-13 7.260099e-13
-1.700000e-01 -1.700000e-01 -6.000000e-01 2.648300e-06 -2.648300e-06 -1.974491e-16 7.064281e-13 7.062307e-13
-1.800000e-01 -1.800000e-01 -6.000000e-01 2.723600e-06 -2.723600e-06 -2.074491e-16 6.889306e-13 6.887232e-13
-1.900000e-01 -1.900000e-01 -6.000000e-01 2.793100e-06 -2.793100e-06 -2.174491e-16 6.734832e-13 6.732658e-13
-2.000000e-01 -2.000000e-01 -6.000000e-01 2.857400e-06 -2.857400e-06 -2.274491e-16 6.598689e-13 6.596415e-13
-2.100000e-01 -2.100000e-01 -6.000000e-01 2.917000e-06 -2.917000e-06 -2.374491e-16 6.478816e-13 6.476442e-13
-2.200000e-01 -2.200000e-01 -6.000000e-01 2.972400e-06 -2.972400e-06 -2.474491e-16 6.373296e-13 6.370822e-13
-2.300000e-01 -2.300000e-01 -6.000000e-01 3.023900e-06 -3.023900e-06 -2.574491e-16 6.280379e-13 6.277805e-13
-2.400000e-01 -2.400000e-01 -6.000000e-01 3.072000e-06 -3.072000e-06 -2.674491e-16 6.198490e-13 6.195816e-13
-2.500000e-01 -2.500000e-01 -6.000000e-01 3.117000e-06 -3.117000e-06 -2.774491e-16 6.126230e-13 6.123456e-13
-2.600000e-01 -2.600000e-01 -6.000000e-01 3.159100e-06 -3.159100e-06 -2.874491e-16 6.062364e-13 6.059490e-13
-2.700000e-01 -2.700000e-01 -6.000000e-01 3.198700e-06 -3.198700e-06 -2.974491e-16 6.005810e-13 6.002836e-13
-2.800000e-01 -2.800000e-01 -6.000000e-01 3.235900e-06 -3.235900e-06 -3.074491e-16 5.955626e-13 5.952552e-13
-2.900000e-01 -2.900000e-01 -6.000000e-01 3.271000e-06 -3.271000e-06 -3.174491e-16 5.910994e-13 5.907820e-13
-3.000000e-01 -3.000000e-01 -6.000000e-01 3.304200e-06 -3.304200e-06 -3.274491e-16 5.871205e-13 5.867931e-13
-3.100000e-01 -3.100000e-01 -6.000000e-01 3.335600e-06 -3.335600e-06 -3.374491e-16 5.835645e-13 5.832271e-13
-3.200000e-01 -3.200000e-01 -6.000000e-01 3.365400e-06 -3.365400e-06 -3.474491e-16 5.803785e-13 5.800311e-13
-3.300000e-01 -3.300000e-01 -6.000000e-01 3.393700e-06 -3.393700e-06 -3.574491e-16 5.775166e-13 5.771592e-13
-3.400000e-01 -3.400000e-01 -6.000000e-01 3.420600e-06 -3.420600e-06 -3.674491e-16 5.749392e-13 5.745718e-13
-3.500000e-01 -3.500000e-01 -6.000000e-01 3.446400e-06 -3.446400e-06 -3.774491e-16 5.726122e-13 5.722348e-13
-3.600000e-01 -3.600000e-01 -6.000000e-01 3.470900e-06 -3.470900e-06 -3.874491e-16 5.705058e-13 5.701184e-13
-3.700000e-01 -3.700000e-01 -6.000000e-01 3.494500e-06 -3.494500e-06 -3.974491e-16 5.685942e-13 5.681968e-13
-3.800000e-01 -3.800000e-01 -6.000000e-01 3.517000e-06 -3.517000e-06 -4.074491e-16 5.668552e-13 5.664478e-13
-3.900000e-01 -3.900000e-01 -6.000000e-01 3.538600e-06 -3.538600e-06 -4.174491e-16 5.652693e-13 5.648519e-13
-4.000000e-01 -4.000000e-01 -6.000000e-01 3.559400e-06 -3.559400e-06 -4.274491e-16 5.638196e-13 5.633922e-13
-4.100000e-01 -4.100000e-01 -6.000000e-01 3.579400e-06 -3.579400e-06 -4.374491e-16 5.624911e-13 5.620537e-13
-4.200000e-01 -4.200000e-01 -6.000000e-01 3.598700e-06 -3.598700e-06 -4.474491e-16 5.612711e-13 5.608237e-13
-4.300000e-01 -4.300000e-01 -6.000000e-01 3.617300e-06 -3.617300e-06 -4.574491e-16 5.601480e-13 5.596906e-13
-4.400000e-01 -4.400000e-01 -6.000000e-01 3.635300e-06 -3.635300e-06 -4.674491e-16 5.591120e-13 5.586446e-13
-4.500000e-01 -4.500000e-01 -6.000000e-01 3.652700e-06 -3.652700e-06 -4.774491e-16 5.581542e-13 5.576768e-13
-4.600000e-01 -4.600000e-01 -6.000000e-01 3.669500e-06 -3.669500e-06 -4.874491e-16 5.572669e-13 5.567795e-13
-4.700000e-01 -4.700000e-01 -6.000000e-01 3.685800e-06 -3.685800e-06 -4.974491e-16 5.564432e-13 5.559458e-13
-4.800000e-01 -4.800000e-01 -6.000000e-01 3.701600e-06 -3.701600e-06 -5.074491e-16 5.556771e-13 5.551697e-13
-4.900000e-01 -4.900000e-01 -6.000000e-01 3.716900e-06 -3.716900e-06 -5.174491e-16 5.549631e-13 5.544457e-13
-5.000000e-01 -5.000000e-01 -6.000000e-01 3.731800e-06 -3.731800e-06 -5.274491e-16 5.542965e-13 5.537691e-13
-5.100000e-01 -5.100000e-01 -6.000000e-01 3.746300e-06 -3.746300e-06 -5.374491e-16 5.536729e-13 5.531355e-13
-5.200000e-01 -5.200000e-01 -6.000000e-01 3.760500e-06 -3.760500e-06 -5.474491e-16 5.530886e-13 5.525412e-13
-5.300000e-01 -5.300000e-01 -6.000000e-01 3.774200e-06 -3.774200e-06 -5.574491e-16 5.525401e-13 5.519827e-13
-5.400000e-01 -5.400000e-01 -6.000000e-01 3.787600e-06 -3.787600e-06 -5.674491e-16 5.520244e-13 5.514570e-13
-5.500000e-01 -5.500000e-01 -6.000000e-01 3.800600e-06 -3.800600e-06 -5.774491e-16 5.515388e-13 5.509614e-13
-5.600000e-01 -5.600000e-01 -6.000000e-01 3.813400e-06 -3.813400e-06 -5.874491e-16 5.510807e-13 5.504933e-13
-5.700000e-01 -5.700000e-01 -6.000000e-01 3.825800e-06 -3.825800e-06 -5.974491e-16 5.506479e-13 5.500505e-13
-5.800000e-01 -5.800000e-01 -6.000000e-01 3.838000e-06 -3.838000e-06 -6.074491e-16 5.502385e-13 5.496311e-13
-5.900000e-01 -5.900000e-01 -6.000000e-01 3.849800e-06 -3.849800e-06 -6.174491e-16 5.498506e-13 5.492332e-13
-6.000000e-01 -6.000000e-01 -6.000000e-01 3.861500e-06 -3.861500e-06 -6.274491e-16 5.494825e-13 5.488551e-13
-6.100000e-01 -6.100000e-01 -6.000000e-01 3.872800e-06 -3.872800e-06 -6.374491e-16 5.491328e-13 5.484954e-13
-6.200000e-01 -6.200000e-01 -6.000000e-01 3.884000e-06 -3.884000e-06 -6.474491e-16 5.488001e-13 5.481527e-13
-6.300000e-01 -6.300000e-01 -6.000000e-01 3.894900e-06 -3.894900e-06 -6.574491e-16 5.484832e-13 5.478258e-13
-6.400000e-01 -6.400000e-01 -6.000000e-01 3.905500e-06 -3.905500e-06 -6.674491e-16 5.481809e-13 5.475135e-13
-6.500000e-01 -6.500000e-01 -6.000000e-01 3.916000e-06 -3.916000e-06 -6.774491e-16 5.478923e-13 5.472149e-13
-6.600000e-01 -6.600000e-01 -6.000000e-01 3.926300e-06 -3.926300e-06 -6.874491e-16 5.476163e-13 5.469289e-13
-6.700000e-01 -6.700000e-01 -6.000000e-01 3.936300e-06 -3.936300e-06 -6.974491e-16 5.473522e-13 5.466548e-13
-6.800000e-01 -6.800000e-01 -6.000000e-01 3.946200e-06 -3.946200e-06 -7.074491e-16 5.470990e-13 5.463916e-13
-6.900000e-01 -6.900000e-01 -6.000000e-01 3.955900e-06 -3.955900e-06 -7.174491e-16 5.468562e-13 5.461388e-13
-7.000000e-01 -7.000000e-01 -6.000000e-01 3.965500e-06 -3.965500e-06 -7.274491e-16 5.466231e-13 5.458957e-13
-7.100000e-01 -7.100000e-01 -6.000000e-01 3.974800e-06 -3.974800e-06 -7.374491e-16 5.463990e-13 5.456616e-13
-7.200000e-01 -7.200000e-01 -6.000000e-01 3.984000e-06 -3.984000e-06 -7.474491e-16 5.461834e-13 5.454360e-13
-7.300000e-01 -7.300000e-01 -6.000000e-01 3.993100e-06 -3.993100e-06 -7.574491e-16 5.459757e-13 5.452183e-13
-7.400000e-01 -7.400000e-01 -6.000000e-01 4.002000e-06 -4.002000e-06 -7.674491e-16 5.457756e-13 5.450082e-13
-7.500000e-01 -7.500000e-01 -6.000000e-01 4.010700e-06 -4.010800e-06 -7.774491e-16 5.455824e-13 9.945520e-11
-7.600000e-01 -7.600000e-01 -6.000000e-01 4.019400e-06 -4.019400e-06 -7.874491e-16 5.453959e-13 5.446085e-13
-7.700000e-01 -7.700000e-01 -6.000000e-01 4.027800e-06 -4.027800e-06 -7.974491e-16 5.452157e-13 5.444183e-13
-7.800000e-01 -7.800000e-01 -6.000000e-01 4.036200e-06 -4.036200e-06 -8.074491e-16 5.450413e-13 5.442339e-13
-7.900000e-01 -7.900000e-01 -6.000000e-01 4.044400e-06 -4.044400e-06 -8.174491e-16 5.448725e-13 5.440551e-13
-8.000000e-01 -8.000000e-01 -6.000000e-01 4.052500e-06 -4.052500e-06 -8.274491e-16 5.447090e-13 5.438816e-13
-8.100000e-01 -8.100000e-01 -6.000000e-01 4.060500e-06 -4.060500e-06 -8.374491e-16 5.445505e-13 5.437131e-13
-8.200000e-01 -8.200000e-01 -6.000000e-01 4.068400e-06 -4.068400e-06 -8.474491e-16 5.443967e-13 5.435493e-13
-8.300000e-01 -8.300000e-01 -6.000000e-01 4.076100e-06 -4.076100e-06 -8.574491e-16 5.442474e-13 5.433900e-13
-8.400000e-01 -8.400000e-01 -6.000000e-01 4.083800e-06 -4.083800e-06 -8.674491e-16 5.441023e-13 5.432349e-13
-8.500000e-01 -8.500000e-01 -6.000000e-01 4.091300e-06 -4.091300e-06 -8.774491e-16 5.439613e-13 5.430839e-13
-8.600000e-01 -8.600000e-01 -6.000000e-01 4.098700e-06 -4.098700e-06 -8.874491e-16 5.438241e-13 5.429367e-13
-8.700000e-01 -8.700000e-01 -6.000000e-01 4.106100e-06 -4.106100e-06 -8.974491e-16 5.436906e-13 5.427932e-13
-8.800000e-01 -8.800000e-01 -6.000000e-01 4.113300e-06 -4.113300e-06 -9.074491e-16 5.435605e-13 5.426531e-13
-8.900000e-01 -8.900000e-01 -6.000000e-01 4.120400e-06 -4.120400e-06 -9.174491e-16 5.434338e-13 5.425164e-13
-9.000000e-01 -9.000000e-01 -6.000000e-01 4.127500e-06 -4.127500e-06 -9.274491e-16 5.433102e-13 5.423828e-13
-9.100000e-01 -9.100000e-01 -6.000000e-01 4.134500e-06 -4.134500e-06 -9.374491e-16 5.431896e-13 5.422522e-13
-9.200000e-01 -9.200000e-01 -6.000000e-01 4.141300e-06 -4.141300e-06 -9.474491e-16 5.430719e-13 5.421245e-13
-9.300000e-01 -9.300000e-01 -6.000000e-01 4.148100e-06 -4.148100e-06 -9.574491e-16 5.429570e-13 5.419996e-13
-9.400000e-01 -9.400000e-01 -6.000000e-01 4.154800e-06 -4.154800e-06 -9.674491e-16 5.428447e-13 5.418773e-13
-9.500000e-01 -9.500000e-01 -6.000000e-01 4.161400e-06 -4.161400e-06 -9.774491e-16 5.427349e-13 5.417575e-13
-9.600000e-01 -9.600000e-01 -6.000000e-01 4.168000e-06 -4.168000e-06 -9.874491e-16 5.426275e-13 5.416401e-13
-9.700000e-01 -9.700000e-01 -6.000000e-01 4.174500e-06 -4.174500e-06 -9.974491e-16 5.425224e-13 5.415250e-13
-9.800000e-01 -9.800000e-01 -6.000000e-01 4.180900e-06 -4.180900e-06 -1.007400e-15 5.424195e-13 5.414121e-13
-9.900000e-01 -9.900000e-01 -6.000000e-01 4.187200e-06 -4.187200e-06 -1.017400e-15 5.423188e-13 5.413014e-13
-1.000000e+00 -1.000000e+00 -6.000000e-01 4.193400e-06 -4.193400e-06 -1.027400e-15 5.422201e-13 5.411927e-13
-1.010000e+00 -1.010000e+00 -6.000000e-01 4.199600e-06 -4.199600e-06 -1.037400e-15 5.421233e-13 5.410859e-13
-1.020000e+00 -1.020000e+00 -6.000000e-01 4.205700e-06 -4.205700e-06 -1.047400e-15 5.420285e-13 5.409811e-13
-1.030000e+00 -1.030000e+00 -6.000000e-01 4.211800e-06 -4.211800e-06 -1.057400e-15 5.419354e-13 5.408780e-13
-1.040000e+00 -1.040000e+00 -6.000000e-01 4.217700e-06 -4.217700e-06 -1.067400e-15 5.418441e-13 5.407767e-13
-1.050000e+00 -1.050000e+00 -6.000000e-01 4.223700e-06 -4.223700e-06 -1.077400e-15 5.417545e-13 5.406771e-13
-1.060000e+00 -1.060000e+00 -6.000000e-01 4.229500e-06 -4.229500e-06 -1.087400e-15 5.416665e-13 5.405791e-13
-1.070000e+00 -1.070000e+00 -6.000000e-01 4.235300e-06 -4.235300e-06 -1.097400e-15 5.415800e-13 5.404826e-13
-1.080000e+00 -1.080000e+00 -6.000000e-01 4.241000e-06 -4.241000e-06 -1.107400e-15 5.414950e-13 5.403876e-13
-1.090000e+00 -1.090000e+00 -6.000000e-01 4.246700e-06 -4.246700e-06 -1.117400e-15 5.414115e-13 5.402941e-13
-1.100000e+00 -1.100000e+00 -6.000000e-01 4.252300e-06 -4.252300e-06 -1.127400e-15 5.413294e-13 5.402020e-13
-1.110000e+00 -1.110000e+00 -6.000000e-01 4.257900e-06 -4.257900e-06 -1.137400e-15 5.412487e-13 5.401113e-13
-1.120000e+00 -1.120000e+00 -6.000000e-01 4.263400e-06 -4.263400e-06 -1.147400e-15 5.411693e-13 5.400219e-13
-1.130000e+00 -1.130000e+00 -6.000000e-01 4.268800e-06 -4.268800e-06 -1.157400e-15 5.410911e-13 5.399337e-13
-1.140000e+00 -1.140000e+00 -6.000000e-01 4.274200e-06 -4.274200e-06 -1.167400e-15 5.410141e-13 5.398467e-13
-1.150000e+00 -1.150000e+00 -6.000000e-01 4.279600e-06 -4.279600e-06 -1.177400e-15 5.409384e-13 5.397610e-13
-1.160000e+00 -1.160000e+00 -6.000000e-01 4.284900e-06 -4.284900e-06 -1.187400e-15 5.408637e-13 5.396763e-13
-1.170000e+00 -1.170000e+00 -6.000000e-01 4.290100e-06 -4.290100e-06 -1.197400e-15 5.407902e-13 5.395928e-13
-1.180000e+00 -1.180000e+00 -6.000000e-01 4.295300e-06 -4.295300e-06 -1.207400e-15 5.407178e-13 5.395104e-13
-1.190000e+00 -1.190000e+00 -6.000000e-01 4.300500e-06 -4.300500e-06 -1.217400e-15 5.406464e-13 5.394290e-13
-1.200000e+00 -1.200000e+00 -6.000000e-01 4.305600e-06 -4.305600e-06 -1.227400e-15 5.405760e-13 5.393486e-13
0.000000e+00 0.000000e+00 -8.000000e-01 -2.993300e-12 -2.993300e-12 -3.656901e-16 5.987000e-12 3.430990e-17
-1.000000e-02 -1.000000e-02 -8.000000e-01 3.736864e-07 -3.736922e-07 -2.777304e-16 5.815300e-12 1.502227e-14
-2.000000e-02 -2.000000e-02 -8.000000e-01 7.413632e-07 -7.413688e-07 -2.163250e-16 5.647300e-12 4.708368e-14
-3.000000e-02 -3.000000e-02 -8.000000e-01 1.102900e-06 -1.102900e-06 -1.742365e-16 5.483000e-12 5.482826e-12
-4.000000e-02 -4.000000e-02 -8.000000e-01 1.458000e-06 -1.458000e-06 -1.462321e-16 5.322400e-12 5.322254e-12
-5.000000e-02 -5.000000e-02 -8.000000e-01 1.806500e-06 -1.806500e-06 -1.284874e-16 5.165600e-12 5.165472e-12
-6.000000e-02 -6.000000e-02 -8.000000e-01 2.148100e-06 -2.148100e-06 -1.182217e-16 5.012500e-12 5.012382e-12
-7.000000e-02 -7.000000e-02 -8.000000e-01 2.482500e-06 -2.482500e-06 -1.134084e-16 4.863300e-12 4.863187e-12
-8.000000e-02 -8.000000e-02 -8.000000e-01 2.809400e-06 -2.809400e-06 -1.125750e-16 4.718000e-12 4.717887e-12
-9.000000e-02 -9.000000e-02 -8.000000e-01 3.128600e-06 -3.128600e-06 -1.146464e-16 4.576800e-12 4.576685e-12
-1.000000e-01 -1.000000e-01 -8.000000e-01 3.439600e-06 -3.439600e-06 -1.188344e-16 4.439700e-12 4.439581e-12
-1.100000e-01 -1.100000e-01 -8.000000e-01 3.742300e-06 -3.742300e-06 -1.245656e-16 4.306800e-12 4.306675e-12
-1.200000e-01 -1.200000e-01 -8.000000e-01 4.036400e-06 -4.036400e-06 -1.314290e-16 4.178400e-12 4.178269e-12
-1.300000e-01 -1.300000e-01 -8.000000e-01 4.321700e-06 -4.321700e-06 -1.391184e-16 4.054400e-12 4.054261e-12
-1.400000e-01 -1.400000e-01 -8.000000e-01 4.598000e-06 -4.598000e-06 -1.474100e-16 3.935000e-12 3.934853e-12
-1.500000e-01 -1.500000e-01 -8.000000e-01 4.865200e-06 -4.865200e-06 -1.561444e-16 3.820300e-12 3.820144e-12
-1.600000e-01 -1.600000e-01 -8.000000e-01 5.123200e-06 -5.123200e-06 -1.652037e-16 3.710400e-12 3.710235e-12
-1.700000e-01 -1.700000e-01 -8.000000e-01 5.372100e-06 -5.372100e-06 -1.745016e-16 3.605300e-12 3.605125e-12
-1.800000e-01 -1.800000e-01 -8.000000e-01 5.611800e-06 -5.611800e-06 -1.839744e-16 3.505100e-12 3.504916e-12
-1.900000e-01 -1.900000e-01 -8.000000e-01 5.842600e-06 -5.842600e-06 -1.935770e-16 3.409800e-12 3.409606e-12
-2.000000e-01 -2.000000e-01 -8.000000e-01 6.064500e-06 -6.064500e-06 -2.032768e-16 3.319400e-12 3.319197e-12
-2.100000e-01 -2.100000e-01 -8.000000e-01 6.277700e-06 -6.277700e-06 -2.130477e-16 3.233900e-12 3.233687e-12
-2.200000e-01 -2.200000e-01 -8.000000e-01 6.482600e-06 -6.482600e-06 -2.228718e-16 3.153200e-12 3.152977e-12
-2.300000e-01 -2.300000e-01 -8.000000e-01 6.679200e-06 -6.679200e-06 -2.327365e-16 3.077100e-12 3.076867e-12
-2.400000e-01 -2.400000e-01 -8.000000e-01 6.867900e-06 -6.867900e-06 -2.426311e-16 3.005700e-12 3.005457e-12
-2.500000e-01 -2.500000e-01 -8.000000e-01 7.048900e-06 -7.048900e-06 -2.525485e-16 2.938700e-12 2.938447e-12
-2.600000e-01 -2.600000e-01 -8.000000e-01 7.222600e-06 -7.222600e-06 -2.624834e-16 2.876100e-12 2.875838e-12
-2.700000e-01 -2.700000e-01 -8.000000e-01 7.389100e-06 -7.389100e-06 -2.724318e-16 2.817500e-12 2.817228e-12
-2.800000e-01 -2.800000e-01 -8.000000e-01 7.548800e-06 -7.548800e-06 -2.823909e-16 2.762900e-12 2.762618e-12
-2.900000e-01 -2.900000e-01 -8.000000e-01 7.701900e-06 -7.701900e-06 -2.923577e-16 2.712100e-12 2.711808e-12
-3.000000e-01 -3.000000e-01 -8.000000e-01 7.848700e-06 -7.848700e-06 -3.023307e-16 2.664800e-12 2.664498e-12
-3.100000e-01 -3.100000e-01 -8.000000e-01 7.989400e-06 -7.989400e-06 -3.123086e-16 2.620800e-12 2.620488e-12
-3.200000e-01 -3.200000e-01 -8.000000e-01 8.124200e-06 -8.124200e-06 -3.222904e-16 2.580000e-12 2.579678e-12
-3.300000e-01 -3.300000e-01 -8.000000e-01 8.253500e-06 -8.253500e-06 -3.322753e-16 2.542100e-12 2.541768e-12
-3.400000e-01 -3.400000e-01 -8.000000e-01 8.377500e-06 -8.377500e-06 -3.422629e-16 2.507000e-12 2.506658e-12
-3.500000e-01 -3.500000e-01 -8.000000e-01 8.496300e-06 -8.496300e-06 -3.522523e-16 2.474500e-12 2.474148e-12
-3.600000e-01 -3.600000e-01 -8.000000e-01 8.610200e-06 -8.610200e-06 -3.622432e-16 2.444300e-12 2.443938e-12
-3.700000e-01 -3.700000e-01 -8.000000e-01 8.719400e-06 -8.719400e-06 -3.722357e-16 2.416300e-12 2.415928e-12
-3.800000e-01 -3.800000e-01 -8.000000e-01 8.824200e-06 -8.824200e-06 -3.822293e-16 2.390400e-12 2.390018e-12
-3.900000e-01 -3.900000e-01 -8.000000e-01 8.924700e-06 -8.924700e-06 -3.922237e-16 2.366400e-12 2.366008e-12
-4.000000e-01 -4.000000e-01 -8.000000e-01 9.021100e-06 -9.021100e-06 -4.022189e-16 2.344100e-12 2.343698e-12
-4.100000e-01 -4.100000e-01 -8.000000e-01 9.113700e-06 -9.113700e-06 -4.122146e-16 2.323400e-12 2.322988e-12
-4.200000e-01 -4.200000e-01 -8.000000e-01 9.202700e-06 -9.202700e-06 -4.222109e-16 2.304300e-12 2.303878e-12
-4.300000e-01 -4.300000e-01 -8.000000e-01 9.288100e-06 -9.288100e-06 -4.322078e-16 2.286400e-12 2.285968e-12
-4.400000e-01 -4.400000e-01 -8.000000e-01 9.370200e-06 -9.370200e-06 -4.422050e-16 2.269900e-12 2.269458e-12
-4.500000e-01 -4.500000e-01 -8.000000e-01 9.449200e-06 -9.449200e-06 -4.522024e-16 2.254500e-12 2.254048e-12
-4.600000e-01 -4.600000e-01 -8.000000e-01 9.525200e-06 -9.525200e-06 -4.622001e-16 2.240100e-12 2.239638e-12
-4.700000e-01 -4.700000e-01 -8.000000e-01 9.598400e-06 -9.598400e-06 -4.721982e-16 2.226800e-12 2.226328e-12
-4.800000e-01 -4.800000e-01 -8.000000e-01 9.668800e-06 -9.668800e-06 -4.821964e-16 2.214300e-12 2.213818e-12
-4.900000e-01 -4.900000e-01 -8.000000e-01 9.736800e-06 -9.736800e-06 -4.921948e-16 2.202700e-12 2.202208e-12
-5.000000e-01 -5.000000e-01 -8.000000e-01 9.802300e-06 -9.802300e-06 -5.021933e-16 2.191900e-12 2.191398e-12
-5.100000e-01 -5.100000e-01 -8.000000e-01 9.865600e-06 -9.865600e-06 -5.121921e-16 2.181700e-12 2.181188e-12
-5.200000e-01 -5.200000e-01 -8.000000e-01 9.926600e-06 -9.926600e-06 -5.221909e-16 2.172200e-12 2.171678e-12
-5.300000e-01 -5.300000e-01 -8.000000e-01 9.985700e-06 -9.985700e-06 -5.321898e-16 2.163300e-12 2.162768e-12
-5.400000e-01 -5.400000e-01 -8.000000e-01 1.004270e-05 -1.004270e-05 -5.421888e-16 2.155000e-12 2.154458e-12
-5.500000e-01 -5.500000e-01 -8.000000e-01 1.009800e-05 -1.009800e-05 -5.521879e-16 2.147200e-12 2.146648e-12
-5.600000e-01 -5.600000e-01 -8.000000e-01 1.015140e-05 -1.015140e-05 -5.621871e-16 2.139800e-12 2.139238e-12
-5.700000e-01 -5.700000e-01 -8.000000e-01 1.020320e-05 -1.020320e-05 -5.721863e-16 2.132900e-12 2.132328e-12
-5.800000e-01 -5.800000e-01 -8.000000e-01 1.025340e-05 -1.025340e-05 -5.821857e-16 2.126400e-12 2.125818e-12
-5.900000e-01 -5.900000e-01 -8.000000e-01 1.030220e-05 -1.030220e-05 -5.921850e-16 2.120300e-12 2.119708e-12
-6.000000e-01 -6.000000e-01 -8.000000e-01 1.034940e-05 -1.034940e-05 -6.021844e-16 2.114500e-12 2.113898e-12
-6.100000e-01 -6.100000e-01 -8.000000e-01 1.039530e-05 -1.039530e-05 -6.121839e-16 2.109000e-12 2.108388e-12
-6.200000e-01 -6.200000e-01 -8.000000e-01 1.044000e-05 -1.044000e-05 -6.221834e-16 2.103900e-12 2.103278e-12
-6.300000e-01 -6.300000e-01 -8.000000e-01 1.048330e-05 -1.048340e-05 -6.321829e-16 2.099000e-12 9.790163e-11
-6.400000e-01 -6.400000e-01 -8.000000e-01 1.052560e-05 -1.052560e-05 -6.421824e-16 2.094400e-12 2.093758e-12
-6.500000e-01 -6.500000e-01 -8.000000e-01 1.056660e-05 -1.056660e-05 -6.521819e-16 2.090000e-12 2.089348e-12
-6.600000e-01 -6.600000e-01 -8.000000e-01 1.060660e-05 -1.060660e-05 -6.621816e-16 2.085900e-12 2.085238e-12
-6.700000e-01 -6.700000e-01 -8.000000e-01 1.064560e-05 -1.064560e-05 -6.721812e-16 2.081900e-12 2.081228e-12
-6.800000e-01 -6.800000e-01 -8.000000e-01 1.068360e-05 -1.068370e-05 -6.821809e-16 2.078200e-12 9.792248e-11
-6.900000e-01 -6.900000e-01 -8.000000e-01 1.072070e-05 -1.072070e-05 -6.921806e-16 2.074600e-12 2.073908e-12
-7.000000e-01 -7.000000e-01 -8.000000e-01 1.075690e-05 -1.075690e-05 -7.021802e-16 2.071200e-12 2.070498e-12
-7.100000e-01 -7.100000e-01 -8.000000e-01 1.079220e-05 -1.079220e-05 -7.121800e-16 2.068000e-12 2.067288e-12
-7.200000e-01 -7.200000e-01 -8.000000e-01 1.082680e-05 -1.082680e-05 -7.221797e-16 2.064900e-12 2.064178e-12
-7.300000e-01 -7.300000e-01 -8.000000e-01 1.086050e-05 -1.086050e-05 -7.321795e-16 2.061900e-12 2.061168e-12
-7.400000e-01 -7.400000e-01 -8.000000e-01 1.089350e-05 -1.089350e-05 -7.421792e-16 2.059100e-12 2.058358e-12
-7.500000e-01 -7.500000e-01 -8.000000e-01 1.092570e-05 -1.092570e-05 -7.521790e-16 2.056400e-12 2.055648e-12
-7.600000e-01 -7.600000e-01 -8.000000e-01 1.095730e-05 -1.095730e-05 -7.621788e-16 2.053900e-12 2.053138e-12
-7.700000e-01 -7.700000e-01 -8.000000e-01 1.098820e-05 -1.098820e-05 -7.721785e-16 2.051400e-12 2.050628e-12
-7.800000e-01 -7.800000e-01 -8.000000e-01 1.101840e-05 -1.101840e-05 -7.821783e-16 2.049000e-12 2.048218e-12
-7.900000e-01 -7.900000e-01 -8.000000e-01 1.104810e-05 -1.104810e-05 -7.921781e-16 2.046800e-12 2.046008e-12
-8.000000e-01 -8.000000e-01 -8.000000e-01 1.107710e-05 -1.107710e-05 -8.021780e-16 2.044600e-12 2.043798e-12
-8.100000e-01 -8.100000e-01 -8.000000e-01 1.110560e-05 -1.110560e-05 -8.121778e-16 2.042500e-12 2.041688e-12
-8.200000e-01 -8.200000e-01 -8.000000e-01 1.113350e-05 -1.113350e-05 -8.221776e-16 2.040500e-12 2.039678e-12
-8.300000e-01 -8.300000e-01 -8.000000e-01 1.116090e-05 -1.116090e-05 -8.321774e-16 2.038600e-12 2.037768e-12
-8.400000e-01 -8.400000e-01 -8.000000e-01 1.118780e-05 -1.118780e-05 -8.421774e-16 2.036700e-12 2.035858e-12
-8.500000e-01 -8.500000e-01 -8.000000e-01 1.121420e-05 -1.121420e-05 -8.521772e-16 2.034900e-12 2.034048e-12
-8.600000e-01 -8.600000e-01 -8.000000e-01 1.124020e-05 -1.124020e-05 -8.621771e-16 2.033200e-12 2.032338e-12
-8.700000e-01 -8.700000e-01 -8.000000e-01 1.126560e-05 -1.126560e-05 -8.721769e-16 2.031500e-12 2.030628e-12
-8.800000e-01 -8.800000e-01 -8.000000e-01 1.129070e-05 -1.129070e-05 -8.821768e-16 2.029900e-12 2.029018e-12
-8.900000e-01 -8.900000e-01 -8.000000e-01 1.131530e-05 -1.131530e-05 -8.921767e-16 2.028400e-12 2.027508e-12
-9.000000e-01 -9.000000e-01 -8.000000e-01 1.133950e-05 -1.133950e-05 -9.021765e-16 2.026900e-12 2.025998e-12
-9.100000e-01 -9.100000e-01 -8.000000e-01 1.136320e-05 -1.136320e-05 -9.121765e-16 2.025400e-12 2.024488e-12
-9.200000e-01 -9.200000e-01 -8.000000e-01 1.138660e-05 -1.138660e-05 -9.221763e-16 2.024000e-12 2.023078e-12
-9.300000e-01 -9.300000e-01 -8.000000e-01 1.140970e-05 -1.140970e-05 -9.321763e-16 2.022700e-12 2.021768e-12
-9.400000e-01 -9.400000e-01 -8.000000e-01 1.143230e-05 -1.143230e-05 -9.421761e-16 2.021400e-12 2.020458e-12
-9.500000e-01 -9.500000e-01 -8.000000e-01 1.145460e-05 -1.145460e-05 -9.521761e-16 2.020100e-12 2.019148e-12
-9.600000e-01 -9.600000e-01 -8.000000e-01 1.147660e-05 -1.147660e-05 -9.621760e-16 2.018800e-12 2.017838e-12
-9.700000e-01 -9.700000e-01 -8.000000e-01 1.149820e-05 -1.149820e-05 -9.721759e-16 2.017600e-12 2.016628e-12
-9.800000e-01 -9.800000e-01 -8.000000e-01 1.151950e-05 -1.151960e-05 -9.821758e-16 2.016500e-12 9.798448e-11
-9.900000e-01 -9.900000e-01 -8.000000e-01 1.154050e-05 -1.154060e-05 -9.921757e-16 2.015400e-12 9.798559e-11
-1.000000e+00 -1.000000e+00 -8.000000e-01 1.156120e-05 -1.156120e-05 -1.002200e-15 2.014300e-12 2.013298e-12
-1.010000e+00 -1.010000e+00 -8.000000e-01 1.158170e-05 -1.158170e-05 -1.012200e-15 2.013200e-12 2.012188e-12
-1.020000e+00 -1.020000e+00 -8.000000e-01 1.160180e-05 -1.160180e-05 -1.022200e-15 2.012100e-12 2.011078e-12
-1.030000e+00 -1.030000e+00 -8.000000e-01 1.162160e-05 -1.162160e-05 -1.032200e-15 2.011100e-12 2.010068e-12
-1.040000e+00 -1.040000e+00 -8.000000e-01 1.164120e-05 -1.164120e-05 -1.042200e-15 2.010100e-12 2.009058e-12
-1.050000e+00 -1.050000e+00 -8.000000e-01 1.166050e-05 -1.166050e-05 -1.052200e-15 2.009200e-12 2.008148e-12
-1.060000e+00 -1.060000e+00 -8.000000e-01 1.167950e-05 -1.167950e-05 -1.062200e-15 2.008300e-12 2.007238e-12
-1.070000e+00 -1.070000e+00 -8.000000e-01 1.169830e-05 -1.169830e-05 -1.072200e-15 2.007300e-12 2.006228e-12
-1.080000e+00 -1.080000e+00 -8.000000e-01 1.171690e-05 -1.171690e-05 -1.082200e-15 2.006500e-12 2.005418e-12
-1.090000e+00 -1.090000e+00 -8.000000e-01 1.173520e-05 -1.173520e-05 -1.092200e-15 2.005600e-12 2.004508e-12
-1.100000e+00 -1.100000e+00 -8.000000e-01 1.175330e-05 -1.175330e-05 -1.102200e-15 2.004700e-12 2.003598e-12
-1.110000e+00 -1.110000e+00 -8.000000e-01 1.177110e-05 -1.177110e-05 -1.112200e-15 2.003900e-12 2.002788e-12
-1.120000e+00 -1.120000e+00 -8.000000e-01 1.178880e-05 -1.178880e-05 -1.122200e-15 2.003100e-12 2.001978e-12
-1.130000e+00 -1.130000e+00 -8.000000e-01 1.180620e-05 -1.180620e-05 -1.132200e-15 2.002300e-12 2.001168e-12
-1.140000e+00 -1.140000e+00 -8.000000e-01 1.182340e-05 -1.182340e-05 -1.142200e-15 2.001500e-12 2.000358e-12
-1.150000e+00 -1.150000e+00 -8.000000e-01 1.184040e-05 -1.184040e-05 -1.152200e-15 2.000800e-12 1.999648e-12
-1.160000e+00 -1.160000e+00 -8.000000e-01 1.185730e-05 -1.185730e-05 -1.162200e-15 2.000100e-12 1.998938e-12
-1.170000e+00 -1.170000e+00 -8.000000e-01 1.187390e-05 -1.187390e-05 -1.172200e-15 1.999300e-12 1.998128e-12
-1.180000e+00 -1.180000e+00 -8.000000e-01 1.189030e-05 -1.189030e-05 -1.182200e-15 1.998600e-12 1.997418e-12
-1.190000e+00 -1.190000e+00 -8.000000e-01 1.190660e-05 -1.190660e-05 -1.192200e-15 1.997900e-12 1.996708e-12
-1.200000e+00 -1.200000e+00 -8.000000e-01 1.192260e-05 -1.192260e-05 -1.202200e-15 1.997200e-12 1.995998e-12
0.000000e+00 0.000000e+00 -1.000000e+00 -8.182100e-12 -8.182100e-12 -1.726480e-10 1.890121e-10 1.000000e-16
-1.000000e-02 -1.000000e-02 -1.000000e+00 4.702338e-07 -4.702498e-07 -1.245516e-10 1.405568e-10 5.200000e-15
-2.000000e-02 -2.000000e-02 -1.000000e+00 9.366589e-07 -9.366745e-07 -8.988750e-11 1.055398e-10 5.230000e-14
-3.000000e-02 -3.000000e-02 -1.000000e+00 1.399200e-06 -1.399200e-06 -6.489710e-11 8.020260e-11 1.530550e-11
-4.000000e-02 -4.000000e-02 -1.000000e+00 1.857600e-06 -1.857600e-06 -4.687570e-11 6.184050e-11 1.496480e-11
-5.000000e-02 -5.000000e-02 -1.000000e+00 2.311900e-06 -2.311900e-06 -3.387610e-11 4.850630e-11 1.463020e-11
-6.000000e-02 -6.000000e-02 -1.000000e+00 2.761900e-06 -2.761900e-06 -2.449620e-11 3.879760e-11 1.430140e-11
-7.000000e-02 -7.000000e-02 -1.000000e+00 3.207300e-06 -3.207300e-06 -1.772570e-11 3.170450e-11 1.397880e-11
-8.000000e-02 -8.000000e-02 -1.000000e+00 3.648100e-06 -3.648100e-06 -1.283680e-11 2.649900e-11 1.366220e-11
-9.000000e-02 -9.000000e-02 -1.000000e+00 4.084000e-06 -4.084000e-06 -9.305000e-12 2.265660e-11 1.335160e-11
-1.000000e-01 -1.000000e-01 -1.000000e+00 4.514800e-06 -4.514900e-06 -6.752300e-12 1.979940e-11 8.695290e-11
-1.100000e-01 -1.100000e-01 -1.000000e+00 4.940500e-06 -4.940500e-06 -4.906000e-12 1.765480e-11 1.274880e-11
-1.200000e-01 -1.200000e-01 -1.000000e+00 5.360600e-06 -5.360600e-06 -3.569700e-12 1.602630e-11 1.245660e-11
-1.300000e-01 -1.300000e-01 -1.000000e+00 5.775200e-06 -5.775200e-06 -2.601600e-12 1.477230e-11 1.217070e-11
-1.400000e-01 -1.400000e-01 -1.000000e+00 6.183900e-06 -6.183900e-06 -1.899600e-12 1.379080e-11 1.189120e-11
-1.500000e-01 -1.500000e-01 -1.000000e+00 6.586500e-06 -6.586600e-06 -1.390000e-12 1.300790e-11 8.838210e-11
-1.600000e-01 -1.600000e-01 -1.000000e+00 6.983000e-06 -6.983100e-06 -1.019500e-12 1.237060e-11 8.864890e-11
-1.700000e-01 -1.700000e-01 -1.000000e+00 7.373200e-06 -7.373200e-06 -7.497062e-13 1.184050e-11 1.109079e-11
-1.800000e-01 -1.800000e-01 -1.000000e+00 7.756900e-06 -7.756900e-06 -5.529306e-13 1.139010e-11 1.083717e-11
-1.900000e-01 -1.900000e-01 -1.000000e+00 8.133900e-06 -8.133900e-06 -4.091182e-13 1.099930e-11 1.059018e-11
-2.000000e-01 -2.000000e-01 -1.000000e+00 8.504200e-06 -8.504200e-06 -3.037813e-13 1.065370e-11 1.034992e-11
-2.100000e-01 -2.100000e-01 -1.000000e+00 8.867700e-06 -8.867700e-06 -2.264370e-13 1.034290e-11 1.011646e-11
-2.200000e-01 -2.200000e-01 -1.000000e+00 9.224300e-06 -9.224300e-06 -1.694936e-13 1.005940e-11 9.889906e-12
-2.300000e-01 -2.300000e-01 -1.000000e+00 9.573900e-06 -9.573900e-06 -1.274458e-13 9.797600e-12 9.670154e-12
-2.400000e-01 -2.400000e-01 -1.000000e+00 9.916600e-06 -9.916600e-06 -9.629740e-14 9.553600e-12 9.457303e-12
-2.500000e-01 -2.500000e-01 -1.000000e+00 1.025230e-05 -1.025230e-05 -7.314360e-14 9.324600e-12 9.251456e-12
-2.600000e-01 -2.600000e-01 -1.000000e+00 1.058090e-05 -1.058100e-05 -5.586800e-14 9.108500e-12 9.094737e-11
-2.700000e-01 -2.700000e-01 -1.000000e+00 1.090270e-05 -1.090270e-05 -4.292740e-14 8.903600e-12 8.860673e-12
-2.800000e-01 -2.800000e-01 -1.000000e+00 1.121750e-05 -1.121750e-05 -3.319350e-14 8.708800e-12 8.675606e-12
-2.900000e-01 -2.900000e-01 -1.000000e+00 1.152540e-05 -1.152540e-05 -2.583910e-14 8.523300e-12 8.497461e-12
-3.000000e-01 -3.000000e-01 -1.000000e+00 1.182650e-05 -1.182650e-05 -2.025690e-14 8.346400e-12 8.326143e-12
-3.100000e-01 -3.100000e-01 -1.000000e+00 1.212080e-05 -1.212080e-05 -1.599960e-14 8.177600e-12 8.161600e-12
-3.200000e-01 -3.200000e-01 -1.000000e+00 1.240850e-05 -1.240850e-05 -1.273660e-14 8.016400e-12 8.003663e-12
-3.300000e-01 -3.300000e-01 -1.000000e+00 1.268940e-05 -1.268950e-05 -1.022300e-14 7.862500e-12 9.214772e-11
-3.400000e-01 -3.400000e-01 -1.000000e+00 1.296390e-05 -1.296390e-05 -8.276500e-15 7.715700e-12 7.707423e-12
-3.500000e-01 -3.500000e-01 -1.000000e+00 1.323180e-05 -1.323180e-05 -6.761300e-15 7.575500e-12 7.568739e-12
-3.600000e-01 -3.600000e-01 -1.000000e+00 1.349320e-05 -1.349320e-05 -5.575600e-15 7.441900e-12 7.436324e-12
-3.700000e-01 -3.700000e-01 -1.000000e+00 1.374830e-05 -1.374830e-05 -4.642800e-15 7.314500e-12 7.309857e-12
-3.800000e-01 -3.800000e-01 -1.000000e+00 1.399710e-05 -1.399710e-05 -3.905100e-15 7.193100e-12 7.189195e-12
-3.900000e-01 -3.900000e-01 -1.000000e+00 1.423960e-05 -1.423960e-05 -3.318700e-15 7.077500e-12 7.074181e-12
-4.000000e-01 -4.000000e-01 -1.000000e+00 1.447600e-05 -1.447600e-05 -2.850100e-15 6.967600e-12 6.964750e-12
-4.100000e-01 -4.100000e-01 -1.000000e+00 1.470630e-05 -1.470630e-05 -2.473800e-15 6.863000e-12 6.860526e-12
-4.200000e-01 -4.200000e-01 -1.000000e+00 1.493050e-05 -1.493060e-05 -2.170300e-15 6.763600e-12 9.323857e-11
-4.300000e-01 -4.300000e-01 -1.000000e+00 1.514880e-05 -1.514880e-05 -1.924200e-15 6.669100e-12 6.667176e-12
-4.400000e-01 -4.400000e-01 -1.000000e+00 1.536130e-05 -1.536130e-05 -1.724000e-15 6.579400e-12 6.577676e-12
-4.500000e-01 -4.500000e-01 -1.000000e+00 1.556790e-05 -1.556790e-05 -1.560400e-15 6.494300e-12 6.492740e-12
-4.600000e-01 -4.600000e-01 -1.000000e+00 1.576880e-05 -1.576880e-05 -1.426300e-15 6.413500e-12 6.412074e-12
-4.700000e-01 -4.700000e-01 -1.000000e+00 1.596420e-05 -1.596420e-05 -1.315900e-15 6.336800e-12 6.335484e-12
-4.800000e-01 -4.800000e-01 -1.000000e+00 1.615400e-05 -1.615400e-05 -1.224900e-15 6.264100e-12 6.262875e-12
-4.900000e-01 -4.900000e-01 -1.000000e+00 1.633840e-05 -1.633840e-05 -1.149700e-15 6.195200e-12 6.194050e-12
-5.000000e-01 -5.000000e-01 -1.000000e+00 1.651760e-05 -1.651760e-05 -1.087400e-15 6.129800e-12 6.128713e-12
-5.100000e-01 -5.100000e-01 -1.000000e+00 1.669160e-05 -1.669160e-05 -1.035800e-15 6.067900e-12 6.066864e-12
-5.200000e-01 -5.200000e-01 -1.000000e+00 1.686050e-05 -1.686050e-05 -9.931142e-16 6.009200e-12 6.008207e-12
-5.300000e-01 -5.300000e-01 -1.000000e+00 1.702450e-05 -1.702450e-05 -9.577637e-16 5.953500e-12 5.952542e-12
-5.400000e-01 -5.400000e-01 -1.000000e+00 1.718370e-05 -1.718370e-05 -9.285511e-16 5.900800e-12 5.899871e-12
-5.500000e-01 -5.500000e-01 -1.000000e+00 1.733830e-05 -1.733830e-05 -9.045244e-16 5.850800e-12 5.849895e-12
-5.600000e-01 -5.600000e-01 -1.000000e+00 1.748830e-05 -1.748830e-05 -8.848779e-16 5.803400e-12 5.802515e-12
-5.700000e-01 -5.700000e-01 -1.000000e+00 1.763390e-05 -1.763390e-05 -8.689126e-16 5.758400e-12 5.757531e-12
-5.800000e-01 -5.800000e-01 -1.000000e+00 1.777520e-05 -1.777520e-05 -8.561166e-16 5.715800e-12 5.714944e-12
-5.900000e-01 -5.900000e-01 -1.000000e+00 1.791240e-05 -1.791240e-05 -8.459972e-16 5.675400e-12 5.674554e-12
-6.000000e-01 -6.000000e-01 -1.000000e+00 1.804560e-05 -1.804560e-05 -8.381956e-16 5.637000e-12 5.636162e-12
-6.100000e-01 -6.100000e-01 -1.000000e+00 1.817490e-05 -1.817490e-05 -8.323768e-16 5.600600e-12 5.599768e-12
-6.200000e-01 -6.200000e-01 -1.000000e+00 1.830050e-05 -1.830050e-05 -8.282746e-16 5.566000e-12 5.565172e-12
-6.300000e-01 -6.300000e-01 -1.000000e+00 1.842250e-05 -1.842250e-05 -8.256690e-16 5.533200e-12 5.532374e-12
-6.400000e-01 -6.400000e-01 -1.000000e+00 1.854100e-05 -1.854100e-05 -8.243564e-16 5.502000e-12 5.501176e-12
-6.500000e-01 -6.500000e-01 -1.000000e+00 1.865610e-05 -1.865610e-05 -8.241693e-16 5.472400e-12 5.471576e-12
-6.600000e-01 -6.600000e-01 -1.000000e+00 1.876790e-05 -1.876790e-05 -8.249820e-16 5.444200e-12 5.443375e-12
-6.700000e-01 -6.700000e-01 -1.000000e+00 1.887670e-05 -1.887670e-05 -8.266730e-16 5.417400e-12 5.416573e-12
-6.800000e-01 -6.800000e-01 -1.000000e+00 1.898240e-05 -1.898240e-05 -8.291245e-16 5.391900e-12 5.391071e-12
-6.900000e-01 -6.900000e-01 -1.000000e+00 1.908520e-05 -1.908520e-05 -8.322616e-16 5.367700e-12 5.366868e-12
-7.000000e-01 -7.000000e-01 -1.000000e+00 1.918530e-05 -1.918530e-05 -8.360081e-16 5.344600e-12 5.343764e-12
-7.100000e-01 -7.100000e-01 -1.000000e+00 1.928260e-05 -1.928260e-05 -8.402765e-16 5.322500e-12 5.321660e-12
-7.200000e-01 -7.200000e-01 -1.000000e+00 1.937740e-05 -1.937740e-05 -8.450351e-16 5.301500e-12 5.300655e-12
-7.300000e-01 -7.300000e-01 -1.000000e+00 1.946960e-05 -1.946960e-05 -8.502190e-16 5.281500e-12 5.280650e-12
-7.400000e-01 -7.400000e-01 -1.000000e+00 1.955950e-05 -1.955950e-05 -8.557783e-16 5.262400e-12 5.261544e-12
-7.500000e-01 -7.500000e-01 -1.000000e+00 1.964700e-05 -1.964700e-05 -8.616948e-16 5.244200e-12 5.243338e-12
-7.600000e-01 -7.600000e-01 -1.000000e+00 1.973240e-05 -1.973240e-05 -8.679084e-16 5.226700e-12 5.225832e-12
-7.700000e-01 -7.700000e-01 -1.000000e+00 1.981560e-05 -1.981560e-05 -8.744157e-16 5.210100e-12 5.209226e-12
-7.800000e-01 -7.800000e-01 -1.000000e+00 1.989670e-05 -1.989670e-05 -8.811634e-16 5.194200e-12 5.193319e-12
-7.900000e-01 -7.900000e-01 -1.000000e+00 1.997590e-05 -1.997590e-05 -8.881521e-16 5.178900e-12 5.178012e-12
-8.000000e-01 -8.000000e-01 -1.000000e+00 2.005310e-05 -2.005310e-05 -8.953422e-16 5.164400e-12 5.163505e-12
-8.100000e-01 -8.100000e-01 -1.000000e+00 2.012850e-05 -2.012850e-05 -9.027208e-16 5.150400e-12 5.149497e-12
-8.200000e-01 -8.200000e-01 -1.000000e+00 2.020220e-05 -2.020220e-05 -9.102765e-16 5.137000e-12 5.136090e-12
-8.300000e-01 -8.300000e-01 -1.000000e+00 2.027410e-05 -2.027410e-05 -9.179911e-16 5.124200e-12 5.123282e-12
-8.400000e-01 -8.400000e-01 -1.000000e+00 2.034440e-05 -2.034450e-05 -9.258475e-16 5.111900e-12 9.488903e-11
-8.500000e-01 -8.500000e-01 -1.000000e+00 2.041320e-05 -2.041320e-05 -9.338376e-16 5.100100e-12 5.099166e-12
-8.600000e-01 -8.600000e-01 -1.000000e+00 2.048040e-05 -2.048040e-05 -9.419464e-16 5.088800e-12 5.087858e-12
-8.700000e-01 -8.700000e-01 -1.000000e+00 2.054610e-05 -2.054610e-05 -9.501675e-16 5.077900e-12 5.076950e-12
-8.800000e-01 -8.800000e-01 -1.000000e+00 2.061040e-05 -2.061040e-05 -9.584949e-16 5.067400e-12 5.066442e-12
-8.900000e-01 -8.900000e-01 -1.000000e+00 2.067340e-05 -2.067340e-05 -9.669158e-16 5.057400e-12 5.056433e-12
-9.000000e-01 -9.000000e-01 -1.000000e+00 2.073500e-05 -2.073500e-05 -9.754254e-16 5.047700e-12 5.046725e-12
-9.100000e-01 -9.100000e-01 -1.000000e+00 2.079540e-05 -2.079540e-05 -9.840194e-16 5.038400e-12 5.037416e-12
-9.200000e-01 -9.200000e-01 -1.000000e+00 2.085450e-05 -2.085450e-05 -9.926865e-16 5.029400e-12 5.028407e-12
-9.300000e-01 -9.300000e-01 -1.000000e+00 2.091250e-05 -2.091250e-05 -1.001400e-15 5.020700e-12 5.019699e-12
-9.400000e-01 -9.400000e-01 -1.000000e+00 2.096930e-05 -2.096930e-05 -1.010200e-15 5.012400e-12 5.011390e-12
-9.500000e-01 -9.500000e-01 -1.000000e+00 2.102490e-05 -2.102500e-05 -1.019100e-15 5.004400e-12 9.499662e-11
-9.600000e-01 -9.600000e-01 -1.000000e+00 2.107960e-05 -2.107960e-05 -1.028000e-15 4.996600e-12 4.995572e-12
-9.700000e-01 -9.700000e-01 -1.000000e+00 2.113320e-05 -2.113320e-05 -1.037000e-15 4.989100e-12 4.988063e-12
-9.800000e-01 -9.800000e-01 -1.000000e+00 2.118570e-05 -2.118580e-05 -1.046000e-15 4.981900e-12 9.501915e-11
-9.900000e-01 -9.900000e-01 -1.000000e+00 2.123740e-05 -2.123740e-05 -1.055100e-15 4.974900e-12 4.973845e-12
-1.000000e+00 -1.000000e+00 -1.000000e+00 2.128810e-05 -2.128810e-05 -1.064200e-15 4.968100e-12 4.967036e-12
-1.010000e+00 -1.010000e+00 -1.000000e+00 2.133780e-05 -2.133780e-05 -1.073300e-15 4.961600e-12 4.960527e-12
-1.020000e+00 -1.020000e+00 -1.000000e+00 2.138670e-05 -2.138670e-05 -1.082500e-15 4.955300e-12 4.954218e-12
-1.030000e+00 -1.030000e+00 -1.000000e+00 2.143480e-05 -2.143480e-05 -1.091700e-15 4.949100e-12 4.948008e-12
-1.040000e+00 -1.040000e+00 -1.000000e+00 2.148200e-05 -2.148200e-05 -1.101000e-15 4.943200e-12 4.942099e-12
-1.050000e+00 -1.050000e+00 -1.000000e+00 2.152840e-05 -2.152840e-05 -1.110300e-15 4.937500e-12 4.936390e-12
-1.060000e+00 -1.060000e+00 -1.000000e+00 2.157410e-05 -2.157410e-05 -1.119600e-15 4.931900e-12 4.930780e-12
-1.070000e+00 -1.070000e+00 -1.000000e+00 2.161900e-05 -2.161900e-05 -1.128900e-15 4.926500e-12 4.925371e-12
-1.080000e+00 -1.080000e+00 -1.000000e+00 2.166310e-05 -2.166310e-05 -1.138300e-15 4.921300e-12 4.920162e-12
-1.090000e+00 -1.090000e+00 -1.000000e+00 2.170660e-05 -2.170660e-05 -1.147700e-15 4.916200e-12 4.915052e-12
-1.100000e+00 -1.100000e+00 -1.000000e+00 2.174940e-05 -2.174940e-05 -1.157100e-15 4.911200e-12 4.910043e-12
-1.110000e+00 -1.110000e+00 -1.000000e+00 2.179150e-05 -2.179150e-05 -1.166500e-15 4.906400e-12 4.905233e-12
-1.120000e+00 -1.120000e+00 -1.000000e+00 2.183290e-05 -2.183290e-05 -1.176000e-15 4.901800e-12 4.900624e-12
-1.130000e+00 -1.130000e+00 -1.000000e+00 2.187380e-05 -2.187380e-05 -1.185500e-15 4.897300e-12 4.896114e-12
-1.140000e+00 -1.140000e+00 -1.000000e+00 2.191400e-05 -2.191400e-05 -1.195000e-15 4.892900e-12 4.891705e-12
-1.150000e+00 -1.150000e+00 -1.000000e+00 2.195360e-05 -2.195360e-05 -1.204500e-15 4.888600e-12 4.887396e-12
-1.160000e+00 -1.160000e+00 -1.000000e+00 2.199260e-05 -2.199260e-05 -1.214000e-15 4.884400e-12 4.883186e-12
-1.170000e+00 -1.170000e+00 -1.000000e+00 2.203110e-05 -2.203110e-05 -1.223600e-15 4.880300e-12 4.879076e-12
-1.180000e+00 -1.180000e+00 -1.000000e+00 2.206900e-05 -2.206900e-05 -1.233100e-15 4.876400e-12 4.875167e-12
-1.190000e+00 -1.190000e+00 -1.000000e+00 2.210640e-05 -2.210640e-05 -1.242700e-15 4.872500e-12 4.871257e-12
-1.200000e+00 -1.200000e+00 -1.000000e+00 2.214330e-05 -2.214330e-05 -1.252300e-15 4.868800e-12 4.867548e-12
0.000000e+00 0.000000e+00 -1.200000e+00 -1.833500e-11 -1.833500e-11 -1.141591e-04 1.141591e-04 3.667000e-11
-1.000000e-02 -1.000000e-02 -1.200000e+00 5.285576e-07 -5.285936e-07 -8.177780e-05 8.177780e-05 3.600000e-11
-2.000000e-02 -2.000000e-02 -1.200000e+00 1.055000e-06 -1.055000e-06 -5.859420e-05 5.859420e-05 0.000000e+00
-3.000000e-02 -3.000000e-02 -1.200000e+00 1.579100e-06 -1.579200e-06 -4.199280e-05 4.199280e-05 1.000000e-10
-4.000000e-02 -4.000000e-02 -1.200000e+00 2.101000e-06 -2.101000e-06 -3.010250e-05 3.010260e-05 1.000000e-10
-5.000000e-02 -5.000000e-02 -1.200000e+00 2.620400e-06 -2.620400e-06 -2.158500e-05 2.158500e-05 0.000000e+00
-6.000000e-02 -6.000000e-02 -1.200000e+00 3.137300e-06 -3.137400e-06 -1.548230e-05 1.548230e-05 1.000000e-10
-7.000000e-02 -7.000000e-02 -1.200000e+00 3.651700e-06 -3.651700e-06 -1.110890e-05 1.110890e-05 0.000000e+00
-8.000000e-02 -8.000000e-02 -1.200000e+00 4.163300e-06 -4.163400e-06 -7.974000e-06 7.974000e-06 1.000000e-10
-9.000000e-02 -9.000000e-02 -1.200000e+00 4.672200e-06 -4.672200e-06 -5.726300e-06 5.726400e-06 1.000000e-10
-1.000000e-01 -1.000000e-01 -1.200000e+00 5.178100e-06 -5.178100e-06 -4.114300e-06 4.114400e-06 1.000000e-10
-1.100000e-01 -1.100000e-01 -1.200000e+00 5.681000e-06 -5.681000e-06 -2.957800e-06 2.957900e-06 1.000000e-10
-1.200000e-01 -1.200000e-01 -1.200000e+00 6.180700e-06 -6.180700e-06 -2.127800e-06 2.127800e-06 0.000000e+00
-1.300000e-01 -1.300000e-01 -1.200000e+00 6.677100e-06 -6.677200e-06 -1.531800e-06 1.531800e-06 1.000000e-10
-1.400000e-01 -1.400000e-01 -1.200000e+00 7.170100e-06 -7.170200e-06 -1.103700e-06 1.103700e-06 1.000000e-10
-1.500000e-01 -1.500000e-01 -1.200000e+00 7.659600e-06 -7.659600e-06 -7.959348e-07 7.959624e-07 2.760000e-11
-1.600000e-01 -1.600000e-01 -1.200000e+00 8.145400e-06 -8.145400e-06 -5.745969e-07 5.746239e-07 2.700000e-11
-1.700000e-01 -1.700000e-01 -1.200000e+00 8.627300e-06 -8.627400e-06 -4.152855e-07 4.153120e-07 7.350000e-11
-1.800000e-01 -1.800000e-01 -1.200000e+00 9.105400e-06 -9.105400e-06 -3.005252e-07 3.005512e-07 2.600000e-11
-1.900000e-01 -1.900000e-01 -1.200000e+00 9.579400e-06 -9.579400e-06 -2.177817e-07 2.178072e-07 2.550000e-11
-2.000000e-01 -2.000000e-01 -1.200000e+00 1.004920e-05 -1.004920e-05 -1.580619e-07 1.580869e-07 2.500000e-11
-2.100000e-01 -2.100000e-01 -1.200000e+00 1.051480e-05 -1.051480e-05 -1.149107e-07 1.149353e-07 2.460000e-11
-2.200000e-01 -2.200000e-01 -1.200000e+00 1.097600e-05 -1.097600e-05 -8.369230e-08 8.371640e-08 2.410000e-11
-2.300000e-01 -2.300000e-01 -1.200000e+00 1.143270e-05 -1.143270e-05 -6.107590e-08 6.109960e-08 2.370000e-11
-2.400000e-01 -2.400000e-01 -1.200000e+00 1.188480e-05 -1.188490e-05 -4.466660e-08 4.468980e-08 7.680000e-11
-2.500000e-01 -2.500000e-01 -1.200000e+00 1.233230e-05 -1.233240e-05 -3.274140e-08 3.276410e-08 7.730000e-11
-2.600000e-01 -2.600000e-01 -1.200000e+00 1.277510e-05 -1.277510e-05 -2.405930e-08 2.408160e-08 2.230000e-11
-2.700000e-01 -2.700000e-01 -1.200000e+00 1.321310e-05 -1.321310e-05 -1.772630e-08 1.774820e-08 2.190000e-11
-2.800000e-01 -2.800000e-01 -1.200000e+00 1.364620e-05 -1.364620e-05 -1.309720e-08 1.311860e-08 2.140000e-11
-2.900000e-01 -2.900000e-01 -1.200000e+00 1.407450e-05 -1.407450e-05 -9.705900e-09 9.727000e-09 2.110000e-11
-3.000000e-01 -3.000000e-01 -1.200000e+00 1.449780e-05 -1.449780e-05 -7.215600e-09 7.236300e-09 2.070000e-11
-3.100000e-01 -3.100000e-01 -1.200000e+00 1.491610e-05 -1.491610e-05 -5.382200e-09 5.402500e-09 2.030000e-11
-3.200000e-01 -3.200000e-01 -1.200000e+00 1.532940e-05 -1.532940e-05 -4.028800e-09 4.048700e-09 1.990000e-11
-3.300000e-01 -3.300000e-01 -1.200000e+00 1.573760e-05 -1.573770e-05 -3.026900e-09 3.046500e-09 8.040000e-11
-3.400000e-01 -3.400000e-01 -1.200000e+00 1.614090e-05 -1.614090e-05 -2.282900e-09 2.302100e-09 1.920000e-11
-3.500000e-01 -3.500000e-01 -1.200000e+00 1.653900e-05 -1.653900e-05 -1.728800e-09 1.747600e-09 1.880000e-11
-3.600000e-01 -3.600000e-01 -1.200000e+00 1.693210e-05 -1.693210e-05 -1.314600e-09 1.333100e-09 1.850000e-11
-3.700000e-01 -3.700000e-01 -1.200000e+00 1.732000e-05 -1.732010e-05 -1.004000e-09 1.022200e-09 8.180000e-11
-3.800000e-01 -3.800000e-01 -1.200000e+00 1.770290e-05 -1.770290e-05 -7.702228e-10 7.880897e-10 1.786690e-11
-3.900000e-01 -3.900000e-01 -1.200000e+00 1.808070e-05 -1.808070e-05 -5.936060e-10 6.111670e-10 1.756100e-11
-4.000000e-01 -4.000000e-01 -1.200000e+00 1.845330e-05 -1.845330e-05 -4.596588e-10 4.769233e-10 1.726450e-11
-4.100000e-01 -4.100000e-01 -1.200000e+00 1.882080e-05 -1.882080e-05 -3.576668e-10 3.746439e-10 1.697710e-11
-4.200000e-01 -4.200000e-01 -1.200000e+00 1.918310e-05 -1.918310e-05 -2.796874e-10 2.963862e-10 1.669880e-11
-4.300000e-01 -4.300000e-01 -1.200000e+00 1.954020e-05 -1.954020e-05 -2.198161e-10 2.362455e-10 1.642940e-11
-4.400000e-01 -4.400000e-01 -1.200000e+00 1.989210e-05 -1.989210e-05 -1.736497e-10 1.898186e-10 1.616890e-11
-4.500000e-01 -4.500000e-01 -1.200000e+00 2.023880e-05 -2.023880e-05 -1.378948e-10 1.538118e-10 1.591700e-11
-4.600000e-01 -4.600000e-01 -1.200000e+00 2.058020e-05 -2.058020e-05 -1.100795e-10 1.257531e-10 1.567360e-11
-4.700000e-01 -4.700000e-01 -1.200000e+00 2.091640e-05 -2.091640e-05 -8.834260e-11 1.037813e-10 1.543870e-11
-4.800000e-01 -4.800000e-01 -1.200000e+00 2.124720e-05 -2.124720e-05 -7.127790e-11 8.648970e-11 1.521180e-11
-4.900000e-01 -4.900000e-01 -1.200000e+00 2.157270e-05 -2.157270e-05 -5.781910e-11 7.281200e-11 1.499290e-11
-5.000000e-01 -5.000000e-01 -1.200000e+00 2.189280e-05 -2.189280e-05 -4.715450e-11 6.193650e-11 1.478200e-11
-5.100000e-01 -5.100000e-01 -1.200000e+00 2.220750e-05 -2.220750e-05 -3.866450e-11 5.324300e-11 1.457850e-11
-5.200000e-01 -5.200000e-01 -1.200000e+00 2.251680e-05 -2.251680e-05 -3.187380e-11 4.625640e-11 1.438260e-11
-5.300000e-01 -5.300000e-01 -1.200000e+00 2.282060e-05 -2.282070e-05 -2.641670e-11 4.061050e-11 8.580620e-11
-5.400000e-01 -5.400000e-01 -1.200000e+00 2.311900e-05 -2.311900e-05 -2.201060e-11 3.602280e-11 1.401220e-11
-5.500000e-01 -5.500000e-01 -1.200000e+00 2.341190e-05 -2.341190e-05 -1.843640e-11 3.227380e-11 1.383740e-11
-5.600000e-01 -5.600000e-01 -1.200000e+00 2.369930e-05 -2.369930e-05 -1.552360e-11 2.919280e-11 1.366920e-11
-5.700000e-01 -5.700000e-01 -1.200000e+00 2.398120e-05 -2.398120e-05 -1.313860e-11 2.664610e-11 1.350750e-11
-5.800000e-01 -5.800000e-01 -1.200000e+00 2.425760e-05 -2.425760e-05 -1.117700e-11 2.452900e-11 1.335200e-11
-5.900000e-01 -5.900000e-01 -1.200000e+00 2.452850e-05 -2.452850e-05 -9.556100e-12 2.275870e-11 1.320260e-11
-6.000000e-01 -6.000000e-01 -1.200000e+00 2.479390e-05 -2.479390e-05 -8.210800e-12 2.126980e-11 1.305900e-11
-6.100000e-01 -6.100000e-01 -1.200000e+00 2.505390e-05 -2.505390e-05 -7.089200e-12 2.001040e-11 1.292120e-11
-6.200000e-01 -6.200000e-01 -1.200000e+00 2.530850e-05 -2.530850e-05 -6.150000e-12 1.893880e-11 1.278880e-11
-6.300000e-01 -6.300000e-01 -1.200000e+00 2.555770e-05 -2.555770e-05 -5.360300e-12 1.802180e-11 1.266150e-11
-6.400000e-01 -6.400000e-01 -1.200000e+00 2.580160e-05 -2.580160e-05 -4.693300e-12 1.723270e-11 1.253940e-11
-6.500000e-01 -6.500000e-01 -1.200000e+00 2.604020e-05 -2.604020e-05 -4.127600e-12 1.654990e-11 1.242230e-11
-6.600000e-01 -6.600000e-01 -1.200000e+00 2.627350e-05 -2.627350e-05 -3.646000e-12 1.595570e-11 1.230970e-11
-6.700000e-01 -6.700000e-01 -1.200000e+00 2.650170e-05 -2.650170e-05 -3.234200e-12 1.543600e-11 1.220180e-11
-6.800000e-01 -6.800000e-01 -1.200000e+00 2.672480e-05 -2.672480e-05 -2.880900e-12 1.497900e-11 1.209810e-11
-6.900000e-01 -6.900000e-01 -1.200000e+00 2.694280e-05 -2.694280e-05 -2.576400e-12 1.457510e-11 1.199870e-11
-7.000000e-01 -7.000000e-01 -1.200000e+00 2.715590e-05 -2.715590e-05 -2.313100e-12 1.421630e-11 1.190320e-11
-7.100000e-01 -7.100000e-01 -1.200000e+00 2.736420e-05 -2.736420e-05 -2.084600e-12 1.389620e-11 1.181160e-11
-7.200000e-01 -7.200000e-01 -1.200000e+00 2.756760e-05 -2.756770e-05 -1.885500e-12 1.360930e-11 8.827620e-11
-7.300000e-01 -7.300000e-01 -1.200000e+00 2.776640e-05 -2.776640e-05 -1.711600e-12 1.335100e-11 1.163940e-11
-7.400000e-01 -7.400000e-01 -1.200000e+00 2.796060e-05 -2.796060e-05 -1.559000e-12 1.311750e-11 1.155850e-11
-7.500000e-01 -7.500000e-01 -1.200000e+00 2.815030e-05 -2.815030e-05 -1.424800e-12 1.290550e-11 1.148070e-11
-7.600000e-01 -7.600000e-01 -1.200000e+00 2.833560e-05 -2.833560e-05 -1.306300e-12 1.271240e-11 1.140610e-11
-7.700000e-01 -7.700000e-01 -1.200000e+00 2.851650e-05 -2.851650e-05 -1.201300e-12 1.253590e-11 1.133460e-11
-7.800000e-01 -7.800000e-01 -1.200000e+00 2.869330e-05 -2.869330e-05 -1.108200e-12 1.237400e-11 1.126580e-11
-7.900000e-01 -7.900000e-01 -1.200000e+00 2.886590e-05 -2.886590e-05 -1.025200e-12 1.222500e-11 1.119980e-11
-8.000000e-01 -8.000000e-01 -1.200000e+00 2.903460e-05 -2.903460e-05 -9.510379e-13 1.208740e-11 1.113636e-11
-8.100000e-01 -8.100000e-01 -1.200000e+00 2.919930e-05 -2.919930e-05 -8.846329e-13 1.196010e-11 1.107547e-11
-8.200000e-01 -8.200000e-01 -1.200000e+00 2.936020e-05 -2.936020e-05 -8.249939e-13 1.184200e-11 1.101701e-11
-8.300000e-01 -8.300000e-01 -1.200000e+00 2.951750e-05 -2.951750e-05 -7.712913e-13 1.173200e-11 1.096071e-11
-8.400000e-01 -8.400000e-01 -1.200000e+00 2.967110e-05 -2.967110e-05 -7.228127e-13 1.162950e-11 1.090669e-11
-8.500000e-01 -8.500000e-01 -1.200000e+00 2.982120e-05 -2.982120e-05 -6.789431e-13 1.153370e-11 1.085476e-11
-8.600000e-01 -8.600000e-01 -1.200000e+00 2.996780e-05 -2.996780e-05 -6.391500e-13 1.144390e-11 1.080475e-11
-8.700000e-01 -8.700000e-01 -1.200000e+00 3.011120e-05 -3.011120e-05 -6.029709e-13 1.135970e-11 1.075673e-11
-8.800000e-01 -8.800000e-01 -1.200000e+00 3.025130e-05 -3.025130e-05 -5.700059e-13 1.128050e-11 1.071049e-11
-8.900000e-01 -8.900000e-01 -1.200000e+00 3.038830e-05 -3.038830e-05 -5.399039e-13 1.120590e-11 1.066600e-11
-9.000000e-01 -9.000000e-01 -1.200000e+00 3.052220e-05 -3.052220e-05 -5.123591e-13 1.113550e-11 1.062314e-11
-9.100000e-01 -9.100000e-01 -1.200000e+00 3.065320e-05 -3.065320e-05 -4.871031e-13 1.106900e-11 1.058190e-11
-9.200000e-01 -9.200000e-01 -1.200000e+00 3.078130e-05 -3.078130e-05 -4.639007e-13 1.100610e-11 1.054220e-11
-9.300000e-01 -9.300000e-01 -1.200000e+00 3.090660e-05 -3.090670e-05 -4.425437e-13 1.094650e-11 8.949604e-11
-9.400000e-01 -9.400000e-01 -1.200000e+00 3.102930e-05 -3.102930e-05 -4.228495e-13 1.089000e-11 1.046715e-11
-9.500000e-01 -9.500000e-01 -1.200000e+00 3.114920e-05 -3.114920e-05 -4.046565e-13 1.083620e-11 1.043154e-11
-9.600000e-01 -9.600000e-01 -1.200000e+00 3.126670e-05 -3.126670e-05 -3.878210e-13 1.078510e-11 1.039728e-11
-9.700000e-01 -9.700000e-01 -1.200000e+00 3.138160e-05 -3.138160e-05 -3.722153e-13 1.073650e-11 1.036428e-11
-9.800000e-01 -9.800000e-01 -1.200000e+00 3.149420e-05 -3.149420e-05 -3.577267e-13 1.069010e-11 1.033237e-11
-9.900000e-01 -9.900000e-01 -1.200000e+00 3.160440e-05 -3.160440e-05 -3.442539e-13 1.064590e-11 1.030165e-11
-1.000000e+00 -1.000000e+00 -1.200000e+00 3.171240e-05 -3.171240e-05 -3.317064e-13 1.060360e-11 1.027189e-11
-1.010000e+00 -1.010000e+00 -1.200000e+00 3.181820e-05 -3.181820e-05 -3.200034e-13 1.056330e-11 1.024330e-11
-1.020000e+00 -1.020000e+00 -1.200000e+00 3.192180e-05 -3.192180e-05 -3.090728e-13 1.052460e-11 1.021553e-11
-1.030000e+00 -1.030000e+00 -1.200000e+00 3.202340e-05 -3.202340e-05 -2.988486e-13 1.048760e-11 1.018875e-11
-1.040000e+00 -1.040000e+00 -1.200000e+00 3.212300e-05 -3.212300e-05 -2.892727e-13 1.045220e-11 1.016293e-11
-1.050000e+00 -1.050000e+00 -1.200000e+00 3.222060e-05 -3.222070e-05 -2.802926e-13 1.041820e-11 8.986209e-11
-1.060000e+00 -1.060000e+00 -1.200000e+00 3.231640e-05 -3.231640e-05 -2.718599e-13 1.038550e-11 1.011364e-11
-1.070000e+00 -1.070000e+00 -1.200000e+00 3.241030e-05 -3.241030e-05 -2.639322e-13 1.035420e-11 1.009027e-11
-1.080000e+00 -1.080000e+00 -1.200000e+00 3.250250e-05 -3.250250e-05 -2.564697e-13 1.032410e-11 1.006763e-11
-1.090000e+00 -1.090000e+00 -1.200000e+00 3.259290e-05 -3.259290e-05 -2.494369e-13 1.029510e-11 1.004566e-11
-1.100000e+00 -1.100000e+00 -1.200000e+00 3.268170e-05 -3.268170e-05 -2.428017e-13 1.026720e-11 1.002440e-11
-1.110000e+00 -1.110000e+00 -1.200000e+00 3.276880e-05 -3.276880e-05 -2.365352e-13 1.024030e-11 1.000376e-11
-1.120000e+00 -1.120000e+00 -1.200000e+00 3.285430e-05 -3.285430e-05 -2.306100e-13 1.021450e-11 9.983890e-12
-1.130000e+00 -1.130000e+00 -1.200000e+00 3.293830e-05 -3.293840e-05 -2.250023e-13 1.018950e-11 9.003550e-11
-1.140000e+00 -1.140000e+00 -1.200000e+00 3.302090e-05 -3.302090e-05 -2.196889e-13 1.016550e-11 9.945811e-12
-1.150000e+00 -1.150000e+00 -1.200000e+00 3.310200e-05 -3.310200e-05 -2.146501e-13 1.014220e-11 9.927550e-12
-1.160000e+00 -1.160000e+00 -1.200000e+00 3.318160e-05 -3.318160e-05 -2.098672e-13 1.011980e-11 9.909933e-12
-1.170000e+00 -1.170000e+00 -1.200000e+00 3.325990e-05 -3.325990e-05 -2.053228e-13 1.009810e-11 9.892777e-12
-1.180000e+00 -1.180000e+00 -1.200000e+00 3.333690e-05 -3.333690e-05 -2.010009e-13 1.007720e-11 9.876199e-12
-1.190000e+00 -1.190000e+00 -1.200000e+00 3.341260e-05 -3.341260e-05 -1.968870e-13 1.005690e-11 9.860013e-12
-1.200000e+00 -1.200000e+00 -1.200000e+00 3.348700e-05 -3.348710e-05 -1.929681e-13 1.003730e-11 9.015567e-11