Title: * noise analysis
Date: 2026-07-20
Plotname: Noise Spectral Density Curves
Flags: real
No. Variables: 3
No. Points: 181
Variables:
	0	frequency	frequency	grid=3
	1	freq	frequency
	2	noise_spectrum	voltage-density
Values:
 0	1.000000000000000e+00
	1.000000000000000e+00
	3.281797786994288e-05
 1	1.122018454301963e+00
	1.122018454301963e+00
	3.281797718926738e-05
 2	1.258925411794167e+00
	1.258925411794167e+00
	3.281797633234778e-05
 3	1.412537544622754e+00
	1.412537544622754e+00
	3.281797525355008e-05
 4	1.584893192461113e+00
	1.584893192461113e+00
	3.281797389542452e-05
 5	1.778279410038922e+00
	1.778279410038922e+00
	3.281797218564612e-05
 6	1.995262314968879e+00
	1.995262314968879e+00
	3.281797003316328e-05
 7	2.238721138568339e+00
	2.238721138568339e+00
	3.281796732334893e-05
 8	2.511886431509579e+00
	2.511886431509579e+00
	3.281796391189638e-05
 9	2.818382931264452e+00
	2.818382931264452e+00
	3.281795961713459e-05
 10	3.162277660168377e+00
	3.162277660168377e+00
	3.281795421035385e-05
 11	3.548133892335751e+00
	3.548133892335751e+00
	3.281794740362650e-05
 12	3.981071705534969e+00
	3.981071705534969e+00
	3.281793883447451e-05
 13	4.466835921509626e+00
	4.466835921509626e+00
	3.281792804656720e-05
 14	5.011872336272718e+00
	5.011872336272718e+00
	3.281791446542178e-05
 15	5.623413251903484e+00
	5.623413251903484e+00
	3.281789736781263e-05
 16	6.309573444801925e+00
	6.309573444801925e+00
	3.281787584326133e-05
 17	7.079457843841370e+00
	7.079457843841370e+00
	3.281784874555711e-05
 18	7.943282347242804e+00
	7.943282347242804e+00
	3.281781463172770e-05
 19	8.912509381337442e+00
	8.912509381337442e+00
	3.281777168521309e-05
 20	9.999999999999984e+00
	9.999999999999984e+00
	3.281771761915406e-05
 21	1.122018454301961e+01
	1.122018454301961e+01
	3.281764955465170e-05
 22	1.258925411794165e+01
	1.258925411794165e+01
	3.281756386752365e-05
 23	1.412537544622752e+01
	1.412537544622752e+01
	3.281745599541129e-05
 24	1.584893192461110e+01
	1.584893192461110e+01
	3.281732019498865e-05
 25	1.778279410038919e+01
	1.778279410038919e+01
	3.281714923638079e-05
 26	1.995262314968875e+01
	1.995262314968875e+01
	3.281693401857654e-05
 27	2.238721138568335e+01
	2.238721138568335e+01
	3.281666308544793e-05
 28	2.511886431509575e+01
	2.511886431509575e+01
	3.281632201674939e-05
 29	2.818382931264447e+01
	2.818382931264447e+01
	3.281589266189817e-05
 30	3.162277660168372e+01
	3.162277660168372e+01
	3.281535217610064e-05
 31	3.548133892335746e+01
	3.548133892335746e+01
	3.281467180807914e-05
 32	3.981071705534962e+01
	3.981071705534962e+01
	3.281381537576642e-05
 33	4.466835921509619e+01
	4.466835921509619e+01
	3.281273735025784e-05
 34	5.011872336272709e+01
	5.011872336272709e+01
	3.281138044830378e-05
 35	5.623413251903474e+01
	5.623413251903474e+01
	3.280967260880342e-05
 36	6.309573444801914e+01
	6.309573444801914e+01
	3.280752319809193e-05
 37	7.079457843841358e+01
	7.079457843841358e+01
	3.280481825111683e-05
 38	7.943282347242791e+01
	7.943282347242791e+01
	3.280141450958010e-05
 39	8.912509381337428e+01
	8.912509381337428e+01
	3.279713196245118e-05
 40	9.999999999999969e+01
	9.999999999999969e+01
	3.279174452771689e-05
 41	1.122018454301960e+02
	1.122018454301960e+02
	3.278496843602278e-05
 42	1.258925411794163e+02
	1.258925411794163e+02
	3.277644778705825e-05
 43	1.412537544622750e+02
	1.412537544622750e+02
	3.276573664993795e-05
 44	1.584893192461108e+02
	1.584893192461108e+02
	3.275227697422083e-05
 45	1.778279410038917e+02
	1.778279410038917e+02
	3.273537147837884e-05
 46	1.995262314968873e+02
	1.995262314968873e+02
	3.271415060528460e-05
 47	2.238721138568332e+02
	2.238721138568332e+02
	3.268753260979681e-05
 48	2.511886431509571e+02
	2.511886431509571e+02
	3.265417592027966e-05
 49	2.818382931264443e+02
	2.818382931264443e+02
	3.261242316837728e-05
 50	3.162277660168368e+02
	3.162277660168368e+02
	3.256023681867653e-05
 51	3.548133892335741e+02
	3.548133892335741e+02
	3.249512730325253e-05
 52	3.981071705534957e+02
	3.981071705534957e+02
	3.241407617005302e-05
 53	4.466835921509614e+02
	4.466835921509614e+02
	3.231345921157613e-05
 54	5.011872336272703e+02
	5.011872336272703e+02
	3.218897805464846e-05
 55	5.623413251903468e+02
	5.623413251903468e+02
	3.203561334192525e-05
 56	6.309573444801906e+02
	6.309573444801906e+02
	3.184761818682997e-05
 57	7.079457843841349e+02
	7.079457843841349e+02
	3.161857620918364e-05
 58	7.943282347242780e+02
	7.943282347242780e+02
	3.134155241607973e-05
 59	8.912509381337416e+02
	8.912509381337416e+02
	3.100936462390873e-05
 60	9.999999999999955e+02
	9.999999999999955e+02
	3.061499430898959e-05
 61	1.122018454301958e+03
	1.122018454301958e+03
	3.015213531659393e-05
 62	1.258925411794161e+03
	1.258925411794161e+03
	2.961584595640774e-05
 63	1.412537544622747e+03
	1.412537544622747e+03
	2.900322941019952e-05
 64	1.584893192461106e+03
	1.584893192461106e+03
	2.831403105882684e-05
 65	1.778279410038914e+03
	1.778279410038914e+03
	2.755102632366627e-05
 66	1.995262314968869e+03
	1.995262314968869e+03
	2.672009348996115e-05
 67	2.238721138568328e+03
	2.238721138568328e+03
	2.582992484907155e-05
 68	2.511886431509567e+03
	2.511886431509567e+03
	2.489141045372131e-05
 69	2.818382931264438e+03
	2.818382931264438e+03
	2.391680303682787e-05
 70	3.162277660168362e+03
	3.162277660168362e+03
	2.291881305293838e-05
 71	3.548133892335735e+03
	3.548133892335735e+03
	2.190977812020742e-05
 72	3.981071705534950e+03
	3.981071705534950e+03
	2.090101006722753e-05
 73	4.466835921509605e+03
	4.466835921509605e+03
	1.990236622607205e-05
 74	5.011872336272693e+03
	5.011872336272693e+03
	1.892204034557418e-05
 75	5.623413251903457e+03
	5.623413251903457e+03
	1.796653470092690e-05
 76	6.309573444801895e+03
	6.309573444801895e+03
	1.704076077020106e-05
 77	7.079457843841336e+03
	7.079457843841336e+03
	1.614821674828215e-05
 78	7.943282347242766e+03
	7.943282347242766e+03
	1.529119955812516e-05
 79	8.912509381337401e+03
	8.912509381337401e+03
	1.447102121524136e-05
 80	9.999999999999938e+03
	9.999999999999938e+03
	1.368821081079313e-05
 81	1.122018454301956e+04
	1.122018454301956e+04
	1.294269236723158e-05
 82	1.258925411794159e+04
	1.258925411794159e+04
	1.223393507421550e-05
 83	1.412537544622745e+04
	1.412537544622745e+04
	1.156107629638086e-05
 84	1.584893192461103e+04
	1.584893192461103e+04
	1.092301985280497e-05
 85	1.778279410038911e+04
	1.778279410038911e+04
	1.031851297963207e-05
 86	1.995262314968866e+04
	1.995262314968866e+04
	9.746205565855809e-06
 87	2.238721138568325e+04
	2.238721138568325e+04
	9.204695027983068e-06
 88	2.511886431509563e+04
	2.511886431509563e+04
	8.692559777817060e-06
 89	2.818382931264435e+04
	2.818382931264435e+04
	8.208383768776825e-06
 90	3.162277660168357e+04
	3.162277660168357e+04
	7.750774151467039e-06
 91	3.548133892335730e+04
	3.548133892335730e+04
	7.318373663017687e-06
 92	3.981071705534944e+04
	3.981071705534944e+04
	6.909869029440821e-06
 93	4.466835921509599e+04
	4.466835921509599e+04
	6.523996376255336e-06
 94	5.011872336272686e+04
	5.011872336272686e+04
	6.159544414345291e-06
 95	5.623413251903449e+04
	5.623413251903449e+04
	5.815355987553080e-06
 96	6.309573444801885e+04
	6.309573444801885e+04
	5.490328427613628e-06
 97	7.079457843841326e+04
	7.079457843841326e+04
	5.183413053074062e-06
 98	7.943282347242754e+04
	7.943282347242754e+04
	4.893614065196928e-06
 99	8.912509381337385e+04
	8.912509381337385e+04
	4.619987030007608e-06
 100	9.999999999999920e+04
	9.999999999999920e+04
	4.361637087157940e-06
 101	1.122018454301954e+05
	1.122018454301954e+05
	4.117716989593994e-06
 102	1.258925411794157e+05
	1.258925411794157e+05
	3.887425050358150e-06
 103	1.412537544622743e+05
	1.412537544622743e+05
	3.670003052068347e-06
 104	1.584893192461100e+05
	1.584893192461100e+05
	3.464734159041043e-06
 105	1.778279410038908e+05
	1.778279410038908e+05
	3.270940860388295e-06
 106	1.995262314968862e+05
	1.995262314968862e+05
	3.087982963755869e-06
 107	2.238721138568320e+05
	2.238721138568320e+05
	2.915255652942908e-06
 108	2.511886431509558e+05
	2.511886431509558e+05
	2.752187617898686e-06
 109	2.818382931264429e+05
	2.818382931264429e+05
	2.598239262107359e-06
 110	3.162277660168351e+05
	3.162277660168351e+05
	2.452900989831046e-06
 111	3.548133892335723e+05
	3.548133892335723e+05
	2.315691573846080e-06
 112	3.981071705534937e+05
	3.981071705534937e+05
	2.186156602997693e-06
 113	4.466835921509591e+05
	4.466835921509591e+05
	2.063867007979899e-06
 114	5.011872336272677e+05
	5.011872336272677e+05
	1.948417663118902e-06
 115	5.623413251903439e+05
	5.623413251903439e+05
	1.839426061524322e-06
 116	6.309573444801874e+05
	6.309573444801874e+05
	1.736531060716031e-06
 117	7.079457843841313e+05
	7.079457843841313e+05
	1.639391695693261e-06
 118	7.943282347242740e+05
	7.943282347242740e+05
	1.547686056355026e-06
 119	8.912509381337371e+05
	8.912509381337371e+05
	1.461110226183404e-06
 120	9.999999999999905e+05
	9.999999999999905e+05
	1.379377279146094e-06
 121	1.122018454301953e+06
	1.122018454301953e+06
	1.302216331849101e-06
 122	1.258925411794155e+06
	1.258925411794155e+06
	1.229371648064513e-06
 123	1.412537544622740e+06
	1.412537544622740e+06
	1.160601792865304e-06
 124	1.584893192461098e+06
	1.584893192461098e+06
	1.095678833713441e-06
 125	1.778279410038905e+06
	1.778279410038905e+06
	1.034387585965733e-06
 126	1.995262314968860e+06
	1.995262314968860e+06
	9.765249003809154e-07
 127	2.238721138568317e+06
	2.238721138568317e+06
	9.218989903296211e-07
 128	2.511886431509554e+06
	2.511886431509554e+06
	8.703287965246326e-07
 129	2.818382931264425e+06
	2.818382931264425e+06
	8.216433872013290e-07
 130	3.162277660168346e+06
	3.162277660168346e+06
	7.756813917868480e-07
 131	3.548133892335718e+06
	3.548133892335718e+06
	7.322904662008009e-07
 132	3.981071705534931e+06
	3.981071705534931e+06
	6.913267880302323e-07
 133	4.466835921509584e+06
	4.466835921509584e+06
	6.526545799167782e-07
 134	5.011872336272670e+06
	5.011872336272670e+06
	6.161456595846784e-07
 135	5.623413251903431e+06
	5.623413251903431e+06
	5.816790150244948e-07
 136	6.309573444801864e+06
	6.309573444801864e+06
	5.491404034291761e-07
 137	7.079457843841302e+06
	7.079457843841302e+06
	5.184219725566679e-07
 138	7.943282347242728e+06
	7.943282347242728e+06
	4.894219032666967e-07
 139	8.912509381337358e+06
	8.912509381337358e+06
	4.620440720488860e-07
 140	9.999999999999890e+06
	9.999999999999890e+06
	4.361977324251150e-07
 141	1.122018454301951e+07
	1.122018454301951e+07
	4.117972141712264e-07
 142	1.258925411794153e+07
	1.258925411794153e+07
	3.887616393619611e-07
 143	1.412537544622738e+07
	1.412537544622738e+07
	3.670146542985579e-07
 144	1.584893192461096e+07
	1.584893192461096e+07
	3.464841764309404e-07
 145	1.778279410038903e+07
	1.778279410038903e+07
	3.271021554359910e-07
 146	1.995262314968857e+07
	1.995262314968857e+07
	3.088043476602525e-07
 147	2.238721138568314e+07
	2.238721138568314e+07
	2.915301031796230e-07
 148	2.511886431509551e+07
	2.511886431509551e+07
	2.752221647703816e-07
 149	2.818382931264421e+07
	2.818382931264421e+07
	2.598264781253283e-07
 150	3.162277660168342e+07
	3.162277660168342e+07
	2.452920126860632e-07
 151	3.548133892335713e+07
	3.548133892335713e+07
	2.315705924975995e-07
 152	3.981071705534925e+07
	3.981071705534925e+07
	2.186167365247079e-07
 153	4.466835921509578e+07
	4.466835921509578e+07
	2.063875079007428e-07
 154	5.011872336272663e+07
	5.011872336272663e+07
	1.948423716092934e-07
 155	5.623413251903423e+07
	5.623413251903423e+07
	1.839430601269545e-07
 156	6.309573444801856e+07
	6.309573444801856e+07
	1.736534465818914e-07
 157	7.079457843841292e+07
	7.079457843841292e+07
	1.639394250077806e-07
 158	7.943282347242716e+07
	7.943282347242716e+07
	1.547687972962267e-07
 159	8.912509381337343e+07
	8.912509381337343e+07
	1.461111664729515e-07
 160	9.999999999999873e+07
	9.999999999999873e+07
	1.379378359440211e-07
 161	1.122018454301949e+08
	1.122018454301949e+08
	1.302217143781470e-07
 162	1.258925411794151e+08
	1.258925411794151e+08
	1.229372259097992e-07
 163	1.412537544622736e+08
	1.412537544622736e+08
	1.160602253654819e-07
 164	1.584893192461093e+08
	1.584893192461093e+08
	1.095679182321968e-07
 165	1.778279410038899e+08
	1.778279410038899e+08
	1.034387851028132e-07
 166	1.995262314968853e+08
	1.995262314968853e+08
	9.765251034792174e-08
 167	2.238721138568310e+08
	2.238721138568310e+08
	9.218991477775310e-08
 168	2.511886431509547e+08
	2.511886431509547e+08
	8.703289207095369e-08
 169	2.818382931264416e+08
	2.818382931264416e+08
	8.216434875952895e-08
 170	3.162277660168337e+08
	3.162277660168337e+08
	7.756814757102361e-08
 171	3.548133892335706e+08
	3.548133892335706e+08
	7.322905394013752e-08
 172	3.981071705534918e+08
	3.981071705534918e+08
	6.913268551251924e-08
 173	4.466835921509570e+08
	4.466835921509570e+08
	6.526546447333073e-08
 174	5.011872336272654e+08
	5.011872336272654e+08
	6.161457254263392e-08
 175	5.623413251903414e+08
	5.623413251903414e+08
	5.816790848839635e-08
 176	6.309573444801846e+08
	6.309573444801846e+08
	5.491404801631017e-08
 177	7.079457843841281e+08
	7.079457843841281e+08
	5.184220590350723e-08
 178	7.943282347242705e+08
	7.943282347242705e+08
	4.894220025069915e-08
 179	8.912509381337330e+08
	8.912509381337330e+08
	4.620441873418839e-08
 180	1.000000000000000e+09
	1.000000000000000e+09
	4.361978674607137e-08
