 time time v(in_delay) v(mid1_delay) v(mid2_delay) v(out_delay)
 0.0000000000e+00 0.0000000000e+00 0.0000000000e+00 1.1997954995e+00 3.5439819248e-04 1.1997957768e+00
 1.7064899403e-12 1.7064899403e-12 4.0955758566e-03 1.2018627968e+00 9.2084714383e-04 1.2003953926e+00
 3.0776192531e-12 3.0776192531e-12 7.3862862073e-03 1.2037480055e+00 1.4054710422e-03 1.2009790091e+00
 5.7833941391e-12 5.7833941391e-12 1.3880145934e-02 1.2075225316e+00 2.3471479769e-03 1.2021499319e+00
 8.3362895142e-12 8.3362895142e-12 2.0007094834e-02 1.2110406852e+00 3.2040958520e-03 1.2032269094e+00
 1.3310183213e-11 1.3310183213e-11 3.1944439712e-02 1.2177572020e+00 4.8494291488e-03 1.2052662188e+00
 1.7707624337e-11 1.7707624337e-11 4.2498298408e-02 1.2236896858e+00 6.3005074972e-03 1.2070684089e+00
 2.5549643068e-11 2.5549643068e-11 6.1319143362e-02 1.2341909329e+00 8.8662941293e-03 1.2102382361e+00
 4.1233680529e-11 4.1233680529e-11 9.8960833270e-02 1.2549778969e+00 1.3928855825e-02 1.2164636025e+00
 6.7863138046e-11 6.7863138046e-11 1.6287153131e-01 1.2894820885e+00 2.2274821605e-02 1.2266181563e+00
 1.0359082429e-10 1.0359082429e-10 2.4861797831e-01 1.3339867058e+00 3.2896385781e-02 1.2393439319e+00
 1.4844413160e-10 1.4844413160e-10 3.5626591583e-01 1.3862205904e+00 4.5062809771e-02 1.2536009360e+00
 2.0553302343e-10 2.0553302343e-10 4.9327925624e-01 1.4456042795e+00 5.8277180854e-02 1.2685906604e+00
 2.4883924299e-10 2.4883924299e-10 5.9721418318e-01 1.4863085026e+00 6.6832928763e-02 1.2779325746e+00
 2.5944075811e-10 2.5944075811e-10 6.2265781945e-01 1.4960832477e+00 6.8837210654e-02 1.2800827642e+00
 2.8064378833e-10 2.8064378833e-10 6.7354509199e-01 1.5158313770e+00 7.2850743933e-02 1.2843603319e+00
 2.9687982535e-10 2.9687982535e-10 7.1251158084e-01 1.5312839109e+00 7.5971849574e-02 1.2876665982e+00
 3.1565366672e-10 3.1565366672e-10 7.5756880012e-01 1.5493977985e+00 7.9596385788e-02 1.2914836074e+00
 3.3433608332e-10 3.3433608332e-10 8.0240659997e-01 1.5674302016e+00 8.3151733613e-02 1.2951900471e+00
 3.5176818492e-10 3.5176818492e-10 8.4424364380e-01 1.5840986920e+00 8.6375589265e-02 1.2985119973e+00
 3.6990896833e-10 3.6990896833e-10 8.8778152399e-01 1.6011493663e+00 8.9599107014e-02 1.3017851814e+00
 3.9022724400e-10 3.9022724400e-10 9.3654538559e-01 1.6197910686e+00 9.3022226389e-02 1.3051996882e+00
 4.2051077599e-10 4.2051077599e-10 1.0092258624e+00 1.6462863818e+00 9.7650722263e-02 1.3096725739e+00
 4.5556245586e-10 4.5556245586e-10 1.0933498941e+00 1.6737428896e+00 1.0194701705e-01 1.3135271022e+00
 4.7778122793e-10 4.7778122793e-10 1.1466749470e+00 1.6877646036e+00 1.0363561761e-01 1.3147195495e+00
 5.0000000000e-10 5.0000000000e-10 1.2000000000e+00 1.6977641220e+00 1.0415137745e-01 1.3145061192e+00
 5.0284746243e-10 5.0284746243e-10 1.2000000000e+00 1.6968741574e+00 1.0356367773e-01 1.3137558261e+00
 5.0824546111e-10 5.0824546111e-10 1.2000000000e+00 1.6959900722e+00 1.0275689143e-01 1.3125631680e+00
 5.1305744438e-10 5.1305744438e-10 1.2000000000e+00 1.6957270108e+00 1.0219536027e-01 1.3117096622e+00
 5.1916700759e-10 5.1916700759e-10 1.2000000000e+00 1.6952449554e+00 1.0143103566e-01 1.3105734103e+00
 5.2478342957e-10 5.2478342957e-10 1.2000000000e+00 1.6948318105e+00 1.0075373916e-01 1.3095472582e+00
 5.3279506418e-10 5.3279506418e-10 1.2000000000e+00 1.6942239406e+00 9.9779459263e-02 1.3080946829e+00
 5.4388636774e-10 5.4388636774e-10 1.2000000000e+00 1.6933957951e+00 9.8462104725e-02 1.3061080730e+00
 5.5828993903e-10 5.5828993903e-10 1.2000000000e+00 1.6923122787e+00 9.6769780065e-02 1.3035759369e+00
 5.7493264291e-10 5.7493264291e-10 1.2000000000e+00 1.6910712698e+00 9.4866039424e-02 1.3007080165e+00
 5.9605997112e-10 5.9605997112e-10 1.2000000000e+00 1.6894911707e+00 9.2501114502e-02 1.2971637900e+00
 6.2126298432e-10 6.2126298432e-10 1.2000000000e+00 1.6876192126e+00 8.9777019513e-02 1.2930627289e+00
 6.5411518595e-10 6.5411518595e-10 1.2000000000e+00 1.6851788318e+00 8.6352944028e-02 1.2879271028e+00
 6.9341202904e-10 6.9341202904e-10 1.2000000000e+00 1.6822780469e+00 8.2458359873e-02 1.2820712681e+00
 7.4436755449e-10 7.4436755449e-10 1.2000000000e+00 1.6785240202e+00 7.7689489984e-02 1.2749274707e+00
 8.0433861238e-10 8.0433861238e-10 1.2000000000e+00 1.6741332147e+00 7.2473051948e-02 1.2671145102e+00
 8.7752681539e-10 8.7752681539e-10 1.2000000000e+00 1.6687909550e+00 6.6611490273e-02 1.2583869884e+00
 9.3876340770e-10 9.3876340770e-10 1.2000000000e+00 1.6643456828e+00 6.2107960833e-02 1.2517032635e+00
 1.0000000000e-09 1.0000000000e-09 1.2000000000e+00 1.6599059670e+00 5.7919233772e-02 1.2455388066e+00
 1.0077592038e-09 1.0077592038e-09 1.2000000000e+00 1.6593472158e+00 5.7415007058e-02 1.2447953239e+00
 1.0209832878e-09 1.0209832878e-09 1.2000000000e+00 1.6583911743e+00 5.6559142172e-02 1.2435405164e+00
 1.0341474914e-09 1.0341474914e-09 1.2000000000e+00 1.6574399484e+00 5.5720276257e-02 1.2423127687e+00
 1.0565422469e-09 1.0565422469e-09 1.2000000000e+00 1.6558228219e+00 5.4322763150e-02 1.2402716866e+00
 1.0759496904e-09 1.0759496904e-09 1.2000000000e+00 1.6544223702e+00 5.3140859292e-02 1.2385503665e+00
 1.0942315859e-09 1.0942315859e-09 1.2000000000e+00 1.6531040158e+00 5.2051713369e-02 1.2369680369e+00
 1.1075444289e-09 1.1075444289e-09 1.2000000000e+00 1.6521443921e+00 5.1272893809e-02 1.2358392158e+00
 1.1238619552e-09 1.1238619552e-09 1.2000000000e+00 1.6509687846e+00 5.0334518071e-02 1.2344818734e+00
 1.1406000802e-09 1.1406000802e-09 1.2000000000e+00 1.6497633373e+00 4.9389903279e-02 1.2331190393e+00
 1.1629252169e-09 1.1629252169e-09 1.2000000000e+00 1.6481564385e+00 4.8157759967e-02 1.2313465480e+00
 1.1971259647e-09 1.1971259647e-09 1.2000000000e+00 1.6456962857e+00 4.6329223631e-02 1.2287282385e+00
 1.2655274603e-09 1.2655274603e-09 1.2000000000e+00 1.6407809879e+00 4.2873957024e-02 1.2238235408e+00
 1.3260269828e-09 1.3260269828e-09 1.2000000000e+00 1.6364380720e+00 4.0027182923e-02 1.2198318773e+00
 1.3915775854e-09 1.3915775854e-09 1.2000000000e+00 1.6317360387e+00 3.7145065205e-02 1.2158430739e+00
 1.4465359670e-09 1.4465359670e-09 1.2000000000e+00 1.6277956072e+00 3.4878322262e-02 1.2127487555e+00
 1.4874175992e-09 1.4874175992e-09 1.2000000000e+00 1.6248651694e+00 3.3274618728e-02 1.2105848992e+00
 1.5181649069e-09 1.5181649069e-09 1.2000000000e+00 1.6226612686e+00 3.2112123556e-02 1.2090308617e+00
 1.5438117136e-09 1.5438117136e-09 1.2000000000e+00 1.6208230371e+00 3.1170011757e-02 1.2077807500e+00
 1.5800931752e-09 1.5800931752e-09 1.2000000000e+00 1.6182223319e+00 2.9878019146e-02 1.2060810766e+00
 1.6092395060e-09 1.6092395060e-09 1.2000000000e+00 1.6161329493e+00 2.8873631384e-02 1.2047719929e+00
 1.6369976717e-09 1.6369976717e-09 1.2000000000e+00 1.6141427408e+00 2.7943584399e-02 1.2035701215e+00
 1.6683246088e-09 1.6683246088e-09 1.2000000000e+00 1.6118963351e+00 2.6924007831e-02 1.2022642796e+00
 1.7046387083e-09 1.7046387083e-09 1.2000000000e+00 1.6092915567e+00 2.5780198316e-02 1.2008150724e+00
 1.7479774922e-09 1.7479774922e-09 1.2000000000e+00 1.6062012141e+00 2.4557213288e-02 1.1993270479e+00
 1.7990321400e-09 1.7990321400e-09 1.2000000000e+00 1.6025758712e+00 2.3278096228e-02 1.1978523979e+00
 1.8601125614e-09 1.8601125614e-09 1.2000000000e+00 1.5982294704e+00 2.1807274450e-02 1.1961873787e+00
 1.9327585992e-09 1.9327585992e-09 1.2000000000e+00 1.5930477856e+00 2.0137322261e-02 1.1943396472e+00
 2.0198391088e-09 2.0198391088e-09 1.2000000000e+00 1.5868182058e+00 1.8242193971e-02 1.1923026736e+00
 2.1234078965e-09 2.1234078965e-09 1.2000000000e+00 1.5793833942e+00 1.6127656196e-02 1.1901126863e+00
 2.2465300694e-09 2.2465300694e-09 1.2000000000e+00 1.5705076221e+00 1.3793566787e-02 1.1878083521e+00
 2.3910513788e-09 2.3910513788e-09 1.2000000000e+00 1.5600370150e+00 1.1276253904e-02 1.1854730221e+00
 2.5592702486e-09 2.5592702486e-09 1.2000000000e+00 1.5477765076e+00 8.6121888282e-03 1.1831942267e+00
 2.7518158719e-09 2.7518158719e-09 1.2000000000e+00 1.5336443991e+00 5.8649570899e-03 1.1810813322e+00
 2.9699503946e-09 2.9699503946e-09 1.2000000000e+00 1.5175031826e+00 3.0813451979e-03 1.1792202903e+00
 3.2141897085e-09 3.2141897085e-09 1.2000000000e+00 1.4992610511e+00 3.0622606345e-04 1.1776809931e+00
 3.4871845567e-09 3.4871845567e-09 1.2000000000e+00 1.4786617206e+00 -2.5006794750e-03 1.1764402187e+00
 3.7922940732e-09 3.7922940732e-09 1.2000000000e+00 1.4553669356e+00 -5.2888991715e-03 1.1755796972e+00
 4.1364112512e-09 4.1364112512e-09 1.2000000000e+00 1.4287436460e+00 -8.0896132211e-03 1.1751020205e+00
 4.5283069869e-09 4.5283069869e-09 1.2000000000e+00 1.3979692652e+00 -1.0953215882e-02 1.1749928811e+00
 4.9825458406e-09 4.9825458406e-09 1.2000000000e+00 1.3616960054e+00 -1.3968855911e-02 1.1752290428e+00
 5.5186469844e-09 5.5186469844e-09 1.2000000000e+00 1.3180632589e+00 -1.7255233389e-02 1.1757757209e+00
 6.1692401381e-09 6.1692401381e-09 1.2000000000e+00 1.2639418723e+00 -2.1018114717e-02 1.1765783187e+00
 6.9837076455e-09 6.9837076455e-09 1.2000000000e+00 1.1944269783e+00 -2.5592956420e-02 1.1775300925e+00
 8.0535077985e-09 8.0535077985e-09 1.2000000000e+00 1.1002102090e+00 -3.1679690612e-02 1.1784016435e+00
 9.2767538993e-09 9.2767538993e-09 1.2000000000e+00 9.8840006248e-01 -3.9134797114e-02 1.1786427036e+00
 1.0500000000e-08 1.0500000000e-08 1.2000000000e+00 8.7174852382e-01 -4.7543487951e-02 1.1779295227e+00
 1.0519105600e-08 1.0519105600e-08 1.1541465599e+00 8.6185905396e-01 -4.9302112522e-02 1.1760295889e+00
 1.0537237612e-08 1.0537237612e-08 1.1106297312e+00 8.5287897971e-01 -5.0832585317e-02 1.1743704111e+00
 1.0555386340e-08 1.0555386340e-08 1.0670727832e+00 8.4416376798e-01 -5.2294383907e-02 1.1728079013e+00
 1.0575034889e-08 1.0575034889e-08 1.0199162671e+00 8.3493647904e-01 -5.3818152542e-02 1.1711899609e+00
 1.0596948219e-08 1.0596948219e-08 9.6732427428e-01 8.2496511447e-01 -5.5433164750e-02 1.1695018963e+00
 1.0623691596e-08 1.0623691596e-08 9.0314017046e-01 8.1316691262e-01 -5.7303953303e-02 1.1675714667e+00
 1.0657964951e-08 1.0657964951e-08 8.2088411864e-01 7.9877119787e-01 -5.9516546197e-02 1.1653441252e+00
 1.0700102130e-08 1.0700102130e-08 7.1975488723e-01 7.8297590662e-01 -6.1815883682e-02 1.1631323014e+00
 1.0735164906e-08 1.0735164906e-08 6.3560422541e-01 7.7207386358e-01 -6.3273087034e-02 1.1618590106e+00
 1.0750234110e-08 1.0750234110e-08 5.9943813584e-01 7.6532267853e-01 -6.4299934799e-02 1.1608550999e+00
 1.0766228425e-08 1.0766228425e-08 5.6105177973e-01 7.5414179003e-01 -6.6080873722e-02 1.1589610521e+00
 1.0780509604e-08 1.0780509604e-08 5.2677695077e-01 7.4017161075e-01 -6.8362316449e-02 1.1564643591e+00
 1.0783658704e-08 1.0783658704e-08 5.1921911003e-01 7.3668751940e-01 -6.8916334109e-02 1.1558408655e+00
 1.0789956905e-08 1.0789956905e-08 5.0410342855e-01 7.2935225685e-01 -7.0103840486e-02 1.1545324737e+00
 1.0796361842e-08 1.0796361842e-08 4.8873157846e-01 7.2144958570e-01 -7.1362702052e-02 1.1531200624e+00
 1.0805518150e-08 1.0805518150e-08 4.6675644033e-01 7.0957080207e-01 -7.3247919094e-02 1.1510254067e+00
 1.0816223840e-08 1.0816223840e-08 4.4106278482e-01 6.9496680620e-01 -7.5534880463e-02 1.1484620334e+00
 1.0824598028e-08 1.0824598028e-08 4.2096473196e-01 6.8316086271e-01 -7.7380657662e-02 1.1464072390e+00
 1.0833426854e-08 1.0833426854e-08 3.9977554942e-01 6.7044263691e-01 -7.9372484573e-02 1.1441743364e+00
 1.0843740995e-08 1.0843740995e-08 3.7502161240e-01 6.5541341216e-01 -8.1774821016e-02 1.1414952206e+00
 1.0859852778e-08 1.0859852778e-08 3.3635333230e-01 6.3205364207e-01 -8.5724703268e-02 1.1370684639e+00
 1.0882251854e-08 1.0882251854e-08 2.8259554963e-01 6.0126682155e-01 -9.1758319867e-02 1.1302971288e+00
 1.0905607638e-08 1.0905607638e-08 2.2654166875e-01 5.7243749536e-01 -9.8734812859e-02 1.1224197132e+00
 1.0935025977e-08 1.0935025977e-08 1.5593765596e-01 5.4032347821e-01 -1.0817396410e-01 1.1117508965e+00
 1.0967512988e-08 1.0967512988e-08 7.7968827978e-02 5.0825928239e-01 -1.1890351220e-01 1.0996326026e+00
 1.1000000000e-08 1.1000000000e-08 0.0000000000e+00 4.7817816146e-01 -1.2961523347e-01 1.0876038787e+00
 1.1002407313e-08 1.1002407313e-08 0.0000000000e+00 4.7828356397e-01 -1.2941857601e-01 1.0878326799e+00
 1.1006369788e-08 1.1006369788e-08 0.0000000000e+00 4.7855188301e-01 -1.2910609966e-01 1.0883815128e+00
 1.1011188495e-08 1.1011188495e-08 0.0000000000e+00 4.7886794489e-01 -1.2880530235e-01 1.0889913376e+00
 1.1015045894e-08 1.1015045894e-08 0.0000000000e+00 4.7909057699e-01 -1.2857238942e-01 1.0894195854e+00
 1.1019391708e-08 1.1019391708e-08 0.0000000000e+00 4.7936862236e-01 -1.2829269896e-01 1.0899671186e+00
 1.1023828346e-08 1.1023828346e-08 0.0000000000e+00 4.7963710884e-01 -1.2802173592e-01 1.0904800779e+00
 1.1032462390e-08 1.1032462390e-08 0.0000000000e+00 4.8017455987e-01 -1.2748205711e-01 1.0915168409e+00
 1.1039881767e-08 1.1039881767e-08 0.0000000000e+00 4.8063047613e-01 -1.2702631762e-01 1.0923838798e+00
 1.1053668745e-08 1.1053668745e-08 0.0000000000e+00 4.8148601934e-01 -1.2617738602e-01 1.0940028457e+00
 1.1066176477e-08 1.1066176477e-08 0.0000000000e+00 4.8225854234e-01 -1.2541660254e-01 1.0954444953e+00
 1.1085801319e-08 1.1085801319e-08 0.0000000000e+00 4.8347704254e-01 -1.2422965408e-01 1.0976895051e+00
 1.1105875258e-08 1.1105875258e-08 0.0000000000e+00 4.8472136467e-01 -1.2303197930e-01 1.0999398339e+00
 1.1134297036e-08 1.1134297036e-08 0.0000000000e+00 4.8649019322e-01 -1.2135660802e-01 1.1030720535e+00
 1.1163109064e-08 1.1163109064e-08 0.0000000000e+00 4.8828375171e-01 -1.1968796167e-01 1.1061661345e+00
 1.1194525541e-08 1.1194525541e-08 0.0000000000e+00 4.9024714978e-01 -1.1789744323e-01 1.1094637006e+00
 1.1220390357e-08 1.1220390357e-08 0.0000000000e+00 4.9186460611e-01 -1.1644893990e-01 1.1121097716e+00
 1.1241785033e-08 1.1241785033e-08 0.0000000000e+00 4.9320774801e-01 -1.1526538627e-01 1.1142610719e+00
 1.1261435978e-08 1.1261435978e-08 0.0000000000e+00 4.9444106304e-01 -1.1419236267e-01 1.1161993143e+00
 1.1285263076e-08 1.1285263076e-08 0.0000000000e+00 4.9594222489e-01 -1.1290596510e-01 1.1185124461e+00
 1.1302425282e-08 1.1302425282e-08 0.0000000000e+00 4.9702349594e-01 -1.1199114174e-01 1.1201473994e+00
 1.1322066209e-08 1.1322066209e-08 0.0000000000e+00 4.9826557446e-01 -1.1095412913e-01 1.1219938994e+00
 1.1352378262e-08 1.1352378262e-08 0.0000000000e+00 5.0018451120e-01 -1.0937739913e-01 1.1247819103e+00
 1.1389788533e-08 1.1389788533e-08 0.0000000000e+00 5.0256355605e-01 -1.0746790078e-01 1.1281311938e+00
 1.1457681103e-08 1.1457681103e-08 0.0000000000e+00 5.0690374283e-01 -1.0410570550e-01 1.1339491747e+00
 1.1541687879e-08 1.1541687879e-08 0.0000000000e+00 5.1232677828e-01 -1.0012109803e-01 1.1407144443e+00
 1.1588987267e-08 1.1588987267e-08 0.0000000000e+00 5.1540580374e-01 -9.7961243230e-02 1.1443191200e+00
 1.1631978477e-08 1.1631978477e-08 0.0000000000e+00 5.1822485914e-01 -9.6047625450e-02 1.1474771800e+00
 1.1675988158e-08 1.1675988158e-08 0.0000000000e+00 5.2112836882e-01 -9.4137353151e-02 1.1505932806e+00
 1.1714554389e-08 1.1714554389e-08 0.0000000000e+00 5.2369193450e-01 -9.2502022395e-02 1.1532334806e+00
 1.1759764031e-08 1.1759764031e-08 0.0000000000e+00 5.2671713770e-01 -9.0630905268e-02 1.1562202700e+00
 1.1798689902e-08 1.1798689902e-08 0.0000000000e+00 5.2934385305e-01 -8.9057921953e-02 1.1587044692e+00
 1.1839802795e-08 1.1839802795e-08 0.0000000000e+00 5.3213799963e-01 -8.7434738571e-02 1.1612398265e+00
 1.1881039191e-08 1.1881039191e-08 0.0000000000e+00 5.3496608115e-01 -8.5844483912e-02 1.1636975814e+00
 1.1925925005e-08 1.1925925005e-08 0.0000000000e+00 5.3807147039e-01 -8.4156368120e-02 1.1662755101e+00
 1.1962962502e-08 1.1962962502e-08 0.0000000000e+00 5.4065945206e-01 -8.2795892998e-02 1.1683309228e+00
 1.2000000000e-08 1.2000000000e-08 0.0000000000e+00 5.4326880239e-01 -8.1464745187e-02 1.1703208343e+00
 1.2004974202e-08 1.2004974202e-08 0.0000000000e+00 5.4362153396e-01 -8.1288322705e-02 1.1705831261e+00
 1.2014794583e-08 1.2014794583e-08 0.0000000000e+00 5.4431854327e-01 -8.0941146998e-02 1.1710981922e+00
 1.2024283940e-08 1.2024283940e-08 0.0000000000e+00 5.4499365311e-01 -8.0607613098e-02 1.1715916435e+00
 1.2036894992e-08 1.2036894992e-08 0.0000000000e+00 5.4589346395e-01 -8.0167182617e-02 1.1722413039e+00
 1.2057138659e-08 1.2057138659e-08 0.0000000000e+00 5.4734405430e-01 -7.9467022971e-02 1.1732693263e+00
 1.2084490255e-08 1.2084490255e-08 0.0000000000e+00 5.4931655582e-01 -7.8534186451e-02 1.1746299511e+00
 1.2126453636e-08 1.2126453636e-08 0.0000000000e+00 5.5237201288e-01 -7.7132127532e-02 1.1766551497e+00
 1.2190718113e-08 1.2190718113e-08 0.0000000000e+00 5.5712428367e-01 -7.5051976005e-02 1.1796150272e+00
 1.2287991625e-08 1.2287991625e-08 0.0000000000e+00 5.6450141502e-01 -7.2053853713e-02 1.1837832882e+00
 1.2408757212e-08 1.2408757212e-08 0.0000000000e+00 5.7400635513e-01 -6.8576680611e-02 1.1884643757e+00
 1.2549331452e-08 1.2549331452e-08 0.0000000000e+00 5.8561711991e-01 -6.4859825765e-02 1.1932709949e+00
 1.2716536848e-08 1.2716536848e-08 0.0000000000e+00 6.0026889965e-01 -6.0882178801e-02 1.1981634218e+00
 1.2917357278e-08 1.2917357278e-08 0.0000000000e+00 6.1914960037e-01 -5.6233378715e-02 1.2037442961e+00
 1.3158937986e-08 1.3158937986e-08 0.0000000000e+00 6.4317359943e-01 -5.1266242865e-02 1.2093193826e+00
 1.3448831857e-08 1.3448831857e-08 0.0000000000e+00 6.7234805847e-01 -4.6304327447e-02 1.2141776137e+00
 1.3770156894e-08 1.3770156894e-08 0.0000000000e+00 7.0340760536e-01 -4.1512144201e-02 1.2181447022e+00
 1.4123957171e-08 1.4123957171e-08 0.0000000000e+00 7.3516651951e-01 -3.6785631258e-02 1.2213462906e+00
 1.4608772106e-08 1.4608772106e-08 0.0000000000e+00 7.7450645134e-01 -3.1104475611e-02 1.2242044855e+00
 1.5172189903e-08 1.5172189903e-08 0.0000000000e+00 8.1475791255e-01 -2.5634348607e-02 1.2256768875e+00
 1.5827368983e-08 1.5827368983e-08 0.0000000000e+00 8.5523282909e-01 -2.0582200796e-02 1.2256238749e+00
 1.6573342852e-08 1.6573342852e-08 0.0000000000e+00 8.9462217989e-01 -1.6106319979e-02 1.2242154391e+00
 1.7409767586e-08 1.7409767586e-08 0.0000000000e+00 9.3225215182e-01 -1.2154045730e-02 1.2219294206e+00
 1.8294721120e-08 1.8294721120e-08 0.0000000000e+00 9.6628265551e-01 -8.7977303774e-03 1.2193186109e+00
 1.9288774240e-08 1.9288774240e-08 0.0000000000e+00 9.9895226789e-01 -5.7466760706e-03 1.2165182934e+00
 2.0000000000e-08 2.0000000000e-08 0.0000000000e+00 1.0193477009e+00 -3.9444457815e-03 1.2146613736e+00
 2.0012955455e-08 2.0012955455e-08 3.1093092401e-02 1.0380260781e+00 7.4198397067e-04 1.2202740002e+00
 2.0026878163e-08 2.0026878163e-08 6.4507592000e-02 1.0581734196e+00 5.5982804659e-03 1.2261890752e+00
 2.0036213381e-08 2.0036213381e-08 8.6912113616e-02 1.0714607781e+00 8.7808902321e-03 1.2300398986e+00
 2.0045563769e-08 2.0045563769e-08 1.0935304566e-01 1.0846707463e+00 1.1957405709e-02 1.2338642698e+00
 2.0055034219e-08 2.0055034219e-08 1.3208212650e-01 1.0979347808e+00 1.5129546970e-02 1.2376693128e+00
 2.0064937657e-08 2.0064937657e-08 1.5585037706e-01 1.1116392430e+00 1.8409240806e-02 1.2415785675e+00
 2.0077002022e-08 2.0077002022e-08 1.8480485390e-01 1.1281678506e+00 2.2346439012e-02 1.2462502677e+00
 2.0092262733e-08 2.0092262733e-08 2.2143055898e-01 1.1487238718e+00 2.7227912469e-02 1.2519951372e+00
 2.0112790667e-08 2.0112790667e-08 2.7069760093e-01 1.1758083306e+00 3.3611548568e-02 1.2594394287e+00
 2.0142140243e-08 2.0142140243e-08 3.4113658319e-01 1.2134396338e+00 4.2386493536e-02 1.2695248029e+00
 2.0183351957e-08 2.0183351957e-08 4.4004469687e-01 1.2634894745e+00 5.3794780653e-02 1.2823590936e+00
 2.0225830603e-08 2.0225830603e-08 5.4199344689e-01 1.3088691841e+00 6.3655969145e-02 1.2930572801e+00
 2.0262455333e-08 2.0262455333e-08 6.2989279952e-01 1.3434618577e+00 7.0738654580e-02 1.3004103209e+00
 2.0273583510e-08 2.0273583510e-08 6.5660042357e-01 1.3536841492e+00 7.2780505516e-02 1.3024854258e+00
 2.0288779056e-08 2.0288779056e-08 6.9306973355e-01 1.3676707131e+00 7.5546599349e-02 1.3052812994e+00
 2.0304235651e-08 2.0304235651e-08 7.3016556283e-01 1.3818296433e+00 7.8312657157e-02 1.3080477988e+00
 2.0320875352e-08 2.0320875352e-08 7.7010084403e-01 1.3966894258e+00 8.1144705025e-02 1.3108375510e+00
 2.0338979022e-08 2.0338979022e-08 8.1354965304e-01 1.4117400793e+00 8.3874799744e-02 1.3134318848e+00
 2.0356233592e-08 2.0356233592e-08 8.5496062037e-01 1.4242921333e+00 8.5936061674e-02 1.3152468709e+00
 2.0373445428e-08 2.0373445428e-08 8.9626902779e-01 1.4343948621e+00 8.7287614601e-02 1.3162033440e+00
 2.0393619420e-08 2.0393619420e-08 9.4468660772e-01 1.4432163837e+00 8.8004421896e-02 1.3162794088e+00
 2.0419486932e-08 2.0419486932e-08 1.0067686360e+00 1.4515773634e+00 8.8094516865e-02 1.3153746055e+00
 2.0446092392e-08 2.0446092392e-08 1.0706217419e+00 1.4588171598e+00 8.7814773981e-02 1.3140035723e+00
 2.0474042140e-08 2.0474042140e-08 1.1377011348e+00 1.4657716518e+00 8.7355549273e-02 1.3123772937e+00
 2.0500000000e-08 2.0500000000e-08 1.2000000000e+00 1.4718445563e+00 8.6839095428e-02 1.3107726193e+00
 2.0503258549e-08 2.0503258549e-08 1.2000000000e+00 1.4711383412e+00 8.6340402976e-02 1.3100916150e+00
 2.0509155780e-08 2.0509155780e-08 1.2000000000e+00 1.4703786623e+00 8.5634383407e-02 1.3090088757e+00
 2.0514437227e-08 2.0514437227e-08 1.2000000000e+00 1.4699359294e+00 8.5072591742e-02 1.3081410665e+00
 2.0520582695e-08 2.0520582695e-08 1.2000000000e+00 1.4693068512e+00 8.4386860632e-02 1.3070913551e+00
 2.0526140111e-08 2.0526140111e-08 1.2000000000e+00 1.4687797835e+00 8.3788506681e-02 1.3061660651e+00
 2.0534070186e-08 2.0534070186e-08 1.2000000000e+00 1.4680006344e+00 8.2928056281e-02 1.3048476006e+00
 2.0545526453e-08 2.0545526453e-08 1.2000000000e+00 1.4668948584e+00 8.1711961404e-02 1.3029716050e+00
 2.0560322374e-08 2.0560322374e-08 1.2000000000e+00 1.4654586739e+00 8.0160112880e-02 1.3005885454e+00
 2.0577521593e-08 2.0577521593e-08 1.2000000000e+00 1.4638051175e+00 7.8401792969e-02 1.2978773793e+00
 2.0599183132e-08 2.0599183132e-08 1.2000000000e+00 1.4617220865e+00 7.6236326490e-02 1.2945488983e+00
 2.0625168016e-08 2.0625168016e-08 1.2000000000e+00 1.4592441934e+00 7.3725554159e-02 1.2906792461e+00
 2.0658896000e-08 2.0658896000e-08 1.2000000000e+00 1.4560391605e+00 7.0584072271e-02 1.2858494011e+00
 2.0699425843e-08 2.0699425843e-08 1.2000000000e+00 1.4522227541e+00 6.6991394423e-02 1.2803192909e+00
 2.0751702811e-08 2.0751702811e-08 1.2000000000e+00 1.4473337580e+00 6.2615429274e-02 1.2736029426e+00
 2.0813296721e-08 2.0813296721e-08 1.2000000000e+00 1.4416349132e+00 5.7818139141e-02 1.2662482149e+00
 2.0887470837e-08 2.0887470837e-08 1.2000000000e+00 1.4348353141e+00 5.2493367445e-02 1.2581275389e+00
 2.0943735419e-08 2.0943735419e-08 1.2000000000e+00 1.4297290521e+00 4.8763439638e-02 1.2524601532e+00
 2.1000000000e-08 2.1000000000e-08 1.2000000000e+00 1.4246522007e+00 4.5266080787e-02 1.2471827286e+00
 2.1007532259e-08 2.1007532259e-08 1.2000000000e+00 1.4239773193e+00 4.4818497668e-02 1.2465072220e+00
 2.1020499040e-08 2.1020499040e-08 1.2000000000e+00 1.4228138093e+00 4.4051715399e-02 1.2453543380e+00
 2.1033030560e-08 2.1033030560e-08 1.2000000000e+00 1.4216907077e+00 4.3321293910e-02 1.2442578112e+00
 2.1055562625e-08 2.1055562625e-08 1.2000000000e+00 1.4196753250e+00 4.2033910012e-02 1.2423289625e+00
 2.1075095317e-08 2.1075095317e-08 1.2000000000e+00 1.4179318641e+00 4.0944033538e-02 1.2407003190e+00
 2.1093329487e-08 2.1093329487e-08 1.2000000000e+00 1.4163074909e+00 3.9948020647e-02 1.2392154114e+00
 2.1107481898e-08 2.1107481898e-08 1.2000000000e+00 1.4150486057e+00 3.9188754883e-02 1.2380859639e+00
 2.1123974586e-08 2.1123974586e-08 1.2000000000e+00 1.4135837702e+00 3.8318923483e-02 1.2367946222e+00
 2.1140628391e-08 2.1140628391e-08 1.2000000000e+00 1.4121067679e+00 3.7456449981e-02 1.2355172698e+00
 2.1162780033e-08 2.1162780033e-08 1.2000000000e+00 1.4101456382e+00 3.6333471353e-02 1.2338586369e+00
 2.1196902691e-08 2.1196902691e-08 1.2000000000e+00 1.4071317616e+00 3.4655584415e-02 1.2313909822e+00
 2.1265148008e-08 2.1265148008e-08 1.2000000000e+00 1.4011281621e+00 3.1478001517e-02 1.2267555730e+00
 2.1325666150e-08 2.1325666150e-08 1.2000000000e+00 1.3958287826e+00 2.8845951409e-02 1.2229595241e+00
 2.1391008614e-08 2.1391008614e-08 1.2000000000e+00 1.3901297778e+00 2.6183216671e-02 1.2191655149e+00
 2.1446116986e-08 2.1446116986e-08 1.2000000000e+00 1.3853396437e+00 2.4071102027e-02 1.2161941303e+00
 2.1487097840e-08 2.1487097840e-08 1.2000000000e+00 1.3817862563e+00 2.2574307808e-02 1.2141110785e+00
 2.1517928526e-08 2.1517928526e-08 1.2000000000e+00 1.3791173633e+00 2.1487404880e-02 1.2126114090e+00
 2.1543581803e-08 2.1543581803e-08 1.2000000000e+00 1.3768994328e+00 2.0607644815e-02 1.2114058902e+00
 2.1579413477e-08 2.1579413477e-08 1.2000000000e+00 1.3738052371e+00 1.9414556248e-02 1.2097838498e+00
 2.1608661809e-08 2.1608661809e-08 1.2000000000e+00 1.3712826964e+00 1.8470561830e-02 1.2085113837e+00
 2.1636373528e-08 2.1636373528e-08 1.2000000000e+00 1.3688950032e+00 1.7599866576e-02 1.2073469046e+00
 2.1667616311e-08 2.1667616311e-08 1.2000000000e+00 1.3662057150e+00 1.6644962416e-02 1.2060802668e+00
 2.1703797312e-08 2.1703797312e-08 1.2000000000e+00 1.3630944492e+00 1.5573005989e-02 1.2046723337e+00
 2.1746962293e-08 2.1746962293e-08 1.2000000000e+00 1.3593866992e+00 1.4339663498e-02 1.2030716399e+00
 2.1797815526e-08 2.1797815526e-08 1.2000000000e+00 1.3550234550e+00 1.2946720704e-02 1.2012905146e+00
 2.1858639972e-08 2.1858639972e-08 1.2000000000e+00 1.3498301313e+00 1.1439259603e-02 1.1994333455e+00
 2.1930990873e-08 2.1930990873e-08 1.2000000000e+00 1.3436950802e+00 9.9006079293e-03 1.1976638338e+00
 2.2017704793e-08 2.2017704793e-08 1.2000000000e+00 1.3363384192e+00 8.1502469058e-03 1.1957074680e+00
 2.2120861695e-08 2.2120861695e-08 1.2000000000e+00 1.3275806110e+00 6.1828133117e-03 1.1935785401e+00
 2.2243496501e-08 2.2243496501e-08 1.2000000000e+00 1.3171573508e+00 3.9992963542e-03 1.1913195304e+00
 2.2387499342e-08 2.2387499342e-08 1.2000000000e+00 1.3048981690e+00 1.6209016939e-03 1.1889889588e+00
 2.2555145862e-08 2.2555145862e-08 1.2000000000e+00 1.2905985282e+00 -9.3856620222e-04 1.1866529114e+00
 2.2747119771e-08 2.2747119771e-08 1.2000000000e+00 1.2741836644e+00 -3.6464073027e-03 1.1843836268e+00
 2.2964643222e-08 2.2964643222e-08 1.2000000000e+00 1.2555120022e+00 -6.4204846623e-03 1.1823191117e+00
 2.3208260741e-08 2.3208260741e-08 1.2000000000e+00 1.2344987003e+00 -9.2294403931e-03 1.1805152066e+00
 2.3480542219e-08 2.3480542219e-08 1.2000000000e+00 1.2108728901e+00 -1.2065896934e-02 1.1790137870e+00
 2.3784848530e-08 2.3784848530e-08 1.2000000000e+00 1.1842793264e+00 -1.4948713686e-02 1.1778160999e+00
 2.4127953880e-08 2.4127953880e-08 1.2000000000e+00 1.1540399713e+00 -1.7923188523e-02 1.1769225784e+00
 2.4518608807e-08 2.4518608807e-08 1.2000000000e+00 1.1192622643e+00 -2.1065042552e-02 1.1763018724e+00
 2.4971179063e-08 2.4971179063e-08 1.2000000000e+00 1.0784868212e+00 -2.4491526925e-02 1.1759265042e+00
 2.5505085367e-08 2.5505085367e-08 1.2000000000e+00 1.0296781182e+00 -2.8385592504e-02 1.1757256675e+00
 2.6152501495e-08 2.6152501495e-08 1.2000000000e+00 9.6939996167e-01 -3.3058824183e-02 1.1756018948e+00
 2.6962374305e-08 2.6962374305e-08 1.2000000000e+00 8.9210285790e-01 -3.9069727583e-02 1.1753397898e+00
 2.8024657569e-08 2.8024657569e-08 1.2000000000e+00 7.8645357336e-01 -4.7538999118e-02 1.1745623704e+00
 2.9310494940e-08 2.9310494940e-08 1.2000000000e+00 6.4655063307e-01 -5.8541621689e-02 1.1732955948e+00
 2.9905247470e-08 2.9905247470e-08 1.2000000000e+00 5.8500603605e-01 -6.4823612287e-02 1.1716474167e+00
 3.0202623735e-08 3.0202623735e-08 1.2000000000e+00 5.5938529686e-01 -6.8523112790e-02 1.1703273436e+00
 3.0500000000e-08 3.0500000000e-08 1.2000000000e+00 5.3643994397e-01 -7.2243113820e-02 1.1691274985e+00
 3.0509632596e-08 3.0509632596e-08 1.1768817706e+00 5.3252749754e-01 -7.3489597173e-02 1.1677862940e+00
 3.0521029856e-08 3.0521029856e-08 1.1495283451e+00 5.2820853151e-01 -7.4836204654e-02 1.1663132649e+00
 3.0532607647e-08 3.0532607647e-08 1.1217416477e+00 5.2399603198e-01 -7.6154494297e-02 1.1648908709e+00
 3.0545359161e-08 3.0545359161e-08 1.0911380135e+00 5.1950363335e-01 -7.7579174876e-02 1.1633548313e+00
 3.0557492249e-08 3.0557492249e-08 1.0620186026e+00 5.1538752936e-01 -7.8888469712e-02 1.1619584803e+00
 3.0573447453e-08 3.0573447453e-08 1.0237261126e+00 5.1016332119e-01 -8.0563077686e-02 1.1601820757e+00
 3.0594871132e-08 3.0594871132e-08 9.7230928352e-01 5.0348337093e-01 -8.2708933987e-02 1.1579353869e+00
 3.0625591411e-08 3.0625591411e-08 8.9858061282e-01 4.9447914379e-01 -8.5603849260e-02 1.1549541362e+00
 3.0667740518e-08 3.0667740518e-08 7.9742275668e-01 4.8322483921e-01 -8.9181348765e-02 1.1513810998e+00
 3.0708850534e-08 3.0708850534e-08 6.9875871889e-01 4.7409085515e-01 -9.1949264907e-02 1.1487988893e+00
 3.0730053141e-08 3.0730053141e-08 6.4787246212e-01 4.7018355990e-01 -9.3052467226e-02 1.1478717928e+00
 3.0744877526e-08 3.0744877526e-08 6.1229393796e-01 4.6674546934e-01 -9.4119023147e-02 1.1468860739e+00
 3.0760601207e-08 3.0760601207e-08 5.7455710256e-01 4.6113835244e-01 -9.6051238950e-02 1.1448860117e+00
 3.0774040370e-08 3.0774040370e-08 5.4230311216e-01 4.5424565236e-01 -9.8566185466e-02 1.1421514813e+00
 3.0780221277e-08 3.0780221277e-08 5.2746893565e-01 4.5054479808e-01 -9.9940759307e-02 1.1406251116e+00
 3.0787351887e-08 3.0787351887e-08 5.1035547156e-01 4.4591082425e-01 -1.0167830083e-01 1.1386951834e+00
 3.0794586955e-08 3.0794586955e-08 4.9299130735e-01 4.4095975076e-01 -1.0354701426e-01 1.1365982551e+00
 3.0801945565e-08 3.0801945565e-08 4.7533064318e-01 4.3568313714e-01 -1.0554740383e-01 1.1343599173e+00
 3.0812501467e-08 3.0812501467e-08 4.4999647999e-01 4.2788268713e-01 -1.0851847862e-01 1.1310150894e+00
 3.0821250250e-08 3.0821250250e-08 4.2899940074e-01 4.2122907781e-01 -1.1105907938e-01 1.1281633799e+00
 3.0829871788e-08 3.0829871788e-08 4.0830770960e-01 4.1459589963e-01 -1.1359783180e-01 1.1253027782e+00
 3.0839371605e-08 3.0839371605e-08 3.8550814683e-01 4.0717403748e-01 -1.1643987471e-01 1.1221132964e+00
 3.0852855468e-08 3.0852855468e-08 3.5314687605e-01 3.9655939642e-01 -1.2050779984e-01 1.1175398744e+00
 3.0872608479e-08 3.0872608479e-08 3.0573965024e-01 3.8082480060e-01 -1.2653078143e-01 1.1107951042e+00
 3.0902867877e-08 3.0902867877e-08 2.3311709471e-01 3.5657005040e-01 -1.3578055446e-01 1.1004655087e+00
 3.0950320914e-08 3.0950320914e-08 1.1922980593e-01 3.1843794937e-01 -1.5016490747e-01 1.0845444042e+00
 3.1000000000e-08 3.1000000000e-08 0.0000000000e+00 2.7883987713e-01 -1.6481625811e-01 1.0685280295e+00
 3.1003157640e-08 3.1003157640e-08 0.0000000000e+00 2.7904228284e-01 -1.6449223723e-01 1.0689848183e+00
 3.1007971445e-08 3.1007971445e-08 0.0000000000e+00 2.7933701688e-01 -1.6400959041e-01 1.0698339715e+00
 3.1013978322e-08 3.1013978322e-08 0.0000000000e+00 2.7965194684e-01 -1.6348655084e-01 1.0708201825e+00
 3.1018576566e-08 3.1018576566e-08 0.0000000000e+00 2.7989617407e-01 -1.6308376720e-01 1.0715377349e+00
 3.1023908138e-08 3.1023908138e-08 0.0000000000e+00 2.8018360670e-01 -1.6260704341e-01 1.0724212557e+00
 3.1029112826e-08 3.1029112826e-08 0.0000000000e+00 2.8045926424e-01 -1.6215568716e-01 1.0732361768e+00
 3.1037907004e-08 3.1037907004e-08 0.0000000000e+00 2.8093056608e-01 -1.6138132398e-01 1.0746507656e+00
 3.1046247798e-08 3.1046247798e-08 0.0000000000e+00 2.8137460524e-01 -1.6065856299e-01 1.0759580820e+00
 3.1062929385e-08 3.1062929385e-08 0.0000000000e+00 2.8226661591e-01 -1.5921256351e-01 1.0785747599e+00
 3.1077072827e-08 3.1077072827e-08 0.0000000000e+00 2.8302100783e-01 -1.5800245291e-01 1.0807482624e+00
 3.1100882685e-08 3.1100882685e-08 0.0000000000e+00 2.8429374526e-01 -1.5597987495e-01 1.0843663116e+00
 3.1123280242e-08 3.1123280242e-08 0.0000000000e+00 2.8548949712e-01 -1.5410620487e-01 1.0876891561e+00
 3.1155668038e-08 3.1155668038e-08 0.0000000000e+00 2.8722093942e-01 -1.5143291222e-01 1.0923944864e+00
 3.1184969022e-08 3.1184969022e-08 0.0000000000e+00 2.8878629584e-01 -1.4905966111e-01 1.0965279215e+00
 3.1213729182e-08 3.1213729182e-08 0.0000000000e+00 2.9032455058e-01 -1.4676431516e-01 1.1004930431e+00
 3.1235800814e-08 3.1235800814e-08 0.0000000000e+00 2.9150414248e-01 -1.4503074117e-01 1.1034613358e+00
 3.1255672783e-08 3.1255672783e-08 0.0000000000e+00 2.9256756467e-01 -1.4348534001e-01 1.1060929448e+00
 3.1269745078e-08 3.1269745078e-08 0.0000000000e+00 2.9331977502e-01 -1.4240366305e-01 1.1079231533e+00
 3.1286293519e-08 3.1286293519e-08 0.0000000000e+00 2.9420560493e-01 -1.4113996732e-01 1.1100535093e+00
 3.1305111999e-08 3.1305111999e-08 0.0000000000e+00 2.9521211552e-01 -1.3971933562e-01 1.1124335196e+00
 3.1325499771e-08 3.1325499771e-08 0.0000000000e+00 2.9630368501e-01 -1.3819519371e-01 1.1149730900e+00
 3.1363352053e-08 3.1363352053e-08 0.0000000000e+00 2.9832975378e-01 -1.3541360743e-01 1.1195646636e+00
 3.1401427910e-08 3.1401427910e-08 0.0000000000e+00 3.0036942366e-01 -1.3267308384e-01 1.1240369748e+00
 3.1477579623e-08 3.1477579623e-08 0.0000000000e+00 3.0445033101e-01 -1.2736597899e-01 1.1325459161e+00
 3.1581998972e-08 3.1581998972e-08 0.0000000000e+00 3.1005333501e-01 -1.2044435637e-01 1.1433401438e+00
 3.1614162812e-08 3.1614162812e-08 0.0000000000e+00 3.1178029873e-01 -1.1839399477e-01 1.1464683159e+00
 3.1666227102e-08 3.1666227102e-08 0.0000000000e+00 3.1457839881e-01 -1.1514995675e-01 1.1513541199e+00
 3.1706670878e-08 3.1706670878e-08 0.0000000000e+00 3.1675283025e-01 -1.1269515555e-01 1.1549964065e+00
 3.1748022190e-08 3.1748022190e-08 0.0000000000e+00 3.1897813552e-01 -1.1024028902e-01 1.1585924621e+00
 3.1784235338e-08 3.1784235338e-08 0.0000000000e+00 3.2092749412e-01 -1.0813716528e-01 1.1616341321e+00
 3.1827263629e-08 3.1827263629e-08 0.0000000000e+00 3.2324590924e-01 -1.0569098788e-01 1.1651276972e+00
 3.1867576341e-08 3.1867576341e-08 0.0000000000e+00 3.2541889913e-01 -1.0345211541e-01 1.1682810137e+00
 3.1911284999e-08 3.1911284999e-08 0.0000000000e+00 3.2777728081e-01 -1.0107883153e-01 1.1715782596e+00
 3.1959987134e-08 3.1959987134e-08 0.0000000000e+00 3.3040659740e-01 -9.8501227497e-02 1.1751036684e+00
 3.2000000000e-08 3.2000000000e-08 0.0000000000e+00 3.3256907489e-01 -9.6433258863e-02 1.1778903283e+00
 3.2005113986e-08 3.2005113986e-08 0.0000000000e+00 3.3284539263e-01 -9.6172818275e-02 1.1782381075e+00
 3.2015103646e-08 3.2015103646e-08 0.0000000000e+00 3.3338549569e-01 -9.5665063299e-02 1.1789151373e+00
 3.2024987796e-08 3.2024987796e-08 0.0000000000e+00 3.3392001526e-01 -9.5165305082e-02 1.1795792943e+00
 3.2037538975e-08 3.2037538975e-08 0.0000000000e+00 3.3459888750e-01 -9.4534587360e-02 1.1804141823e+00
 3.2058074876e-08 3.2058074876e-08 0.0000000000e+00 3.3571001081e-01 -9.3511732838e-02 1.1817604586e+00
 3.2085593332e-08 3.2085593332e-08 0.0000000000e+00 3.3719960976e-01 -9.2158738840e-02 1.1835263413e+00
 3.2127416464e-08 3.2127416464e-08 0.0000000000e+00 3.3946509325e-01 -9.0140241013e-02 1.1861289245e+00
 3.2191449878e-08 3.2191449878e-08 0.0000000000e+00 3.4293735700e-01 -8.7135781252e-02 1.1899303797e+00
 3.2287708888e-08 3.2287708888e-08 0.0000000000e+00 3.4816586694e-01 -8.2806439703e-02 1.1952509129e+00
 3.2408604083e-08 3.2408604083e-08 0.0000000000e+00 3.5475111733e-01 -7.7445190210e-02 1.2016738207e+00
 3.2549293556e-08 3.2549293556e-08 0.0000000000e+00 3.6244854660e-01 -7.0777037336e-02 1.2096669056e+00
 3.2716512501e-08 3.2716512501e-08 0.0000000000e+00 3.7162995463e-01 -6.3593159396e-02 1.2177242374e+00
 3.2883166865e-08 3.2883166865e-08 0.0000000000e+00 3.8081908267e-01 -5.7188124410e-02 1.2243193791e+00
 3.3123110737e-08 3.3123110737e-08 0.0000000000e+00 3.9412637305e-01 -4.9052573796e-02 1.2318209500e+00
 3.3408339204e-08 3.3408339204e-08 0.0000000000e+00 4.1008145969e-01 -4.0829480175e-02 1.2381687158e+00
 3.3749425937e-08 3.3749425937e-08 0.0000000000e+00 4.2939527081e-01 -3.2584817015e-02 1.2430832640e+00
 3.4153638540e-08 3.4153638540e-08 0.0000000000e+00 4.5270220097e-01 -2.4538469402e-02 1.2461761824e+00
 3.4633690197e-08 3.4633690197e-08 0.0000000000e+00 4.8120247034e-01 -1.6686376333e-02 1.2474149942e+00
 3.5184633783e-08 3.5184633783e-08 0.0000000000e+00 5.1568479602e-01 -9.3363132808e-03 1.2467801293e+00
 3.5839779068e-08 3.5839779068e-08 0.0000000000e+00 5.6176362772e-01 -2.5416837328e-03 1.2441261368e+00
 3.6454387815e-08 3.6454387815e-08 0.0000000000e+00 6.1628707540e-01 9.1852829814e-04 1.2389816658e+00
 3.6922776693e-08 3.6922776693e-08 0.0000000000e+00 6.6535729231e-01 1.7729119827e-03 1.2337848666e+00
 3.7167630062e-08 3.7167630062e-08 0.0000000000e+00 6.9025771896e-01 2.4870355228e-03 1.2317219347e+00
 3.7483543229e-08 3.7483543229e-08 0.0000000000e+00 7.2010443147e-01 3.9211662077e-03 1.2299394355e+00
 3.7862763312e-08 3.7862763312e-08 0.0000000000e+00 7.5261249691e-01 6.0208532638e-03 1.2284896936e+00
 3.8429694330e-08 3.8429694330e-08 0.0000000000e+00 7.9564229712e-01 9.1568356168e-03 1.2266905134e+00
 3.9065741150e-08 3.9065741150e-08 0.0000000000e+00 8.3732320135e-01 1.2022865027e-02 1.2243527748e+00
 3.9532870575e-08 3.9532870575e-08 0.0000000000e+00 8.6425096108e-01 1.3642718201e-02 1.2224188785e+00
 4.0000000000e-08 4.0000000000e-08 0.0000000000e+00 8.8854911507e-01 1.4895015136e-02 1.2203609109e+00
 4.0010613869e-08 4.0010613869e-08 2.5473286457e-02 9.0509682624e-01 1.8867664938e-02 1.2250753889e+00
 4.0022843966e-08 4.0022843966e-08 5.4825518551e-02 9.2425149864e-01 2.3369744351e-02 1.2305311051e+00
 4.0030501325e-08 4.0030501325e-08 7.3203179383e-02 9.3604955328e-01 2.6124593244e-02 1.2338579227e+00
 4.0038255891e-08 4.0038255891e-08 9.1814137619e-02 9.4792588050e-01 2.8920382236e-02 1.2372086332e+00
 4.0046213203e-08 4.0046213203e-08 1.1091168754e-01 9.6004566625e-01 3.1760547711e-02 1.2406136926e+00
 4.0054685095e-08 4.0054685095e-08 1.3124422693e-01 9.7280440364e-01 3.4759201379e-02 1.2441790558e+00
 4.0065646648e-08 4.0065646648e-08 1.5755195470e-01 9.8919807743e-01 3.8603243948e-02 1.2487405498e+00
 4.0080418976e-08 4.0080418976e-08 1.9300554321e-01 1.0109646764e+00 4.3703729841e-02 1.2547392950e+00
 4.0101811711e-08 4.0101811711e-08 2.4434810652e-01 1.0419377401e+00 5.0931984182e-02 1.2631691478e+00
 4.0135001198e-08 4.0135001198e-08 3.2400287538e-01 1.0885257189e+00 6.1715492375e-02 1.2755434780e+00
 4.0183327780e-08 4.0183327780e-08 4.3998667219e-01 1.1528073207e+00 7.6297190609e-02 1.2918776568e+00
 4.0230945874e-08 4.0230945874e-08 5.5427009696e-01 1.2074566979e+00 8.8048325968e-02 1.3044948355e+00
 4.0268406744e-08 4.0268406744e-08 6.4417618480e-01 1.2347297782e+00 9.2775609013e-02 1.3088850098e+00
 4.0275194500e-08 4.0275194500e-08 6.6046679917e-01 1.2381319133e+00 9.3207264099e-02 1.3091405314e+00
 4.0288770012e-08 4.0288770012e-08 6.9304802790e-01 1.2438465358e+00 9.3736226464e-02 1.3093034597e+00
 4.0303306635e-08 4.0303306635e-08 7.2793592354e-01 1.2490140430e+00 9.4056015625e-02 1.3091381215e+00
 4.0319375481e-08 4.0319375481e-08 7.6650115381e-01 1.2542092484e+00 9.4249400639e-02 1.3088005903e+00
 4.0337097767e-08 4.0337097767e-08 8.0903464199e-01 1.2597879890e+00 9.4435764049e-02 1.3083592140e+00
 4.0354460494e-08 4.0354460494e-08 8.5070518554e-01 1.2651708386e+00 9.4580507989e-02 1.3079191909e+00
 4.0371490864e-08 4.0371490864e-08 8.9157807273e-01 1.2704476767e+00 9.4733820860e-02 1.3074694599e+00
 4.0391249441e-08 4.0391249441e-08 9.3899865824e-01 1.2764680866e+00 9.4868560971e-02 1.3069366821e+00
 4.0416157429e-08 4.0416157429e-08 9.9877782915e-01 1.2839394424e+00 9.5018558759e-02 1.3062089063e+00
 4.0445974848e-08 4.0445974848e-08 1.0703396362e+00 1.2925397062e+00 9.5090029449e-02 1.3052536557e+00
 4.0472987424e-08 4.0472987424e-08 1.1351698181e+00 1.2999979839e+00 9.5075966699e-02 1.3042715925e+00
 4.0500000000e-08 4.0500000000e-08 1.2000000000e+00 1.3070174049e+00 9.4934171621e-02 1.3031782668e+00
 4.0503184891e-08 4.0503184891e-08 1.2000000000e+00 1.3063560597e+00 9.4483997908e-02 1.3025607799e+00
 4.0508992340e-08 4.0508992340e-08 1.2000000000e+00 1.3055956357e+00 9.3834873264e-02 1.3015679199e+00
 4.0514345138e-08 4.0514345138e-08 1.2000000000e+00 1.3050997974e+00 9.3297428899e-02 1.3007423596e+00
 4.0520685159e-08 4.0520685159e-08 1.2000000000e+00 1.3044074084e+00 9.2631342514e-02 1.2997269020e+00
 4.0526309272e-08 4.0526309272e-08 1.2000000000e+00 1.3038342507e+00 9.2061101248e-02 1.2988496096e+00
 4.0535540942e-08 4.0535540942e-08 1.2000000000e+00 1.3028622515e+00 9.1117976353e-02 1.2974107282e+00
 4.0547066813e-08 4.0547066813e-08 1.2000000000e+00 1.3016682925e+00 8.9965663053e-02 1.2956425129e+00
 4.0562317396e-08 4.0562317396e-08 1.2000000000e+00 1.3000791089e+00 8.8457231304e-02 1.2933387615e+00
 4.0579691737e-08 4.0579691737e-08 1.2000000000e+00 1.2982849437e+00 8.6780479445e-02 1.2907688652e+00
 4.0602036606e-08 4.0602036606e-08 1.2000000000e+00 1.2959763660e+00 8.4668617378e-02 1.2875435340e+00
 4.0628655313e-08 4.0628655313e-08 1.2000000000e+00 1.2932474234e+00 8.2233365169e-02 1.2838169995e+00
 4.0663376991e-08 4.0663376991e-08 1.2000000000e+00 1.2896987933e+00 7.9165214565e-02 1.2791368409e+00
 4.0704920162e-08 4.0704920162e-08 1.2000000000e+00 1.2854882588e+00 7.5663114655e-02 1.2737941904e+00
 4.0758567373e-08 4.0758567373e-08 1.2000000000e+00 1.2800846482e+00 7.1378961003e-02 1.2672854309e+00
 4.0821492047e-08 4.0821492047e-08 1.2000000000e+00 1.2738084926e+00 6.6684621674e-02 1.2601736055e+00
 4.0896599900e-08 4.0896599900e-08 1.2000000000e+00 1.2663801561e+00 6.1492470555e-02 1.2523640045e+00
 4.0948299950e-08 4.0948299950e-08 1.2000000000e+00 1.2613125061e+00 5.8164772894e-02 1.2473855013e+00
 4.1000000000e-08 4.1000000000e-08 1.2000000000e+00 1.2562684793e+00 5.5011864899e-02 1.2427061085e+00
 4.1007315946e-08 4.1007315946e-08 1.2000000000e+00 1.2555591924e+00 5.4582759292e-02 1.2420695655e+00
 4.1020035033e-08 4.1020035033e-08 1.2000000000e+00 1.2543243932e+00 5.3839794919e-02 1.2409717132e+00
 4.1031969608e-08 4.1031969608e-08 1.2000000000e+00 1.2531669890e+00 5.3151514987e-02 1.2399565161e+00
 4.1054618826e-08 4.1054618826e-08 1.2000000000e+00 1.2509745349e+00 5.1868716665e-02 1.2380689776e+00
 4.1074261588e-08 4.1074261588e-08 1.2000000000e+00 1.2490768490e+00 5.0780243084e-02 1.2364725154e+00
 4.1092468341e-08 4.1092468341e-08 1.2000000000e+00 1.2473211589e+00 4.9790885684e-02 1.2350255767e+00
 4.1107520161e-08 4.1107520161e-08 1.2000000000e+00 1.2458717894e+00 4.8986695202e-02 1.2338526483e+00
 4.1124184297e-08 4.1124184297e-08 1.2000000000e+00 1.2442695511e+00 4.8110676892e-02 1.2325781679e+00
 4.1140789222e-08 4.1140789222e-08 1.2000000000e+00 1.2426752067e+00 4.7252254516e-02 1.2313328676e+00
 4.1162855321e-08 4.1162855321e-08 1.2000000000e+00 1.2405600591e+00 4.6133504230e-02 1.2297152098e+00
 4.1197121161e-08 4.1197121161e-08 1.2000000000e+00 1.2372828685e+00 4.4444062771e-02 1.2272847324e+00
 4.1265652840e-08 4.1265652840e-08 1.2000000000e+00 1.2307539453e+00 4.1230241412e-02 1.2227055546e+00
 4.1326154981e-08 4.1326154981e-08 1.2000000000e+00 1.2250158094e+00 3.8564376279e-02 1.2189573661e+00
 4.1391545961e-08 4.1391545961e-08 1.2000000000e+00 1.2188384240e+00 3.5848960407e-02 1.2151925546e+00
 4.1446507227e-08 4.1446507227e-08 1.2000000000e+00 1.2136638894e+00 3.3690224359e-02 1.2122427047e+00
 4.1487394786e-08 4.1487394786e-08 1.2000000000e+00 1.2098239362e+00 3.2152753815e-02 1.2101673724e+00
 4.1518151982e-08 4.1518151982e-08 1.2000000000e+00 1.2069402337e+00 3.1032622486e-02 1.2086699095e+00
 4.1543799302e-08 4.1543799302e-08 1.2000000000e+00 1.2045387215e+00 3.0121603198e-02 1.2074613950e+00
 4.1579979320e-08 4.1579979320e-08 1.2000000000e+00 1.2011552840e+00 2.8870480234e-02 1.2058163415e+00
 4.1609147792e-08 4.1609147792e-08 1.2000000000e+00 1.1984311600e+00 2.7889948739e-02 1.2045393729e+00
 4.1636896337e-08 4.1636896337e-08 1.2000000000e+00 1.1958423472e+00 2.6979472161e-02 1.2033639226e+00
 4.1668201166e-08 4.1668201166e-08 1.2000000000e+00 1.1929248513e+00 2.5977618022e-02 1.2020822730e+00
 4.1704488343e-08 4.1704488343e-08 1.2000000000e+00 1.1895467217e+00 2.4848492715e-02 1.2006534974e+00
 4.1747779729e-08 4.1747779729e-08 1.2000000000e+00 1.1855497246e+00 2.3653958514e-02 1.1992104631e+00
 4.1798794619e-08 4.1798794619e-08 1.2000000000e+00 1.1808637107e+00 2.2381472810e-02 1.1977465221e+00
 4.1859805942e-08 4.1859805942e-08 1.2000000000e+00 1.1752606733e+00 2.0906712252e-02 1.1960778940e+00
 4.1932392648e-08 4.1932392648e-08 1.2000000000e+00 1.1685958509e+00 1.9220897171e-02 1.1942153099e+00
 4.2019375235e-08 4.2019375235e-08 1.2000000000e+00 1.1606095079e+00 1.7287949202e-02 1.1921370222e+00
 4.2122860277e-08 4.2122860277e-08 1.2000000000e+00 1.1511069177e+00 1.5107800072e-02 1.1898775654e+00
 4.2245852996e-08 4.2245852996e-08 1.2000000000e+00 1.1398081919e+00 1.2666522162e-02 1.1874577888e+00
 4.2390268676e-08 4.2390268676e-08 1.2000000000e+00 1.1265308182e+00 9.9909294401e-03 1.1849571793e+00
 4.2558335271e-08 4.2558335271e-08 1.2000000000e+00 1.1110577983e+00 7.1022930859e-03 1.1824471201e+00
 4.2750765318e-08 4.2750765318e-08 1.2000000000e+00 1.0933055627e+00 4.0557852303e-03 1.1800382388e+00
 4.2968736303e-08 4.2968736303e-08 1.2000000000e+00 1.0731386670e+00 8.8601178698e-04 1.1778081961e+00
 4.3212850318e-08 4.3212850318e-08 1.2000000000e+00 1.0504851173e+00 -2.4121652767e-03 1.1757854308e+00
 4.3485654826e-08 4.3485654826e-08 1.2000000000e+00 1.0250493196e+00 -5.8084118673e-03 1.1740421647e+00
 4.3790599981e-08 4.3790599981e-08 1.2000000000e+00 9.9643585852e-01 -9.3000300010e-03 1.1726252975e+00
 4.4134450671e-08 4.4134450671e-08 1.2000000000e+00 9.6391087434e-01 -1.2952565072e-02 1.1715195189e+00
 4.4526087451e-08 4.4526087451e-08 1.2000000000e+00 9.2648321867e-01 -1.6853028125e-02 1.1707104920e+00
 4.4979891919e-08 4.4979891919e-08 1.2000000000e+00 8.8251898444e-01 -2.1156726681e-02 1.1701515518e+00
 4.5515528810e-08 4.5515528810e-08 1.2000000000e+00 8.2960314276e-01 -2.6075586676e-02 1.1697940933e+00
 4.6165300049e-08 4.6165300049e-08 1.2000000000e+00 7.6323534276e-01 -3.1927805687e-02 1.1695942787e+00
 4.6978789704e-08 4.6978789704e-08 1.2000000000e+00 6.7389185649e-01 -3.8878792520e-02 1.1698421655e+00
 4.7699414081e-08 4.7699414081e-08 1.2000000000e+00 5.9402283390e-01 -4.5239558104e-02 1.1698401128e+00
 4.8044656077e-08 4.8044656077e-08 1.2000000000e+00 5.6270183933e-01 -4.9209925402e-02 1.1688234690e+00
 4.8396992767e-08 4.8396992767e-08 1.2000000000e+00 5.3499828573e-01 -5.3464180411e-02 1.1676884191e+00
 4.8812554093e-08 4.8812554093e-08 1.2000000000e+00 5.0565240657e-01 -5.8218077817e-02 1.1668305366e+00
 4.9230835469e-08 4.9230835469e-08 1.2000000000e+00 4.7828990096e-01 -6.2422079129e-02 1.1667452782e+00
 4.9735197978e-08 4.9735197978e-08 1.2000000000e+00 4.4723012030e-01 -6.6512890033e-02 1.1677517773e+00
 5.0117598989e-08 5.0117598989e-08 1.2000000000e+00 4.2477319462e-01 -6.8842761918e-02 1.1692726607e+00
 5.0500000000e-08 5.0500000000e-08 1.2000000000e+00 4.0317166708e-01 -7.0474555271e-02 1.1713862468e+00
 5.0509596992e-08 5.0509596992e-08 1.1769672188e+00 3.9978106678e-01 -7.1767222709e-02 1.1699872372e+00
 5.0520965789e-08 5.0520965789e-08 1.1496821071e+00 3.9606175558e-01 -7.3147323774e-02 1.1684659460e+00
 5.0532217847e-08 5.0532217847e-08 1.1226771677e+00 3.9250503153e-01 -7.4442611725e-02 1.1670598848e+00
 5.0544966421e-08 5.0544966421e-08 1.0920805906e+00 3.8859254659e-01 -7.5860555343e-02 1.1655230152e+00
 5.0556945726e-08 5.0556945726e-08 1.0633302566e+00 3.8503686193e-01 -7.7127816232e-02 1.1641668405e+00
 5.0572755596e-08 5.0572755596e-08 1.0253865707e+00 3.8049470304e-01 -7.8729734590e-02 1.1624638625e+00
 5.0594183668e-08 5.0594183668e-08 9.7395919654e-01 3.7460347972e-01 -8.0763042281e-02 1.1603361136e+00
 5.0624929445e-08 5.0624929445e-08 9.0016933236e-01 3.6661443435e-01 -8.3445670764e-02 1.1575844416e+00
 5.0667081062e-08 5.0667081062e-08 7.9900545164e-01 3.5655187769e-01 -8.6665100009e-02 1.1544021082e+00
 5.0708288962e-08 5.0708288962e-08 7.0010649150e-01 3.4829390482e-01 -8.9048714450e-02 1.1522379231e+00
 5.0729691241e-08 5.0729691241e-08 6.4874102113e-01 3.4473839473e-01 -8.9938208431e-02 1.1515446633e+00
 5.0744565476e-08 5.0744565476e-08 6.1304285686e-01 3.4164170692e-01 -9.0837991463e-02 1.1507411936e+00
 5.0760384638e-08 5.0760384638e-08 5.7507686845e-01 3.3655148780e-01 -9.2594637411e-02 1.1489354520e+00
 5.0773808288e-08 5.0773808288e-08 5.4286010774e-01 3.3028944735e-01 -9.4948158653e-02 1.1463806498e+00
 5.0780116757e-08 5.0780116757e-08 5.2771978281e-01 3.2683462102e-01 -9.6278345887e-02 1.1449045265e+00
 5.0787261542e-08 5.0787261542e-08 5.1057229973e-01 3.2257011779e-01 -9.7937161454e-02 1.1430630456e+00
 5.0794526561e-08 5.0794526561e-08 4.9313625311e-01 3.1799008271e-01 -9.9729973875e-02 1.1410520641e+00
 5.0801867312e-08 5.0801867312e-08 4.7551845059e-01 3.1312541389e-01 -1.0163912530e-01 1.1389168894e+00
 5.0812437609e-08 5.0812437609e-08 4.5014973854e-01 3.0588260759e-01 -1.0448806821e-01 1.1357112502e+00
 5.0821207540e-08 5.0821207540e-08 4.2910190403e-01 2.9967628658e-01 -1.0692736029e-01 1.1329750181e+00
 5.0829828234e-08 5.0829828234e-08 4.0841223854e-01 2.9348702425e-01 -1.0935892824e-01 1.1302372439e+00
 5.0839313146e-08 5.0839313146e-08 3.8564844861e-01 2.8655291528e-01 -1.1207602826e-01 1.1271905946e+00
 5.0852770334e-08 5.0852770334e-08 3.5335119916e-01 2.7660867884e-01 -1.1596200552e-01 1.1228261594e+00
 5.0872479082e-08 5.0872479082e-08 3.0605020326e-01 2.6181158034e-01 -1.2170915824e-01 1.1163981204e+00
 5.0902696891e-08 5.0902696891e-08 2.3352746071e-01 2.3886301819e-01 -1.3053091918e-01 1.1065618819e+00
 5.0950003004e-08 5.0950003004e-08 1.1999278946e-01 2.0261592073e-01 -1.4419139069e-01 1.0914739992e+00
 5.1000000000e-08 5.1000000000e-08 1.7097434579e-14 1.6439015180e-01 -1.5818210062e-01 1.0762261131e+00
 5.1003142298e-08 5.1003142298e-08 0.0000000000e+00 1.6460134438e-01 -1.5781232712e-01 1.0767284221e+00
 5.1007938965e-08 5.1007938965e-08 0.0000000000e+00 1.6488859545e-01 -1.5725870755e-01 1.0776469757e+00
 5.1013962670e-08 5.1013962670e-08 0.0000000000e+00 1.6519040121e-01 -1.5664273710e-01 1.0787267502e+00
 5.1018554579e-08 5.1018554579e-08 0.0000000000e+00 1.6542860728e-01 -1.5617097248e-01 1.0795123764e+00
 5.1023881186e-08 5.1023881186e-08 0.0000000000e+00 1.6570470806e-01 -1.5561414941e-01 1.0804745575e+00
 5.1029078658e-08 5.1029078658e-08 0.0000000000e+00 1.6597166473e-01 -1.5508499649e-01 1.0813656398e+00
 5.1037862747e-08 5.1037862747e-08 0.0000000000e+00 1.6642612489e-01 -1.5417923773e-01 1.0829082660e+00
 5.1046192891e-08 5.1046192891e-08 0.0000000000e+00 1.6685516193e-01 -1.5333232629e-01 1.0843359051e+00
 5.1062853180e-08 5.1062853180e-08 0.0000000000e+00 1.6771585515e-01 -1.5163901032e-01 1.0871902909e+00
 5.1076981523e-08 5.1076981523e-08 0.0000000000e+00 1.6844440064e-01 -1.5021996787e-01 1.0895629160e+00
 5.1100769679e-08 5.1100769679e-08 0.0000000000e+00 1.6967293886e-01 -1.4784743610e-01 1.0935107482e+00
 5.1123147206e-08 5.1123147206e-08 0.0000000000e+00 1.7082748447e-01 -1.4564699782e-01 1.0971371444e+00
 5.1155519101e-08 5.1155519101e-08 0.0000000000e+00 1.7249922390e-01 -1.4250408167e-01 1.1022722082e+00
 5.1184819885e-08 5.1184819885e-08 0.0000000000e+00 1.7401144344e-01 -1.3970886753e-01 1.1067853726e+00
 5.1213606211e-08 5.1213606211e-08 0.0000000000e+00 1.7549827983e-01 -1.3700078014e-01 1.1111169849e+00
 5.1235700812e-08 5.1235700812e-08 0.0000000000e+00 1.7663870110e-01 -1.3495283986e-01 1.1143602029e+00
 5.1255571265e-08 5.1255571265e-08 0.0000000000e+00 1.7766527777e-01 -1.3312836617e-01 1.1172312585e+00
 5.1269753556e-08 5.1269753556e-08 0.0000000000e+00 1.7839729495e-01 -1.3184009341e-01 1.1192440237e+00
 5.1286317724e-08 5.1286317724e-08 0.0000000000e+00 1.7925315896e-01 -1.3034496943e-01 1.1215699592e+00
 5.1305115621e-08 5.1305115621e-08 0.0000000000e+00 1.8022372726e-01 -1.2866610975e-01 1.1241633898e+00
 5.1325510234e-08 5.1325510234e-08 0.0000000000e+00 1.8127752534e-01 -1.2686136041e-01 1.1269339563e+00
 5.1363398651e-08 5.1363398651e-08 0.0000000000e+00 1.8323455057e-01 -1.2356162961e-01 1.1319458899e+00
 5.1401478915e-08 5.1401478915e-08 0.0000000000e+00 1.8520243363e-01 -1.2030894852e-01 1.1368221659e+00
 5.1477639444e-08 5.1477639444e-08 0.0000000000e+00 1.8913837751e-01 -1.1399580608e-01 1.1460974143e+00
 5.1582194557e-08 5.1582194557e-08 0.0000000000e+00 1.9454506920e-01 -1.0572348888e-01 1.1578715672e+00
 5.1614460428e-08 5.1614460428e-08 0.0000000000e+00 1.9621385997e-01 -1.0326148393e-01 1.1612887930e+00
 5.1666475621e-08 5.1666475621e-08 0.0000000000e+00 1.9890555926e-01 -9.9375759640e-02 1.1666027121e+00
 5.1706906123e-08 5.1706906123e-08 0.0000000000e+00 2.0099791111e-01 -9.6427578084e-02 1.1705660789e+00
 5.1748309756e-08 5.1748309756e-08 0.0000000000e+00 2.0314178961e-01 -9.3469735253e-02 1.1744843913e+00
 5.1784457512e-08 5.1784457512e-08 0.0000000000e+00 2.0501354126e-01 -9.0939033666e-02 1.1777881114e+00
 5.1827433785e-08 5.1827433785e-08 0.0000000000e+00 2.0724011210e-01 -8.7988836764e-02 1.1815842747e+00
 5.1867753258e-08 5.1867753258e-08 0.0000000000e+00 2.0932921750e-01 -8.5279742801e-02 1.1850150511e+00
 5.1911485276e-08 5.1911485276e-08 0.0000000000e+00 2.1159643092e-01 -8.2401809794e-02 1.1886028649e+00
 5.1960217752e-08 5.1960217752e-08 0.0000000000e+00 2.1412334466e-01 -7.9269180951e-02 1.1924385724e+00
 5.2000000000e-08 5.2000000000e-08 0.0000000000e+00 2.1618739216e-01 -7.6766959346e-02 1.1954506979e+00
 5.2005101935e-08 5.2005101935e-08 0.0000000000e+00 2.1645200282e-01 -7.6450314728e-02 1.1958279354e+00
 5.2015075938e-08 5.2015075938e-08 0.0000000000e+00 2.1696955993e-01 -7.5832416810e-02 1.1965628424e+00
 5.2024926846e-08 5.2024926846e-08 0.0000000000e+00 2.1748079104e-01 -7.5225072174e-02 1.1972824494e+00
 5.2037454201e-08 5.2037454201e-08 0.0000000000e+00 2.1813097287e-01 -7.4457029367e-02 1.1981883590e+00
 5.2057929472e-08 5.2057929472e-08 0.0000000000e+00 2.1919383608e-01 -7.3211821498e-02 1.1996475486e+00
 5.2085364949e-08 5.2085364949e-08 0.0000000000e+00 2.2062136965e-01 -7.1301449953e-02 1.2019832725e+00
 5.2127068428e-08 5.2127068428e-08 0.0000000000e+00 2.2279309975e-01 -6.8319897432e-02 1.2056499253e+00
 5.2181749613e-08 5.2181749613e-08 0.0000000000e+00 2.2564145510e-01 -6.4549506626e-02 1.2101740283e+00
 5.2266004177e-08 5.2266004177e-08 0.0000000000e+00 2.3003266313e-01 -5.8953025187e-02 1.2167124852e+00
 5.2385088133e-08 5.2385088133e-08 0.0000000000e+00 2.3624402194e-01 -5.1541360000e-02 1.2249648512e+00
 5.2522445228e-08 5.2522445228e-08 0.0000000000e+00 2.4341671397e-01 -4.3617175220e-02 1.2332723441e+00
 5.2684580682e-08 5.2684580682e-08 0.0000000000e+00 2.5189582408e-01 -3.5094805135e-02 1.2415090464e+00
 5.2878675087e-08 5.2878675087e-08 0.0000000000e+00 2.6206675717e-01 -2.5900999116e-02 1.2495276564e+00
 5.3112390141e-08 5.3112390141e-08 0.0000000000e+00 2.7434741724e-01 -1.6134440335e-02 1.2568818654e+00
 5.3393039568e-08 5.3393039568e-08 0.0000000000e+00 2.8914999157e-01 -5.9348988123e-03 1.2631426298e+00
 5.3729286465e-08 5.3729286465e-08 0.0000000000e+00 3.0697655841e-01 4.4849644129e-03 1.2677769673e+00
 5.4130540160e-08 5.4130540160e-08 0.0000000000e+00 3.2840149362e-01 1.4984263805e-02 1.2704760497e+00
 5.4606539011e-08 5.4606539011e-08 0.0000000000e+00 3.5407007645e-01 2.5386472710e-02 1.2709854858e+00
 5.5166145035e-08 5.5166145035e-08 0.0000000000e+00 3.8467136337e-01 3.5614707218e-02 1.2694112849e+00
 5.5789402326e-08 5.5789402326e-08 0.0000000000e+00 4.1944032881e-01 4.5179333182e-02 1.2661362076e+00
 5.6535112068e-08 5.6535112068e-08 0.0000000000e+00 4.6240048570e-01 5.4895843400e-02 1.2613951516e+00
 5.7375597746e-08 5.7375597746e-08 0.0000000000e+00 5.1404831678e-01 6.4105174523e-02 1.2556841348e+00
 5.7999274870e-08 5.7999274870e-08 0.0000000000e+00 5.5753275500e-01 6.9519504562e-02 1.2509752329e+00
 5.8472357758e-08 5.8472357758e-08 0.0000000000e+00 5.9757395877e-01 7.1866388262e-02 1.2460702421e+00
 5.8952581160e-08 5.8952581160e-08 0.0000000000e+00 6.4762210760e-01 7.1608760491e-02 1.2388709781e+00
 5.9421753496e-08 5.9421753496e-08 0.0000000000e+00 6.9826973705e-01 7.0408925738e-02 1.2317944833e+00
 5.9760647515e-08 5.9760647515e-08 0.0000000000e+00 7.3133855824e-01 7.0149335751e-02 1.2280606385e+00
 6.0000000000e-08 6.0000000000e-08 0.0000000000e+00 7.5268634772e-01 7.0203883665e-02 1.2259456775e+00
 6.0008326789e-08 6.0008326789e-08 1.9984293402e-02 7.6753226744e-01 7.2904266752e-02 1.2290994497e+00
 6.0018783520e-08 6.0018783520e-08 4.5080449111e-02 7.8589068446e-01 7.6269398829e-02 1.2331398548e+00
 6.0024971028e-08 6.0024971028e-08 5.9930467026e-02 7.9641296700e-01 7.8240923284e-02 1.2355041369e+00
 6.0031186500e-08 6.0031186500e-08 7.4847598889e-02 8.0688347903e-01 8.0273427617e-02 1.2379199124e+00
 6.0037734743e-08 6.0037734743e-08 9.0563384370e-02 8.1780732982e-01 8.2417725180e-02 1.2404808570e+00
 6.0044896177e-08 6.0044896177e-08 1.0775082550e-01 8.2954774112e-01 8.4775360936e-02 1.2432693093e+00
 6.0054941080e-08 6.0054941080e-08 1.3185859152e-01 8.4582046063e-01 8.8095095214e-02 1.2471987658e+00
 6.0069728609e-08 6.0069728609e-08 1.6734866132e-01 8.6922837971e-01 9.2974534378e-02 1.2529235409e+00
 6.0090480139e-08 6.0090480139e-08 2.1715233421e-01 9.0119244178e-01 9.9765211473e-02 1.2608338715e+00
 6.0119507573e-08 6.0119507573e-08 2.8681817495e-01 9.4412162523e-01 1.0901926107e-01 1.2714581162e+00
 6.0160927305e-08 6.0160927305e-08 3.8622553315e-01 1.0017128866e+00 1.2145527107e-01 1.2854545450e+00
 6.0216692953e-08 6.0216692953e-08 5.2006308651e-01 1.0690488900e+00 1.3552165954e-01 1.3006947747e+00
 6.0242313053e-08 6.0242313053e-08 5.8155132611e-01 1.0901739173e+00 1.3925895014e-01 1.3043746205e+00
 6.0269356625e-08 6.0269356625e-08 6.4645590004e-01 1.1011184400e+00 1.4011479126e-01 1.3045283188e+00
 6.0293939516e-08 6.0293939516e-08 7.0545483750e-01 1.1074522243e+00 1.3993212473e-01 1.3035058061e+00
 6.0312265564e-08 6.0312265564e-08 7.4943735346e-01 1.1126115388e+00 1.3991696451e-01 1.3028867266e+00
 6.0329638125e-08 6.0329638125e-08 7.9113150112e-01 1.1180111447e+00 1.4004086718e-01 1.3024725546e+00
 6.0348575632e-08 6.0348575632e-08 8.3658151644e-01 1.1241400551e+00 1.4023623349e-01 1.3020939609e+00
 6.0365144250e-08 6.0365144250e-08 8.7634620040e-01 1.1295969906e+00 1.4043130035e-01 1.3017959398e+00
 6.0383732037e-08 6.0383732037e-08 9.2095688835e-01 1.1356943633e+00 1.4063762339e-01 1.3014476355e+00
 6.0405991149e-08 6.0405991149e-08 9.7437875847e-01 1.1429065934e+00 1.4085729439e-01 1.3010024110e+00
 6.0437747413e-08 6.0437747413e-08 1.0505937909e+00 1.1528723502e+00 1.4107240201e-01 1.3002559705e+00
 6.0468873706e-08 6.0468873706e-08 1.1252968954e+00 1.1621676991e+00 1.4114935906e-01 1.2993739402e+00
 6.0500000000e-08 6.0500000000e-08 1.2000000000e+00 1.1708812917e+00 1.4106323453e-01 1.2983069103e+00
 6.0503566138e-08 6.0503566138e-08 1.2000000000e+00 1.1701779933e+00 1.4056115290e-01 1.2976381155e+00
 6.0509831453e-08 6.0509831453e-08 1.2000000000e+00 1.1693695745e+00 1.3985061482e-01 1.2965869719e+00
 6.0515671259e-08 6.0515671259e-08 1.2000000000e+00 1.1687933220e+00 1.3924217591e-01 1.2956862032e+00
 6.0523013772e-08 6.0523013772e-08 1.2000000000e+00 1.1679637386e+00 1.3844897389e-01 1.2945172034e+00
 6.0529266699e-08 6.0529266699e-08 1.2000000000e+00 1.1673010871e+00 1.3779543397e-01 1.2935478980e+00
 6.0540349304e-08 6.0540349304e-08 1.2000000000e+00 1.1660871393e+00 1.3663011722e-01 1.2918304993e+00
 6.0552635652e-08 6.0552635652e-08 1.2000000000e+00 1.1647637371e+00 1.3536591323e-01 1.2899593291e+00
 6.0569184678e-08 6.0569184678e-08 1.2000000000e+00 1.1629677495e+00 1.3368048747e-01 1.2874753086e+00
 6.0587917364e-08 6.0587917364e-08 1.2000000000e+00 1.1609534057e+00 1.3181849789e-01 1.2847238210e+00
 6.0612392536e-08 6.0612392536e-08 1.2000000000e+00 1.1583176788e+00 1.2943536869e-01 1.2812145881e+00
 6.0641510860e-08 6.0641510860e-08 1.2000000000e+00 1.1552047874e+00 1.2669028788e-01 1.2771683704e+00
 6.0679481209e-08 6.0679481209e-08 1.2000000000e+00 1.1511543313e+00 1.2323184320e-01 1.2720893380e+00
 6.0724887057e-08 6.0724887057e-08 1.2000000000e+00 1.1463470010e+00 1.1928414847e-01 1.2662990444e+00
 6.0783105104e-08 6.0783105104e-08 1.2000000000e+00 1.1402142058e+00 1.1448451746e-01 1.2592974042e+00
 6.0850505495e-08 6.0850505495e-08 1.2000000000e+00 1.1331747938e+00 1.0928271631e-01 1.2517469036e+00
 6.0927860098e-08 6.0927860098e-08 1.2000000000e+00 1.1251503913e+00 1.0372528579e-01 1.2437562953e+00
 6.0963930049e-08 6.0963930049e-08 1.2000000000e+00 1.1214352946e+00 1.0128012675e-01 1.2402621443e+00
 6.1000000000e-08 6.1000000000e-08 1.2000000000e+00 1.1177256117e+00 9.8913043239e-02 1.2369053173e+00
 6.1006516001e-08 6.1006516001e-08 1.2000000000e+00 1.1170592055e+00 9.8497116896e-02 1.2363152688e+00
 6.1017402003e-08 6.1017402003e-08 1.2000000000e+00 1.1159438303e+00 9.7803869116e-02 1.2353356520e+00
 6.1027103639e-08 6.1027103639e-08 1.2000000000e+00 1.1149503985e+00 9.7191916470e-02 1.2344724377e+00
 6.1046506909e-08 6.1046506909e-08 1.2000000000e+00 1.1129663562e+00 9.5984823995e-02 1.2327737286e+00
 6.1066985477e-08 6.1066985477e-08 1.2000000000e+00 1.1108756202e+00 9.4734297858e-02 1.2310199993e+00
 6.1085213614e-08 6.1085213614e-08 1.2000000000e+00 1.1090177157e+00 9.3641162338e-02 1.2294921673e+00
 6.1105696165e-08 6.1105696165e-08 1.2000000000e+00 1.1069330359e+00 9.2434479115e-02 1.2278116745e+00
 6.1125071871e-08 6.1125071871e-08 1.2000000000e+00 1.1049641502e+00 9.1313775006e-02 1.2262566789e+00
 6.1141303679e-08 6.1141303679e-08 1.2000000000e+00 1.1033168071e+00 9.0389950799e-02 1.2249793482e+00
 6.1162255481e-08 6.1162255481e-08 1.2000000000e+00 1.1011934312e+00 8.9217460658e-02 1.2233640592e+00
 6.1196229744e-08 6.1196229744e-08 1.2000000000e+00 1.0977567434e+00 8.7362256285e-02 1.2208226284e+00
 6.1264178272e-08 6.1264178272e-08 1.2000000000e+00 1.0909064225e+00 8.3814296777e-02 1.2160148402e+00
 6.1324542903e-08 6.1324542903e-08 1.2000000000e+00 1.0848443868e+00 8.0833273478e-02 1.2120351613e+00
 6.1388836564e-08 6.1388836564e-08 1.2000000000e+00 1.0784100551e+00 7.7821704276e-02 1.2080766500e+00
 6.1444373809e-08 6.1444373809e-08 1.2000000000e+00 1.0728686998e+00 7.5346790509e-02 1.2048754105e+00
 6.1485653124e-08 6.1485653124e-08 1.2000000000e+00 1.0687592426e+00 7.3578704994e-02 1.2026195795e+00
 6.1516769909e-08 6.1516769909e-08 1.2000000000e+00 1.0656662261e+00 7.2284112486e-02 1.2009855404e+00
 6.1542450206e-08 6.1542450206e-08 1.2000000000e+00 1.0631251605e+00 7.1274895067e-02 1.1997376799e+00
 6.1576842929e-08 6.1576842929e-08 1.2000000000e+00 1.0597591477e+00 7.0099070955e-02 1.1983665032e+00
 6.1606504559e-08 6.1606504559e-08 1.2000000000e+00 1.0568574851e+00 6.9112023155e-02 1.1972338517e+00
 6.1634067184e-08 6.1634067184e-08 1.2000000000e+00 1.0541617154e+00 6.8202192601e-02 1.1961913098e+00
 6.1665027068e-08 6.1665027068e-08 1.2000000000e+00 1.0511351603e+00 6.7204463479e-02 1.1950650136e+00
 6.1700766942e-08 6.1700766942e-08 1.2000000000e+00 1.0476418270e+00 6.6067773539e-02 1.1937886599e+00
 6.1743355064e-08 6.1743355064e-08 1.2000000000e+00 1.0434812884e+00 6.4748655384e-02 1.1923314085e+00
 6.1793548051e-08 6.1793548051e-08 1.2000000000e+00 1.0385787861e+00 6.3228330195e-02 1.1906718315e+00
 6.1853521028e-08 6.1853521028e-08 1.2000000000e+00 1.0327238474e+00 6.1470881372e-02 1.1887937323e+00
 6.1924903026e-08 6.1924903026e-08 1.2000000000e+00 1.0257564168e+00 5.9447722619e-02 1.1866764999e+00
 6.2010395745e-08 6.2010395745e-08 1.2000000000e+00 1.0174143146e+00 5.7128052172e-02 1.1843230545e+00
 6.2112197730e-08 6.2112197730e-08 1.2000000000e+00 1.0074806346e+00 5.4493381617e-02 1.1817421785e+00
 6.2233205188e-08 6.2233205188e-08 1.2000000000e+00 9.9567143475e-01 5.1537659980e-02 1.1789836683e+00
 6.2375496978e-08 6.2375496978e-08 1.2000000000e+00 9.8177609434e-01 4.8275957357e-02 1.1761123009e+00
 6.2541225316e-08 6.2541225316e-08 1.2000000000e+00 9.6557404330e-01 4.4746803556e-02 1.1732394657e+00
 6.2731308076e-08 6.2731308076e-08 1.2000000000e+00 9.4695387274e-01 4.1006516395e-02 1.1704760649e+00
 6.2946781580e-08 6.2946781580e-08 1.2000000000e+00 9.2578348606e-01 3.7118674429e-02 1.1679498419e+00
 6.3188347587e-08 6.3188347587e-08 1.2000000000e+00 9.0194335769e-01 3.3132391006e-02 1.1657471447e+00
 6.3458247137e-08 6.3458247137e-08 1.2000000000e+00 8.7513706567e-01 2.9076566684e-02 1.1639477752e+00
 6.3759915385e-08 6.3759915385e-08 1.2000000000e+00 8.4489335008e-01 2.4950471854e-02 1.1625880873e+00
 6.4099660437e-08 6.4099660437e-08 1.2000000000e+00 8.1033598170e-01 2.0743003291e-02 1.1617266608e+00
 6.4486251425e-08 6.4486251425e-08 1.2000000000e+00 7.7001581094e-01 1.6461725587e-02 1.1614456855e+00
 6.4933303064e-08 6.4933303064e-08 1.2000000000e+00 7.2100144610e-01 1.2284412917e-02 1.1620560660e+00
 6.5460041024e-08 6.5460041024e-08 1.2000000000e+00 6.5764710816e-01 8.8451817382e-03 1.1643314468e+00
 6.5975446907e-08 6.5975446907e-08 1.2000000000e+00 5.9692402296e-01 5.5304243056e-03 1.1662894444e+00
 6.6346185531e-08 6.6346185531e-08 1.2000000000e+00 5.6192748854e-01 1.6736992225e-03 1.1658606696e+00
 6.6644975164e-08 6.6644975164e-08 1.2000000000e+00 5.3789116889e-01 -1.8317275673e-03 1.1651130388e+00
 6.7103019254e-08 6.7103019254e-08 1.2000000000e+00 5.0507036081e-01 -7.0603159670e-03 1.1642826000e+00
 6.7484379256e-08 6.7484379256e-08 1.2000000000e+00 4.7993742896e-01 -1.0919211583e-02 1.1642595595e+00
 6.7961087842e-08 6.7961087842e-08 1.2000000000e+00 4.5033204017e-01 -1.4897965374e-02 1.1651914050e+00
 6.8587193939e-08 6.8587193939e-08 1.2000000000e+00 4.1375367580e-01 -1.8512428040e-02 1.1679795940e+00
 6.9437616690e-08 6.9437616690e-08 1.2000000000e+00 3.6772124003e-01 -2.0343756739e-02 1.1741633299e+00
 7.0500000000e-08 7.0500000000e-08 1.2000000000e+00 3.1585859019e-01 -1.7628069398e-02 1.1847647602e+00
 7.0517929639e-08 7.0517929639e-08 1.1569688671e+00 3.0949544096e-01 -2.0110460744e-02 1.1819803713e+00
 7.0535295744e-08 7.0535295744e-08 1.1152902146e+00 3.0377668672e-01 -2.2279930444e-02 1.1795238035e+00
 7.0552625531e-08 7.0552625531e-08 1.0736987246e+00 2.9836568513e-01 -2.4278413687e-02 1.1772894659e+00
 7.0571473523e-08 7.0571473523e-08 1.0284635449e+00 2.9280920288e-01 -2.6282650877e-02 1.1750623072e+00
 7.0592063940e-08 7.0592063940e-08 9.7904654374e-01 2.8709098295e-01 -2.8276778509e-02 1.1728815372e+00
 7.0617281458e-08 7.0617281458e-08 9.1852450079e-01 2.8053426446e-01 -3.0481976439e-02 1.1705012769e+00
 7.0649612587e-08 7.0649612587e-08 8.4092979159e-01 2.7274198649e-01 -3.2967097456e-02 1.1678875100e+00
 7.0692715946e-08 7.0692715946e-08 7.3748172842e-01 2.6359732359e-01 -3.5623420646e-02 1.1652119538e+00
 7.0729175959e-08 7.0729175959e-08 6.4997769760e-01 2.5751126052e-01 -3.7033198482e-02 1.1639727878e+00
 7.0745020542e-08 7.0745020542e-08 6.1195070035e-01 2.5432861273e-01 -3.7895891475e-02 1.1631549522e+00
 7.0762428765e-08 7.0762428765e-08 5.7017096352e-01 2.4872782657e-01 -3.9824533763e-02 1.1610942261e+00
 7.0776226025e-08 7.0776226025e-08 5.3705753991e-01 2.4225665566e-01 -4.2298840135e-02 1.1583443088e+00
 7.0781072394e-08 7.0781072394e-08 5.2542625517e-01 2.3963326114e-01 -4.3328343153e-02 1.1571796817e+00
 7.0790765131e-08 7.0790765131e-08 5.0216368570e-01 2.3394932370e-01 -4.5581432597e-02 1.1546370800e+00
 7.0797605564e-08 7.0797605564e-08 4.8574664593e-01 2.2968111081e-01 -4.7287751740e-02 1.1526950772e+00
 7.0806226558e-08 7.0806226558e-08 4.6505626171e-01 2.2407717761e-01 -4.9529638630e-02 1.1501513970e+00
 7.0817044909e-08 7.0817044909e-08 4.3909221903e-01 2.1678992703e-01 -5.2451104118e-02 1.1468236633e+00
 7.0825223141e-08 7.0825223141e-08 4.1946446161e-01 2.1114518382e-01 -5.4707963350e-02 1.1442588103e+00
 7.0834291784e-08 7.0834291784e-08 3.9769971836e-01 2.0477959885e-01 -5.7250926542e-02 1.1413638294e+00
 7.0844734861e-08 7.0844734861e-08 3.7263633273e-01 1.9734655055e-01 -6.0207582502e-02 1.1380047596e+00
 7.0861835969e-08 7.0861835969e-08 3.3159367548e-01 1.8498759591e-01 -6.5098961981e-02 1.1324507844e+00
 7.0884538454e-08 7.0884538454e-08 2.7710771045e-01 1.6833848702e-01 -7.1622817424e-02 1.1250651981e+00
 7.0925750418e-08 7.0925750418e-08 1.7819899572e-01 1.3771052273e-01 -8.3411497982e-02 1.1117867014e+00
 7.0962875209e-08 7.0962875209e-08 8.9099497862e-02 1.0995403928e-01 -9.3826354433e-02 1.1001538168e+00
 7.1000000000e-08 7.1000000000e-08 1.7097434579e-14 8.2238271509e-02 -1.0395001249e-01 1.0889553546e+00
 7.1002697979e-08 7.1002697979e-08 0.0000000000e+00 8.2434778459e-02 -1.0360192442e-01 1.0893886021e+00
 7.1006994514e-08 7.1006994514e-08 0.0000000000e+00 8.2695805409e-02 -1.0305261644e-01 1.0902451129e+00
 7.1012159250e-08 7.1012159250e-08 0.0000000000e+00 8.2948936155e-02 -1.0246705311e-01 1.0912148626e+00
 7.1016283417e-08 7.1016283417e-08 0.0000000000e+00 8.3159406040e-02 -1.0200384726e-01 1.0919376555e+00
 7.1020963488e-08 7.1020963488e-08 0.0000000000e+00 8.3397559355e-02 -1.0146332026e-01 1.0928171124e+00
 7.1025672959e-08 7.1025672959e-08 0.0000000000e+00 8.3635682389e-02 -1.0093467024e-01 1.0936543430e+00
 7.1034350031e-08 7.1034350031e-08 0.0000000000e+00 8.4076509545e-02 -9.9948580394e-02 1.0952327809e+00
 7.1042099627e-08 7.1042099627e-08 0.0000000000e+00 8.4469120622e-02 -9.9078423317e-02 1.0966122383e+00
 7.1057266338e-08 7.1057266338e-08 0.0000000000e+00 8.5238960010e-02 -9.7375770237e-02 1.0993103939e+00
 7.1070395191e-08 7.1070395191e-08 0.0000000000e+00 8.5904584011e-02 -9.5916329551e-02 1.1016049548e+00
 7.1091523266e-08 7.1091523266e-08 0.0000000000e+00 8.6976739850e-02 -9.3581367551e-02 1.1052580142e+00
 7.1112489028e-08 7.1112489028e-08 0.0000000000e+00 8.8039979914e-02 -9.1291217311e-02 1.1088074496e+00
 7.1142545382e-08 7.1142545382e-08 0.0000000000e+00 8.9565004957e-02 -8.8043848366e-02 1.1137956071e+00
 7.1171776373e-08 7.1171776373e-08 0.0000000000e+00 9.1047571174e-02 -8.4933125901e-02 1.1185160231e+00
 7.1202399564e-08 7.1202399564e-08 0.0000000000e+00 9.2601343534e-02 -8.1717656705e-02 1.1233428410e+00
 7.1226740747e-08 7.1226740747e-08 0.0000000000e+00 9.3835913597e-02 -7.9197487388e-02 1.1270836003e+00
 7.1247173131e-08 7.1247173131e-08 0.0000000000e+00 9.4872709424e-02 -7.7102332410e-02 1.1301694300e+00
 7.1268408764e-08 7.1268408764e-08 0.0000000000e+00 9.5949802625e-02 -7.4948497831e-02 1.1333141448e+00
 7.1287416324e-08 7.1287416324e-08 0.0000000000e+00 9.6914316963e-02 -7.3037233581e-02 1.1360853660e+00
 7.1304968591e-08 7.1304968591e-08 0.0000000000e+00 9.7804611972e-02 -7.1289205921e-02 1.1386005633e+00
 7.1325558022e-08 7.1325558022e-08 0.0000000000e+00 9.8849392331e-02 -6.9255562908e-02 1.1415073514e+00
 7.1360512275e-08 7.1360512275e-08 0.0000000000e+00 1.0062268052e-01 -6.5849992453e-02 1.1463222532e+00
 7.1399424326e-08 7.1399424326e-08 0.0000000000e+00 1.0259722270e-01 -6.2123170854e-02 1.1515194130e+00
 7.1471855787e-08 7.1471855787e-08 0.0000000000e+00 1.0627256925e-01 -5.5366553284e-02 1.1607442139e+00
 7.1575451806e-08 7.1575451806e-08 0.0000000000e+00 1.1153072775e-01 -4.6090404067e-02 1.1729954524e+00
 7.1626657117e-08 7.1626657117e-08 0.0000000000e+00 1.1413001437e-01 -4.1670017197e-02 1.1786600253e+00
 7.1678950307e-08 7.1678950307e-08 0.0000000000e+00 1.1678527129e-01 -3.7261380687e-02 1.1841990180e+00
 7.1719453972e-08 7.1719453972e-08 0.0000000000e+00 1.1884194811e-01 -3.3919883110e-02 1.1883210683e+00
 7.1763219893e-08 7.1763219893e-08 0.0000000000e+00 1.2106493134e-01 -3.0377159411e-02 1.1926211133e+00
 7.1803606497e-08 7.1803606497e-08 0.0000000000e+00 1.2311632487e-01 -2.7171004242e-02 1.1964476752e+00
 7.1844586942e-08 7.1844586942e-08 0.0000000000e+00 1.2519891396e-01 -2.3942768529e-02 1.2002548724e+00
 7.1885885923e-08 7.1885885923e-08 0.0000000000e+00 1.2730465774e-01 -2.0163538969e-02 1.2049088180e+00
 7.1931649163e-08 7.1931649163e-08 0.0000000000e+00 1.2963875634e-01 -1.6014838991e-02 1.2099711873e+00
 7.1965824581e-08 7.1965824581e-08 0.0000000000e+00 1.3138151105e-01 -1.3023270856e-02 1.2135308968e+00
 7.2000000000e-08 7.2000000000e-08 0.0000000000e+00 1.3312484806e-01 -1.0044723554e-02 1.2170571287e+00
 7.2004807185e-08 7.2004807185e-08 0.0000000000e+00 1.3336994478e-01 -9.6407097945e-03 1.2175232900e+00
 7.2014392817e-08 7.2014392817e-08 0.0000000000e+00 1.3385886135e-01 -8.8256626054e-03 1.2184708619e+00
 7.2023413568e-08 7.2023413568e-08 0.0000000000e+00 1.3431901167e-01 -8.0580598438e-03 1.2193632629e+00
 7.2035341647e-08 7.2035341647e-08 0.0000000000e+00 1.3492744857e-01 -7.0520704348e-03 1.2205249775e+00
 7.2054318582e-08 7.2054318582e-08 0.0000000000e+00 1.3589549763e-01 -5.4627065487e-03 1.2223500532e+00
 7.2079705573e-08 7.2079705573e-08 0.0000000000e+00 1.3719058495e-01 -3.3635605623e-03 1.2247361191e+00
 7.2118476455e-08 7.2118476455e-08 0.0000000000e+00 1.3916861187e-01 -2.1214320009e-04 1.2282691566e+00
 7.2177516185e-08 7.2177516185e-08 0.0000000000e+00 1.4218070134e-01 4.4586560315e-03 1.2333910004e+00
 7.2266470368e-08 7.2266470368e-08 0.0000000000e+00 1.4672005362e-01 1.1217484625e-02 1.2405546398e+00
 7.2384390411e-08 7.2384390411e-08 0.0000000000e+00 1.5273988657e-01 1.9682034321e-02 1.2490878614e+00
 7.2520848004e-08 7.2520848004e-08 0.0000000000e+00 1.5971009041e-01 2.8818856384e-02 1.2577144378e+00
 7.2682544169e-08 7.2682544169e-08 0.0000000000e+00 1.6797615850e-01 3.8806255670e-02 1.2663920401e+00
 7.2876408719e-08 7.2876408719e-08 0.0000000000e+00 1.7789823517e-01 4.9707396074e-02 1.2748872656e+00
 7.3109713203e-08 7.3109713203e-08 0.0000000000e+00 1.8985873499e-01 6.1472405724e-02 1.2827969813e+00
 7.3389838936e-08 7.3389838936e-08 0.0000000000e+00 2.0425364506e-01 7.3951560109e-02 1.2896140583e+00
 7.3725454761e-08 7.3725454761e-08 0.0000000000e+00 2.2155767489e-01 8.6974173979e-02 1.2948326470e+00
 7.4125992704e-08 7.4125992704e-08 0.0000000000e+00 2.4230518703e-01 1.0035537718e-01 1.2980227586e+00
 7.4601175578e-08 7.4601175578e-08 0.0000000000e+00 2.6707717337e-01 1.1390684071e-01 1.2989017999e+00
 7.5150575926e-08 7.5150575926e-08 0.0000000000e+00 2.9596757390e-01 1.2722658312e-01 1.2974407886e+00
 7.5781352181e-08 7.5781352181e-08 0.0000000000e+00 3.2952733430e-01 1.4020555455e-01 1.2938619016e+00
 7.6522735903e-08 7.6522735903e-08 0.0000000000e+00 3.6962540325e-01 1.5309150567e-01 1.2883265490e+00
 7.7363037614e-08 7.7363037614e-08 0.0000000000e+00 4.1619863001e-01 1.6535392929e-01 1.2813646873e+00
 7.8306965990e-08 7.8306965990e-08 0.0000000000e+00 4.7072119707e-01 1.7689830902e-01 1.2735049467e+00
 7.9153482995e-08 7.9153482995e-08 0.0000000000e+00 5.2365831096e-01 1.8551764279e-01 1.2666059953e+00
 8.0000000000e-08 8.0000000000e-08 0.0000000000e+00 5.8796169303e-01 1.9122605964e-01 1.2583430068e+00
 8.0014086955e-08 8.0014086955e-08 3.3808691337e-02 6.1172885000e-01 1.9663087533e-01 1.2644667588e+00
 8.0028792530e-08 8.0028792530e-08 6.9102070931e-02 6.3997062645e-01 2.0109396540e-01 1.2695779941e+00
 8.0038937097e-08 8.0038937097e-08 9.3449031608e-02 6.6008370028e-01 2.0359845413e-01 1.2723582099e+00
 8.0049038441e-08 8.0049038441e-08 1.1769225788e-01 6.8032003267e-01 2.0594578275e-01 1.2749635638e+00
 8.0059210619e-08 8.0059210619e-08 1.4210548636e-01 7.0001058311e-01 2.0827512809e-01 1.2775065378e+00
 8.0069770500e-08 8.0069770500e-08 1.6744919911e-01 7.1985502726e-01 2.1075785950e-01 1.2802302940e+00
 8.0082345239e-08 8.0082345239e-08 1.9762857451e-01 7.4247536857e-01 2.1379617583e-01 1.2835348601e+00
 8.0097873759e-08 8.0097873759e-08 2.3489702226e-01 7.6927295227e-01 2.1762561255e-01 1.2876994067e+00
 8.0118172793e-08 8.0118172793e-08 2.8361470261e-01 8.0260284910e-01 2.2264927131e-01 1.2931041996e+00
 8.0146296245e-08 8.0146296245e-08 3.5111098758e-01 8.4621814475e-01 2.2942236441e-01 1.3003094330e+00
 8.0180995012e-08 8.0180995012e-08 4.3438802825e-01 8.9589493167e-01 2.3719499212e-01 1.3083844409e+00
 8.0221669626e-08 8.0221669626e-08 5.3200710260e-01 9.4566446136e-01 2.4463414827e-01 1.3157974488e+00
 8.0244057728e-08 8.0244057728e-08 5.8573854770e-01 9.6431523753e-01 2.4680232111e-01 1.3176282445e+00
 8.0267430495e-08 8.0267430495e-08 6.4183318710e-01 9.7470675511e-01 2.4702742745e-01 1.3171842306e+00
 8.0292765561e-08 8.0292765561e-08 7.0263734630e-01 9.8207416854e-01 2.4642856406e-01 1.3157083814e+00
 8.0310560232e-08 8.0310560232e-08 7.4534455685e-01 9.8776244496e-01 2.4612219715e-01 1.3148127634e+00
 8.0327918625e-08 8.0327918625e-08 7.8700469985e-01 9.9377115703e-01 2.4593835298e-01 1.3140701182e+00
 8.0347059609e-08 8.0347059609e-08 8.3294306161e-01 1.0007834142e+00 2.4581362276e-01 1.3133516895e+00
 8.0363843952e-08 8.0363843952e-08 8.7322548588e-01 1.0069563572e+00 2.4571866512e-01 1.3127374007e+00
 8.0381976188e-08 8.0381976188e-08 9.1674285207e-01 1.0136744498e+00 2.4561783522e-01 1.3120834450e+00
 8.0404228270e-08 8.0404228270e-08 9.7014784794e-01 1.0217265099e+00 2.4546099441e-01 1.3112434324e+00
 8.0433659059e-08 8.0433659059e-08 1.0407817411e+00 1.0321197730e+00 2.4518549543e-01 1.3100655055e+00
 8.0466829529e-08 8.0466829529e-08 1.1203908706e+00 1.0431842559e+00 2.4473874278e-01 1.3085890257e+00
 8.0500000000e-08 8.0500000000e-08 1.2000000000e+00 1.0535697366e+00 2.4413063039e-01 1.3069414967e+00
 8.0503666583e-08 8.0503666583e-08 1.2000000000e+00 1.0528501281e+00 2.4357624975e-01 1.3062298975e+00
 8.0510053256e-08 8.0510053256e-08 1.2000000000e+00 1.0520409413e+00 2.4278249029e-01 1.3051201782e+00
 8.0516107182e-08 8.0516107182e-08 1.2000000000e+00 1.0514509964e+00 2.4207918636e-01 1.3041399890e+00
 8.0523691881e-08 8.0523691881e-08 1.2000000000e+00 1.0506004985e+00 2.4117218936e-01 1.3028762315e+00
 8.0530101159e-08 8.0530101159e-08 1.2000000000e+00 1.0499302486e+00 2.4042857065e-01 1.3018366376e+00
 8.0541306948e-08 8.0541306948e-08 1.2000000000e+00 1.0487119648e+00 2.3912170467e-01 1.3000154728e+00
 8.0553793547e-08 8.0553793547e-08 1.2000000000e+00 1.0473783008e+00 2.3769530016e-01 1.2980210812e+00
 8.0570596623e-08 8.0570596623e-08 1.2000000000e+00 1.0455648409e+00 2.3579499398e-01 1.2953697931e+00
 8.0589678218e-08 8.0589678218e-08 1.2000000000e+00 1.0435219703e+00 2.3368678261e-01 1.2924207037e+00
 8.0614574793e-08 8.0614574793e-08 1.2000000000e+00 1.0408454828e+00 2.3099067560e-01 1.2886548976e+00
 8.0644233077e-08 8.0644233077e-08 1.2000000000e+00 1.0376725599e+00 2.2787719833e-01 1.2842982887e+00
 8.0682858986e-08 8.0682858986e-08 1.2000000000e+00 1.0335353416e+00 2.2395517111e-01 1.2788177367e+00
 8.0729087449e-08 8.0729087449e-08 1.2000000000e+00 1.0286025372e+00 2.1946674555e-01 1.2725426224e+00
 8.0788219833e-08 8.0788219833e-08 1.2000000000e+00 1.0222965312e+00 2.1401248287e-01 1.2649358812e+00
 8.0856502513e-08 8.0856502513e-08 1.2000000000e+00 1.0150408599e+00 2.0810111148e-01 1.2567096237e+00
 8.0933986275e-08 8.0933986275e-08 1.2000000000e+00 1.0068196528e+00 2.0183761566e-01 1.2480423063e+00
 8.1000000000e-08 8.1000000000e-08 1.2000000000e+00 9.9983778289e-01 1.9685325908e-01 1.2411829967e+00
 8.1008013553e-08 8.1008013553e-08 1.2000000000e+00 9.9898915048e-01 1.9626867222e-01 1.2403841453e+00
 8.1021522427e-08 8.1021522427e-08 1.2000000000e+00 9.9756133214e-01 1.9529202906e-01 1.2390474951e+00
 8.1035282190e-08 8.1035282190e-08 1.2000000000e+00 9.9610785718e-01 1.9430967726e-01 1.2377051300e+00
 8.1057474300e-08 8.1057474300e-08 1.2000000000e+00 9.9376430148e-01 1.9275053787e-01 1.2355790849e+00
 8.1076768803e-08 8.1076768803e-08 1.2000000000e+00 9.9172796053e-01 1.9142013154e-01 1.2337695590e+00
 8.1095110262e-08 8.1095110262e-08 1.2000000000e+00 9.8979281102e-01 1.9017637239e-01 1.2320819863e+00
 8.1108343740e-08 8.1108343740e-08 1.2000000000e+00 9.8839721237e-01 1.8929160050e-01 1.2308839991e+00
 8.1124522556e-08 8.1124522556e-08 1.2000000000e+00 9.8669134119e-01 1.8822375418e-01 1.2294410792e+00
 8.1141421775e-08 8.1141421775e-08 1.2000000000e+00 9.8491021865e-01 1.8712457789e-01 1.2279592533e+00
 8.1164158494e-08 8.1164158494e-08 1.2000000000e+00 9.8251458341e-01 1.8567103419e-01 1.2260054162e+00
 8.1199206213e-08 8.1199206213e-08 1.2000000000e+00 9.7882374510e-01 1.8348606797e-01 1.2230812553e+00
 8.1269301651e-08 8.1269301651e-08 1.2000000000e+00 9.7144747304e-01 1.7930817395e-01 1.2175375315e+00
 8.1329761362e-08 8.1329761362e-08 1.2000000000e+00 9.6508996979e-01 1.7589949492e-01 1.2130673163e+00
 8.1396535842e-08 8.1396535842e-08 1.2000000000e+00 9.5807164150e-01 1.7232978382e-01 1.2084442055e+00
 8.1450354536e-08 8.1450354536e-08 1.2000000000e+00 9.5241641965e-01 1.6959304666e-01 1.2049454435e+00
 8.1490442683e-08 8.1490442683e-08 1.2000000000e+00 9.4820405462e-01 1.6763150791e-01 1.2024646777e+00
 8.1520551626e-08 8.1520551626e-08 1.2000000000e+00 9.4504014325e-01 1.6619983233e-01 1.2006692605e+00
 8.1546191991e-08 8.1546191991e-08 1.2000000000e+00 9.4235493893e-01 1.6509893840e-01 1.1993341348e+00
 8.1585039388e-08 8.1585039388e-08 1.2000000000e+00 9.3829619280e-01 1.6359343048e-01 1.1975831875e+00
 8.1613539492e-08 8.1613539492e-08 1.2000000000e+00 9.3531624918e-01 1.6251140171e-01 1.1963343469e+00
 8.1641650476e-08 8.1641650476e-08 1.2000000000e+00 9.3237527022e-01 1.6146356175e-01 1.1951337723e+00
 8.1673534972e-08 8.1673534972e-08 1.2000000000e+00 9.2903695608e-01 1.6029663840e-01 1.1938063647e+00
 8.1710775982e-08 8.1710775982e-08 1.2000000000e+00 9.2513456184e-01 1.5896351312e-01 1.1923038379e+00
 8.1755246248e-08 8.1755246248e-08 1.2000000000e+00 9.2046935385e-01 1.5741154806e-01 1.1905734244e+00
 8.1807691504e-08 8.1807691504e-08 1.2000000000e+00 9.1495993501e-01 1.5563690957e-01 1.1886218168e+00
 8.1870438946e-08 8.1870438946e-08 1.2000000000e+00 9.0835619832e-01 1.5358940462e-01 1.1864078189e+00
 8.1945114530e-08 8.1945114530e-08 1.2000000000e+00 9.0047864554e-01 1.5125758127e-01 1.1839405029e+00
 8.2034582517e-08 8.2034582517e-08 1.2000000000e+00 8.9101098825e-01 1.4860706977e-01 1.1812123732e+00
 8.2140969546e-08 8.2140969546e-08 1.2000000000e+00 8.7970599466e-01 1.4565018318e-01 1.1782772551e+00
 8.2267254233e-08 8.2267254233e-08 1.2000000000e+00 8.6621102832e-01 1.4239972122e-01 1.1752013765e+00
 8.2415301881e-08 8.2415301881e-08 1.2000000000e+00 8.5027034352e-01 1.3892714346e-01 1.1721216399e+00
 8.2587209726e-08 8.2587209726e-08 1.2000000000e+00 8.3157025233e-01 1.3532097485e-01 1.1691979389e+00
 8.2783631334e-08 8.2783631334e-08 1.2000000000e+00 8.0990631866e-01 1.3171936088e-01 1.1666338165e+00
 8.3005696661e-08 8.3005696661e-08 1.2000000000e+00 7.8494809564e-01 1.2825710234e-01 1.1646185331e+00
 8.3254173083e-08 8.3254173083e-08 1.2000000000e+00 7.5627610137e-01 1.2508117020e-01 1.1633329530e+00
 8.3531798193e-08 8.3531798193e-08 1.2000000000e+00 7.2299769891e-01 1.2232325517e-01 1.1629320380e+00
 8.3842417930e-08 8.3842417930e-08 1.2000000000e+00 6.8379608428e-01 1.2010129147e-01 1.1635337248e+00
 8.4193174649e-08 8.4193174649e-08 1.2000000000e+00 6.3826731958e-01 1.1811136868e-01 1.1647625847e+00
 8.4458480376e-08 8.4458480376e-08 1.2000000000e+00 6.0648515369e-01 1.1608324266e-01 1.1650130782e+00
 8.4727300275e-08 8.4727300275e-08 1.2000000000e+00 5.7883437518e-01 1.1319915329e-01 1.1642921656e+00
 8.5023583619e-08 8.5023583619e-08 1.2000000000e+00 5.5282806848e-01 1.0945138670e-01 1.1629127517e+00
 8.5445828589e-08 8.5445828589e-08 1.2000000000e+00 5.2070213968e-01 1.0397825111e-01 1.1610123079e+00
 8.5796347240e-08 8.5796347240e-08 1.2000000000e+00 4.9656023810e-01 9.9774882698e-02 1.1600190618e+00
 8.6208442074e-08 8.6208442074e-08 1.2000000000e+00 4.6995847077e-01 9.5483162275e-02 1.1597431378e+00
 8.6736364825e-08 8.6736364825e-08 1.2000000000e+00 4.3785055923e-01 9.1193234093e-02 1.1608288695e+00
 8.7438245614e-08 8.7438245614e-08 1.2000000000e+00 3.9787599979e-01 8.7750622944e-02 1.1645486117e+00
 8.8404241896e-08 8.8404241896e-08 1.2000000000e+00 3.4744800355e-01 8.7333762451e-02 1.1731104222e+00
 8.9452120948e-08 8.9452120948e-08 1.2000000000e+00 2.9855998844e-01 9.2386931731e-02 1.1855919773e+00
 9.0500000000e-08 9.0500000000e-08 1.2000000000e+00 2.5548739993e-01 1.0272212772e-01 1.1999609517e+00
 9.0517819791e-08 9.0517819791e-08 1.1572325026e+00 2.4889281480e-01 9.9999833425e-02 1.1968120169e+00
 9.0535113293e-08 9.0535113293e-08 1.1157280960e+00 2.4288764630e-01 9.7610559384e-02 1.1940218701e+00
 9.0552342985e-08 9.0552342985e-08 1.0743768359e+00 2.3716695713e-01 9.5399058346e-02 1.1914616238e+00
 9.0571100878e-08 9.0571100878e-08 1.0293578937e+00 2.3126047186e-01 9.3166094558e-02 1.1888773110e+00
 9.0591529579e-08 9.0591529579e-08 9.8032901081e-01 2.2523834426e-01 9.0977409201e-02 1.1863692825e+00
 9.0616550400e-08 9.0616550400e-08 9.2027903988e-01 2.1843781009e-01 8.8612305033e-02 1.1836757735e+00
 9.0648625751e-08 9.0648625751e-08 8.4329819664e-01 2.1055286406e-01 8.6057381809e-02 1.1808161325e+00
 9.0691403143e-08 9.0691403143e-08 7.4063245582e-01 2.0146638826e-01 8.3437089469e-02 1.1779591564e+00
 9.0728045852e-08 9.0728045852e-08 6.5268995460e-01 1.9542106586e-01 8.2123862090e-02 1.1766427911e+00
 9.0744065807e-08 9.0744065807e-08 6.1424206312e-01 1.9234569149e-01 8.1340711657e-02 1.1758358386e+00
 9.0761747462e-08 9.0761747462e-08 5.7180609228e-01 1.8690394578e-01 7.9473005713e-02 1.1737584613e+00
 9.0775533508e-08 9.0775533508e-08 5.3871958090e-01 1.8065080794e-01 7.7032830509e-02 1.1709758574e+00
 9.0781231054e-08 9.0781231054e-08 5.2504547080e-01 1.7764041245e-01 7.5819438837e-02 1.1695731510e+00
 9.0788119987e-08 9.0788119987e-08 5.0851203135e-01 1.7372293377e-01 7.4223734409e-02 1.1677359960e+00
 9.0795111422e-08 9.0795111422e-08 4.9173258718e-01 1.6952033531e-01 7.2495196997e-02 1.1657297366e+00
 9.0802761405e-08 9.0802761405e-08 4.7337262771e-01 1.6471235673e-01 7.0514088261e-02 1.1634367102e+00
 9.0813301161e-08 9.0813301161e-08 4.4807721252e-01 1.5783277344e-01 6.7669970716e-02 1.1601308941e+00
 9.0821798703e-08 9.0821798703e-08 4.2768311211e-01 1.5212628466e-01 6.5315710549e-02 1.1573979642e+00
 9.0830504537e-08 9.0830504537e-08 4.0678911109e-01 1.4616981236e-01 6.2860116803e-02 1.1545411463e+00
 9.0840063154e-08 9.0840063154e-08 3.8384843133e-01 1.3953004114e-01 6.0133855405e-02 1.1513728987e+00
 9.0854222388e-08 9.0854222388e-08 3.4986626955e-01 1.2954561847e-01 5.6052068518e-02 1.1466252764e+00
 9.0873904102e-08 9.0873904102e-08 3.0263015418e-01 1.1545274832e-01 5.0341035336e-02 1.1399875149e+00
 9.0906214668e-08 9.0906214668e-08 2.2508479675e-01 9.1969845350e-02 4.0964579455e-02 1.1290979111e+00
 9.0952924700e-08 9.0952924700e-08 1.1298071967e-01 5.7664987857e-02 2.7624091600e-02 1.1136524118e+00
 9.1000000000e-08 9.1000000000e-08 1.7097434579e-14 2.3054290000e-02 1.4632136613e-02 1.0986953128e+00
 9.1003091006e-08 9.1003091006e-08 0.0000000000e+00 2.3276571056e-02 1.5049232390e-02 1.0992128951e+00
 9.1007830596e-08 9.1007830596e-08 0.0000000000e+00 2.3556031778e-02 1.5682701785e-02 1.1001711248e+00
 9.1013674056e-08 9.1013674056e-08 0.0000000000e+00 2.3837813353e-02 1.6385532193e-02 1.1012802528e+00
 9.1018195533e-08 9.1018195533e-08 0.0000000000e+00 2.4068275079e-02 1.6928994977e-02 1.1020956262e+00
 9.1023415670e-08 9.1023415670e-08 0.0000000000e+00 2.4330272040e-02 1.7569187816e-02 1.1030930415e+00
 9.1028540419e-08 9.1028540419e-08 0.0000000000e+00 2.4587387493e-02 1.8182070101e-02 1.1040220748e+00
 9.1037298936e-08 9.1037298936e-08 0.0000000000e+00 2.5027819377e-02 1.9242612815e-02 1.1056483413e+00
 9.1045543707e-08 9.1045543707e-08 0.0000000000e+00 2.5441628271e-02 2.0229025230e-02 1.1071440570e+00
 9.1062033250e-08 9.1062033250e-08 0.0000000000e+00 2.6270365716e-02 2.2202902363e-02 1.1101352702e+00
 9.1076018444e-08 9.1076018444e-08 0.0000000000e+00 2.6972608720e-02 2.3861339628e-02 1.1126252447e+00
 9.1099363571e-08 9.1099363571e-08 0.0000000000e+00 2.8145672558e-02 2.6615912007e-02 1.1167368202e+00
 9.1121537329e-08 9.1121537329e-08 0.0000000000e+00 2.9259293009e-02 2.9203950728e-02 1.1205573049e+00
 9.1153578018e-08 9.1153578018e-08 0.0000000000e+00 3.0869116857e-02 3.2908189917e-02 1.1259700268e+00
 9.1182918247e-08 9.1182918247e-08 0.0000000000e+00 3.2342739561e-02 3.6254944759e-02 1.1307939342e+00
 9.1212011498e-08 9.1212011498e-08 0.0000000000e+00 3.3804455585e-02 3.9538366064e-02 1.1354742392e+00
 9.1234423032e-08 9.1234423032e-08 0.0000000000e+00 3.4930036655e-02 4.2038806303e-02 1.1389976500e+00
 9.1254283392e-08 9.1254283392e-08 0.0000000000e+00 3.5927920073e-02 4.4238732131e-02 1.1420744445e+00
 9.1269686573e-08 9.1269686573e-08 0.0000000000e+00 3.6701478710e-02 4.5930623976e-02 1.1444211588e+00
 9.1286492187e-08 9.1286492187e-08 0.0000000000e+00 3.7545882006e-02 4.7767130129e-02 1.1469548296e+00
 9.1304991568e-08 9.1304991568e-08 0.0000000000e+00 3.8475013129e-02 4.9772456703e-02 1.1496994904e+00
 9.1325471773e-08 9.1325471773e-08 0.0000000000e+00 3.9503994653e-02 5.1977187360e-02 1.1526958106e+00
 9.1362961418e-08 9.1362961418e-08 0.0000000000e+00 4.1387150472e-02 5.5964653620e-02 1.1580505730e+00
 9.1401136499e-08 9.1401136499e-08 0.0000000000e+00 4.3305093361e-02 5.9966044601e-02 1.1633459973e+00
 9.1477486660e-08 9.1477486660e-08 0.0000000000e+00 4.7140729831e-02 6.7788907300e-02 1.1734682902e+00
 9.1582359936e-08 9.1582359936e-08 0.0000000000e+00 5.2410241535e-02 7.8162387792e-02 1.1864304757e+00
 9.1614736935e-08 9.1614736935e-08 0.0000000000e+00 5.4037043638e-02 8.1278757873e-02 1.1902201241e+00
 9.1666772673e-08 9.1666772673e-08 0.0000000000e+00 5.6652192948e-02 8.6208235164e-02 1.1961201367e+00
 9.1707183637e-08 9.1707183637e-08 0.0000000000e+00 5.8684125639e-02 9.0052911677e-02 1.2006771749e+00
 9.1748665497e-08 9.1748665497e-08 0.0000000000e+00 6.0778186051e-02 9.4567458873e-02 1.2062324476e+00
 9.1790441746e-08 9.1790441746e-08 0.0000000000e+00 6.2887173009e-02 9.9086673368e-02 1.2117416144e+00
 9.1833140470e-08 9.1833140470e-08 0.0000000000e+00 6.5042747240e-02 1.0358086581e-01 1.2170999789e+00
 9.1873692494e-08 9.1873692494e-08 0.0000000000e+00 6.7089967421e-02 1.0781265923e-01 1.2220923211e+00
 9.1917930529e-08 9.1917930529e-08 0.0000000000e+00 6.9323339399e-02 1.1230965988e-01 1.2272830732e+00
 9.1958965264e-08 9.1958965264e-08 0.0000000000e+00 7.1394984898e-02 1.1643440266e-01 1.2319862836e+00
 9.2000000000e-08 9.2000000000e-08 0.0000000000e+00 7.3466744527e-02 1.2045844536e-01 1.2364785882e+00
 9.2005171041e-08 9.2005171041e-08 0.0000000000e+00 7.3727783483e-02 1.2096622443e-01 1.2370447208e+00
 9.2015234443e-08 9.2015234443e-08 0.0000000000e+00 7.4235872984e-02 1.2194479567e-01 1.2381273528e+00
 9.2025265679e-08 9.2025265679e-08 0.0000000000e+00 7.4742329428e-02 1.2291295581e-01 1.2391917725e+00
 9.2037928069e-08 9.2037928069e-08 0.0000000000e+00 7.5381640907e-02 1.2413107777e-01 1.2405264356e+00
 9.2058742642e-08 9.2058742642e-08 0.0000000000e+00 7.6432557768e-02 1.2611700885e-01 1.2426860767e+00
 9.2086643602e-08 9.2086643602e-08 0.0000000000e+00 7.7841295505e-02 1.2875156869e-01 1.2455231380e+00
 9.2129026460e-08 9.2129026460e-08 0.0000000000e+00 7.9981309149e-02 1.3269063156e-01 1.2497022681e+00
 9.2193980935e-08 9.2193980935e-08 0.0000000000e+00 8.3261231453e-02 1.3858582122e-01 1.2558168700e+00
 9.2291603803e-08 9.2291603803e-08 0.0000000000e+00 8.8191370451e-02 1.4712952208e-01 1.2643720085e+00
 9.2413049916e-08 9.2413049916e-08 0.0000000000e+00 9.4325918051e-02 1.5724977433e-01 1.2740216732e+00
 9.2554516836e-08 9.2554516836e-08 0.0000000000e+00 1.0147411750e-01 1.6836455495e-01 1.2839872844e+00
 9.2722755944e-08 9.2722755944e-08 0.0000000000e+00 1.0997937421e-01 1.8070797923e-01 1.2942425661e+00
 9.2924849315e-08 9.2924849315e-08 0.0000000000e+00 1.2020399286e-01 1.9439053086e-01 1.3045563149e+00
 9.3167906505e-08 9.3167906505e-08 0.0000000000e+00 1.3251545914e-01 2.0937838341e-01 1.3145078902e+00
 9.3459620903e-08 9.3459620903e-08 0.0000000000e+00 1.4731716700e-01 2.2553787241e-01 1.3235629798e+00
 9.3808880683e-08 9.3808880683e-08 0.0000000000e+00 1.6508354685e-01 2.4268865958e-01 1.3311650148e+00
 9.4225234404e-08 9.4225234404e-08 0.0000000000e+00 1.8633933927e-01 2.6059081492e-01 1.3367871804e+00
 9.4718332531e-08 9.4718332531e-08 0.0000000000e+00 2.1164032507e-01 2.7895793705e-01 1.3400211215e+00
 9.5284322771e-08 9.5284322771e-08 0.0000000000e+00 2.4088114140e-01 2.9707345633e-01 1.3406440529e+00
 9.5930754815e-08 9.5930754815e-08 0.0000000000e+00 2.7458527394e-01 3.1473021384e-01 1.3387599031e+00
 9.6680257400e-08 9.6680257400e-08 0.0000000000e+00 3.1415490663e-01 3.3199711759e-01 1.3344439904e+00
 9.7542116498e-08 9.7542116498e-08 0.0000000000e+00 3.6046976899e-01 3.4844933317e-01 1.3278445892e+00
 9.8506985562e-08 9.8506985562e-08 0.0000000000e+00 4.1371639597e-01 3.6343673440e-01 1.3194152596e+00
 9.9253492781e-08 9.9253492781e-08 0.0000000000e+00 4.5642918438e-01 3.7303458796e-01 1.3126107458e+00
 1.0000000000e-07 1.0000000000e-07 0.0000000000e+00 5.0150317694e-01 3.8120315336e-01 1.3057870980e+00
