v-sweep v(drain_iv) v(gate_iv) id is ib ig kcl
0.000000e+00 0.000000e+00 0.000000e+00 1.572530e-17 1.572530e-17 2.577300e-28 -3.145060e-17 2.577295e-28
1.000000e-02 1.000000e-02 0.000000e+00 -2.574240e-11 2.574240e-11 1.000000e-17 -2.437770e-17 1.437770e-17
2.000000e-02 2.000000e-02 0.000000e+00 -4.493580e-11 4.493580e-11 2.000000e-17 -1.969350e-17 3.065000e-19
3.000000e-02 3.000000e-02 0.000000e+00 -5.869380e-11 5.869370e-11 3.000000e-17 -1.666240e-17 8.666240e-17
4.000000e-02 4.000000e-02 0.000000e+00 -6.819190e-11 6.819180e-11 4.000000e-17 -1.476000e-17 7.476000e-17
5.000000e-02 5.000000e-02 0.000000e+00 -7.466620e-11 7.466610e-11 5.000000e-17 -1.359100e-17 6.359100e-17
6.000000e-02 6.000000e-02 0.000000e+00 -7.916710e-11 7.916700e-11 6.000000e-17 -1.287490e-17 5.287490e-17
7.000000e-02 7.000000e-02 0.000000e+00 -8.243230e-11 8.243220e-11 7.000000e-17 -1.243030e-17 4.243030e-17
8.000000e-02 8.000000e-02 0.000000e+00 -8.492390e-11 8.492380e-11 8.000000e-17 -1.214740e-17 3.214740e-17
9.000000e-02 9.000000e-02 0.000000e+00 -8.691810e-11 8.691800e-11 9.000000e-17 -1.196210e-17 2.196210e-17
1.000000e-01 1.000000e-01 0.000000e+00 -8.857980e-11 8.857970e-11 1.000000e-16 -1.183720e-17 1.183720e-17
1.100000e-01 1.100000e-01 0.000000e+00 -9.000960e-11 9.000950e-11 1.100000e-16 -1.175050e-17 1.750500e-18
1.200000e-01 1.200000e-01 0.000000e+00 -9.127090e-11 9.127080e-11 1.200000e-16 -1.168870e-17 8.311300e-18
1.300000e-01 1.300000e-01 0.000000e+00 -9.240510e-11 9.240500e-11 1.300000e-16 -1.164370e-17 1.835630e-17
1.400000e-01 1.400000e-01 0.000000e+00 -9.344010e-11 9.343990e-11 1.400000e-16 -1.161020e-17 7.161020e-17
1.500000e-01 1.500000e-01 0.000000e+00 -9.439540e-11 9.439520e-11 1.500000e-16 -1.158480e-17 6.158480e-17
1.600000e-01 1.600000e-01 0.000000e+00 -9.528510e-11 9.528500e-11 1.600000e-16 -1.156510e-17 4.843490e-17
1.700000e-01 1.700000e-01 0.000000e+00 -9.611980e-11 9.611960e-11 1.700000e-16 -1.154980e-17 4.154980e-17
1.800000e-01 1.800000e-01 0.000000e+00 -9.690730e-11 9.690710e-11 1.800000e-16 -1.153760e-17 3.153760e-17
1.900000e-01 1.900000e-01 0.000000e+00 -9.765380e-11 9.765360e-11 1.900000e-16 -1.152780e-17 2.152780e-17
2.000000e-01 2.000000e-01 0.000000e+00 -9.836420e-11 9.836410e-11 2.000000e-16 -1.151980e-17 8.848020e-17
2.100000e-01 2.100000e-01 0.000000e+00 -9.904260e-11 9.904240e-11 2.100000e-16 -1.151330e-17 1.513300e-18
2.200000e-01 2.200000e-01 0.000000e+00 -9.969230e-11 9.969210e-11 2.200000e-16 -1.150790e-17 8.492100e-18
2.300000e-01 2.300000e-01 0.000000e+00 -1.003159e-10 1.003156e-10 2.300000e-16 -1.150330e-17 8.150330e-17
2.400000e-01 2.400000e-01 0.000000e+00 -1.009158e-10 1.009155e-10 2.400000e-16 -1.149950e-17 7.149950e-17
2.500000e-01 2.500000e-01 0.000000e+00 -1.014939e-10 1.014937e-10 2.500000e-16 -1.149630e-17 3.850370e-17
2.600000e-01 2.600000e-01 0.000000e+00 -1.020521e-10 1.020518e-10 2.600000e-16 -1.149360e-17 5.149360e-17
2.700000e-01 2.700000e-01 0.000000e+00 -1.025918e-10 1.025915e-10 2.700000e-16 -1.149120e-17 4.149120e-17
2.800000e-01 2.800000e-01 0.000000e+00 -1.031143e-10 1.031140e-10 2.800000e-16 -1.148920e-17 3.148920e-17
2.900000e-01 2.900000e-01 0.000000e+00 -1.036208e-10 1.036205e-10 2.900000e-16 -1.148740e-17 2.148740e-17
3.000000e-01 3.000000e-01 0.000000e+00 -1.041123e-10 1.041120e-10 3.000000e-16 -1.148580e-17 1.148580e-17
3.100000e-01 3.100000e-01 0.000000e+00 -1.045898e-10 1.045895e-10 3.100000e-16 -1.148450e-17 1.484500e-18
3.200000e-01 3.200000e-01 0.000000e+00 -1.050541e-10 1.050538e-10 3.200000e-16 -1.148330e-17 8.516700e-18
3.300000e-01 3.300000e-01 0.000000e+00 -1.055060e-10 1.055057e-10 3.300000e-16 -1.148230e-17 1.851770e-17
3.400000e-01 3.400000e-01 0.000000e+00 -1.059462e-10 1.059458e-10 3.400000e-16 -1.148130e-17 7.148130e-17
3.500000e-01 3.500000e-01 0.000000e+00 -1.063753e-10 1.063749e-10 3.500000e-16 -1.148050e-17 6.148050e-17
3.600000e-01 3.600000e-01 0.000000e+00 -1.067938e-10 1.067935e-10 3.600000e-16 -1.147980e-17 4.852020e-17
3.700000e-01 3.700000e-01 0.000000e+00 -1.072024e-10 1.072020e-10 3.700000e-16 -1.147910e-17 4.147910e-17
3.800000e-01 3.800000e-01 0.000000e+00 -1.076015e-10 1.076011e-10 3.800000e-16 -1.147850e-17 3.147850e-17
3.900000e-01 3.900000e-01 0.000000e+00 -1.079916e-10 1.079912e-10 3.900000e-16 -1.147800e-17 2.147800e-17
4.000000e-01 4.000000e-01 0.000000e+00 -1.083730e-10 1.083726e-10 4.000000e-16 -1.147750e-17 1.147750e-17
4.100000e-01 4.100000e-01 0.000000e+00 -1.087463e-10 1.087459e-10 4.100000e-16 -1.147710e-17 1.477100e-18
4.200000e-01 4.200000e-01 0.000000e+00 -1.091116e-10 1.091112e-10 4.200000e-16 -1.147670e-17 8.523300e-18
4.300000e-01 4.300000e-01 0.000000e+00 -1.094695e-10 1.094691e-10 4.300000e-16 -1.147630e-17 1.852370e-17
4.400000e-01 4.400000e-01 0.000000e+00 -1.098202e-10 1.098197e-10 4.400000e-16 -1.147600e-17 7.147600e-17
4.500000e-01 4.500000e-01 0.000000e+00 -1.101639e-10 1.101635e-10 4.500000e-16 -1.147570e-17 3.852430e-17
4.600000e-01 4.600000e-01 0.000000e+00 -1.105011e-10 1.105006e-10 4.600000e-16 -1.147540e-17 5.147540e-17
4.700000e-01 4.700000e-01 0.000000e+00 -1.108318e-10 1.108314e-10 4.700000e-16 -1.147520e-17 5.852480e-17
4.800000e-01 4.800000e-01 0.000000e+00 -1.111565e-10 1.111560e-10 4.800000e-16 -1.147490e-17 3.147490e-17
4.900000e-01 4.900000e-01 0.000000e+00 -1.114752e-10 1.114748e-10 4.900000e-16 -1.147470e-17 7.852530e-17
5.000000e-01 5.000000e-01 0.000000e+00 -1.117883e-10 1.117878e-10 5.000000e-16 -1.147450e-17 1.147450e-17
5.100000e-01 5.100000e-01 0.000000e+00 -1.120960e-10 1.120955e-10 5.100000e-16 -1.147430e-17 1.474300e-18
5.200000e-01 5.200000e-01 0.000000e+00 -1.123983e-10 1.123978e-10 5.200000e-16 -1.147420e-17 8.525800e-18
5.300000e-01 5.300000e-01 0.000000e+00 -1.126956e-10 1.126951e-10 5.300000e-16 -1.147400e-17 1.852600e-17
5.400000e-01 5.400000e-01 0.000000e+00 -1.129880e-10 1.129875e-10 5.400000e-16 -1.147390e-17 2.852610e-17
5.500000e-01 5.500000e-01 0.000000e+00 -1.132756e-10 1.132751e-10 5.500000e-16 -1.147370e-17 3.852630e-17
5.600000e-01 5.600000e-01 0.000000e+00 -1.135587e-10 1.135581e-10 5.600000e-16 -1.147360e-17 5.147360e-17
5.700000e-01 5.700000e-01 0.000000e+00 -1.138373e-10 1.138367e-10 5.700000e-16 -1.147350e-17 4.147350e-17
5.800000e-01 5.800000e-01 0.000000e+00 -1.141116e-10 1.141110e-10 5.800000e-16 -1.147340e-17 3.147340e-17
5.900000e-01 5.900000e-01 0.000000e+00 -1.143817e-10 1.143811e-10 5.900000e-16 -1.147330e-17 2.147330e-17
6.000000e-01 6.000000e-01 0.000000e+00 -1.146478e-10 1.146473e-10 6.000000e-16 -1.147320e-17 8.852680e-17
6.100000e-01 6.100000e-01 0.000000e+00 -1.149101e-10 1.149095e-10 6.100000e-16 -1.147310e-17 1.473100e-18
6.200000e-01 6.200000e-01 0.000000e+00 -1.151685e-10 1.151679e-10 6.200000e-16 -1.147300e-17 8.527000e-18
6.300000e-01 6.300000e-01 0.000000e+00 -1.154232e-10 1.154226e-10 6.300000e-16 -1.147290e-17 1.852710e-17
6.400000e-01 6.400000e-01 0.000000e+00 -1.156744e-10 1.156738e-10 6.400000e-16 -1.147290e-17 2.852710e-17
6.500000e-01 6.500000e-01 0.000000e+00 -1.159221e-10 1.159215e-10 6.500000e-16 -1.147280e-17 3.852720e-17
6.600000e-01 6.600000e-01 0.000000e+00 -1.161665e-10 1.161658e-10 6.600000e-16 -1.147270e-17 5.147270e-17
6.700000e-01 6.700000e-01 0.000000e+00 -1.164075e-10 1.164069e-10 6.700000e-16 -1.147270e-17 5.852730e-17
6.800000e-01 6.800000e-01 0.000000e+00 -1.166454e-10 1.166447e-10 6.800000e-16 -1.147260e-17 3.147260e-17
6.900000e-01 6.900000e-01 0.000000e+00 -1.168802e-10 1.168795e-10 6.900000e-16 -1.147260e-17 2.147260e-17
7.000000e-01 7.000000e-01 0.000000e+00 -1.171119e-10 1.171113e-10 7.000000e-16 -1.147250e-17 8.852750e-17
7.100000e-01 7.100000e-01 0.000000e+00 -1.173408e-10 1.173401e-10 7.100000e-16 -1.147250e-17 1.472500e-18
7.200000e-01 7.200000e-01 0.000000e+00 -1.175667e-10 1.175660e-10 7.200000e-16 -1.147240e-17 8.527600e-18
7.300000e-01 7.300000e-01 0.000000e+00 -1.177899e-10 1.177892e-10 7.300000e-16 -1.147240e-17 1.852760e-17
7.400000e-01 7.400000e-01 0.000000e+00 -1.180104e-10 1.180096e-10 7.400000e-16 -1.147230e-17 7.147230e-17
7.500000e-01 7.500000e-01 0.000000e+00 -1.182282e-10 1.182274e-10 7.500000e-16 -1.147230e-17 6.147230e-17
7.600000e-01 7.600000e-01 0.000000e+00 -1.184434e-10 1.184427e-10 7.600000e-16 -1.147230e-17 4.852770e-17
7.700000e-01 7.700000e-01 0.000000e+00 -1.186561e-10 1.186554e-10 7.700000e-16 -1.147220e-17 5.852780e-17
7.800000e-01 7.800000e-01 0.000000e+00 -1.188664e-10 1.188656e-10 7.800000e-16 -1.147220e-17 3.147220e-17
7.900000e-01 7.900000e-01 0.000000e+00 -1.190742e-10 1.190734e-10 7.900000e-16 -1.147220e-17 2.147220e-17
8.000000e-01 8.000000e-01 0.000000e+00 -1.192797e-10 1.192789e-10 8.000000e-16 -1.147210e-17 1.147210e-17
8.100000e-01 8.100000e-01 0.000000e+00 -1.194829e-10 1.194821e-10 8.100000e-16 -1.147210e-17 1.472100e-18
8.200000e-01 8.200000e-01 0.000000e+00 -1.196839e-10 1.196831e-10 8.200000e-16 -1.147210e-17 8.527900e-18
8.300000e-01 8.300000e-01 0.000000e+00 -1.198827e-10 1.198819e-10 8.300000e-16 -1.147200e-17 1.852800e-17
8.400000e-01 8.400000e-01 0.000000e+00 -1.200793e-10 1.200785e-10 8.400000e-16 -1.147200e-17 2.852800e-17
8.500000e-01 8.500000e-01 0.000000e+00 -1.202739e-10 1.202731e-10 8.500000e-16 -1.147200e-17 3.852800e-17
8.600000e-01 8.600000e-01 0.000000e+00 -1.204664e-10 1.204656e-10 8.600000e-16 -1.147200e-17 4.852800e-17
8.700000e-01 8.700000e-01 0.000000e+00 -1.206569e-10 1.206561e-10 8.700000e-16 -1.147200e-17 5.852800e-17
8.800000e-01 8.800000e-01 0.000000e+00 -1.208455e-10 1.208446e-10 8.800000e-16 -1.147190e-17 3.147190e-17
8.900000e-01 8.900000e-01 0.000000e+00 -1.210322e-10 1.210313e-10 8.900000e-16 -1.147190e-17 2.147190e-17
9.000000e-01 9.000000e-01 0.000000e+00 -1.212169e-10 1.212161e-10 9.000000e-16 -1.147190e-17 8.852810e-17
9.100000e-01 9.100000e-01 0.000000e+00 -1.213999e-10 1.213990e-10 9.100000e-16 -1.147190e-17 1.471900e-18
9.200000e-01 9.200000e-01 0.000000e+00 -1.215810e-10 1.215801e-10 9.200000e-16 -1.147190e-17 8.528100e-18
9.300000e-01 9.300000e-01 0.000000e+00 -1.217604e-10 1.217595e-10 9.300000e-16 -1.147180e-17 1.852820e-17
9.400000e-01 9.400000e-01 0.000000e+00 -1.219381e-10 1.219371e-10 9.400000e-16 -1.147180e-17 7.147180e-17
9.500000e-01 9.500000e-01 0.000000e+00 -1.221140e-10 1.221131e-10 9.500000e-16 -1.147180e-17 3.852820e-17
9.600000e-01 9.600000e-01 0.000000e+00 -1.222883e-10 1.222874e-10 9.600000e-16 -1.147180e-17 4.852820e-17
9.700000e-01 9.700000e-01 0.000000e+00 -1.224610e-10 1.224601e-10 9.700000e-16 -1.147180e-17 5.852820e-17
9.800000e-01 9.800000e-01 0.000000e+00 -1.226321e-10 1.226311e-10 9.800000e-16 -1.147180e-17 3.147180e-17
9.900000e-01 9.900000e-01 0.000000e+00 -1.228016e-10 1.228007e-10 9.900000e-16 -1.147180e-17 7.852820e-17
1.000000e+00 1.000000e+00 0.000000e+00 -1.229696e-10 1.229686e-10 1.000000e-15 -1.147170e-17 1.147170e-17
1.010000e+00 1.010000e+00 0.000000e+00 -1.231361e-10 1.231351e-10 1.010000e-15 -1.147170e-17 1.471700e-18
1.020000e+00 1.020000e+00 0.000000e+00 -1.233011e-10 1.233001e-10 1.020000e-15 -1.147170e-17 8.528300e-18
1.030000e+00 1.030000e+00 0.000000e+00 -1.234647e-10 1.234637e-10 1.030000e-15 -1.147170e-17 1.852830e-17
1.040000e+00 1.040000e+00 0.000000e+00 -1.236268e-10 1.236258e-10 1.040000e-15 -1.147170e-17 2.852830e-17
1.050000e+00 1.050000e+00 0.000000e+00 -1.237876e-10 1.237866e-10 1.050000e-15 -1.147170e-17 3.852830e-17
1.060000e+00 1.060000e+00 0.000000e+00 -1.239470e-10 1.239459e-10 1.060000e-15 -1.147170e-17 5.147170e-17
1.070000e+00 1.070000e+00 0.000000e+00 -1.241050e-10 1.241039e-10 1.070000e-15 -1.147170e-17 4.147170e-17
1.080000e+00 1.080000e+00 0.000000e+00 -1.242617e-10 1.242606e-10 1.080000e-15 -1.147170e-17 3.147170e-17
1.090000e+00 1.090000e+00 0.000000e+00 -1.244171e-10 1.244160e-10 1.090000e-15 -1.147160e-17 2.147160e-17
1.100000e+00 1.100000e+00 0.000000e+00 -1.245712e-10 1.245701e-10 1.100000e-15 -1.147160e-17 1.147160e-17
1.110000e+00 1.110000e+00 0.000000e+00 -1.247241e-10 1.247230e-10 1.110000e-15 -1.147160e-17 1.471600e-18
1.120000e+00 1.120000e+00 0.000000e+00 -1.248757e-10 1.248746e-10 1.120000e-15 -1.147160e-17 8.528400e-18
1.130000e+00 1.130000e+00 0.000000e+00 -1.250262e-10 1.250251e-10 1.130000e-15 -1.147160e-17 1.852840e-17
1.140000e+00 1.140000e+00 0.000000e+00 -1.251754e-10 1.251743e-10 1.140000e-15 -1.147160e-17 2.852840e-17
1.150000e+00 1.150000e+00 0.000000e+00 -1.253235e-10 1.253223e-10 1.150000e-15 -1.147160e-17 6.147160e-17
1.160000e+00 1.160000e+00 0.000000e+00 -1.254704e-10 1.254692e-10 1.160000e-15 -1.147160e-17 5.147160e-17
1.170000e+00 1.170000e+00 0.000000e+00 -1.256161e-10 1.256150e-10 1.170000e-15 -1.147160e-17 5.852840e-17
1.180000e+00 1.180000e+00 0.000000e+00 -1.257608e-10 1.257596e-10 1.180000e-15 -1.147160e-17 3.147160e-17
1.190000e+00 1.190000e+00 0.000000e+00 -1.259044e-10 1.259032e-10 1.190000e-15 -1.147160e-17 2.147160e-17
1.200000e+00 1.200000e+00 0.000000e+00 -1.260468e-10 1.260457e-10 1.200000e-15 -1.147160e-17 8.852840e-17
0.000000e+00 0.000000e+00 2.000000e-01 6.866195e-13 6.866195e-13 2.862000e-12 -4.235200e-12 3.900000e-17
1.000000e-02 1.000000e-02 2.000000e-01 -5.440800e-09 5.441900e-09 2.862000e-12 -3.954000e-12 8.000000e-15
2.000000e-02 2.000000e-02 2.000000e-01 -9.624300e-09 9.625100e-09 2.862000e-12 -3.755200e-12 9.320000e-14
3.000000e-02 3.000000e-02 2.000000e-01 -1.271170e-08 1.271240e-08 2.862000e-12 -3.619500e-12 5.750000e-14
4.000000e-02 4.000000e-02 2.000000e-01 -1.490020e-08 1.490080e-08 2.862000e-12 -3.530500e-12 6.850000e-14
5.000000e-02 5.000000e-02 2.000000e-01 -1.642200e-08 1.642260e-08 2.862000e-12 -3.473800e-12 1.180000e-14
6.000000e-02 6.000000e-02 2.000000e-01 -1.749180e-08 1.749240e-08 2.862000e-12 -3.438100e-12 2.390000e-14
7.000000e-02 7.000000e-02 2.000000e-01 -1.827040e-08 1.827100e-08 2.862000e-12 -3.415600e-12 4.640000e-14
8.000000e-02 8.000000e-02 2.000000e-01 -1.886330e-08 1.886380e-08 2.862100e-12 -3.401000e-12 3.890000e-14
9.000000e-02 9.000000e-02 2.000000e-01 -1.933540e-08 1.933600e-08 2.862100e-12 -3.391300e-12 7.080000e-14
1.000000e-01 1.000000e-01 2.000000e-01 -1.972650e-08 1.972710e-08 2.862100e-12 -3.384800e-12 7.730000e-14
1.100000e-01 1.100000e-01 2.000000e-01 -2.006110e-08 2.006160e-08 2.862100e-12 -3.380200e-12 1.810000e-14
1.200000e-01 1.200000e-01 2.000000e-01 -2.035460e-08 2.035510e-08 2.862100e-12 -3.376900e-12 1.480000e-14
1.300000e-01 1.300000e-01 2.000000e-01 -2.061730e-08 2.061780e-08 2.862100e-12 -3.374500e-12 1.240000e-14
1.400000e-01 1.400000e-01 2.000000e-01 -2.085590e-08 2.085640e-08 2.862100e-12 -3.372700e-12 1.060000e-14
1.500000e-01 1.500000e-01 2.000000e-01 -2.107550e-08 2.107600e-08 2.862100e-12 -3.371300e-12 9.200000e-15
1.600000e-01 1.600000e-01 2.000000e-01 -2.127930e-08 2.127980e-08 2.862100e-12 -3.370300e-12 8.200000e-15
1.700000e-01 1.700000e-01 2.000000e-01 -2.147000e-08 2.147050e-08 2.862100e-12 -3.369400e-12 7.300000e-15
1.800000e-01 1.800000e-01 2.000000e-01 -2.164950e-08 2.165000e-08 2.862200e-12 -3.368700e-12 6.500000e-15
1.900000e-01 1.900000e-01 2.000000e-01 -2.181930e-08 2.181980e-08 2.862200e-12 -3.368200e-12 6.000000e-15
2.000000e-01 2.000000e-01 2.000000e-01 -2.198070e-08 2.198120e-08 2.862200e-12 -3.367700e-12 5.500000e-15
2.100000e-01 2.100000e-01 2.000000e-01 -2.213460e-08 2.213510e-08 2.862200e-12 -3.367400e-12 5.200000e-15
2.200000e-01 2.200000e-01 2.000000e-01 -2.228170e-08 2.228230e-08 2.862200e-12 -3.367100e-12 9.510000e-14
2.300000e-01 2.300000e-01 2.000000e-01 -2.242290e-08 2.242340e-08 2.862200e-12 -3.366800e-12 4.600000e-15
2.400000e-01 2.400000e-01 2.000000e-01 -2.255850e-08 2.255900e-08 2.862200e-12 -3.366600e-12 4.400000e-15
2.500000e-01 2.500000e-01 2.000000e-01 -2.268900e-08 2.268950e-08 2.862200e-12 -3.366400e-12 4.200000e-15
2.600000e-01 2.600000e-01 2.000000e-01 -2.281500e-08 2.281550e-08 2.862200e-12 -3.366200e-12 4.000000e-15
2.700000e-01 2.700000e-01 2.000000e-01 -2.293670e-08 2.293720e-08 2.862200e-12 -3.366100e-12 3.900000e-15
2.800000e-01 2.800000e-01 2.000000e-01 -2.305440e-08 2.305490e-08 2.862300e-12 -3.365900e-12 3.600000e-15
2.900000e-01 2.900000e-01 2.000000e-01 -2.316850e-08 2.316900e-08 2.862300e-12 -3.365800e-12 3.500000e-15
3.000000e-01 3.000000e-01 2.000000e-01 -2.327920e-08 2.327970e-08 2.862300e-12 -3.365700e-12 3.400000e-15
3.100000e-01 3.100000e-01 2.000000e-01 -2.338660e-08 2.338710e-08 2.862300e-12 -3.365600e-12 3.300000e-15
3.200000e-01 3.200000e-01 2.000000e-01 -2.349100e-08 2.349150e-08 2.862300e-12 -3.365500e-12 3.200000e-15
3.300000e-01 3.300000e-01 2.000000e-01 -2.359260e-08 2.359310e-08 2.862300e-12 -3.365500e-12 3.200000e-15
3.400000e-01 3.400000e-01 2.000000e-01 -2.369150e-08 2.369200e-08 2.862300e-12 -3.365400e-12 3.100000e-15
3.500000e-01 3.500000e-01 2.000000e-01 -2.378790e-08 2.378840e-08 2.862300e-12 -3.365300e-12 3.000000e-15
3.600000e-01 3.600000e-01 2.000000e-01 -2.388190e-08 2.388240e-08 2.862300e-12 -3.365300e-12 3.000000e-15
3.700000e-01 3.700000e-01 2.000000e-01 -2.397360e-08 2.397410e-08 2.862300e-12 -3.365200e-12 2.900000e-15
3.800000e-01 3.800000e-01 2.000000e-01 -2.406320e-08 2.406370e-08 2.862400e-12 -3.365200e-12 2.800000e-15
3.900000e-01 3.900000e-01 2.000000e-01 -2.415070e-08 2.415120e-08 2.862400e-12 -3.365100e-12 2.700000e-15
4.000000e-01 4.000000e-01 2.000000e-01 -2.423620e-08 2.423670e-08 2.862400e-12 -3.365100e-12 2.700000e-15
4.100000e-01 4.100000e-01 2.000000e-01 -2.431990e-08 2.432040e-08 2.862400e-12 -3.365000e-12 2.600000e-15
4.200000e-01 4.200000e-01 2.000000e-01 -2.440180e-08 2.440230e-08 2.862400e-12 -3.365000e-12 2.600000e-15
4.300000e-01 4.300000e-01 2.000000e-01 -2.448200e-08 2.448250e-08 2.862400e-12 -3.365000e-12 2.600000e-15
4.400000e-01 4.400000e-01 2.000000e-01 -2.456060e-08 2.456110e-08 2.862400e-12 -3.364900e-12 2.500000e-15
4.500000e-01 4.500000e-01 2.000000e-01 -2.463760e-08 2.463810e-08 2.862400e-12 -3.364900e-12 2.500000e-15
4.600000e-01 4.600000e-01 2.000000e-01 -2.471310e-08 2.471360e-08 2.862400e-12 -3.364900e-12 2.500000e-15
4.700000e-01 4.700000e-01 2.000000e-01 -2.478720e-08 2.478770e-08 2.862400e-12 -3.364800e-12 2.400000e-15
4.800000e-01 4.800000e-01 2.000000e-01 -2.485990e-08 2.486040e-08 2.862500e-12 -3.364800e-12 2.300000e-15
4.900000e-01 4.900000e-01 2.000000e-01 -2.493120e-08 2.493180e-08 2.862500e-12 -3.364800e-12 9.770000e-14
5.000000e-01 5.000000e-01 2.000000e-01 -2.500130e-08 2.500180e-08 2.862500e-12 -3.364800e-12 2.300000e-15
5.100000e-01 5.100000e-01 2.000000e-01 -2.507020e-08 2.507070e-08 2.862500e-12 -3.364800e-12 2.300000e-15
5.200000e-01 5.200000e-01 2.000000e-01 -2.513780e-08 2.513830e-08 2.862500e-12 -3.364700e-12 2.200000e-15
5.300000e-01 5.300000e-01 2.000000e-01 -2.520430e-08 2.520480e-08 2.862500e-12 -3.364700e-12 2.200000e-15
5.400000e-01 5.400000e-01 2.000000e-01 -2.526970e-08 2.527020e-08 2.862500e-12 -3.364700e-12 2.200000e-15
5.500000e-01 5.500000e-01 2.000000e-01 -2.533410e-08 2.533460e-08 2.862500e-12 -3.364700e-12 2.200000e-15
5.600000e-01 5.600000e-01 2.000000e-01 -2.539740e-08 2.539790e-08 2.862500e-12 -3.364600e-12 2.100000e-15
5.700000e-01 5.700000e-01 2.000000e-01 -2.545970e-08 2.546020e-08 2.862500e-12 -3.364600e-12 2.100000e-15
5.800000e-01 5.800000e-01 2.000000e-01 -2.552100e-08 2.552150e-08 2.862600e-12 -3.364600e-12 2.000000e-15
5.900000e-01 5.900000e-01 2.000000e-01 -2.558140e-08 2.558190e-08 2.862600e-12 -3.364600e-12 2.000000e-15
6.000000e-01 6.000000e-01 2.000000e-01 -2.564090e-08 2.564140e-08 2.862600e-12 -3.364600e-12 2.000000e-15
6.100000e-01 6.100000e-01 2.000000e-01 -2.569950e-08 2.570000e-08 2.862600e-12 -3.364600e-12 2.000000e-15
6.200000e-01 6.200000e-01 2.000000e-01 -2.575720e-08 2.575770e-08 2.862600e-12 -3.364500e-12 1.900000e-15
6.300000e-01 6.300000e-01 2.000000e-01 -2.581420e-08 2.581470e-08 2.862600e-12 -3.364500e-12 1.900000e-15
6.400000e-01 6.400000e-01 2.000000e-01 -2.587030e-08 2.587080e-08 2.862600e-12 -3.364500e-12 1.900000e-15
6.500000e-01 6.500000e-01 2.000000e-01 -2.592560e-08 2.592610e-08 2.862600e-12 -3.364500e-12 1.900000e-15
6.600000e-01 6.600000e-01 2.000000e-01 -2.598020e-08 2.598070e-08 2.862600e-12 -3.364500e-12 1.900000e-15
6.700000e-01 6.700000e-01 2.000000e-01 -2.603400e-08 2.603450e-08 2.862600e-12 -3.364500e-12 1.900000e-15
6.800000e-01 6.800000e-01 2.000000e-01 -2.608720e-08 2.608770e-08 2.862700e-12 -3.364500e-12 1.800000e-15
6.900000e-01 6.900000e-01 2.000000e-01 -2.613960e-08 2.614010e-08 2.862700e-12 -3.364400e-12 1.700000e-15
7.000000e-01 7.000000e-01 2.000000e-01 -2.619130e-08 2.619180e-08 2.862700e-12 -3.364400e-12 1.700000e-15
7.100000e-01 7.100000e-01 2.000000e-01 -2.624240e-08 2.624290e-08 2.862700e-12 -3.364400e-12 1.700000e-15
7.200000e-01 7.200000e-01 2.000000e-01 -2.629290e-08 2.629340e-08 2.862700e-12 -3.364400e-12 1.700000e-15
7.300000e-01 7.300000e-01 2.000000e-01 -2.634270e-08 2.634320e-08 2.862700e-12 -3.364400e-12 1.700000e-15
7.400000e-01 7.400000e-01 2.000000e-01 -2.639190e-08 2.639240e-08 2.862700e-12 -3.364400e-12 1.700000e-15
7.500000e-01 7.500000e-01 2.000000e-01 -2.644050e-08 2.644100e-08 2.862700e-12 -3.364400e-12 1.700000e-15
7.600000e-01 7.600000e-01 2.000000e-01 -2.648860e-08 2.648910e-08 2.862700e-12 -3.364400e-12 1.700000e-15
7.700000e-01 7.700000e-01 2.000000e-01 -2.653600e-08 2.653650e-08 2.862700e-12 -3.364300e-12 1.600000e-15
7.800000e-01 7.800000e-01 2.000000e-01 -2.658300e-08 2.658350e-08 2.862800e-12 -3.364300e-12 1.500000e-15
7.900000e-01 7.900000e-01 2.000000e-01 -2.662930e-08 2.662980e-08 2.862800e-12 -3.364300e-12 1.500000e-15
8.000000e-01 8.000000e-01 2.000000e-01 -2.667520e-08 2.667570e-08 2.862800e-12 -3.364300e-12 1.500000e-15
8.100000e-01 8.100000e-01 2.000000e-01 -2.672050e-08 2.672100e-08 2.862800e-12 -3.364300e-12 1.500000e-15
8.200000e-01 8.200000e-01 2.000000e-01 -2.676540e-08 2.676590e-08 2.862800e-12 -3.364300e-12 1.500000e-15
8.300000e-01 8.300000e-01 2.000000e-01 -2.680970e-08 2.681020e-08 2.862800e-12 -3.364300e-12 1.500000e-15
8.400000e-01 8.400000e-01 2.000000e-01 -2.685360e-08 2.685410e-08 2.862800e-12 -3.364300e-12 1.500000e-15
8.500000e-01 8.500000e-01 2.000000e-01 -2.689700e-08 2.689750e-08 2.862800e-12 -3.364300e-12 1.500000e-15
8.600000e-01 8.600000e-01 2.000000e-01 -2.693990e-08 2.694040e-08 2.862800e-12 -3.364300e-12 1.500000e-15
8.700000e-01 8.700000e-01 2.000000e-01 -2.698240e-08 2.698290e-08 2.862800e-12 -3.364200e-12 1.400000e-15
8.800000e-01 8.800000e-01 2.000000e-01 -2.702440e-08 2.702490e-08 2.862900e-12 -3.364200e-12 1.300000e-15
8.900000e-01 8.900000e-01 2.000000e-01 -2.706610e-08 2.706660e-08 2.862900e-12 -3.364200e-12 1.300000e-15
9.000000e-01 9.000000e-01 2.000000e-01 -2.710730e-08 2.710780e-08 2.862900e-12 -3.364200e-12 1.300000e-15
9.100000e-01 9.100000e-01 2.000000e-01 -2.714810e-08 2.714860e-08 2.862900e-12 -3.364200e-12 1.300000e-15
9.200000e-01 9.200000e-01 2.000000e-01 -2.718840e-08 2.718890e-08 2.862900e-12 -3.364200e-12 1.300000e-15
9.300000e-01 9.300000e-01 2.000000e-01 -2.722840e-08 2.722890e-08 2.862900e-12 -3.364200e-12 1.300000e-15
9.400000e-01 9.400000e-01 2.000000e-01 -2.726800e-08 2.726850e-08 2.862900e-12 -3.364200e-12 1.300000e-15
9.500000e-01 9.500000e-01 2.000000e-01 -2.730730e-08 2.730780e-08 2.862900e-12 -3.364200e-12 1.300000e-15
9.600000e-01 9.600000e-01 2.000000e-01 -2.734610e-08 2.734660e-08 2.862900e-12 -3.364200e-12 1.300000e-15
9.700000e-01 9.700000e-01 2.000000e-01 -2.738460e-08 2.738510e-08 2.862900e-12 -3.364200e-12 1.300000e-15
9.800000e-01 9.800000e-01 2.000000e-01 -2.742270e-08 2.742320e-08 2.863000e-12 -3.364100e-12 1.100000e-15
9.900000e-01 9.900000e-01 2.000000e-01 -2.746050e-08 2.746100e-08 2.863000e-12 -3.364100e-12 1.100000e-15
1.000000e+00 1.000000e+00 2.000000e-01 -2.749790e-08 2.749840e-08 2.863000e-12 -3.364100e-12 1.100000e-15
1.010000e+00 1.010000e+00 2.000000e-01 -2.753500e-08 2.753550e-08 2.863000e-12 -3.364100e-12 1.100000e-15
1.020000e+00 1.020000e+00 2.000000e-01 -2.757180e-08 2.757230e-08 2.863000e-12 -3.364100e-12 1.100000e-15
1.030000e+00 1.030000e+00 2.000000e-01 -2.760830e-08 2.760880e-08 2.863000e-12 -3.364100e-12 1.100000e-15
1.040000e+00 1.040000e+00 2.000000e-01 -2.764440e-08 2.764490e-08 2.863000e-12 -3.364100e-12 1.100000e-15
1.050000e+00 1.050000e+00 2.000000e-01 -2.768020e-08 2.768070e-08 2.863000e-12 -3.364100e-12 1.100000e-15
1.060000e+00 1.060000e+00 2.000000e-01 -2.771570e-08 2.771620e-08 2.863000e-12 -3.364100e-12 1.100000e-15
1.070000e+00 1.070000e+00 2.000000e-01 -2.775090e-08 2.775140e-08 2.863000e-12 -3.364100e-12 1.100000e-15
1.080000e+00 1.080000e+00 2.000000e-01 -2.778580e-08 2.778630e-08 2.863100e-12 -3.364100e-12 1.000000e-15
1.090000e+00 1.090000e+00 2.000000e-01 -2.782040e-08 2.782090e-08 2.863100e-12 -3.364100e-12 1.000000e-15
1.100000e+00 1.100000e+00 2.000000e-01 -2.785480e-08 2.785530e-08 2.863100e-12 -3.364100e-12 1.000000e-15
1.110000e+00 1.110000e+00 2.000000e-01 -2.788880e-08 2.788930e-08 2.863100e-12 -3.364000e-12 9.000000e-16
1.120000e+00 1.120000e+00 2.000000e-01 -2.792260e-08 2.792310e-08 2.863100e-12 -3.364000e-12 9.000000e-16
1.130000e+00 1.130000e+00 2.000000e-01 -2.795610e-08 2.795660e-08 2.863100e-12 -3.364000e-12 9.000000e-16
1.140000e+00 1.140000e+00 2.000000e-01 -2.798930e-08 2.798980e-08 2.863100e-12 -3.364000e-12 9.000000e-16
1.150000e+00 1.150000e+00 2.000000e-01 -2.802230e-08 2.802280e-08 2.863100e-12 -3.364000e-12 9.000000e-16
1.160000e+00 1.160000e+00 2.000000e-01 -2.805500e-08 2.805550e-08 2.863100e-12 -3.364000e-12 9.000000e-16
1.170000e+00 1.170000e+00 2.000000e-01 -2.808750e-08 2.808800e-08 2.863100e-12 -3.364000e-12 9.000000e-16
1.180000e+00 1.180000e+00 2.000000e-01 -2.811970e-08 2.812020e-08 2.863200e-12 -3.364000e-12 8.000000e-16
1.190000e+00 1.190000e+00 2.000000e-01 -2.815160e-08 2.815210e-08 2.863200e-12 -3.364000e-12 8.000000e-16
1.200000e+00 1.200000e+00 2.000000e-01 -2.818340e-08 2.818390e-08 2.863200e-12 -3.364000e-12 8.000000e-16
0.000000e+00 0.000000e+00 4.000000e-01 2.949676e-10 2.949676e-10 9.225376e-13 -5.908578e-10 6.240000e-17
1.000000e-02 1.000000e-02 4.000000e-01 -9.616860e-08 9.671190e-08 9.225476e-13 -5.442377e-10 1.515240e-14
2.000000e-02 2.000000e-02 4.000000e-01 -1.863225e-07 1.868225e-07 9.225575e-13 -5.008905e-10 3.205750e-14
3.000000e-02 3.000000e-02 4.000000e-01 -2.698272e-07 2.702871e-07 9.225675e-13 -4.609075e-10 8.493250e-14
4.000000e-02 4.000000e-02 4.000000e-01 -3.462410e-07 3.466646e-07 9.225775e-13 -4.244561e-10 6.647750e-14
5.000000e-02 5.000000e-02 4.000000e-01 -4.151543e-07 4.155451e-07 9.225875e-13 -3.917255e-10 2.912500e-15
6.000000e-02 6.000000e-02 4.000000e-01 -4.763282e-07 4.766901e-07 9.225975e-13 -3.628616e-10 3.900250e-14
7.000000e-02 7.000000e-02 4.000000e-01 -5.298061e-07 5.301431e-07 9.226075e-13 -3.379060e-10 1.660750e-14
8.000000e-02 8.000000e-02 4.000000e-01 -5.759561e-07 5.762719e-07 9.226175e-13 -3.167545e-10 3.188250e-14
9.000000e-02 9.000000e-02 4.000000e-01 -6.154296e-07 6.157278e-07 9.226275e-13 -2.991521e-10 2.947250e-14
1.000000e-01 1.000000e-01 4.000000e-01 -6.490574e-07 6.493412e-07 9.226375e-13 -2.847244e-10 1.762500e-15
1.100000e-01 1.100000e-01 4.000000e-01 -6.777270e-07 6.779991e-07 9.226475e-13 -2.730297e-10 7.052500e-15
1.200000e-01 1.200000e-01 4.000000e-01 -7.022834e-07 7.025461e-07 9.226575e-13 -2.636150e-10 7.657500e-15
1.300000e-01 1.300000e-01 4.000000e-01 -7.234718e-07 7.237269e-07 9.226675e-13 -2.560568e-10 3.413250e-14
1.400000e-01 1.400000e-01 4.000000e-01 -7.419167e-07 7.421658e-07 9.226775e-13 -2.499851e-10 3.757750e-14
1.500000e-01 1.500000e-01 4.000000e-01 -7.581262e-07 7.583703e-07 9.226875e-13 -2.450913e-10 6.861250e-14
1.600000e-01 1.600000e-01 4.000000e-01 -7.725062e-07 7.727464e-07 9.226975e-13 -2.411260e-10 3.302500e-15
1.700000e-01 1.700000e-01 4.000000e-01 -7.853795e-07 7.856164e-07 9.227075e-13 -2.378915e-10 6.879250e-14
1.800000e-01 1.800000e-01 4.000000e-01 -7.970018e-07 7.972361e-07 9.227175e-13 -2.352333e-10 1.058250e-14
1.900000e-01 1.900000e-01 4.000000e-01 -8.075770e-07 8.078091e-07 9.227275e-13 -2.330310e-10 8.272500e-15
2.000000e-01 2.000000e-01 4.000000e-01 -8.172678e-07 8.174981e-07 9.227375e-13 -2.311914e-10 3.133750e-14
2.100000e-01 2.100000e-01 4.000000e-01 -8.262056e-07 8.264343e-07 9.227475e-13 -2.296419e-10 1.915250e-14
2.200000e-01 2.200000e-01 4.000000e-01 -8.344967e-07 8.347241e-07 9.227575e-13 -2.283261e-10 3.342500e-15
2.300000e-01 2.300000e-01 4.000000e-01 -8.422280e-07 8.424543e-07 9.227675e-13 -2.271997e-10 2.306750e-14
2.400000e-01 2.400000e-01 4.000000e-01 -8.494711e-07 8.496965e-07 9.227775e-13 -2.262280e-10 9.477750e-14
2.500000e-01 2.500000e-01 4.000000e-01 -8.562854e-07 8.565099e-07 9.227875e-13 -2.253834e-10 3.938750e-14
2.600000e-01 2.600000e-01 4.000000e-01 -8.627205e-07 8.629443e-07 9.227975e-13 -2.246440e-10 7.879750e-14
2.700000e-01 2.700000e-01 4.000000e-01 -8.688182e-07 8.690412e-07 9.228075e-13 -2.239924e-10 6.959250e-14
2.800000e-01 2.800000e-01 4.000000e-01 -8.746137e-07 8.748362e-07 9.228175e-13 -2.234142e-10 8.617500e-15
2.900000e-01 2.900000e-01 4.000000e-01 -8.801374e-07 8.803594e-07 9.228275e-13 -2.228981e-10 2.472750e-14
3.000000e-01 3.000000e-01 4.000000e-01 -8.854151e-07 8.856366e-07 9.228375e-13 -2.224346e-10 1.176250e-14
3.100000e-01 3.100000e-01 4.000000e-01 -8.904693e-07 8.906904e-07 9.228475e-13 -2.220161e-10 6.747500e-15
3.200000e-01 3.200000e-01 4.000000e-01 -8.953193e-07 8.955400e-07 9.228575e-13 -2.216362e-10 1.334250e-14
3.300000e-01 3.300000e-01 4.000000e-01 -8.999823e-07 9.002027e-07 9.228675e-13 -2.212896e-10 3.326750e-14
3.400000e-01 3.400000e-01 4.000000e-01 -9.044731e-07 9.046931e-07 9.228775e-13 -2.209719e-10 4.902250e-14
3.500000e-01 3.500000e-01 4.000000e-01 -9.088049e-07 9.090247e-07 9.228875e-13 -2.206794e-10 4.348750e-14
3.600000e-01 3.600000e-01 4.000000e-01 -9.129894e-07 9.132089e-07 9.228975e-13 -2.204090e-10 1.389750e-14
3.700000e-01 3.700000e-01 4.000000e-01 -9.170371e-07 9.172563e-07 9.229075e-13 -2.201580e-10 3.509250e-14
3.800000e-01 3.800000e-01 4.000000e-01 -9.209572e-07 9.211762e-07 9.229175e-13 -2.199242e-10 1.282500e-15
3.900000e-01 3.900000e-01 4.000000e-01 -9.247580e-07 9.249768e-07 9.229275e-13 -2.197056e-10 1.732750e-14
4.000000e-01 4.000000e-01 4.000000e-01 -9.284473e-07 9.286658e-07 9.229375e-13 -2.195005e-10 7.756250e-14
4.100000e-01 4.100000e-01 4.000000e-01 -9.320316e-07 9.322500e-07 9.229475e-13 -2.193076e-10 1.534750e-14
4.200000e-01 4.200000e-01 4.000000e-01 -9.355174e-07 9.357356e-07 9.229575e-13 -2.191256e-10 2.642500e-15
4.300000e-01 4.300000e-01 4.000000e-01 -9.389101e-07 9.391281e-07 9.229675e-13 -2.189535e-10 3.053250e-14
4.400000e-01 4.400000e-01 4.000000e-01 -9.422150e-07 9.424329e-07 9.229775e-13 -2.187902e-10 3.277750e-14
4.500000e-01 4.500000e-01 4.000000e-01 -9.454367e-07 9.456544e-07 9.229875e-13 -2.186349e-10 1.191250e-14
4.600000e-01 4.600000e-01 4.000000e-01 -9.485797e-07 9.487972e-07 9.229975e-13 -2.184870e-10 6.400250e-14
4.700000e-01 4.700000e-01 4.000000e-01 -9.516478e-07 9.518652e-07 9.230075e-13 -2.183457e-10 2.269250e-14
4.800000e-01 4.800000e-01 4.000000e-01 -9.546448e-07 9.548621e-07 9.230175e-13 -2.182106e-10 1.241750e-14
4.900000e-01 4.900000e-01 4.000000e-01 -9.575741e-07 9.577912e-07 9.230275e-13 -2.180810e-10 5.797250e-14
5.000000e-01 5.000000e-01 4.000000e-01 -9.604387e-07 9.606558e-07 9.230375e-13 -2.179567e-10 6.633750e-14
5.100000e-01 5.100000e-01 4.000000e-01 -9.632418e-07 9.634587e-07 9.230475e-13 -2.178371e-10 1.405250e-14
5.200000e-01 5.200000e-01 4.000000e-01 -9.659860e-07 9.662028e-07 9.230575e-13 -2.177218e-10 1.257500e-15
5.300000e-01 5.300000e-01 4.000000e-01 -9.686738e-07 9.688904e-07 9.230675e-13 -2.176107e-10 8.763250e-14
5.400000e-01 5.400000e-01 4.000000e-01 -9.713076e-07 9.715242e-07 9.230775e-13 -2.175034e-10 1.967750e-14
5.500000e-01 5.500000e-01 4.000000e-01 -9.738896e-07 9.741061e-07 9.230875e-13 -2.173995e-10 2.358750e-14
5.600000e-01 5.600000e-01 4.000000e-01 -9.764220e-07 9.766384e-07 9.230974e-13 -2.172990e-10 2.409740e-14
5.700000e-01 5.700000e-01 4.000000e-01 -9.789067e-07 9.791230e-07 9.231074e-13 -2.172015e-10 2.160740e-14
5.800000e-01 5.800000e-01 4.000000e-01 -9.813455e-07 9.815617e-07 9.231174e-13 -2.171070e-10 1.611740e-14
5.900000e-01 5.900000e-01 4.000000e-01 -9.837402e-07 9.839563e-07 9.231274e-13 -2.170151e-10 8.027400e-15
6.000000e-01 6.000000e-01 4.000000e-01 -9.860924e-07 9.863084e-07 9.231374e-13 -2.169258e-10 2.662600e-15
6.100000e-01 6.100000e-01 4.000000e-01 -9.884036e-07 9.886195e-07 9.231474e-13 -2.168388e-10 1.565260e-14
6.200000e-01 6.200000e-01 4.000000e-01 -9.906753e-07 9.908912e-07 9.231574e-13 -2.167541e-10 6.905740e-14
6.300000e-01 6.300000e-01 4.000000e-01 -9.929089e-07 9.931247e-07 9.231674e-13 -2.166716e-10 5.156740e-14
6.400000e-01 6.400000e-01 4.000000e-01 -9.951057e-07 9.953213e-07 9.231774e-13 -2.165911e-10 6.792260e-14
6.500000e-01 6.500000e-01 4.000000e-01 -9.972669e-07 9.974824e-07 9.231874e-13 -2.165124e-10 8.921260e-14
6.600000e-01 6.600000e-01 4.000000e-01 -9.993936e-07 9.996091e-07 9.231974e-13 -2.164356e-10 1.240260e-14
6.700000e-01 6.700000e-01 4.000000e-01 -1.001500e-06 1.001700e-06 9.232074e-13 -2.163605e-10 1.543729e-11
6.800000e-01 6.800000e-01 4.000000e-01 -1.003500e-06 1.003800e-06 9.232174e-13 -2.162871e-10 8.463612e-11
6.900000e-01 6.900000e-01 4.000000e-01 -1.005600e-06 1.005800e-06 9.232274e-13 -2.162152e-10 1.529197e-11
7.000000e-01 7.000000e-01 4.000000e-01 -1.007600e-06 1.007800e-06 9.232374e-13 -2.161448e-10 1.522156e-11
7.100000e-01 7.100000e-01 4.000000e-01 -1.009500e-06 1.009800e-06 9.232474e-13 -2.160758e-10 8.484745e-11
7.200000e-01 7.200000e-01 4.000000e-01 -1.011500e-06 1.011700e-06 9.232574e-13 -2.160082e-10 1.508494e-11
7.300000e-01 7.300000e-01 4.000000e-01 -1.013400e-06 1.013600e-06 9.232674e-13 -2.159418e-10 1.501853e-11
7.400000e-01 7.400000e-01 4.000000e-01 -1.015300e-06 1.015500e-06 9.232774e-13 -2.158768e-10 1.495352e-11
7.500000e-01 7.500000e-01 4.000000e-01 -1.017200e-06 1.017400e-06 9.232874e-13 -2.158129e-10 1.488961e-11
7.600000e-01 7.600000e-01 4.000000e-01 -1.019000e-06 1.019200e-06 9.232974e-13 -2.157501e-10 1.482680e-11
7.700000e-01 7.700000e-01 4.000000e-01 -1.020800e-06 1.021000e-06 9.233074e-13 -2.156885e-10 1.476519e-11
7.800000e-01 7.800000e-01 4.000000e-01 -1.022600e-06 1.022800e-06 9.233174e-13 -2.156279e-10 1.470458e-11
7.900000e-01 7.900000e-01 4.000000e-01 -1.024400e-06 1.024600e-06 9.233274e-13 -2.155683e-10 1.464497e-11
8.000000e-01 8.000000e-01 4.000000e-01 -1.026100e-06 1.026300e-06 9.233374e-13 -2.155097e-10 1.458636e-11
8.100000e-01 8.100000e-01 4.000000e-01 -1.027800e-06 1.028000e-06 9.233474e-13 -2.154521e-10 1.452875e-11
8.200000e-01 8.200000e-01 4.000000e-01 -1.029500e-06 1.029700e-06 9.233574e-13 -2.153953e-10 1.447194e-11
8.300000e-01 8.300000e-01 4.000000e-01 -1.031200e-06 1.031400e-06 9.233674e-13 -2.153395e-10 1.441613e-11
8.400000e-01 8.400000e-01 4.000000e-01 -1.032800e-06 1.033100e-06 9.233774e-13 -2.152845e-10 8.563888e-11
8.500000e-01 8.500000e-01 4.000000e-01 -1.034500e-06 1.034700e-06 9.233874e-13 -2.152303e-10 1.430691e-11
8.600000e-01 8.600000e-01 4.000000e-01 -1.036100e-06 1.036300e-06 9.233974e-13 -2.151769e-10 1.425350e-11
8.700000e-01 8.700000e-01 4.000000e-01 -1.037700e-06 1.037900e-06 9.234074e-13 -2.151242e-10 1.420079e-11
8.800000e-01 8.800000e-01 4.000000e-01 -1.039300e-06 1.039500e-06 9.234174e-13 -2.150723e-10 1.414888e-11
8.900000e-01 8.900000e-01 4.000000e-01 -1.040800e-06 1.041100e-06 9.234274e-13 -2.150212e-10 8.590223e-11
9.000000e-01 9.000000e-01 4.000000e-01 -1.042400e-06 1.042600e-06 9.234374e-13 -2.149707e-10 1.404726e-11
9.100000e-01 9.100000e-01 4.000000e-01 -1.043900e-06 1.044100e-06 9.234474e-13 -2.149209e-10 1.399745e-11
9.200000e-01 9.200000e-01 4.000000e-01 -1.045400e-06 1.045600e-06 9.234574e-13 -2.148718e-10 1.394834e-11
9.300000e-01 9.300000e-01 4.000000e-01 -1.046900e-06 1.047100e-06 9.234674e-13 -2.148233e-10 1.389983e-11
9.400000e-01 9.400000e-01 4.000000e-01 -1.048400e-06 1.048600e-06 9.234774e-13 -2.147754e-10 1.385192e-11
9.500000e-01 9.500000e-01 4.000000e-01 -1.049800e-06 1.050100e-06 9.234874e-13 -2.147281e-10 8.619539e-11
9.600000e-01 9.600000e-01 4.000000e-01 -1.051300e-06 1.051500e-06 9.234974e-13 -2.146814e-10 1.375790e-11
9.700000e-01 9.700000e-01 4.000000e-01 -1.052700e-06 1.052900e-06 9.235074e-13 -2.146353e-10 1.371179e-11
9.800000e-01 9.800000e-01 4.000000e-01 -1.054100e-06 1.054400e-06 9.235174e-13 -2.145897e-10 8.633382e-11
9.900000e-01 9.900000e-01 4.000000e-01 -1.055500e-06 1.055800e-06 9.235274e-13 -2.145447e-10 8.637883e-11
1.000000e+00 1.000000e+00 4.000000e-01 -1.056900e-06 1.057100e-06 9.235374e-13 -2.145002e-10 1.357666e-11
1.010000e+00 1.010000e+00 4.000000e-01 -1.058300e-06 1.058500e-06 9.235474e-13 -2.144562e-10 1.353265e-11
1.020000e+00 1.020000e+00 4.000000e-01 -1.059700e-06 1.059900e-06 9.235574e-13 -2.144127e-10 1.348914e-11
1.030000e+00 1.030000e+00 4.000000e-01 -1.061000e-06 1.061200e-06 9.235674e-13 -2.143697e-10 1.344613e-11
1.040000e+00 1.040000e+00 4.000000e-01 -1.062300e-06 1.062600e-06 9.235774e-13 -2.143272e-10 8.659638e-11
1.050000e+00 1.050000e+00 4.000000e-01 -1.063700e-06 1.063900e-06 9.235874e-13 -2.142852e-10 1.336161e-11
1.060000e+00 1.060000e+00 4.000000e-01 -1.065000e-06 1.065200e-06 9.235974e-13 -2.142435e-10 1.331990e-11
1.070000e+00 1.070000e+00 4.000000e-01 -1.066300e-06 1.066500e-06 9.236074e-13 -2.142024e-10 1.327879e-11
1.080000e+00 1.080000e+00 4.000000e-01 -1.067500e-06 1.067800e-06 9.236174e-13 -2.141617e-10 8.676192e-11
1.090000e+00 1.090000e+00 4.000000e-01 -1.068800e-06 1.069000e-06 9.236274e-13 -2.141213e-10 1.319767e-11
1.100000e+00 1.100000e+00 4.000000e-01 -1.070100e-06 1.070300e-06 9.236374e-13 -2.140814e-10 1.315776e-11
1.110000e+00 1.110000e+00 4.000000e-01 -1.071300e-06 1.071500e-06 9.236474e-13 -2.140420e-10 1.311835e-11
1.120000e+00 1.120000e+00 4.000000e-01 -1.072600e-06 1.072800e-06 9.236574e-13 -2.140029e-10 1.307924e-11
1.130000e+00 1.130000e+00 4.000000e-01 -1.073800e-06 1.074000e-06 9.236674e-13 -2.139641e-10 1.304043e-11
1.140000e+00 1.140000e+00 4.000000e-01 -1.075000e-06 1.075200e-06 9.236774e-13 -2.139258e-10 1.300212e-11
1.150000e+00 1.150000e+00 4.000000e-01 -1.076200e-06 1.076400e-06 9.236874e-13 -2.138879e-10 1.296421e-11
1.160000e+00 1.160000e+00 4.000000e-01 -1.077400e-06 1.077600e-06 9.236974e-13 -2.138503e-10 1.292660e-11
1.170000e+00 1.170000e+00 4.000000e-01 -1.078600e-06 1.078800e-06 9.237074e-13 -2.138130e-10 1.288929e-11
1.180000e+00 1.180000e+00 4.000000e-01 -1.079800e-06 1.080000e-06 9.237174e-13 -2.137761e-10 1.285238e-11
1.190000e+00 1.190000e+00 4.000000e-01 -1.080900e-06 1.081100e-06 9.237274e-13 -2.137396e-10 1.281587e-11
1.200000e+00 1.200000e+00 4.000000e-01 -1.082100e-06 1.082300e-06 9.237374e-13 -2.137033e-10 1.277956e-11
0.000000e+00 0.000000e+00 6.000000e-01 2.813600e-09 2.813600e-09 2.229562e-13 -5.627300e-09 1.229562e-13
1.000000e-02 1.000000e-02 6.000000e-01 -1.913903e-07 1.967954e-07 2.228808e-13 -5.405300e-09 2.288080e-14
2.000000e-02 2.000000e-02 6.000000e-01 -3.823163e-07 3.875058e-07 2.228219e-13 -5.189700e-09 2.282190e-14
3.000000e-02 3.000000e-02 6.000000e-01 -5.697809e-07 5.747612e-07 2.227764e-13 -4.980600e-09 7.722360e-14
4.000000e-02 4.000000e-02 6.000000e-01 -7.535626e-07 7.583403e-07 2.227416e-13 -4.777900e-09 2.274160e-14
5.000000e-02 5.000000e-02 6.000000e-01 -9.334047e-07 9.379864e-07 2.227154e-13 -4.581800e-09 1.227154e-13
6.000000e-02 6.000000e-02 6.000000e-01 -1.109000e-06 1.113400e-06 2.226962e-13 -4.392400e-09 7.822696e-12
7.000000e-02 7.000000e-02 6.000000e-01 -1.280100e-06 1.284300e-06 2.226826e-13 -4.209900e-09 9.677317e-12
8.000000e-02 8.000000e-02 6.000000e-01 -1.446300e-06 1.450300e-06 2.226735e-13 -4.034400e-09 3.417733e-11
9.000000e-02 9.000000e-02 6.000000e-01 -1.607300e-06 1.611200e-06 2.226680e-13 -3.866100e-09 3.412267e-11
1.000000e-01 1.000000e-01 6.000000e-01 -1.762700e-06 1.766400e-06 2.226655e-13 -3.705300e-09 5.077334e-12
1.100000e-01 1.100000e-01 6.000000e-01 -1.912300e-06 1.915900e-06 2.226653e-13 -3.552300e-09 4.792267e-11
1.200000e-01 1.200000e-01 6.000000e-01 -2.055800e-06 2.059200e-06 2.226671e-13 -3.407100e-09 6.877333e-12
1.300000e-01 1.300000e-01 6.000000e-01 -2.192900e-06 2.196200e-06 2.226704e-13 -3.270100e-09 3.012267e-11
1.400000e-01 1.400000e-01 6.000000e-01 -2.323500e-06 2.326600e-06 2.226750e-13 -3.141400e-09 4.117732e-11
1.500000e-01 1.500000e-01 6.000000e-01 -2.447400e-06 2.450400e-06 2.226806e-13 -3.021000e-09 2.077732e-11
1.600000e-01 1.600000e-01 6.000000e-01 -2.564700e-06 2.567600e-06 2.226870e-13 -2.909000e-09 8.777313e-12
1.700000e-01 1.700000e-01 6.000000e-01 -2.675300e-06 2.678100e-06 2.226941e-13 -2.805300e-09 5.077306e-12
1.800000e-01 1.800000e-01 6.000000e-01 -2.779500e-06 2.782200e-06 2.227017e-13 -2.709800e-09 9.577298e-12
1.900000e-01 1.900000e-01 6.000000e-01 -2.877400e-06 2.880000e-06 2.227097e-13 -2.622300e-09 2.207729e-11
2.000000e-01 2.000000e-01 6.000000e-01 -2.969200e-06 2.971700e-06 2.227180e-13 -2.542400e-09 4.217728e-11
2.100000e-01 2.100000e-01 6.000000e-01 -3.055200e-06 3.057700e-06 2.227267e-13 -2.469700e-09 3.052273e-11
2.200000e-01 2.200000e-01 6.000000e-01 -3.135800e-06 3.138200e-06 2.227356e-13 -2.403800e-09 3.577264e-12
2.300000e-01 2.300000e-01 6.000000e-01 -3.211200e-06 3.213500e-06 2.227446e-13 -2.344300e-09 4.407726e-11
2.400000e-01 2.400000e-01 6.000000e-01 -3.281700e-06 3.284000e-06 2.227538e-13 -2.290700e-09 9.522754e-12
2.500000e-01 2.500000e-01 6.000000e-01 -3.347800e-06 3.350000e-06 2.227632e-13 -2.242400e-09 4.217724e-11
2.600000e-01 2.600000e-01 6.000000e-01 -3.409600e-06 3.411800e-06 2.227726e-13 -2.199000e-09 1.222773e-12
2.700000e-01 2.700000e-01 6.000000e-01 -3.467500e-06 3.469600e-06 2.227821e-13 -2.160000e-09 5.977722e-11
2.800000e-01 2.800000e-01 6.000000e-01 -3.521800e-06 3.523900e-06 2.227917e-13 -2.125000e-09 2.477721e-11
2.900000e-01 2.900000e-01 6.000000e-01 -3.572700e-06 3.574800e-06 2.228014e-13 -2.093500e-09 6.722801e-12
3.000000e-01 3.000000e-01 6.000000e-01 -3.620600e-06 3.622600e-06 2.228111e-13 -2.065200e-09 6.497719e-11
3.100000e-01 3.100000e-01 6.000000e-01 -3.665600e-06 3.667600e-06 2.228208e-13 -2.039800e-09 3.957718e-11
3.200000e-01 3.200000e-01 6.000000e-01 -3.707900e-06 3.709900e-06 2.228306e-13 -2.016800e-09 1.657717e-11
3.300000e-01 3.300000e-01 6.000000e-01 -3.747900e-06 3.749900e-06 2.228404e-13 -1.996100e-09 4.122840e-12
3.400000e-01 3.400000e-01 6.000000e-01 -3.785600e-06 3.787500e-06 2.228502e-13 -1.977400e-09 7.717715e-11
3.500000e-01 3.500000e-01 6.000000e-01 -3.821200e-06 3.823200e-06 2.228601e-13 -1.960400e-09 3.982286e-11
3.600000e-01 3.600000e-01 6.000000e-01 -3.855000e-06 3.856900e-06 2.228699e-13 -1.945000e-09 4.477713e-11
3.700000e-01 3.700000e-01 6.000000e-01 -3.887000e-06 3.888900e-06 2.228798e-13 -1.931000e-09 3.077712e-11
3.800000e-01 3.800000e-01 6.000000e-01 -3.917400e-06 3.919300e-06 2.228897e-13 -1.918300e-09 1.807711e-11
3.900000e-01 3.900000e-01 6.000000e-01 -3.946300e-06 3.948200e-06 2.228996e-13 -1.906600e-09 6.377100e-12
4.000000e-01 4.000000e-01 6.000000e-01 -3.973900e-06 3.975800e-06 2.229095e-13 -1.895900e-09 4.322909e-12
4.100000e-01 4.100000e-01 6.000000e-01 -4.000200e-06 4.002000e-06 2.229194e-13 -1.886100e-09 8.587708e-11
4.200000e-01 4.200000e-01 6.000000e-01 -4.025300e-06 4.027100e-06 2.229293e-13 -1.877000e-09 7.677707e-11
4.300000e-01 4.300000e-01 6.000000e-01 -4.049300e-06 4.051200e-06 2.229393e-13 -1.868700e-09 3.152294e-11
4.400000e-01 4.400000e-01 6.000000e-01 -4.072300e-06 4.074200e-06 2.229492e-13 -1.861000e-09 3.922295e-11
4.500000e-01 4.500000e-01 6.000000e-01 -4.094400e-06 4.096200e-06 2.229592e-13 -1.853900e-09 5.367704e-11
4.600000e-01 4.600000e-01 6.000000e-01 -4.115600e-06 4.117400e-06 2.229691e-13 -1.847200e-09 4.697703e-11
4.700000e-01 4.700000e-01 6.000000e-01 -4.136000e-06 4.137800e-06 2.229791e-13 -1.841000e-09 4.077702e-11
4.800000e-01 4.800000e-01 6.000000e-01 -4.155600e-06 4.157500e-06 2.229890e-13 -1.835300e-09 6.492299e-11
4.900000e-01 4.900000e-01 6.000000e-01 -4.174500e-06 4.176400e-06 2.229990e-13 -1.829900e-09 7.032300e-11
5.000000e-01 5.000000e-01 6.000000e-01 -4.192800e-06 4.194600e-06 2.230089e-13 -1.824800e-09 2.457699e-11
5.100000e-01 5.100000e-01 6.000000e-01 -4.210500e-06 4.212300e-06 2.230189e-13 -1.820100e-09 1.987698e-11
5.200000e-01 5.200000e-01 6.000000e-01 -4.227500e-06 4.229300e-06 2.230289e-13 -1.815600e-09 1.537697e-11
5.300000e-01 5.300000e-01 6.000000e-01 -4.244000e-06 4.245800e-06 2.230388e-13 -1.811400e-09 1.117696e-11
5.400000e-01 5.400000e-01 6.000000e-01 -4.260000e-06 4.261800e-06 2.230488e-13 -1.807400e-09 7.176951e-12
5.500000e-01 5.500000e-01 6.000000e-01 -4.275600e-06 4.277400e-06 2.230588e-13 -1.803700e-09 3.476941e-12
5.600000e-01 5.600000e-01 6.000000e-01 -4.290600e-06 4.292400e-06 2.230687e-13 -1.800100e-09 1.230687e-13
5.700000e-01 5.700000e-01 6.000000e-01 -4.305200e-06 4.307000e-06 2.230787e-13 -1.796800e-09 3.423079e-12
5.800000e-01 5.800000e-01 6.000000e-01 -4.319500e-06 4.321200e-06 2.230887e-13 -1.793500e-09 9.327691e-11
5.900000e-01 5.900000e-01 6.000000e-01 -4.333300e-06 4.335100e-06 2.230987e-13 -1.790500e-09 9.723099e-12
6.000000e-01 6.000000e-01 6.000000e-01 -4.346700e-06 4.348500e-06 2.231087e-13 -1.787600e-09 1.262311e-11
6.100000e-01 6.100000e-01 6.000000e-01 -4.359900e-06 4.361600e-06 2.231186e-13 -1.784800e-09 8.457688e-11
6.200000e-01 6.200000e-01 6.000000e-01 -4.372600e-06 4.374400e-06 2.231286e-13 -1.782100e-09 1.812313e-11
6.300000e-01 6.300000e-01 6.000000e-01 -4.385100e-06 4.386900e-06 2.231386e-13 -1.779600e-09 2.062314e-11
6.400000e-01 6.400000e-01 6.000000e-01 -4.397300e-06 4.399100e-06 2.231486e-13 -1.777100e-09 2.312315e-11
6.500000e-01 6.500000e-01 6.000000e-01 -4.409200e-06 4.410900e-06 2.231586e-13 -1.774800e-09 7.457684e-11
6.600000e-01 6.600000e-01 6.000000e-01 -4.420800e-06 4.422600e-06 2.231686e-13 -1.772500e-09 2.772317e-11
6.700000e-01 6.700000e-01 6.000000e-01 -4.432100e-06 4.433900e-06 2.231785e-13 -1.770400e-09 2.982318e-11
6.800000e-01 6.800000e-01 6.000000e-01 -4.443200e-06 4.445000e-06 2.231885e-13 -1.768300e-09 3.192319e-11
6.900000e-01 6.900000e-01 6.000000e-01 -4.454100e-06 4.455900e-06 2.231985e-13 -1.766300e-09 3.392320e-11
7.000000e-01 7.000000e-01 6.000000e-01 -4.464700e-06 4.466500e-06 2.232085e-13 -1.764300e-09 3.592321e-11
7.100000e-01 7.100000e-01 6.000000e-01 -4.475100e-06 4.476900e-06 2.232185e-13 -1.762400e-09 3.782322e-11
7.200000e-01 7.200000e-01 6.000000e-01 -4.485400e-06 4.487100e-06 2.232285e-13 -1.760600e-09 6.037677e-11
7.300000e-01 7.300000e-01 6.000000e-01 -4.495400e-06 4.497100e-06 2.232385e-13 -1.758800e-09 5.857676e-11
7.400000e-01 7.400000e-01 6.000000e-01 -4.505200e-06 4.506900e-06 2.232484e-13 -1.757100e-09 5.687675e-11
7.500000e-01 7.500000e-01 6.000000e-01 -4.514800e-06 4.516500e-06 2.232584e-13 -1.755500e-09 5.527674e-11
7.600000e-01 7.600000e-01 6.000000e-01 -4.524200e-06 4.526000e-06 2.232684e-13 -1.753900e-09 4.632327e-11
7.700000e-01 7.700000e-01 6.000000e-01 -4.533500e-06 4.535300e-06 2.232784e-13 -1.752300e-09 4.792328e-11
7.800000e-01 7.800000e-01 6.000000e-01 -4.542600e-06 4.544400e-06 2.232884e-13 -1.750800e-09 4.942329e-11
7.900000e-01 7.900000e-01 6.000000e-01 -4.551600e-06 4.553300e-06 2.232984e-13 -1.749300e-09 4.907670e-11
8.000000e-01 8.000000e-01 6.000000e-01 -4.560400e-06 4.562100e-06 2.233084e-13 -1.747900e-09 4.767669e-11
8.100000e-01 8.100000e-01 6.000000e-01 -4.569000e-06 4.570700e-06 2.233184e-13 -1.746500e-09 4.627668e-11
8.200000e-01 8.200000e-01 6.000000e-01 -4.577500e-06 4.579200e-06 2.233284e-13 -1.745100e-09 4.487667e-11
8.300000e-01 8.300000e-01 6.000000e-01 -4.585900e-06 4.587600e-06 2.233384e-13 -1.743800e-09 4.357666e-11
8.400000e-01 8.400000e-01 6.000000e-01 -4.594100e-06 4.595800e-06 2.233483e-13 -1.742500e-09 4.227665e-11
8.500000e-01 8.500000e-01 6.000000e-01 -4.602200e-06 4.603900e-06 2.233583e-13 -1.741200e-09 4.097664e-11
8.600000e-01 8.600000e-01 6.000000e-01 -4.610100e-06 4.611900e-06 2.233683e-13 -1.740000e-09 6.022337e-11
8.700000e-01 8.700000e-01 6.000000e-01 -4.618000e-06 4.619700e-06 2.233783e-13 -1.738800e-09 3.857662e-11
8.800000e-01 8.800000e-01 6.000000e-01 -4.625700e-06 4.627400e-06 2.233883e-13 -1.737600e-09 3.737661e-11
8.900000e-01 8.900000e-01 6.000000e-01 -4.633300e-06 4.635100e-06 2.233983e-13 -1.736400e-09 6.382340e-11
9.000000e-01 9.000000e-01 6.000000e-01 -4.640800e-06 4.642500e-06 2.234083e-13 -1.735300e-09 3.507659e-11
9.100000e-01 9.100000e-01 6.000000e-01 -4.648200e-06 4.649900e-06 2.234183e-13 -1.734200e-09 3.397658e-11
9.200000e-01 9.200000e-01 6.000000e-01 -4.655500e-06 4.657200e-06 2.234283e-13 -1.733100e-09 3.287657e-11
9.300000e-01 9.300000e-01 6.000000e-01 -4.662700e-06 4.664400e-06 2.234383e-13 -1.732000e-09 3.177656e-11
9.400000e-01 9.400000e-01 6.000000e-01 -4.669800e-06 4.671500e-06 2.234483e-13 -1.731000e-09 3.077655e-11
9.500000e-01 9.500000e-01 6.000000e-01 -4.676700e-06 4.678500e-06 2.234583e-13 -1.730000e-09 7.022346e-11
9.600000e-01 9.600000e-01 6.000000e-01 -4.683600e-06 4.685400e-06 2.234683e-13 -1.729000e-09 7.122347e-11
9.700000e-01 9.700000e-01 6.000000e-01 -4.690400e-06 4.692200e-06 2.234783e-13 -1.728000e-09 7.222348e-11
9.800000e-01 9.800000e-01 6.000000e-01 -4.697200e-06 4.698900e-06 2.234882e-13 -1.727000e-09 2.677651e-11
9.900000e-01 9.900000e-01 6.000000e-01 -4.703800e-06 4.705500e-06 2.234982e-13 -1.726100e-09 2.587650e-11
1.000000e+00 1.000000e+00 6.000000e-01 -4.710300e-06 4.712000e-06 2.235082e-13 -1.725100e-09 2.487649e-11
1.010000e+00 1.010000e+00 6.000000e-01 -4.716800e-06 4.718500e-06 2.235182e-13 -1.724200e-09 2.397648e-11
1.020000e+00 1.020000e+00 6.000000e-01 -4.723200e-06 4.724900e-06 2.235282e-13 -1.723300e-09 2.307647e-11
1.030000e+00 1.030000e+00 6.000000e-01 -4.729500e-06 4.731200e-06 2.235382e-13 -1.722400e-09 2.217646e-11
1.040000e+00 1.040000e+00 6.000000e-01 -4.735700e-06 4.737400e-06 2.235482e-13 -1.721500e-09 2.127645e-11
1.050000e+00 1.050000e+00 6.000000e-01 -4.741800e-06 4.743600e-06 2.235582e-13 -1.720700e-09 7.952356e-11
1.060000e+00 1.060000e+00 6.000000e-01 -4.747900e-06 4.749600e-06 2.235682e-13 -1.719800e-09 1.957643e-11
1.070000e+00 1.070000e+00 6.000000e-01 -4.753900e-06 4.755600e-06 2.235782e-13 -1.719000e-09 1.877642e-11
1.080000e+00 1.080000e+00 6.000000e-01 -4.759900e-06 4.761600e-06 2.235882e-13 -1.718100e-09 1.787641e-11
1.090000e+00 1.090000e+00 6.000000e-01 -4.765700e-06 4.767400e-06 2.235982e-13 -1.717300e-09 1.707640e-11
1.100000e+00 1.100000e+00 6.000000e-01 -4.771500e-06 4.773200e-06 2.236082e-13 -1.716500e-09 1.627639e-11
1.110000e+00 1.110000e+00 6.000000e-01 -4.777300e-06 4.779000e-06 2.236182e-13 -1.715700e-09 1.547638e-11
1.120000e+00 1.120000e+00 6.000000e-01 -4.782900e-06 4.784700e-06 2.236282e-13 -1.715000e-09 8.522363e-11
1.130000e+00 1.130000e+00 6.000000e-01 -4.788600e-06 4.790300e-06 2.236382e-13 -1.714200e-09 1.397636e-11
1.140000e+00 1.140000e+00 6.000000e-01 -4.794100e-06 4.795800e-06 2.236482e-13 -1.713400e-09 1.317635e-11
1.150000e+00 1.150000e+00 6.000000e-01 -4.799600e-06 4.801300e-06 2.236582e-13 -1.712700e-09 1.247634e-11
1.160000e+00 1.160000e+00 6.000000e-01 -4.805000e-06 4.806800e-06 2.236681e-13 -1.712000e-09 8.822367e-11
1.170000e+00 1.170000e+00 6.000000e-01 -4.810400e-06 4.812100e-06 2.236781e-13 -1.711200e-09 1.097632e-11
1.180000e+00 1.180000e+00 6.000000e-01 -4.815800e-06 4.817500e-06 2.236881e-13 -1.710500e-09 1.027631e-11
1.190000e+00 1.190000e+00 6.000000e-01 -4.821000e-06 4.822700e-06 2.236981e-13 -1.709800e-09 9.576302e-12
1.200000e+00 1.200000e+00 6.000000e-01 -4.826200e-06 4.828000e-06 2.237081e-13 -1.709100e-09 9.112371e-11
0.000000e+00 0.000000e+00 8.000000e-01 1.017350e-08 1.017350e-08 4.939100e-12 -2.035190e-08 3.910000e-14
1.000000e-02 1.000000e-02 8.000000e-01 -2.208736e-07 2.406919e-07 3.910000e-12 -1.982220e-08 1.000000e-14
2.000000e-02 2.000000e-02 8.000000e-01 -4.511257e-07 4.704252e-07 3.099300e-12 -1.930250e-08 9.930000e-14
3.000000e-02 3.000000e-02 8.000000e-01 -6.805083e-07 6.992986e-07 2.460400e-12 -1.879280e-08 3.960000e-14
4.000000e-02 4.000000e-02 8.000000e-01 -9.089369e-07 9.272277e-07 1.956700e-12 -1.829280e-08 4.330000e-14
5.000000e-02 5.000000e-02 8.000000e-01 -1.136300e-06 1.154100e-06 1.559300e-12 -1.780260e-08 1.040700e-12
6.000000e-02 6.000000e-02 8.000000e-01 -1.362500e-06 1.379900e-06 1.245600e-12 -1.732210e-08 7.914560e-11
7.000000e-02 7.000000e-02 8.000000e-01 -1.587500e-06 1.604300e-06 9.978712e-13 -1.685130e-08 5.030213e-11
8.000000e-02 8.000000e-02 8.000000e-01 -1.811100e-06 1.827500e-06 8.021391e-13 -1.639030e-08 1.050214e-11
9.000000e-02 9.000000e-02 8.000000e-01 -2.033100e-06 2.049000e-06 6.473928e-13 -1.593910e-08 3.845261e-11
1.000000e-01 1.000000e-01 8.000000e-01 -2.253500e-06 2.269000e-06 5.249744e-13 -1.549760e-08 2.924974e-12
1.100000e-01 1.100000e-01 8.000000e-01 -2.472000e-06 2.487100e-06 4.280658e-13 -1.506610e-08 3.432807e-11
1.200000e-01 1.200000e-01 8.000000e-01 -2.688600e-06 2.703200e-06 3.512954e-13 -1.464460e-08 4.424870e-11
1.300000e-01 1.300000e-01 8.000000e-01 -2.903000e-06 2.917200e-06 2.904299e-13 -1.423310e-08 3.280957e-11
1.400000e-01 1.400000e-01 8.000000e-01 -3.115100e-06 3.129000e-06 2.421319e-13 -1.383190e-08 6.834213e-11
1.500000e-01 1.500000e-01 8.000000e-01 -3.324700e-06 3.338200e-06 2.037692e-13 -1.344100e-08 5.920377e-11
1.600000e-01 1.600000e-01 8.000000e-01 -3.531700e-06 3.544800e-06 1.732653e-13 -1.306050e-08 3.967327e-11
1.700000e-01 1.700000e-01 8.000000e-01 -3.735800e-06 3.748500e-06 1.489816e-13 -1.269060e-08 9.548982e-12
1.800000e-01 1.800000e-01 8.000000e-01 -3.936900e-06 3.949300e-06 1.296243e-13 -1.233150e-08 6.862962e-11
1.900000e-01 1.900000e-01 8.000000e-01 -4.134800e-06 4.146800e-06 1.141716e-13 -1.198320e-08 1.691417e-11
2.000000e-01 2.000000e-01 8.000000e-01 -4.329400e-06 4.341000e-06 1.018163e-13 -1.164600e-08 4.589818e-11
2.100000e-01 2.100000e-01 8.000000e-01 -4.520400e-06 4.531700e-06 9.192030e-14 -1.131990e-08 1.980808e-11
2.200000e-01 2.200000e-01 8.000000e-01 -4.707800e-06 4.718800e-06 8.397890e-14 -1.100500e-08 4.916021e-12
2.300000e-01 2.300000e-01 8.000000e-01 -4.891300e-06 4.902000e-06 7.759290e-14 -1.070150e-08 1.422407e-12
2.400000e-01 2.400000e-01 8.000000e-01 -5.071000e-06 5.081400e-06 7.244600e-14 -1.040940e-08 9.327554e-12
2.500000e-01 2.500000e-01 8.000000e-01 -5.246500e-06 5.256600e-06 6.828780e-14 -1.012880e-08 2.873171e-11
2.600000e-01 2.600000e-01 8.000000e-01 -5.417900e-06 5.427800e-06 6.491970e-14 -9.859700e-09 4.036492e-11
2.700000e-01 2.700000e-01 8.000000e-01 -5.585100e-06 5.594700e-06 6.218390e-14 -9.602100e-09 2.037816e-12
2.800000e-01 2.800000e-01 8.000000e-01 -5.747900e-06 5.757300e-06 5.995530e-14 -9.356000e-09 4.405996e-11
2.900000e-01 2.900000e-01 8.000000e-01 -5.906400e-06 5.915500e-06 5.813420e-14 -9.121200e-09 2.114187e-11
3.000000e-01 3.000000e-01 8.000000e-01 -6.060500e-06 6.069400e-06 5.664140e-14 -8.897600e-09 2.456641e-12
3.100000e-01 3.100000e-01 8.000000e-01 -6.210100e-06 6.218800e-06 5.541350e-14 -8.685100e-09 1.495541e-11
3.200000e-01 3.200000e-01 8.000000e-01 -6.355300e-06 6.363800e-06 5.440010e-14 -8.483500e-09 1.655440e-11
3.300000e-01 3.300000e-01 8.000000e-01 -6.496100e-06 6.504400e-06 5.356080e-14 -8.292500e-09 7.553561e-12
3.400000e-01 3.400000e-01 8.000000e-01 -6.632400e-06 6.640500e-06 5.286310e-14 -8.111800e-09 1.174714e-11
3.500000e-01 3.500000e-01 8.000000e-01 -6.764300e-06 6.772200e-06 5.228100e-14 -7.941200e-09 4.114772e-11
3.600000e-01 3.600000e-01 8.000000e-01 -6.891800e-06 6.899600e-06 5.179360e-14 -7.780300e-09 1.975179e-11
3.700000e-01 3.700000e-01 8.000000e-01 -7.015000e-06 7.022600e-06 5.138410e-14 -7.628800e-09 2.874862e-11
3.800000e-01 3.800000e-01 8.000000e-01 -7.133900e-06 7.141400e-06 5.103870e-14 -7.486200e-09 1.385104e-11
3.900000e-01 3.900000e-01 8.000000e-01 -7.248600e-06 7.256000e-06 5.074640e-14 -7.352300e-09 4.775075e-11
4.000000e-01 4.000000e-01 8.000000e-01 -7.359200e-06 7.366400e-06 5.049820e-14 -7.226600e-09 2.654950e-11
4.100000e-01 4.100000e-01 8.000000e-01 -7.465700e-06 7.472900e-06 5.028660e-14 -7.108600e-09 9.145029e-11
4.200000e-01 4.200000e-01 8.000000e-01 -7.568300e-06 7.575300e-06 5.010580e-14 -6.998100e-09 1.950106e-12
4.300000e-01 4.300000e-01 8.000000e-01 -7.667000e-06 7.673900e-06 4.995080e-14 -6.894500e-09 5.549951e-12
4.400000e-01 4.400000e-01 8.000000e-01 -7.762000e-06 7.768800e-06 4.981750e-14 -6.797600e-09 2.449817e-12
4.500000e-01 4.500000e-01 8.000000e-01 -7.853300e-06 7.860000e-06 4.970260e-14 -6.706800e-09 6.750297e-12
4.600000e-01 4.600000e-01 8.000000e-01 -7.941100e-06 7.947700e-06 4.960330e-14 -6.621900e-09 2.185040e-11
4.700000e-01 4.700000e-01 8.000000e-01 -8.025400e-06 8.032000e-06 4.951720e-14 -6.542500e-09 5.754952e-11
4.800000e-01 4.800000e-01 8.000000e-01 -8.106500e-06 8.113000e-06 4.944250e-14 -6.468100e-09 3.194944e-11
4.900000e-01 4.900000e-01 8.000000e-01 -8.184400e-06 8.190800e-06 4.937760e-14 -6.398500e-09 1.549378e-12
5.000000e-01 5.000000e-01 8.000000e-01 -8.259300e-06 8.265700e-06 4.932110e-14 -6.333400e-09 6.664932e-11
5.100000e-01 5.100000e-01 8.000000e-01 -8.331300e-06 8.337600e-06 4.927180e-14 -6.272400e-09 2.764927e-11
5.200000e-01 5.200000e-01 8.000000e-01 -8.400500e-06 8.406700e-06 4.922870e-14 -6.215300e-09 1.525077e-11
5.300000e-01 5.300000e-01 8.000000e-01 -8.467000e-06 8.473100e-06 4.919120e-14 -6.161800e-09 6.175081e-11
5.400000e-01 5.400000e-01 8.000000e-01 -8.530900e-06 8.537000e-06 4.915840e-14 -6.111600e-09 1.155084e-11
5.500000e-01 5.500000e-01 8.000000e-01 -8.592500e-06 8.598500e-06 4.912980e-14 -6.064600e-09 6.455087e-11
5.600000e-01 5.600000e-01 8.000000e-01 -8.651700e-06 8.657700e-06 4.910490e-14 -6.020400e-09 2.035090e-11
5.700000e-01 5.700000e-01 8.000000e-01 -8.708700e-06 8.714600e-06 4.908320e-14 -5.978800e-09 7.875092e-11
5.800000e-01 5.800000e-01 8.000000e-01 -8.763600e-06 8.769500e-06 4.906440e-14 -5.939800e-09 3.975094e-11
5.900000e-01 5.900000e-01 8.000000e-01 -8.816500e-06 8.822400e-06 4.904800e-14 -5.903100e-09 3.050952e-12
6.000000e-01 6.000000e-01 8.000000e-01 -8.867500e-06 8.873300e-06 4.903390e-14 -5.868500e-09 6.845097e-11
6.100000e-01 6.100000e-01 8.000000e-01 -8.916600e-06 8.922500e-06 4.902190e-14 -5.835900e-09 6.414902e-11
6.200000e-01 6.200000e-01 8.000000e-01 -8.964100e-06 8.969900e-06 4.901160e-14 -5.805100e-09 5.050988e-12
6.300000e-01 6.300000e-01 8.000000e-01 -9.010000e-06 9.015700e-06 4.900290e-14 -5.776000e-09 7.595100e-11
6.400000e-01 6.400000e-01 8.000000e-01 -9.054300e-06 9.060000e-06 4.899560e-14 -5.748600e-09 4.855100e-11
6.500000e-01 6.500000e-01 8.000000e-01 -9.097100e-06 9.102800e-06 4.898960e-14 -5.722600e-09 2.255101e-11
6.600000e-01 6.600000e-01 8.000000e-01 -9.138500e-06 9.144200e-06 4.898480e-14 -5.698000e-09 2.048985e-12
6.700000e-01 6.700000e-01 8.000000e-01 -9.178600e-06 9.184300e-06 4.898100e-14 -5.674700e-09 2.534898e-11
6.800000e-01 6.800000e-01 8.000000e-01 -9.217400e-06 9.223100e-06 4.897820e-14 -5.652600e-09 4.744898e-11
6.900000e-01 6.900000e-01 8.000000e-01 -9.255000e-06 9.260700e-06 4.897620e-14 -5.631500e-09 6.854898e-11
7.000000e-01 7.000000e-01 8.000000e-01 -9.291500e-06 9.297100e-06 4.897500e-14 -5.611500e-09 1.145102e-11
7.100000e-01 7.100000e-01 8.000000e-01 -9.326900e-06 9.332500e-06 4.897450e-14 -5.592500e-09 7.548974e-12
7.200000e-01 7.200000e-01 8.000000e-01 -9.361300e-06 9.366800e-06 4.897470e-14 -5.574400e-09 7.435103e-11
7.300000e-01 7.300000e-01 8.000000e-01 -9.394600e-06 9.400200e-06 4.897550e-14 -5.557100e-09 4.294898e-11
7.400000e-01 7.400000e-01 8.000000e-01 -9.427000e-06 9.432600e-06 4.897680e-14 -5.540700e-09 5.934898e-11
7.500000e-01 7.500000e-01 8.000000e-01 -9.458600e-06 9.464100e-06 4.897860e-14 -5.524900e-09 2.485102e-11
7.600000e-01 7.600000e-01 8.000000e-01 -9.489200e-06 9.494800e-06 4.898090e-14 -5.509900e-09 9.014898e-11
7.700000e-01 7.700000e-01 8.000000e-01 -9.519100e-06 9.524600e-06 4.898360e-14 -5.495500e-09 4.548984e-12
7.800000e-01 7.800000e-01 8.000000e-01 -9.548200e-06 9.553700e-06 4.898670e-14 -5.481700e-09 1.834899e-11
7.900000e-01 7.900000e-01 8.000000e-01 -9.576500e-06 9.582000e-06 4.899020e-14 -5.468400e-09 3.164899e-11
8.000000e-01 8.000000e-01 8.000000e-01 -9.604100e-06 9.609600e-06 4.899390e-14 -5.455700e-09 4.434899e-11
8.100000e-01 8.100000e-01 8.000000e-01 -9.631000e-06 9.636500e-06 4.899800e-14 -5.443500e-09 5.654900e-11
8.200000e-01 8.200000e-01 8.000000e-01 -9.657300e-06 9.662800e-06 4.900240e-14 -5.431800e-09 6.824900e-11
8.300000e-01 8.300000e-01 8.000000e-01 -9.683000e-06 9.688400e-06 4.900710e-14 -5.420500e-09 2.045099e-11
8.400000e-01 8.400000e-01 8.000000e-01 -9.708000e-06 9.713500e-06 4.901200e-14 -5.409700e-09 9.034901e-11
8.500000e-01 8.500000e-01 8.000000e-01 -9.732500e-06 9.737900e-06 4.901710e-14 -5.399200e-09 8.490171e-13
8.600000e-01 8.600000e-01 8.000000e-01 -9.756500e-06 9.761900e-06 4.902240e-14 -5.389200e-09 1.084902e-11
8.700000e-01 8.700000e-01 8.000000e-01 -9.779900e-06 9.785300e-06 4.902800e-14 -5.379400e-09 2.064903e-11
8.800000e-01 8.800000e-01 8.000000e-01 -9.802800e-06 9.808200e-06 4.903370e-14 -5.370000e-09 3.004903e-11
8.900000e-01 8.900000e-01 8.000000e-01 -9.825200e-06 9.830600e-06 4.903960e-14 -5.361000e-09 3.904904e-11
9.000000e-01 9.000000e-01 8.000000e-01 -9.847200e-06 9.852500e-06 4.904570e-14 -5.352200e-09 5.215095e-11
9.100000e-01 9.100000e-01 8.000000e-01 -9.868600e-06 9.874000e-06 4.905190e-14 -5.343700e-09 5.634905e-11
9.200000e-01 9.200000e-01 8.000000e-01 -9.889700e-06 9.895100e-06 4.905830e-14 -5.335400e-09 6.464906e-11
9.300000e-01 9.300000e-01 8.000000e-01 -9.910400e-06 9.915700e-06 4.906480e-14 -5.327500e-09 2.745094e-11
9.400000e-01 9.400000e-01 8.000000e-01 -9.930600e-06 9.935900e-06 4.907140e-14 -5.319700e-09 1.965093e-11
9.500000e-01 9.500000e-01 8.000000e-01 -9.950500e-06 9.955800e-06 4.907820e-14 -5.312200e-09 1.215092e-11
9.600000e-01 9.600000e-01 8.000000e-01 -9.970000e-06 9.975300e-06 4.908510e-14 -5.305000e-09 4.950915e-12
9.700000e-01 9.700000e-01 8.000000e-01 -9.989100e-06 9.994400e-06 4.909200e-14 -5.297900e-09 2.149092e-12
9.800000e-01 9.800000e-01 8.000000e-01 -1.000790e-05 1.001320e-05 4.909910e-14 -5.291000e-09 9.049099e-12
9.900000e-01 9.900000e-01 8.000000e-01 -1.002630e-05 1.003160e-05 4.910630e-14 -5.284300e-09 1.574911e-11
1.000000e+00 1.000000e+00 8.000000e-01 -1.004440e-05 1.004970e-05 4.911360e-14 -5.277800e-09 2.224911e-11
1.010000e+00 1.010000e+00 8.000000e-01 -1.006220e-05 1.006750e-05 4.912090e-14 -5.271500e-09 2.854912e-11
1.020000e+00 1.020000e+00 8.000000e-01 -1.007970e-05 1.008500e-05 4.912840e-14 -5.265300e-09 3.474913e-11
1.030000e+00 1.030000e+00 8.000000e-01 -1.009690e-05 1.010220e-05 4.913590e-14 -5.259300e-09 4.074914e-11
1.040000e+00 1.040000e+00 8.000000e-01 -1.011390e-05 1.011910e-05 4.914350e-14 -5.253400e-09 5.335086e-11
1.050000e+00 1.050000e+00 8.000000e-01 -1.013050e-05 1.013580e-05 4.915120e-14 -5.247700e-09 5.234915e-11
1.060000e+00 1.060000e+00 8.000000e-01 -1.014690e-05 1.015210e-05 4.915890e-14 -5.242100e-09 4.205084e-11
1.070000e+00 1.070000e+00 8.000000e-01 -1.016300e-05 1.016830e-05 4.916670e-14 -5.236700e-09 6.334917e-11
1.080000e+00 1.080000e+00 8.000000e-01 -1.017890e-05 1.018410e-05 4.917450e-14 -5.231400e-09 3.135083e-11
1.090000e+00 1.090000e+00 8.000000e-01 -1.019450e-05 1.019980e-05 4.918250e-14 -5.226200e-09 7.384918e-11
1.100000e+00 1.100000e+00 8.000000e-01 -1.020990e-05 1.021510e-05 4.919040e-14 -5.221100e-09 2.105081e-11
1.110000e+00 1.110000e+00 8.000000e-01 -1.022510e-05 1.023030e-05 4.919840e-14 -5.216100e-09 1.605080e-11
1.120000e+00 1.120000e+00 8.000000e-01 -1.024000e-05 1.024520e-05 4.920650e-14 -5.211200e-09 1.115079e-11
1.130000e+00 1.130000e+00 8.000000e-01 -1.025480e-05 1.026000e-05 4.921460e-14 -5.206500e-09 6.450785e-12
1.140000e+00 1.140000e+00 8.000000e-01 -1.026930e-05 1.027450e-05 4.922280e-14 -5.201800e-09 1.750777e-12
1.150000e+00 1.150000e+00 8.000000e-01 -1.028360e-05 1.028880e-05 4.923100e-14 -5.197200e-09 2.849231e-12
1.160000e+00 1.160000e+00 8.000000e-01 -1.029770e-05 1.030290e-05 4.923930e-14 -5.192700e-09 7.349239e-12
1.170000e+00 1.170000e+00 8.000000e-01 -1.031160e-05 1.031680e-05 4.924760e-14 -5.188300e-09 1.174925e-11
1.180000e+00 1.180000e+00 8.000000e-01 -1.032540e-05 1.033060e-05 4.925590e-14 -5.184000e-09 1.604926e-11
1.190000e+00 1.190000e+00 8.000000e-01 -1.033890e-05 1.034410e-05 4.926430e-14 -5.179800e-09 2.024926e-11
1.200000e+00 1.200000e+00 8.000000e-01 -1.035230e-05 1.035750e-05 4.927270e-14 -5.175700e-09 2.434927e-11
0.000000e+00 0.000000e+00 1.000000e+00 2.518190e-08 2.518190e-08 1.055783e-07 -1.559421e-07 2.646978e-23
1.000000e-02 1.000000e-02 1.000000e+00 -2.097571e-07 2.591314e-07 8.224010e-08 -1.316144e-07 2.646978e-23
2.000000e-02 2.000000e-02 1.000000e+00 -4.449098e-07 4.933086e-07 6.408340e-08 -1.124823e-07 1.000000e-13
3.000000e-02 3.000000e-02 1.000000e+00 -6.802488e-07 7.276863e-07 4.995350e-08 -9.739100e-08 3.970467e-23
4.000000e-02 4.000000e-02 1.000000e+00 -9.157436e-07 9.622337e-07 3.895390e-08 -8.544390e-08 1.000000e-13
5.000000e-02 5.000000e-02 1.000000e+00 -1.151400e-06 1.196900e-06 3.038840e-08 -7.594490e-08 5.650000e-11
6.000000e-02 6.000000e-02 1.000000e+00 -1.387100e-06 1.431700e-06 2.371640e-08 -6.835310e-08 3.670000e-11
7.000000e-02 7.000000e-02 1.000000e+00 -1.622800e-06 1.666500e-06 1.851760e-08 -6.224820e-08 3.060000e-11
8.000000e-02 8.000000e-02 1.000000e+00 -1.858500e-06 1.901400e-06 1.446530e-08 -5.730360e-08 6.170000e-11
9.000000e-02 9.000000e-02 1.000000e+00 -2.094200e-06 2.136200e-06 1.130560e-08 -5.326510e-08 4.050000e-11
1.000000e-01 1.000000e-01 1.000000e+00 -2.329800e-06 2.370900e-06 8.840900e-09 -4.993540e-08 5.500000e-12
1.100000e-01 1.100000e-01 1.000000e+00 -2.565200e-06 2.605500e-06 6.917700e-09 -4.716060e-08 5.710000e-11
1.200000e-01 1.200000e-01 1.000000e+00 -2.800400e-06 2.839800e-06 5.416400e-09 -4.482130e-08 4.900000e-12
1.300000e-01 1.300000e-01 1.000000e+00 -3.035300e-06 3.073900e-06 4.243800e-09 -4.282430e-08 1.950000e-11
1.400000e-01 1.400000e-01 1.000000e+00 -3.269900e-06 3.307600e-06 3.327600e-09 -4.109730e-08 6.970000e-11
1.500000e-01 1.500000e-01 1.000000e+00 -3.504000e-06 3.541000e-06 2.611300e-09 -3.958390e-08 2.740000e-11
1.600000e-01 1.600000e-01 1.000000e+00 -3.737700e-06 3.773900e-06 2.051000e-09 -3.824000e-08 1.100000e-11
1.700000e-01 1.700000e-01 1.000000e+00 -3.970800e-06 4.006200e-06 1.612500e-09 -3.703160e-08 1.910000e-11
1.800000e-01 1.800000e-01 1.000000e+00 -4.203200e-06 4.237900e-06 1.269100e-09 -3.593200e-08 3.710000e-11
1.900000e-01 1.900000e-01 1.000000e+00 -4.434900e-06 4.468800e-06 9.998691e-10 -3.492030e-08 2.043090e-11
2.000000e-01 2.000000e-01 1.000000e+00 -4.665800e-06 4.699000e-06 7.887328e-10 -3.398050e-08 8.232800e-12
2.100000e-01 2.100000e-01 1.000000e+00 -4.895900e-06 4.928400e-06 6.229891e-10 -3.310000e-08 2.298910e-11
2.200000e-01 2.200000e-01 1.000000e+00 -5.124900e-06 5.156700e-06 4.927624e-10 -3.226880e-08 2.396240e-11
2.300000e-01 2.300000e-01 1.000000e+00 -5.352900e-06 5.384000e-06 3.903427e-10 -3.147940e-08 1.094270e-11
2.400000e-01 2.400000e-01 1.000000e+00 -5.579800e-06 5.610200e-06 3.097083e-10 -3.072580e-08 1.609170e-11
2.500000e-01 2.500000e-01 1.000000e+00 -5.805400e-06 5.835200e-06 2.461541e-10 -3.000340e-08 4.275410e-11
2.600000e-01 2.600000e-01 1.000000e+00 -6.029700e-06 6.058900e-06 1.960015e-10 -2.930850e-08 8.750150e-11
2.700000e-01 2.700000e-01 1.000000e+00 -6.252600e-06 6.281100e-06 1.563734e-10 -2.863830e-08 1.807340e-11
2.800000e-01 2.800000e-01 1.000000e+00 -6.474000e-06 6.501900e-06 1.250177e-10 -2.799070e-08 3.431770e-11
2.900000e-01 2.900000e-01 1.000000e+00 -6.693800e-06 6.721100e-06 1.001707e-10 -2.736390e-08 3.627070e-11
3.000000e-01 3.000000e-01 1.000000e+00 -6.912000e-06 6.938700e-06 8.045040e-11 -2.675650e-08 2.395040e-11
3.100000e-01 3.100000e-01 1.000000e+00 -7.128300e-06 7.154400e-06 6.477260e-11 -2.616760e-08 2.827400e-12
3.200000e-01 3.200000e-01 1.000000e+00 -7.342900e-06 7.368400e-06 5.228630e-11 -2.559630e-08 4.401370e-11
3.300000e-01 3.300000e-01 1.000000e+00 -7.555400e-06 7.580400e-06 4.232320e-11 -2.504190e-08 4.232000e-13
3.400000e-01 3.400000e-01 1.000000e+00 -7.766000e-06 7.790500e-06 3.435740e-11 -2.450400e-08 3.035740e-11
3.500000e-01 3.500000e-01 1.000000e+00 -7.974500e-06 7.998400e-06 2.797510e-11 -2.398210e-08 5.412490e-11
3.600000e-01 3.600000e-01 1.000000e+00 -8.180700e-06 8.204200e-06 2.285030e-11 -2.347590e-08 4.695030e-11
3.700000e-01 3.700000e-01 1.000000e+00 -8.384700e-06 8.407700e-06 1.872570e-11 -2.298500e-08 3.372570e-11
3.800000e-01 3.800000e-01 1.000000e+00 -8.586400e-06 8.608900e-06 1.539800e-11 -2.250940e-08 5.998000e-12
3.900000e-01 3.900000e-01 1.000000e+00 -8.785600e-06 8.807700e-06 1.270640e-11 -2.204860e-08 6.410640e-11
4.000000e-01 4.000000e-01 1.000000e+00 -8.982400e-06 9.004000e-06 1.052370e-11 -2.160250e-08 8.023700e-12
4.100000e-01 4.100000e-01 1.000000e+00 -9.176500e-06 9.197700e-06 8.748800e-12 -2.117100e-08 3.774880e-11
4.200000e-01 4.200000e-01 1.000000e+00 -9.368100e-06 9.388800e-06 7.301400e-12 -2.075380e-08 4.649860e-11
4.300000e-01 4.300000e-01 1.000000e+00 -9.556800e-06 9.577200e-06 6.117700e-12 -2.035060e-08 5.551770e-11
4.400000e-01 4.400000e-01 1.000000e+00 -9.742800e-06 9.762800e-06 5.146800e-12 -1.996140e-08 4.374680e-11
4.500000e-01 4.500000e-01 1.000000e+00 -9.926000e-06 9.945600e-06 4.347900e-12 -1.958590e-08 1.844790e-11
4.600000e-01 4.600000e-01 1.000000e+00 -1.010620e-05 1.012540e-05 3.688500e-12 -1.922390e-08 2.021150e-11
4.700000e-01 4.700000e-01 1.000000e+00 -1.028340e-05 1.030230e-05 3.142500e-12 -1.887510e-08 2.804250e-11
4.800000e-01 4.800000e-01 1.000000e+00 -1.045760e-05 1.047610e-05 2.689000e-12 -1.853930e-08 3.661100e-11
4.900000e-01 4.900000e-01 1.000000e+00 -1.062870e-05 1.064690e-05 2.310900e-12 -1.821620e-08 1.388910e-11
5.000000e-01 5.000000e-01 1.000000e+00 -1.079660e-05 1.081450e-05 1.994800e-12 -1.790560e-08 3.605200e-12
5.100000e-01 5.100000e-01 1.000000e+00 -1.096130e-05 1.097890e-05 1.729600e-12 -1.760730e-08 5.570400e-12
5.200000e-01 5.200000e-01 1.000000e+00 -1.112270e-05 1.114000e-05 1.506200e-12 -1.732080e-08 1.929380e-11
5.300000e-01 5.300000e-01 1.000000e+00 -1.128090e-05 1.129790e-05 1.317600e-12 -1.704590e-08 4.458240e-11
5.400000e-01 5.400000e-01 1.000000e+00 -1.143570e-05 1.145250e-05 1.157600e-12 -1.678230e-08 1.885760e-11
5.500000e-01 5.500000e-01 1.000000e+00 -1.158720e-05 1.160370e-05 1.021600e-12 -1.652980e-08 2.877840e-11
5.600000e-01 5.600000e-01 1.000000e+00 -1.173530e-05 1.175160e-05 9.054430e-13 -1.628780e-08 1.310544e-11
5.700000e-01 5.700000e-01 1.000000e+00 -1.188000e-05 1.189610e-05 8.059762e-13 -1.605630e-08 4.450598e-11
5.800000e-01 5.800000e-01 1.000000e+00 -1.202140e-05 1.203720e-05 7.204941e-13 -1.583470e-08 3.397951e-11
5.900000e-01 5.900000e-01 1.000000e+00 -1.215930e-05 1.217490e-05 6.467823e-13 -1.562280e-08 2.215322e-11
6.000000e-01 6.000000e-01 1.000000e+00 -1.229380e-05 1.230930e-05 5.830071e-13 -1.542030e-08 8.028301e-11
6.100000e-01 6.100000e-01 1.000000e+00 -1.242500e-05 1.244020e-05 5.276465e-13 -1.522670e-08 2.617235e-11
6.200000e-01 6.200000e-01 1.000000e+00 -1.255290e-05 1.256790e-05 4.794328e-13 -1.504180e-08 4.132057e-11
6.300000e-01 6.300000e-01 1.000000e+00 -1.267740e-05 1.269220e-05 4.373080e-13 -1.486530e-08 6.486269e-11
6.400000e-01 6.400000e-01 1.000000e+00 -1.279860e-05 1.281330e-05 4.003862e-13 -1.469670e-08 3.700386e-12
6.500000e-01 6.500000e-01 1.000000e+00 -1.291660e-05 1.293110e-05 3.679236e-13 -1.453580e-08 3.543208e-11
6.600000e-01 6.600000e-01 1.000000e+00 -1.303130e-05 1.304570e-05 3.392940e-13 -1.438230e-08 1.803929e-11
6.700000e-01 6.700000e-01 1.000000e+00 -1.314300e-05 1.315720e-05 3.139689e-13 -1.423580e-08 3.548603e-11
6.800000e-01 6.800000e-01 1.000000e+00 -1.325150e-05 1.326560e-05 2.915007e-13 -1.409610e-08 4.191501e-12
6.900000e-01 6.900000e-01 1.000000e+00 -1.335700e-05 1.337090e-05 2.715096e-13 -1.396280e-08 6.252849e-11
7.000000e-01 7.000000e-01 1.000000e+00 -1.345950e-05 1.347330e-05 2.536723e-13 -1.383560e-08 3.534633e-11
7.100000e-01 7.100000e-01 1.000000e+00 -1.355910e-05 1.357280e-05 2.377127e-13 -1.371430e-08 1.406229e-11
7.200000e-01 7.200000e-01 1.000000e+00 -1.365590e-05 1.366950e-05 2.233947e-13 -1.359860e-08 1.623395e-12
7.300000e-01 7.300000e-01 1.000000e+00 -1.374990e-05 1.376340e-05 2.105158e-13 -1.348810e-08 1.211052e-11
7.400000e-01 7.400000e-01 1.000000e+00 -1.384120e-05 1.385460e-05 1.989015e-13 -1.338280e-08 1.739890e-11
7.500000e-01 7.500000e-01 1.000000e+00 -1.392990e-05 1.394320e-05 1.884016e-13 -1.328220e-08 1.798840e-11
7.600000e-01 7.600000e-01 1.000000e+00 -1.401600e-05 1.402920e-05 1.788860e-13 -1.318620e-08 1.397889e-11
7.700000e-01 7.700000e-01 1.000000e+00 -1.409970e-05 1.411280e-05 1.702421e-13 -1.309460e-08 5.570242e-12
7.800000e-01 7.800000e-01 1.000000e+00 -1.418100e-05 1.419400e-05 1.623719e-13 -1.300710e-08 6.937628e-12
7.900000e-01 7.900000e-01 1.000000e+00 -1.426000e-05 1.427290e-05 1.551901e-13 -1.292340e-08 2.324481e-11
8.000000e-01 8.000000e-01 1.000000e+00 -1.433670e-05 1.434960e-05 1.486222e-13 -1.284360e-08 5.654862e-11
8.100000e-01 8.100000e-01 1.000000e+00 -1.441130e-05 1.442410e-05 1.426031e-13 -1.276720e-08 3.294260e-11
8.200000e-01 8.200000e-01 1.000000e+00 -1.448380e-05 1.449640e-05 1.370756e-13 -1.269420e-08 9.406292e-11
8.300000e-01 8.300000e-01 1.000000e+00 -1.455420e-05 1.456680e-05 1.319893e-13 -1.262430e-08 2.416801e-11
8.400000e-01 8.400000e-01 1.000000e+00 -1.462270e-05 1.463520e-05 1.273000e-13 -1.255750e-08 5.737270e-11
8.500000e-01 8.500000e-01 1.000000e+00 -1.468930e-05 1.470180e-05 1.229686e-13 -1.249350e-08 6.622969e-12
8.600000e-01 8.600000e-01 1.000000e+00 -1.475410e-05 1.476650e-05 1.189604e-13 -1.243220e-08 3.208104e-11
8.700000e-01 8.700000e-01 1.000000e+00 -1.481710e-05 1.482950e-05 1.152446e-13 -1.237350e-08 2.661524e-11
8.800000e-01 8.800000e-01 1.000000e+00 -1.487840e-05 1.489070e-05 1.117941e-13 -1.231720e-08 1.708821e-11
8.900000e-01 8.900000e-01 1.000000e+00 -1.493810e-05 1.495040e-05 1.085846e-13 -1.226320e-08 3.690858e-11
9.000000e-01 9.000000e-01 1.000000e+00 -1.499620e-05 1.500850e-05 1.055943e-13 -1.221140e-08 8.870559e-11
9.100000e-01 9.100000e-01 1.000000e+00 -1.505290e-05 1.506500e-05 1.028038e-13 -1.216170e-08 6.159720e-11
9.200000e-01 9.200000e-01 1.000000e+00 -1.510800e-05 1.512010e-05 1.001959e-13 -1.211390e-08 1.379980e-11
9.300000e-01 9.300000e-01 1.000000e+00 -1.516180e-05 1.517380e-05 9.775500e-14 -1.206810e-08 6.800225e-11
9.400000e-01 9.400000e-01 1.000000e+00 -1.521420e-05 1.522620e-05 9.546700e-14 -1.202390e-08 2.380453e-11
9.500000e-01 9.500000e-01 1.000000e+00 -1.526530e-05 1.527720e-05 9.331940e-14 -1.198150e-08 8.140668e-11
9.600000e-01 9.600000e-01 1.000000e+00 -1.531510e-05 1.532700e-05 9.130090e-14 -1.194070e-08 4.060870e-11
9.700000e-01 9.700000e-01 1.000000e+00 -1.536370e-05 1.537560e-05 8.940100e-14 -1.190140e-08 1.310599e-12
9.800000e-01 9.800000e-01 1.000000e+00 -1.541120e-05 1.542310e-05 8.761070e-14 -1.186350e-08 3.658761e-11
9.900000e-01 9.900000e-01 1.000000e+00 -1.545750e-05 1.546940e-05 8.592140e-14 -1.182700e-08 7.308592e-11
1.000000e+00 1.000000e+00 1.000000e+00 -1.550280e-05 1.551460e-05 8.432560e-14 -1.179190e-08 8.184326e-12
1.010000e+00 1.010000e+00 1.000000e+00 -1.554700e-05 1.555880e-05 8.281620e-14 -1.175790e-08 4.218282e-11
1.020000e+00 1.020000e+00 1.000000e+00 -1.559020e-05 1.560190e-05 8.138700e-14 -1.172510e-08 2.501861e-11
1.030000e+00 1.030000e+00 1.000000e+00 -1.563250e-05 1.564420e-05 8.003210e-14 -1.169350e-08 6.580032e-12
1.040000e+00 1.040000e+00 1.000000e+00 -1.567380e-05 1.568540e-05 7.874640e-14 -1.166290e-08 6.282125e-11
1.050000e+00 1.050000e+00 1.000000e+00 -1.571420e-05 1.572580e-05 7.752510e-14 -1.163340e-08 3.332247e-11
1.060000e+00 1.060000e+00 1.000000e+00 -1.575370e-05 1.576530e-05 7.636360e-14 -1.160480e-08 4.723636e-12
1.070000e+00 1.070000e+00 1.000000e+00 -1.579240e-05 1.580400e-05 7.525800e-14 -1.157710e-08 2.297526e-11
1.080000e+00 1.080000e+00 1.000000e+00 -1.583030e-05 1.584180e-05 7.420460e-14 -1.155030e-08 5.022580e-11
1.090000e+00 1.090000e+00 1.000000e+00 -1.586740e-05 1.587890e-05 7.320000e-14 -1.152440e-08 2.432680e-11
1.100000e+00 1.100000e+00 1.000000e+00 -1.590370e-05 1.591520e-05 7.224100e-14 -1.149930e-08 7.722410e-13
1.110000e+00 1.110000e+00 1.000000e+00 -1.593930e-05 1.595080e-05 7.132480e-14 -1.147490e-08 2.517132e-11
1.120000e+00 1.120000e+00 1.000000e+00 -1.597430e-05 1.598570e-05 7.044860e-14 -1.145130e-08 5.122955e-11
1.130000e+00 1.130000e+00 1.000000e+00 -1.600850e-05 1.601990e-05 6.961010e-14 -1.142830e-08 2.823039e-11
1.140000e+00 1.140000e+00 1.000000e+00 -1.604200e-05 1.605350e-05 6.880690e-14 -1.140610e-08 9.396881e-11
1.150000e+00 1.150000e+00 1.000000e+00 -1.607500e-05 1.608640e-05 6.803690e-14 -1.138440e-08 1.566804e-11
1.160000e+00 1.160000e+00 1.000000e+00 -1.610730e-05 1.611870e-05 6.729830e-14 -1.136340e-08 3.666730e-11
1.170000e+00 1.170000e+00 1.000000e+00 -1.613900e-05 1.615040e-05 6.658910e-14 -1.134300e-08 5.706659e-11
1.180000e+00 1.180000e+00 1.000000e+00 -1.617010e-05 1.618150e-05 6.590780e-14 -1.132310e-08 7.696591e-11
1.190000e+00 1.190000e+00 1.000000e+00 -1.620070e-05 1.621200e-05 6.525270e-14 -1.130380e-08 3.734747e-12
1.200000e+00 1.200000e+00 1.000000e+00 -1.623080e-05 1.624210e-05 6.462240e-14 -1.128500e-08 1.506462e-11
0.000000e+00 0.000000e+00 1.200000e+00 5.141980e-08 5.141980e-08 3.307800e-03 -3.307900e-03 2.839600e-09
1.000000e-02 1.000000e-02 1.200000e+00 -1.752949e-07 2.764769e-07 2.556100e-03 -2.556200e-03 1.182000e-09
2.000000e-02 2.000000e-02 1.200000e+00 -4.025556e-07 5.021004e-07 1.975700e-03 -1.975800e-03 4.552000e-10
3.000000e-02 3.000000e-02 1.200000e+00 -6.303536e-07 7.282811e-07 1.527400e-03 -1.527500e-03 2.072500e-09
4.000000e-02 4.000000e-02 1.200000e+00 -8.586781e-07 9.550083e-07 1.181100e-03 -1.181200e-03 3.669800e-09
5.000000e-02 5.000000e-02 1.200000e+00 -1.087500e-06 1.182300e-06 9.135870e-04 -9.136817e-04 1.000000e-10
6.000000e-02 6.000000e-02 1.200000e+00 -1.316900e-06 1.410100e-06 7.068171e-04 -7.069103e-04 0.000000e+00
7.000000e-02 7.000000e-02 1.200000e+00 -1.546700e-06 1.638300e-06 5.469912e-04 -5.470828e-04 0.000000e+00
8.000000e-02 8.000000e-02 1.200000e+00 -1.777000e-06 1.867100e-06 4.234247e-04 -4.235148e-04 0.000000e+00
9.000000e-02 9.000000e-02 1.200000e+00 -2.007700e-06 2.096400e-06 3.278700e-04 -3.279587e-04 5.421011e-20
1.000000e-01 1.000000e-01 1.200000e+00 -2.238900e-06 2.326000e-06 2.539599e-04 -2.540471e-04 1.000000e-10
1.100000e-01 1.100000e-01 1.200000e+00 -2.470500e-06 2.556200e-06 1.967775e-04 -1.968631e-04 1.000000e-10
1.200000e-01 1.200000e-01 1.200000e+00 -2.702400e-06 2.786700e-06 1.525253e-04 -1.526096e-04 2.710505e-20
1.300000e-01 1.300000e-01 1.200000e+00 -2.934700e-06 3.017600e-06 1.182703e-04 -1.183531e-04 1.000000e-10
1.400000e-01 1.400000e-01 1.200000e+00 -3.167400e-06 3.248800e-06 9.174610e-05 -9.182750e-05 0.000000e+00
1.500000e-01 1.500000e-01 1.200000e+00 -3.400400e-06 3.480400e-06 7.120180e-05 -7.128180e-05 0.000000e+00
1.600000e-01 1.600000e-01 1.200000e+00 -3.633600e-06 3.712300e-06 5.528380e-05 -5.536250e-05 0.000000e+00
1.700000e-01 1.700000e-01 1.200000e+00 -3.867100e-06 3.944400e-06 4.294600e-05 -4.302340e-05 1.000000e-10
1.800000e-01 1.800000e-01 1.200000e+00 -4.100800e-06 4.176800e-06 3.337970e-05 -3.345560e-05 1.000000e-10
1.900000e-01 1.900000e-01 1.200000e+00 -4.334700e-06 4.409400e-06 2.595910e-05 -2.603380e-05 0.000000e+00
2.000000e-01 2.000000e-01 1.200000e+00 -4.568700e-06 4.642100e-06 2.020060e-05 -2.027400e-05 3.388132e-21
2.100000e-01 2.100000e-01 1.200000e+00 -4.802900e-06 4.875000e-06 1.572980e-05 -1.580190e-05 0.000000e+00
2.200000e-01 2.200000e-01 1.200000e+00 -5.037200e-06 5.108000e-06 1.225700e-05 -1.232780e-05 0.000000e+00
2.300000e-01 2.300000e-01 1.200000e+00 -5.271500e-06 5.341100e-06 9.558000e-06 -9.627600e-06 0.000000e+00
2.400000e-01 2.400000e-01 1.200000e+00 -5.505800e-06 5.574200e-06 7.459300e-06 -7.527700e-06 0.000000e+00
2.500000e-01 2.500000e-01 1.200000e+00 -5.740000e-06 5.807200e-06 5.826200e-06 -5.893400e-06 0.000000e+00
2.600000e-01 2.600000e-01 1.200000e+00 -5.974200e-06 6.040300e-06 4.554800e-06 -4.620800e-06 1.000000e-10
2.700000e-01 2.700000e-01 1.200000e+00 -6.208300e-06 6.273200e-06 3.564200e-06 -3.629000e-06 1.000000e-10
2.800000e-01 2.800000e-01 1.200000e+00 -6.442300e-06 6.506000e-06 2.791800e-06 -2.855500e-06 4.235165e-22
2.900000e-01 2.900000e-01 1.200000e+00 -6.676000e-06 6.738600e-06 2.189100e-06 -2.251700e-06 8.470329e-22
3.000000e-01 3.000000e-01 1.200000e+00 -6.909600e-06 6.971100e-06 1.718500e-06 -1.780000e-06 6.352747e-22
3.100000e-01 3.100000e-01 1.200000e+00 -7.142800e-06 7.203200e-06 1.350600e-06 -1.411000e-06 4.235165e-22
3.200000e-01 3.200000e-01 1.200000e+00 -7.375800e-06 7.435100e-06 1.062800e-06 -1.122100e-06 4.235165e-22
3.300000e-01 3.300000e-01 1.200000e+00 -7.608400e-06 7.666600e-06 8.374474e-07 -8.957165e-07 6.910000e-11
3.400000e-01 3.400000e-01 1.200000e+00 -7.840500e-06 7.897800e-06 6.607748e-07 -7.180101e-07 6.470000e-11
3.500000e-01 3.500000e-01 1.200000e+00 -8.072300e-06 8.128500e-06 5.221287e-07 -5.783487e-07 2.000000e-11
3.600000e-01 3.600000e-01 1.200000e+00 -8.303500e-06 8.358800e-06 4.131999e-07 -4.684229e-07 7.700000e-11
3.700000e-01 3.700000e-01 1.200000e+00 -8.534200e-06 8.588500e-06 3.275156e-07 -3.817601e-07 5.550000e-11
3.800000e-01 3.800000e-01 1.200000e+00 -8.764400e-06 8.817700e-06 2.600305e-07 -3.133148e-07 1.570000e-11
3.900000e-01 3.900000e-01 1.200000e+00 -8.993900e-06 9.046200e-06 2.068086e-07 -2.591510e-07 4.240000e-11
4.000000e-01 4.000000e-01 1.200000e+00 -9.222700e-06 9.274100e-06 1.647772e-07 -2.161959e-07 1.870000e-11
4.100000e-01 4.100000e-01 1.200000e+00 -9.450800e-06 9.501300e-06 1.315350e-07 -1.820484e-07 1.340000e-11
4.200000e-01 4.200000e-01 1.200000e+00 -9.678100e-06 9.727800e-06 1.052044e-07 -1.548307e-07 7.370000e-11
4.300000e-01 4.300000e-01 1.200000e+00 -9.904700e-06 9.953400e-06 8.431540e-08 -1.330727e-07 5.730000e-11
4.400000e-01 4.400000e-01 1.200000e+00 -1.013030e-05 1.017820e-05 6.771620e-08 -1.156227e-07 6.500000e-12
4.500000e-01 4.500000e-01 1.200000e+00 -1.035500e-05 1.040210e-05 5.450340e-08 -1.015769e-07 2.650000e-11
4.600000e-01 4.600000e-01 1.200000e+00 -1.057870e-05 1.062500e-05 4.396740e-08 -9.022600e-08 4.140000e-11
4.700000e-01 4.700000e-01 1.200000e+00 -1.080150e-05 1.084690e-05 3.555050e-08 -8.101210e-08 6.160000e-11
4.800000e-01 4.800000e-01 1.200000e+00 -1.102310e-05 1.106780e-05 2.881380e-08 -7.349610e-08 1.770000e-11
4.900000e-01 4.900000e-01 1.200000e+00 -1.124360e-05 1.128750e-05 2.341120e-08 -6.733190e-08 2.070000e-11
5.000000e-01 5.000000e-01 1.200000e+00 -1.146290e-05 1.150600e-05 1.906980e-08 -6.224650e-08 7.670000e-11
5.100000e-01 5.100000e-01 1.200000e+00 -1.168090e-05 1.172330e-05 1.557400e-08 -5.802400e-08 5.000000e-11
5.200000e-01 5.200000e-01 1.200000e+00 -1.189760e-05 1.193930e-05 1.275290e-08 -5.449370e-08 4.080000e-11
5.300000e-01 5.300000e-01 1.200000e+00 -1.211290e-05 1.215400e-05 1.047130e-08 -5.152000e-08 5.130000e-11
5.400000e-01 5.400000e-01 1.200000e+00 -1.232680e-05 1.236720e-05 8.621900e-09 -4.899560e-08 2.630000e-11
5.500000e-01 5.500000e-01 1.200000e+00 -1.253920e-05 1.257890e-05 7.119400e-09 -4.683490e-08 1.550000e-11
5.600000e-01 5.600000e-01 1.200000e+00 -1.275000e-05 1.278910e-05 5.895800e-09 -4.496990e-08 2.590000e-11
5.700000e-01 5.700000e-01 1.200000e+00 -1.295920e-05 1.299760e-05 4.896900e-09 -4.334620e-08 4.930000e-11
5.800000e-01 5.800000e-01 1.200000e+00 -1.316660e-05 1.320450e-05 4.079500e-09 -4.192030e-08 5.920000e-11
5.900000e-01 5.900000e-01 1.200000e+00 -1.337230e-05 1.340960e-05 3.409000e-09 -4.065740e-08 5.160000e-11
6.000000e-01 6.000000e-01 1.200000e+00 -1.357610e-05 1.361280e-05 2.857500e-09 -3.952950e-08 2.800000e-11
6.100000e-01 6.100000e-01 1.200000e+00 -1.377810e-05 1.381420e-05 2.402700e-09 -3.851410e-08 1.140000e-11
6.200000e-01 6.200000e-01 1.200000e+00 -1.397800e-05 1.401360e-05 2.026700e-09 -3.759320e-08 3.350000e-11
6.300000e-01 6.300000e-01 1.200000e+00 -1.417590e-05 1.421100e-05 1.715000e-09 -3.675180e-08 6.320000e-11
6.400000e-01 6.400000e-01 1.200000e+00 -1.437170e-05 1.440620e-05 1.456000e-09 -3.597820e-08 2.220000e-11
6.500000e-01 6.500000e-01 1.200000e+00 -1.456530e-05 1.459930e-05 1.240100e-09 -3.526270e-08 2.260000e-11
6.600000e-01 6.600000e-01 1.200000e+00 -1.475660e-05 1.479020e-05 1.059700e-09 -3.459720e-08 6.250000e-11
6.700000e-01 6.700000e-01 1.200000e+00 -1.494570e-05 1.497880e-05 9.084792e-10 -3.397540e-08 3.307920e-11
6.800000e-01 6.800000e-01 1.200000e+00 -1.513240e-05 1.516500e-05 7.814399e-10 -3.339190e-08 1.046010e-11
6.900000e-01 6.900000e-01 1.200000e+00 -1.531660e-05 1.534880e-05 6.743928e-10 -3.284220e-08 3.219280e-11
7.000000e-01 7.000000e-01 1.200000e+00 -1.549840e-05 1.553010e-05 5.839402e-10 -3.232280e-08 3.885980e-11
7.100000e-01 7.100000e-01 1.200000e+00 -1.567760e-05 1.570890e-05 5.072960e-10 -3.183050e-08 2.320400e-11
7.200000e-01 7.200000e-01 1.200000e+00 -1.585420e-05 1.588510e-05 4.421705e-10 -3.136280e-08 2.062950e-11
7.300000e-01 7.300000e-01 1.200000e+00 -1.602820e-05 1.605870e-05 3.866777e-10 -3.091750e-08 3.082230e-11
7.400000e-01 7.400000e-01 1.200000e+00 -1.619950e-05 1.622970e-05 3.392606e-10 -3.049280e-08 4.646060e-11
7.500000e-01 7.500000e-01 1.200000e+00 -1.636810e-05 1.639790e-05 2.986310e-10 -3.008710e-08 1.153100e-11
7.600000e-01 7.600000e-01 1.200000e+00 -1.653400e-05 1.656340e-05 2.637205e-10 -2.969910e-08 3.537950e-11
7.700000e-01 7.700000e-01 1.200000e+00 -1.669710e-05 1.672620e-05 2.336410e-10 -2.932760e-08 6.041000e-12
7.800000e-01 7.800000e-01 1.200000e+00 -1.685740e-05 1.688610e-05 2.076528e-10 -2.897150e-08 6.384720e-11
7.900000e-01 7.900000e-01 1.200000e+00 -1.701490e-05 1.704330e-05 1.851378e-10 -2.862990e-08 4.476220e-11
8.000000e-01 8.000000e-01 1.200000e+00 -1.716950e-05 1.719760e-05 1.655790e-10 -2.830210e-08 3.652100e-11
8.100000e-01 8.100000e-01 1.200000e+00 -1.732130e-05 1.734920e-05 1.485425e-10 -2.798730e-08 6.124250e-11
8.200000e-01 8.200000e-01 1.200000e+00 -1.747030e-05 1.749780e-05 1.336634e-10 -2.768490e-08 5.123660e-11
8.300000e-01 8.300000e-01 1.200000e+00 -1.761640e-05 1.764370e-05 1.206342e-10 -2.739420e-08 2.643420e-11
8.400000e-01 8.400000e-01 1.200000e+00 -1.775960e-05 1.778670e-05 1.091953e-10 -2.711470e-08 9.449530e-11
8.500000e-01 8.500000e-01 1.200000e+00 -1.790010e-05 1.792680e-05 9.912650e-11 -2.684590e-08 4.677350e-11
8.600000e-01 8.600000e-01 1.200000e+00 -1.803770e-05 1.806420e-05 9.024120e-11 -2.658730e-08 2.941200e-12
8.700000e-01 8.700000e-01 1.200000e+00 -1.817250e-05 1.819870e-05 8.238070e-11 -2.633850e-08 5.611930e-11
8.800000e-01 8.800000e-01 1.200000e+00 -1.830450e-05 1.833050e-05 7.540950e-11 -2.609910e-08 2.369050e-11
8.900000e-01 8.900000e-01 1.200000e+00 -1.843370e-05 1.845950e-05 6.921200e-11 -2.586860e-08 6.120000e-13
9.000000e-01 9.000000e-01 1.200000e+00 -1.856020e-05 1.858580e-05 6.368910e-11 -2.564680e-08 1.688910e-11
9.100000e-01 9.100000e-01 1.200000e+00 -1.868400e-05 1.870940e-05 5.875580e-11 -2.543320e-08 2.555580e-11
9.200000e-01 9.200000e-01 1.200000e+00 -1.880520e-05 1.883030e-05 5.433890e-11 -2.522760e-08 7.326110e-11
9.300000e-01 9.300000e-01 1.200000e+00 -1.892370e-05 1.894860e-05 5.037540e-11 -2.502960e-08 7.922460e-11
9.400000e-01 9.400000e-01 1.200000e+00 -1.903960e-05 1.906430e-05 4.681080e-11 -2.483880e-08 9.198920e-11
9.500000e-01 9.500000e-01 1.200000e+00 -1.915290e-05 1.917750e-05 4.359800e-11 -2.465510e-08 1.150200e-11
9.600000e-01 9.600000e-01 1.200000e+00 -1.926370e-05 1.928810e-05 4.069600e-11 -2.447800e-08 3.730400e-11
9.700000e-01 9.700000e-01 1.200000e+00 -1.937200e-05 1.939630e-05 3.806920e-11 -2.430750e-08 3.056920e-11
9.800000e-01 9.800000e-01 1.200000e+00 -1.947800e-05 1.950210e-05 3.568660e-11 -2.414310e-08 7.413400e-12
9.900000e-01 9.900000e-01 1.200000e+00 -1.958150e-05 1.960550e-05 3.352130e-11 -2.398470e-08 4.882130e-11
1.000000e+00 1.000000e+00 1.200000e+00 -1.968270e-05 1.970650e-05 3.154940e-11 -2.383190e-08 3.506000e-13
1.010000e+00 1.010000e+00 1.200000e+00 -1.978170e-05 1.980530e-05 2.975030e-11 -2.368470e-08 5.494970e-11
1.020000e+00 1.020000e+00 1.200000e+00 -1.987840e-05 1.990190e-05 2.810570e-11 -2.354270e-08 1.459430e-11
1.030000e+00 1.030000e+00 1.200000e+00 -1.997290e-05 1.999630e-05 2.659960e-11 -2.340570e-08 2.089960e-11
1.040000e+00 1.040000e+00 1.200000e+00 -2.006530e-05 2.008850e-05 2.521780e-11 -2.327360e-08 4.838220e-11
1.050000e+00 1.050000e+00 1.200000e+00 -2.015560e-05 2.017870e-05 2.394780e-11 -2.314610e-08 2.215220e-11
1.060000e+00 1.060000e+00 1.200000e+00 -2.024390e-05 2.026690e-05 2.277860e-11 -2.302310e-08 3.214000e-13
1.070000e+00 1.070000e+00 1.200000e+00 -2.033010e-05 2.035300e-05 2.170040e-11 -2.290440e-08 1.730040e-11
1.080000e+00 1.080000e+00 1.200000e+00 -2.041450e-05 2.043730e-05 2.070440e-11 -2.278970e-08 3.100440e-11
1.090000e+00 1.090000e+00 1.200000e+00 -2.049700e-05 2.051970e-05 1.978300e-11 -2.267900e-08 4.078300e-11
1.100000e+00 1.100000e+00 1.200000e+00 -2.057770e-05 2.060020e-05 1.892920e-11 -2.257200e-08 5.307080e-11
1.110000e+00 1.110000e+00 1.200000e+00 -2.065650e-05 2.067900e-05 1.813690e-11 -2.246870e-08 4.943690e-11
1.120000e+00 1.120000e+00 1.200000e+00 -2.073370e-05 2.075600e-05 1.740040e-11 -2.236880e-08 5.139960e-11
1.130000e+00 1.130000e+00 1.200000e+00 -2.080910e-05 2.083140e-05 1.671500e-11 -2.227220e-08 4.451500e-11
1.140000e+00 1.140000e+00 1.200000e+00 -2.088290e-05 2.090510e-05 1.607620e-11 -2.217890e-08 3.717620e-11
1.150000e+00 1.150000e+00 1.200000e+00 -2.095510e-05 2.097720e-05 1.547990e-11 -2.208860e-08 2.687990e-11
1.160000e+00 1.160000e+00 1.200000e+00 -2.102580e-05 2.104780e-05 1.492260e-11 -2.200120e-08 1.372260e-11
1.170000e+00 1.170000e+00 1.200000e+00 -2.109490e-05 2.111680e-05 1.440110e-11 -2.191670e-08 2.298900e-12
1.180000e+00 1.180000e+00 1.200000e+00 -2.116260e-05 2.118450e-05 1.391240e-11 -2.183480e-08 7.911240e-11
1.190000e+00 1.190000e+00 1.200000e+00 -2.122890e-05 2.125060e-05 1.345390e-11 -2.175550e-08 4.204610e-11
1.200000e+00 1.200000e+00 1.200000e+00 -2.129380e-05 2.131540e-05 1.302320e-11 -2.167880e-08 6.577680e-11