Title: * shot noise
Date: Tue Jul 21 14:35:27  2026
Command: hspice S-2021.09
Plotname: Noise Spectral Density Curves
Flags: real
No. Variables: 3
No. Points: 141
Variables:
	0	frequency	frequency grid=3
	1	freq	frequency
	2	noise_spectrum	voltage-density
Values:
 0	1.0000000000e-01
	1.0000000000e-01
	1.9317763846e-04

 1	1.1220180000e-01
	1.1220180000e-01
	1.8237132450e-04

 2	1.2589250000e-01
	1.2589250000e-01
	1.7216968374e-04

 3	1.4125380000e-01
	1.4125380000e-01
	1.6253861080e-04

 4	1.5848930000e-01
	1.5848930000e-01
	1.5344640758e-04

 5	1.7782790000e-01
	1.7782790000e-01
	1.4486269361e-04

 6	1.9952620000e-01
	1.9952620000e-01
	1.3675927756e-04

 7	2.2387210000e-01
	2.2387210000e-01
	1.2910925606e-04

 8	2.5118860000e-01
	2.5118860000e-01
	1.2188683276e-04

 9	2.8183830000e-01
	2.8183830000e-01
	1.1506867515e-04

 10	3.1622780000e-01
	3.1622780000e-01
	1.0863194742e-04

 11	3.5481340000e-01
	3.5481340000e-01
	1.0255486337e-04

 12	3.9810720000e-01
	3.9810720000e-01
	9.6818386684e-05

 13	4.4668360000e-01
	4.4668360000e-01
	9.1402406970e-05

 14	5.0118720000e-01
	5.0118720000e-01
	8.6289049131e-05

 15	5.6234130000e-01
	5.6234130000e-01
	8.1462261201e-05

 16	6.3095730000e-01
	6.3095730000e-01
	7.6905136369e-05

 17	7.0794580000e-01
	7.0794580000e-01
	7.2603718913e-05

 18	7.9432820000e-01
	7.9432820000e-01
	6.8541957953e-05

 19	8.9125090000e-01
	8.9125090000e-01
	6.4707804784e-05

 20	1.0000000000e+00
	1.0000000000e+00
	6.1088460449e-05

 21	1.1220000000e+00
	1.1220000000e+00
	5.7670616435e-05

 22	1.2589000000e+00
	1.2589000000e+00
	5.4444467120e-05

 23	1.4125000000e+00
	1.4125000000e+00
	5.1399416339e-05

 24	1.5849000000e+00
	1.5849000000e+00
	4.8524220756e-05

 25	1.7783000000e+00
	1.7783000000e+00
	4.5809387684e-05

 26	1.9953000000e+00
	1.9953000000e+00
	4.3246965211e-05

 27	2.2387000000e+00
	2.2387000000e+00
	4.0827686684e-05

 28	2.5119000000e+00
	2.5119000000e+00
	3.8543481939e-05

 29	2.8184000000e+00
	2.8184000000e+00
	3.6388184896e-05

 30	3.1623000000e+00
	3.1623000000e+00
	3.4352583600e-05

 31	3.5481000000e+00
	3.5481000000e+00
	3.2431466202e-05

 32	3.9811000000e+00
	3.9811000000e+00
	3.0616590274e-05

 33	4.4668000000e+00
	4.4668000000e+00
	2.8903925339e-05

 34	5.0119000000e+00
	5.0119000000e+00
	2.7287066533e-05

 35	5.6234000000e+00
	5.6234000000e+00
	2.5760652166e-05

 36	6.3096000000e+00
	6.3096000000e+00
	2.4319623764e-05

 37	7.0795000000e+00
	7.0795000000e+00
	2.2959205126e-05

 38	7.9433000000e+00
	7.9433000000e+00
	2.1674888696e-05

 39	8.9125000000e+00
	8.9125000000e+00
	2.0462414325e-05

 40	1.0000000000e+01
	1.0000000000e+01
	1.9317763846e-05

 41	1.1220200000e+01
	1.1220200000e+01
	1.8237146158e-05

 42	1.2589300000e+01
	1.2589300000e+01
	1.7216977087e-05

 43	1.4125400000e+01
	1.4125400000e+01
	1.6253873385e-05

 44	1.5848900000e+01
	1.5848900000e+01
	1.5344647275e-05

 45	1.7782800000e+01
	1.7782800000e+01
	1.4486279716e-05

 46	1.9952600000e+01
	1.9952600000e+01
	1.3675931413e-05

 47	2.2387200000e+01
	2.2387200000e+01
	1.2910913988e-05

 48	2.5118900000e+01
	2.5118900000e+01
	1.2188687378e-05

 49	2.8183800000e+01
	2.8183800000e+01
	1.1506863169e-05

 50	3.1622800000e+01
	3.1622800000e+01
	1.0863180934e-05

 51	3.5481300000e+01
	3.5481300000e+01
	1.0255505838e-05

 52	3.9810700000e+01
	3.9810700000e+01
	9.6818231754e-06

 53	4.4668400000e+01
	4.4668400000e+01
	9.1402297564e-06

 54	5.0118700000e+01
	5.0118700000e+01
	8.6289338855e-06

 55	5.6234100000e+01
	5.6234100000e+01
	8.1462383957e-06

 56	6.3095700000e+01
	6.3095700000e+01
	7.6905461445e-06

 57	7.0794600000e+01
	7.0794600000e+01
	7.2603443445e-06

 58	7.9432800000e+01
	7.9432800000e+01
	6.8542103849e-06

 59	8.9125100000e+01
	8.9125100000e+01
	6.4707882055e-06

 60	1.0000000000e+02
	1.0000000000e+02
	6.1088214903e-06

 61	1.1220180000e+02
	1.1220180000e+02
	5.7670963231e-06

 62	1.2589250000e+02
	1.2589250000e+02
	5.4444926302e-06

 63	1.4125380000e+02
	1.4125380000e+02
	5.1399319062e-06

 64	1.5848930000e+02
	1.5848930000e+02
	4.8524117715e-06

 65	1.7782790000e+02
	1.7782790000e+02
	4.5809715127e-06

 66	1.9952620000e+02
	1.9952620000e+02
	4.3247196441e-06

 67	2.2387210000e+02
	2.2387210000e+02
	4.0828054080e-06

 68	2.5118860000e+02
	2.5118860000e+02
	3.8544130552e-06

 69	2.8183830000e+02
	2.8183830000e+02
	3.6388047488e-06

 70	3.1622780000e+02
	3.1622780000e+02
	3.4352583600e-06

 71	3.5481340000e+02
	3.5481340000e+02
	3.2430849511e-06

 72	3.9810720000e+02
	3.9810720000e+02
	3.0616825440e-06

 73	4.4668360000e+02
	4.4668360000e+02
	2.8904151951e-06

 74	5.0118720000e+02
	5.0118720000e+02
	2.7287176475e-06

 75	5.6234130000e+02
	5.6234130000e+02
	2.5760822968e-06

 76	6.3095730000e+02
	6.3095730000e+02
	2.4319745064e-06

 77	7.0794580000e+02
	7.0794580000e+02
	2.2959311836e-06

 78	7.9432820000e+02
	7.9432820000e+02
	2.1675100922e-06

 79	8.9125090000e+02
	8.9125090000e+02
	2.0462648900e-06

 80	1.0000000000e+03
	1.0000000000e+03
	1.9318126203e-06

 81	1.1220000000e+03
	1.1220000000e+03
	1.8237324365e-06

 82	1.2589000000e+03
	1.2589000000e+03
	1.7217142620e-06

 83	1.4125000000e+03
	1.4125000000e+03
	1.6254230219e-06

 84	1.5849000000e+03
	1.5849000000e+03
	1.5345031769e-06

 85	1.7783000000e+03
	1.7783000000e+03
	1.4486545482e-06

 86	1.9953000000e+03
	1.9953000000e+03
	1.3676256798e-06

 87	2.2387000000e+03
	2.2387000000e+03
	1.2911235417e-06

 88	2.5119000000e+03
	2.5119000000e+03
	1.2188929403e-06

 89	2.8184000000e+03
	2.8184000000e+03
	1.1507388931e-06

 90	3.1623000000e+03
	3.1623000000e+03
	1.0863701027e-06

 91	3.5481000000e+03
	3.5481000000e+03
	1.0256217626e-06

 92	3.9811000000e+03
	3.9811000000e+03
	9.6823261668e-07

 93	4.4668000000e+03
	4.4668000000e+03
	9.1407641912e-07

 94	5.0119000000e+03
	5.0119000000e+03
	8.6294999855e-07

 95	5.6234000000e+03
	5.6234000000e+03
	8.1468392644e-07

 96	6.3096000000e+03
	6.3096000000e+03
	7.6911819638e-07

 97	7.0795000000e+03
	7.0795000000e+03
	7.2610185236e-07

 98	7.9433000000e+03
	7.9433000000e+03
	6.8549215896e-07

 99	8.9125000000e+03
	8.9125000000e+03
	6.4715461831e-07

 100	1.0000000000e+04
	1.0000000000e+04
	6.1096219196e-07

 101	1.1220200000e+04
	1.1220200000e+04
	5.7679485088e-07

 102	1.2589300000e+04
	1.2589300000e+04
	5.4453925478e-07

 103	1.4125400000e+04
	1.4125400000e+04
	5.1408870830e-07

 104	1.5848900000e+04
	1.5848900000e+04
	4.8534204434e-07

 105	1.7782800000e+04
	1.7782800000e+04
	4.5820421212e-07

 106	1.9952600000e+04
	1.9952600000e+04
	4.3258513613e-07

 107	2.2387200000e+04
	2.2387200000e+04
	4.0839980411e-07

 108	2.5118900000e+04
	2.5118900000e+04
	3.8556828189e-07

 109	2.8183800000e+04
	2.8183800000e+04
	3.6401469751e-07

 110	3.1622800000e+04
	3.1622800000e+04
	3.4366757194e-07

 111	3.5481300000e+04
	3.5481300000e+04
	3.2445970474e-07

 112	3.9810700000e+04
	3.9810700000e+04
	3.0632727596e-07

 113	4.4668400000e+04
	4.4668400000e+04
	2.8921013122e-07

 114	5.0118700000e+04
	5.0118700000e+04
	2.7305164347e-07

 115	5.6234100000e+04
	5.6234100000e+04
	2.5779837082e-07

 116	6.3095700000e+04
	6.3095700000e+04
	2.4339946590e-07

 117	7.0794600000e+04
	7.0794600000e+04
	2.2980731059e-07

 118	7.9432800000e+04
	7.9432800000e+04
	2.1697672686e-07

 119	8.9125100000e+04
	8.9125100000e+04
	2.0486556568e-07

 120	1.0000000000e+05
	1.0000000000e+05
	1.9343319260e-07

 121	1.1220180000e+05
	1.1220180000e+05
	1.8264227331e-07

 122	1.2589250000e+05
	1.2589250000e+05
	1.7245666122e-07

 123	1.4125380000e+05
	1.4125380000e+05
	1.6284256200e-07

 124	1.5848930000e+05
	1.5848930000e+05
	1.5376833224e-07

 125	1.7782790000e+05
	1.7782790000e+05
	1.4520365009e-07

 126	1.9952620000e+05
	1.9952620000e+05
	1.3712038506e-07

 127	2.2387210000e+05
	2.2387210000e+05
	1.2949131245e-07

 128	2.5118860000e+05
	2.5118860000e+05
	1.2229186400e-07

 129	2.8183830000e+05
	2.8183830000e+05
	1.1549718611e-07

 130	3.1622780000e+05
	3.1622780000e+05
	1.0908574609e-07

 131	3.5481340000e+05
	3.5481340000e+05
	1.0303591607e-07

 132	3.9810720000e+05
	3.9810720000e+05
	9.7327282917e-08

 133	4.4668360000e+05
	4.4668360000e+05
	9.1941285612e-08

 134	5.0118720000e+05
	5.0118720000e+05
	8.6860232558e-08

 135	5.6234130000e+05
	5.6234130000e+05
	8.2067045761e-08

 136	6.3095730000e+05
	6.3095730000e+05
	7.7545470532e-08

 137	7.0794580000e+05
	7.0794580000e+05
	7.3280966151e-08

 138	7.9432820000e+05
	7.9432820000e+05
	6.9259656366e-08

 139	8.9125090000e+05
	8.9125090000e+05
	6.5467549213e-08

 140	1.0000000000e+06
	1.0000000000e+06
	6.1891841142e-08
