 time time v(in_power) v(out_power) power_diss energy
 0.0000000000e+00 0.0000000000e+00 0.0000000000e+00 1.1999999175e+00 8.9663792485e-13 1.6605966826e-24
 1.8520259255e-12 1.8520259255e-12 4.4448622211e-03 1.2021282254e+00 -3.5456670719e-02 -6.5666673400e-14
 3.2777266175e-12 3.2777266175e-12 7.8665438819e-03 1.2037678099e+00 -3.5423818226e-02 -1.3127250313e-13
 5.9426374192e-12 5.9426374192e-12 1.4262329806e-02 1.2068353376e+00 -3.5340932315e-02 -1.9672482601e-13
 1.1272459023e-11 1.1272459023e-11 2.7053901655e-02 1.2129817368e+00 -3.5258265029e-02 -2.6202404693e-13
 2.1932102230e-11 2.1932102230e-11 5.2637045352e-02 1.2253224451e+00 -3.4994618358e-02 -3.2683498738e-13
 4.3251388644e-11 4.3251388644e-11 1.0380333275e-01 1.2502186219e+00 -3.4495506767e-02 -3.9072156023e-13
 8.5889961472e-11 8.5889961472e-11 2.0613590753e-01 1.3011137008e+00 -3.3093473953e-02 -4.5201153195e-13
 1.4978568279e-10 1.4978568279e-10 3.5948563869e-01 1.3818771689e+00 -2.9510687293e-02 -5.0666608990e-13
 2.0471300877e-10 2.0471300877e-10 4.9131122104e-01 1.4597230512e+00 -2.2538090372e-02 -5.4840721758e-13
 2.4950955359e-10 2.4950955359e-10 5.9882292862e-01 1.5334007775e+00 -1.4128156858e-02 -5.7457293036e-13
 2.8882707964e-10 2.8882707964e-10 6.9318499114e-01 1.6060377909e+00 -9.1255650600e-03 -5.9147371343e-13
 3.3955286641e-10 3.3955286641e-10 8.1492687939e-01 1.7059032848e+00 -6.5197540000e-03 -6.0354846687e-13
 3.7686532473e-10 3.7686532473e-10 9.0447677935e-01 1.7814634957e+00 -5.9735711205e-03 -6.1461167545e-13
 4.1941576977e-10 4.1941576977e-10 1.0065978474e+00 1.8689042364e+00 -5.0919774353e-03 -6.2404214968e-13
 4.5970788488e-10 4.5970788488e-10 1.1032989237e+00 1.9526618578e+00 -4.9655132792e-03 -6.3323840900e-13
 5.0000000000e-10 5.0000000000e-10 1.2000000000e+00 2.0372061180e+00 -4.3309278070e-03 -6.4125939958e-13
 5.0375580673e-10 5.0375580673e-10 1.2000000000e+00 2.0372039373e+00 -2.3685635004e-06 -6.4126378622e-13
 5.1035575890e-10 5.1035575890e-10 1.2000000000e+00 2.0372001009e+00 -2.4032300356e-06 -6.4126823707e-13
 5.1804530749e-10 5.1804530749e-10 1.2000000000e+00 2.0371956313e+00 -2.3672058617e-06 -6.4127262119e-13
 5.3342440466e-10 5.3342440466e-10 1.2000000000e+00 2.0371866923e+00 -2.4031333782e-06 -6.4127707186e-13
 5.6418259900e-10 5.6418259900e-10 1.2000000000e+00 2.0371688143e+00 -2.3670123257e-06 -6.4128145563e-13
 6.2569898769e-10 6.2569898769e-10 1.2000000000e+00 2.0371330590e+00 -2.4027463306e-06 -6.4128590558e-13
 7.4873176505e-10 7.4873176505e-10 1.2000000000e+00 2.0370615510e+00 -2.3662382896e-06 -6.4129028791e-13
 8.7436588253e-10 8.7436588253e-10 1.2000000000e+00 2.0369885348e+00 -2.4017034710e-06 -6.4129473593e-13
 1.0000000000e-09 1.0000000000e-09 1.2000000000e+00 2.0369155223e+00 -2.3651846520e-06 -6.4129911631e-13
 1.0095627483e-09 1.0095627483e-09 1.2000000000e+00 2.0369099650e+00 -2.3831448115e-06 -6.4130352996e-13
 1.0250677011e-09 1.0250677011e-09 1.2000000000e+00 2.0369009546e+00 -2.3830713318e-06 -6.4130794347e-13
 1.0453185703e-09 1.0453185703e-09 1.2000000000e+00 2.0368891862e+00 -2.3829949005e-06 -6.4131235683e-13
 1.0858203087e-09 1.0858203087e-09 1.2000000000e+00 2.0368656498e+00 -2.3828166257e-06 -6.4131676987e-13
 1.1668237854e-09 1.1668237854e-09 1.2000000000e+00 2.0368185780e+00 -2.3824855136e-06 -6.4132118230e-13
 1.3288307389e-09 1.3288307389e-09 1.2000000000e+00 2.0367244392e+00 -2.3817979545e-06 -6.4132559345e-13
 1.6528446459e-09 1.6528446459e-09 1.2000000000e+00 2.0365361799e+00 -2.3804485819e-06 -6.4133000210e-13
 2.3008724598e-09 2.3008724598e-09 1.2000000000e+00 2.0361597350e+00 -2.3777257347e-06 -6.4133440571e-13
 3.5969280878e-09 3.5969280878e-09 1.2000000000e+00 2.0354071400e+00 -2.3723107115e-06 -6.4133879929e-13
 5.5969280878e-09 5.5969280878e-09 1.2000000000e+00 2.0342465476e+00 -2.3639468669e-06 -6.4134317738e-13
 7.5969280878e-09 7.5969280878e-09 1.2000000000e+00 2.0330868881e+00 -2.3556169514e-06 -6.4134754005e-13
 9.0484640439e-09 9.0484640439e-09 1.2000000000e+00 2.0322458273e+00 -2.3495671973e-06 -6.4135189151e-13
 1.0500000000e-08 1.0500000000e-08 1.2000000000e+00 2.0314052561e+00 -2.3435430987e-06 -6.4135623181e-13
 1.0521424508e-08 1.0521424508e-08 1.1485811798e+00 1.9863602600e+00 4.5916970498e-03 -6.3285228983e-13
 1.0542495220e-08 1.0542495220e-08 1.0980114713e+00 1.9422651414e+00 4.9591888993e-03 -6.2366774342e-13
 1.0584636644e-08 1.0584636644e-08 9.9687205437e-01 1.8547500691e+00 5.2221117913e-03 -6.1399625700e-13
 1.0638850979e-08 1.0638850979e-08 8.6675765001e-01 1.7437518466e+00 6.2258199257e-03 -6.0246587709e-13
 1.0709193911e-08 1.0709193911e-08 6.9793461339e-01 1.6042279819e+00 8.6001420152e-03 -5.8653819111e-13
 1.0755611525e-08 1.0755611525e-08 5.8653233936e-01 1.5190481737e+00 1.5477289402e-02 -5.5787384988e-13
 1.0803575831e-08 1.0803575831e-08 4.7141800490e-01 1.4421579290e+00 2.3999640086e-02 -5.1342589424e-13
 1.0844366997e-08 1.0844366997e-08 3.7351920687e-01 1.3848607656e+00 2.8920985528e-02 -4.5986347925e-13
 1.0899844386e-08 1.0899844386e-08 2.4037347259e-01 1.3139644791e+00 3.2724234023e-02 -3.9925734945e-13
 1.0942338853e-08 1.0942338853e-08 1.3838675375e-01 1.2627383129e+00 3.4025461868e-02 -3.3624131195e-13
 1.0971169426e-08 1.0971169426e-08 6.9193376873e-02 1.2289103909e+00 3.5063795042e-02 -2.7130225448e-13
 1.1000000000e-08 1.1000000000e-08 0.0000000000e+00 1.1961541090e+00 3.5965567058e-02 -2.0469309187e-13
 1.1003239221e-08 1.1003239221e-08 0.0000000000e+00 1.1961540960e+00 1.6831140093e-08 -2.0469306069e-13
 1.1009219191e-08 1.1009219191e-08 0.0000000000e+00 1.1961541094e+00 1.6974466360e-08 -2.0469302926e-13
 1.1015507801e-08 1.1015507801e-08 0.0000000000e+00 1.1961541207e+00 1.6820605359e-08 -2.0469299811e-13
 1.1028085022e-08 1.1028085022e-08 0.0000000000e+00 1.1961541431e+00 1.6974317400e-08 -2.0469296667e-13
 1.1053239463e-08 1.1053239463e-08 0.0000000000e+00 1.1961541881e+00 1.6820310636e-08 -2.0469293552e-13
 1.1103548346e-08 1.1103548346e-08 0.0000000000e+00 1.1961542781e+00 1.6973726383e-08 -2.0469290408e-13
 1.1204166110e-08 1.1204166110e-08 0.0000000000e+00 1.1961544581e+00 1.6819129247e-08 -2.0469287293e-13
 1.1405401640e-08 1.1405401640e-08 0.0000000000e+00 1.1961548180e+00 1.6971363828e-08 -2.0469284150e-13
 1.1702700820e-08 1.1702700820e-08 0.0000000000e+00 1.1961553497e+00 1.6815227569e-08 -2.0469281036e-13
 1.2000000000e-08 1.2000000000e-08 0.0000000000e+00 1.1961558813e+00 1.6966710830e-08 -2.0469277893e-13
 1.2014263449e-08 1.2014263449e-08 0.0000000000e+00 1.1961559068e+00 1.6889694630e-08 -2.0469274765e-13
 1.2034504435e-08 1.2034504435e-08 0.0000000000e+00 1.1961559430e+00 1.6889536378e-08 -2.0469271637e-13
 1.2069302689e-08 1.2069302689e-08 0.0000000000e+00 1.1961560052e+00 1.6889263734e-08 -2.0469268510e-13
 1.2138899197e-08 1.2138899197e-08 0.0000000000e+00 1.1961561296e+00 1.6888719432e-08 -2.0469265382e-13
 1.2278092213e-08 1.2278092213e-08 0.0000000000e+00 1.1961563785e+00 1.6887630099e-08 -2.0469262254e-13
 1.2556478245e-08 1.2556478245e-08 0.0000000000e+00 1.1961568761e+00 1.6885452764e-08 -2.0469259127e-13
 1.3113250309e-08 1.3113250309e-08 0.0000000000e+00 1.1961578712e+00 1.6881097627e-08 -2.0469256000e-13
 1.4226794437e-08 1.4226794437e-08 0.0000000000e+00 1.1961598607e+00 1.6872392045e-08 -2.0469252876e-13
 1.6226794437e-08 1.6226794437e-08 0.0000000000e+00 1.1961634312e+00 1.6856766241e-08 -2.0469249754e-13
 1.8226794437e-08 1.8226794437e-08 0.0000000000e+00 1.1961669985e+00 1.6841155690e-08 -2.0469246635e-13
 2.0000000000e-08 2.0000000000e-08 0.0000000000e+00 1.1961701585e+00 1.6827326572e-08 -2.0469243518e-13
 2.0023508805e-08 2.0023508805e-08 5.6421131137e-02 1.2227468528e+00 -3.5633166426e-02 -2.7068598321e-13
 2.0045924850e-08 2.0045924850e-08 1.1021963983e-01 1.2489109814e+00 -3.3910725877e-02 -3.3348952668e-13
 2.0090756941e-08 2.0090756941e-08 2.1781665722e-01 1.3024746372e+00 -3.3608574708e-02 -3.9573347836e-13
 2.0139241531e-08 2.0139241531e-08 3.3417967423e-01 1.3632710262e+00 -2.9705772858e-02 -4.5074933983e-13
 2.0202435215e-08 2.0202435215e-08 4.8584451549e-01 1.4511438608e+00 -2.4179455764e-02 -4.9553031877e-13
 2.0253087767e-08 2.0253087767e-08 6.0741064019e-01 1.5342684978e+00 -1.2737418780e-02 -5.1912034857e-13
 2.0296395102e-08 2.0296395102e-08 7.1134824560e-01 1.6149488190e+00 -9.5137334280e-03 -5.3674002953e-13
 2.0352962471e-08 2.0352962471e-08 8.4710993117e-01 1.7271104512e+00 -5.3120580888e-03 -5.4657809883e-13
 2.0392831147e-08 2.0392831147e-08 9.4279475323e-01 1.8082704900e+00 -6.6604247456e-03 -5.5891337813e-13
 2.0439999199e-08 2.0439999199e-08 1.0559980787e+00 1.9056563759e+00 -3.9956058040e-03 -5.6631334367e-13
 2.0500000000e-08 2.0500000000e-08 1.2000000000e+00 2.0312023580e+00 -5.5413670529e-03 -5.7657609911e-13
 2.0504475858e-08 2.0504475858e-08 1.2000000000e+00 2.0311997712e+00 -2.3183557824e-06 -5.7658039277e-13
 2.0511894473e-08 2.0511894473e-08 1.2000000000e+00 2.0311950864e+00 -5.2454689002e-06 -5.7659010751e-13
 2.0521706820e-08 2.0521706820e-08 1.2000000000e+00 2.0311894067e+00 5.6146128580e-07 -5.7658906767e-13
 2.0541331515e-08 2.0541331515e-08 1.2000000000e+00 2.0311780472e+00 -5.2453721041e-06 -5.7659878224e-13
 2.0580580905e-08 2.0580580905e-08 1.2000000000e+00 2.0311553286e+00 5.6171649562e-07 -5.7659774192e-13
 2.0659079685e-08 2.0659079685e-08 1.2000000000e+00 2.0311098925e+00 -5.2448833261e-06 -5.7660745558e-13
 2.0816077244e-08 2.0816077244e-08 1.2000000000e+00 2.0310190245e+00 5.6269395660e-07 -5.7660641346e-13
 2.1000000000e-08 2.1000000000e-08 1.2000000000e+00 2.0309125799e+00 -5.2434684760e-06 -5.7661612450e-13
 2.1011570354e-08 2.1011570354e-08 1.2000000000e+00 2.0309058839e+00 -2.3399627476e-06 -5.7662045817e-13
 2.1029175775e-08 2.1029175775e-08 1.2000000000e+00 2.0308956953e+00 -2.3398794700e-06 -5.7662479169e-13
 2.1054878900e-08 2.1054878900e-08 1.2000000000e+00 2.0308808205e+00 -2.3397830497e-06 -5.7662912503e-13
 2.1106285151e-08 2.1106285151e-08 1.2000000000e+00 2.0308510714e+00 -2.3395595360e-06 -5.7663345795e-13
 2.1209097652e-08 2.1209097652e-08 1.2000000000e+00 2.0307915750e+00 -2.3391432222e-06 -5.7663779011e-13
 2.1414722655e-08 2.1414722655e-08 1.2000000000e+00 2.0306725895e+00 -2.3382800449e-06 -5.7664212066e-13
 2.1825972660e-08 2.1825972660e-08 1.2000000000e+00 2.0304346480e+00 -2.3365848955e-06 -5.7664644808e-13
 2.2648472671e-08 2.2648472671e-08 1.2000000000e+00 2.0299588823e+00 -2.3331660139e-06 -5.7665076916e-13
 2.4293472692e-08 2.4293472692e-08 1.2000000000e+00 2.0290078205e+00 -2.3263673137e-06 -5.7665507765e-13
 2.6293472692e-08 2.6293472692e-08 1.2000000000e+00 2.0278523560e+00 -2.3180940965e-06 -5.7665937082e-13
 2.8293472692e-08 2.8293472692e-08 1.2000000000e+00 2.0266978135e+00 -2.3098578794e-06 -5.7666364874e-13
 2.9396736346e-08 2.9396736346e-08 1.2000000000e+00 2.0260613250e+00 -2.3053060107e-06 -5.7666791823e-13
 3.0500000000e-08 3.0500000000e-08 1.2000000000e+00 2.0254251162e+00 -2.3007791315e-06 -5.7667217933e-13
 3.0518910575e-08 3.0518910575e-08 1.1546146208e+00 1.9856769561e+00 4.6103581710e-03 -5.6813367647e-13
 3.0538298966e-08 3.0538298966e-08 1.1080824811e+00 1.9450951202e+00 4.9408538179e-03 -5.5898308711e-13
 3.0577075749e-08 3.0577075749e-08 1.0150182017e+00 1.8644965080e+00 5.1800480749e-03 -5.4938950378e-13
 3.0628494213e-08 3.0628494213e-08 8.9161388921e-01 1.7589826763e+00 6.0642134935e-03 -5.3815842317e-13
 3.0695212662e-08 3.0695212662e-08 7.3148961187e-01 1.6256298834e+00 7.8892586408e-03 -5.2354731163e-13
 3.0765037474e-08 3.0765037474e-08 5.6391006321e-01 1.4976545903e+00 1.6367986416e-02 -4.9323337644e-13
 3.0814410303e-08 3.0814410303e-08 4.4541527368e-01 1.4213748438e+00 2.7030648879e-02 -4.4317191394e-13
 3.0856733884e-08 3.0856733884e-08 3.4383867898e-01 1.3637722631e+00 2.8886453055e-02 -3.8967345398e-13
 3.0913546591e-08 3.0913546591e-08 2.0748818141e-01 1.2926995938e+00 3.4651529811e-02 -3.2549792242e-13
 3.0956816334e-08 3.0956816334e-08 1.0364079899e-01 1.2412513161e+00 3.3299243250e-02 -2.6382686062e-13
 3.1000000000e-08 3.1000000000e-08 0.0000000000e+00 1.1923254843e+00 3.7716051384e-02 -1.9397575565e-13
 3.1003964365e-08 3.1003964365e-08 0.0000000000e+00 1.1923254631e+00 3.3483192676e-08 -1.9397569364e-13
 3.1010806439e-08 3.1010806439e-08 0.0000000000e+00 1.1923268567e+00 3.8274945563e-08 -1.9397562275e-13
 3.1018841661e-08 3.1018841661e-08 0.0000000000e+00 1.1923268854e+00 2.8883983655e-08 -1.9397556926e-13
 3.1034912105e-08 3.1034912105e-08 0.0000000000e+00 1.1923269427e+00 3.8274570433e-08 -1.9397549837e-13
 3.1067052993e-08 3.1067052993e-08 0.0000000000e+00 1.1923270573e+00 2.8883220169e-08 -1.9397544488e-13
 3.1131334769e-08 3.1131334769e-08 0.0000000000e+00 1.1923272866e+00 3.8273077577e-08 -1.9397537400e-13
 3.1259898321e-08 3.1259898321e-08 0.0000000000e+00 1.1923277451e+00 2.8880234408e-08 -1.9397532051e-13
 3.1517025424e-08 3.1517025424e-08 0.0000000000e+00 1.1923286620e+00 3.8267106350e-08 -1.9397524964e-13
 3.2000000000e-08 3.2000000000e-08 0.0000000000e+00 1.1923303840e+00 2.8868777882e-08 -1.9397519617e-13
 3.2017670183e-08 3.2017670183e-08 0.0000000000e+00 1.1923304470e+00 3.3563930741e-08 -1.9397513401e-13
 3.2041017806e-08 3.2041017806e-08 0.0000000000e+00 1.1923305302e+00 3.3563569165e-08 -1.9397507185e-13
 3.2087713052e-08 3.2087713052e-08 0.0000000000e+00 1.1923306967e+00 3.3562846621e-08 -1.9397500969e-13
 3.2181103542e-08 3.2181103542e-08 0.0000000000e+00 1.1923310296e+00 3.3561401518e-08 -1.9397494753e-13
 3.2367884524e-08 3.2367884524e-08 0.0000000000e+00 1.1923316954e+00 3.3558510796e-08 -1.9397488538e-13
 3.2741446488e-08 3.2741446488e-08 0.0000000000e+00 1.1923330268e+00 3.3552730825e-08 -1.9397482324e-13
 3.3488570415e-08 3.3488570415e-08 0.0000000000e+00 1.1923356889e+00 3.3541173203e-08 -1.9397476112e-13
 3.4982818270e-08 3.4982818270e-08 0.0000000000e+00 1.1923410104e+00 3.3518070465e-08 -1.9397469905e-13
 3.6982818270e-08 3.6982818270e-08 0.0000000000e+00 1.1923481272e+00 3.3487172371e-08 -1.9397463703e-13
 3.8491409135e-08 3.8491409135e-08 0.0000000000e+00 1.1923534910e+00 3.3463885132e-08 -1.9397457505e-13
 4.0000000000e-08 4.0000000000e-08 0.0000000000e+00 1.1923588510e+00 3.3440613514e-08 -1.9397451312e-13
 4.0021808740e-08 4.0021808740e-08 5.2340975915e-02 1.2164140058e+00 -3.6091968911e-02 -2.6081777524e-13
 4.0043130629e-08 4.0043130629e-08 1.0351350976e-01 1.2412267911e+00 -3.3724676233e-02 -3.2327674996e-13
 4.0085774407e-08 4.0085774407e-08 2.0585857746e-01 1.2919119312e+00 -3.4255139207e-02 -3.8671815585e-13
 4.0120301181e-08 4.0120301181e-08 2.8872283556e-01 1.3344324266e+00 -3.0645079674e-02 -4.4347363789e-13
 4.0186226582e-08 4.0186226582e-08 4.4694379728e-01 1.4223035637e+00 -2.7206078761e-02 -4.9386000109e-13
 4.0239906337e-08 4.0239906337e-08 5.7577520867e-01 1.5059914860e+00 -1.5236794204e-02 -5.2207893897e-13
 4.0283963635e-08 4.0283963635e-08 6.8151272324e-01 1.5855484697e+00 -1.0737561049e-02 -5.4196518041e-13
 4.0334135867e-08 4.0334135867e-08 8.0192608110e-01 1.6835695222e+00 -5.8070689571e-03 -5.5272002267e-13
 4.0376454100e-08 4.0376454100e-08 9.0348983976e-01 1.7689973936e+00 -7.0259039398e-03 -5.6573217892e-13
 4.0419003881e-08 4.0419003881e-08 1.0056093153e+00 1.8563020129e+00 -4.2017991041e-03 -5.7351401979e-13
 4.0459501941e-08 4.0459501941e-08 1.1028046577e+00 1.9403760526e+00 -5.9937885372e-03 -5.8461467155e-13
 4.0500000000e-08 4.0500000000e-08 1.2000000000e+00 2.0252541001e+00 -3.4238529900e-03 -5.9095573606e-13
 4.0503755794e-08 4.0503755794e-08 1.2000000000e+00 2.0252519374e+00 -2.2825066889e-06 -5.9095996332e-13
 4.0510355732e-08 4.0510355732e-08 1.2000000000e+00 2.0252481326e+00 -2.3178507922e-06 -5.9096425604e-13
 4.0518067668e-08 4.0518067668e-08 1.2000000000e+00 2.0252436870e+00 -2.2811427135e-06 -5.9096848077e-13
 4.0533491541e-08 4.0533491541e-08 1.2000000000e+00 2.0252347957e+00 -2.3177558478e-06 -5.9097277332e-13
 4.0564339287e-08 4.0564339287e-08 1.2000000000e+00 2.0252170134e+00 -2.2809526002e-06 -5.9097699770e-13
 4.0626034778e-08 4.0626034778e-08 1.2000000000e+00 2.0251814494e+00 -2.3173756454e-06 -5.9098128954e-13
 4.0749425761e-08 4.0749425761e-08 1.2000000000e+00 2.0251103240e+00 -2.2801922535e-06 -5.9098551252e-13
 4.0874712881e-08 4.0874712881e-08 1.2000000000e+00 2.0250381092e+00 -2.3163541575e-06 -5.9098980246e-13
 4.1000000000e-08 4.1000000000e-08 1.2000000000e+00 2.0249658980e+00 -2.2791631057e-06 -5.9099402353e-13
 4.1009549533e-08 4.1009549533e-08 1.2000000000e+00 2.0249603941e+00 -2.2974663580e-06 -5.9099827850e-13
 4.1025040198e-08 4.1025040198e-08 1.2000000000e+00 2.0249514661e+00 -2.2973943193e-06 -5.9100253333e-13
 4.1045256292e-08 4.1045256292e-08 1.2000000000e+00 2.0249398147e+00 -2.2973197266e-06 -5.9100678803e-13
 4.1085688481e-08 4.1085688481e-08 1.2000000000e+00 2.0249165121e+00 -2.2971452727e-06 -5.9101104240e-13
 4.1166552857e-08 4.1166552857e-08 1.2000000000e+00 2.0248699082e+00 -2.2968216581e-06 -5.9101529618e-13
 4.1328281611e-08 4.1328281611e-08 1.2000000000e+00 2.0247767048e+00 -2.2961492360e-06 -5.9101954870e-13
 4.1651739118e-08 4.1651739118e-08 1.2000000000e+00 2.0245903159e+00 -2.2948299867e-06 -5.9102379879e-13
 4.2298654133e-08 4.2298654133e-08 1.2000000000e+00 2.0242176101e+00 -2.2921675005e-06 -5.9102804394e-13
 4.3592484162e-08 4.3592484162e-08 1.2000000000e+00 2.0234724859e+00 -2.2868729407e-06 -5.9103227929e-13
 4.5592484162e-08 4.5592484162e-08 1.2000000000e+00 2.0223214271e+00 -2.2786807639e-06 -5.9103649947e-13
 4.7592484162e-08 4.7592484162e-08 1.2000000000e+00 2.0211712810e+00 -2.2705221016e-06 -5.9104070453e-13
 4.9046242081e-08 4.9046242081e-08 1.2000000000e+00 2.0203358357e+00 -2.2645874719e-06 -5.9104489861e-13
 5.0500000000e-08 5.0500000000e-08 1.2000000000e+00 2.0195008709e+00 -2.2586782697e-06 -5.9104908174e-13
 5.0521439601e-08 5.0521439601e-08 1.1485449578e+00 1.9744745523e+00 4.6505293929e-03 -5.8243618073e-13
 5.0542520207e-08 5.0542520207e-08 1.0979515029e+00 1.9304105634e+00 5.0237998321e-03 -5.7313197320e-13
 5.0584681420e-08 5.0584681420e-08 9.9676459313e-01 1.8429658894e+00 5.2914727988e-03 -5.6333202839e-13
 5.0636472590e-08 5.0636472590e-08 8.7246578347e-01 1.7370395391e+00 6.2723650415e-03 -5.5171544572e-13
 5.0704096317e-08 5.0704096317e-08 7.1016883866e-01 1.6028105961e+00 8.4650894909e-03 -5.3603788052e-13
 5.0750871696e-08 5.0750871696e-08 5.9790793032e-01 1.5165256549e+00 1.4985218990e-02 -5.0828486645e-13
 5.0799180343e-08 5.0799180343e-08 4.8196717588e-01 1.4386304312e+00 2.3868188697e-02 -4.6408036219e-13
 5.0839479281e-08 5.0839479281e-08 3.8524972553e-01 1.3818401394e+00 2.8756711152e-02 -4.1082218761e-13
 5.0894857140e-08 5.0894857140e-08 2.5234286284e-01 1.3109842511e+00 3.2800872598e-02 -3.5007412118e-13
 5.0937049876e-08 5.0937049876e-08 1.5108029716e-01 1.2601197100e+00 3.3967341221e-02 -2.8716572462e-13
 5.0968524938e-08 5.0968524938e-08 7.5540148581e-02 1.2232298671e+00 3.5240487947e-02 -2.2189942731e-13
 5.1000000000e-08 5.1000000000e-08 1.7097434579e-14 1.1885153956e+00 3.6913178066e-02 -1.5353526454e-13
 5.1003275948e-08 5.1003275948e-08 0.0000000000e+00 1.1885153942e+00 4.9994561042e-08 -1.5353517195e-13
 5.1009301034e-08 5.1009301034e-08 0.0000000000e+00 1.1885168198e+00 5.5425564421e-08 -1.5353506930e-13
 5.1015910955e-08 5.1015910955e-08 0.0000000000e+00 1.1885168550e+00 4.4683260758e-08 -1.5353498655e-13
 5.1029130799e-08 5.1029130799e-08 0.0000000000e+00 1.1885169256e+00 5.5425106385e-08 -1.5353488390e-13
 5.1055570486e-08 5.1055570486e-08 0.0000000000e+00 1.1885170666e+00 4.4682331672e-08 -1.5353480115e-13
 5.1108449860e-08 5.1108449860e-08 0.0000000000e+00 1.1885173487e+00 5.5423283762e-08 -1.5353469850e-13
 5.1214208608e-08 5.1214208608e-08 0.0000000000e+00 1.1885179128e+00 4.4678687410e-08 -1.5353461576e-13
 5.1425726104e-08 5.1425726104e-08 0.0000000000e+00 1.1885190409e+00 5.5415995413e-08 -1.5353451312e-13
 5.1712863052e-08 5.1712863052e-08 0.0000000000e+00 1.1885205722e+00 4.4667233649e-08 -1.5353443040e-13
 5.2000000000e-08 5.2000000000e-08 0.0000000000e+00 1.1885221033e+00 5.5402806183e-08 -1.5353432779e-13
 5.2014110050e-08 5.2014110050e-08 0.0000000000e+00 1.1885221785e+00 5.0031398654e-08 -1.5353423513e-13
 5.2034205652e-08 5.2034205652e-08 0.0000000000e+00 1.1885222857e+00 5.0030937728e-08 -1.5353414247e-13
 5.2068250048e-08 5.2068250048e-08 0.0000000000e+00 1.1885224672e+00 5.0030155353e-08 -1.5353404982e-13
 5.2136338841e-08 5.2136338841e-08 0.0000000000e+00 1.1885228302e+00 5.0028592272e-08 -1.5353395716e-13
 5.2272516427e-08 5.2272516427e-08 0.0000000000e+00 1.1885235563e+00 5.0025464953e-08 -1.5353386451e-13
 5.2544871598e-08 5.2544871598e-08 0.0000000000e+00 1.1885250082e+00 5.0019212229e-08 -1.5353377188e-13
 5.3089581942e-08 5.3089581942e-08 0.0000000000e+00 1.1885279114e+00 5.0006707795e-08 -1.5353367926e-13
 5.4179002628e-08 5.4179002628e-08 0.0000000000e+00 1.1885337157e+00 4.9981709432e-08 -1.5353358670e-13
 5.6179002628e-08 5.6179002628e-08 0.0000000000e+00 1.1885443638e+00 4.9935847344e-08 -1.5353349421e-13
 5.8179002628e-08 5.8179002628e-08 0.0000000000e+00 1.1885550021e+00 4.9890027596e-08 -1.5353340182e-13
 6.0000000000e-08 6.0000000000e-08 0.0000000000e+00 1.1885646796e+00 4.9848344018e-08 -1.5353330950e-13
 6.0023802910e-08 6.0023802910e-08 5.7126983507e-02 1.2143969060e+00 -3.6385409185e-02 -2.2092003061e-13
 6.0046405524e-08 6.0046405524e-08 1.1137325664e-01 1.2406948448e+00 -3.3459466053e-02 -2.8288782920e-13
 6.0091610751e-08 6.0091610751e-08 2.1986580290e-01 1.2945050439e+00 -3.4402219805e-02 -3.4660163217e-13
 6.0124241035e-08 6.0124241035e-08 2.9817848346e-01 1.3348060820e+00 -3.0257154313e-02 -4.0263866639e-13
 6.0189290170e-08 6.0189290170e-08 4.5429640702e-01 1.4217924038e+00 -2.7304022162e-02 -4.5320642330e-13
 6.0242223386e-08 6.0242223386e-08 5.8133612521e-01 1.5046470774e+00 -1.4721388853e-02 -4.8047081712e-13
 6.0285855926e-08 6.0285855926e-08 6.8605422182e-01 1.5836076861e+00 -1.0994572961e-02 -5.0083305128e-13
 6.0336790436e-08 6.0336790436e-08 8.0829704635e-01 1.6832043786e+00 -5.4464071918e-03 -5.1091993860e-13
 6.0378558723e-08 6.0378558723e-08 9.0854093608e-01 1.7675450721e+00 -7.3621319722e-03 -5.2455479788e-13
 6.0421335518e-08 6.0421335518e-08 1.0112052433e+00 1.8553154026e+00 -3.8757646979e-03 -5.3173281458e-13
 6.0460667759e-08 6.0460667759e-08 1.1056026216e+00 1.9369550035e+00 -6.3474429906e-03 -5.4348844356e-13
 6.0500000000e-08 6.0500000000e-08 1.2000000000e+00 2.0193538422e+00 -3.1192094435e-03 -5.4926530031e-13
 6.0503701155e-08 6.0503701155e-08 1.2000000000e+00 2.0193517195e+00 -2.2409009638e-06 -5.4926945052e-13
 6.0510236927e-08 6.0510236927e-08 1.2000000000e+00 2.0193479670e+00 -2.2756664363e-06 -5.4927366511e-13
 6.0517812422e-08 6.0517812422e-08 1.2000000000e+00 2.0193436178e+00 -2.2394847866e-06 -5.4927781270e-13
 6.0532963413e-08 6.0532963413e-08 1.2000000000e+00 2.0193349193e+00 -2.2755741334e-06 -5.4928202712e-13
 6.0563265396e-08 6.0563265396e-08 1.2000000000e+00 2.0193175224e+00 -2.2392999536e-06 -5.4928617436e-13
 6.0623869360e-08 6.0623869360e-08 1.2000000000e+00 2.0192827294e+00 -2.2752044924e-06 -5.4929038810e-13
 6.0745077289e-08 6.0745077289e-08 1.2000000000e+00 2.0192131459e+00 -2.2385607267e-06 -5.4929453397e-13
 6.0872538644e-08 6.0872538644e-08 1.2000000000e+00 2.0191399759e+00 -2.2741935276e-06 -5.4929874584e-13
 6.1000000000e-08 6.1000000000e-08 1.2000000000e+00 2.0190668096e+00 -2.2375244685e-06 -5.4930288979e-13
 6.1009632038e-08 6.1009632038e-08 1.2000000000e+00 2.0190612807e+00 -2.2555650423e-06 -5.4930706716e-13
 6.1025211798e-08 6.1025211798e-08 1.2000000000e+00 2.0190523378e+00 -2.2554932389e-06 -5.4931124439e-13
 6.1045645248e-08 6.1045645248e-08 1.2000000000e+00 2.0190406089e+00 -2.2554186719e-06 -5.4931542148e-13
 6.1086512148e-08 6.1086512148e-08 1.2000000000e+00 2.0190171514e+00 -2.2552440992e-06 -5.4931959825e-13
 6.1168245947e-08 6.1168245947e-08 1.2000000000e+00 2.0189702376e+00 -2.2549204188e-06 -5.4932377442e-13
 6.1331713547e-08 6.1331713547e-08 1.2000000000e+00 2.0188764144e+00 -2.2542476942e-06 -5.4932794935e-13
 6.1658648745e-08 6.1658648745e-08 1.2000000000e+00 2.0186887861e+00 -2.2529280156e-06 -5.4933212183e-13
 6.2312519142e-08 6.2312519142e-08 1.2000000000e+00 2.0183136024e+00 -2.2502645144e-06 -5.4933628938e-13
 6.3620259937e-08 6.3620259937e-08 1.2000000000e+00 2.0175635252e+00 -2.2449681589e-06 -5.4934044712e-13
 6.5620259937e-08 6.5620259937e-08 1.2000000000e+00 2.0164171388e+00 -2.2368602233e-06 -5.4934458984e-13
 6.7620259937e-08 6.7620259937e-08 1.2000000000e+00 2.0152716552e+00 -2.2287857497e-06 -5.4934871761e-13
 6.9060129968e-08 6.9060129968e-08 1.2000000000e+00 2.0144475393e+00 -2.2229681211e-06 -5.4935283460e-13
 7.0500000000e-08 7.0500000000e-08 1.2000000000e+00 2.0136238896e+00 -2.2171757761e-06 -5.4935694087e-13
 7.0521345094e-08 7.0521345094e-08 1.1487717754e+00 1.9688205181e+00 4.6794116086e-03 -5.4069054926e-13
 7.0542363704e-08 7.0542363704e-08 1.0983271098e+00 1.9249104519e+00 5.0539259783e-03 -5.3133054732e-13
 7.0584400926e-08 7.0584400926e-08 9.9743777853e-01 1.8377728342e+00 5.3228654099e-03 -5.2147246258e-13
 7.0634960555e-08 7.0634960555e-08 8.7609466897e-01 1.7344075031e+00 6.2881296738e-03 -5.0982668340e-13
 7.0701143586e-08 7.0701143586e-08 7.1725539458e-01 1.6029557611e+00 8.3757987925e-03 -4.9431448689e-13
 7.0768063267e-08 7.0768063267e-08 5.5664815896e-01 1.4821805306e+00 1.7704186873e-02 -4.6152587381e-13
 7.0815085739e-08 7.0815085739e-08 4.4379422522e-01 1.4106329340e+00 2.7288161221e-02 -4.1098749177e-13
 7.0857898850e-08 7.0857898850e-08 3.4104275908e-01 1.3529335587e+00 2.9561989115e-02 -3.5623792152e-13
 7.0909740182e-08 7.0909740182e-08 2.1662356231e-01 1.2883625757e+00 3.4379275778e-02 -2.9256661149e-13
 7.0952998718e-08 7.0952998718e-08 1.1280307716e-01 1.2369890380e+00 3.3696833234e-02 -2.3015920273e-13
 7.1000000000e-08 7.1000000000e-08 1.7097434579e-14 1.1847237237e+00 3.8071832593e-02 -1.5964918174e-13
 7.1004016653e-08 7.1004016653e-08 0.0000000000e+00 1.1847237152e+00 6.6219813043e-08 -1.5964905910e-13
 7.1010918756e-08 7.1010918756e-08 0.0000000000e+00 1.1847249717e+00 7.0439460581e-08 -1.5964892864e-13
 7.1019363553e-08 7.1019363553e-08 0.0000000000e+00 1.1847250316e+00 6.2200453554e-08 -1.5964881345e-13
 7.1036253147e-08 7.1036253147e-08 0.0000000000e+00 1.1847251514e+00 7.0438690777e-08 -1.5964868299e-13
 7.1070032334e-08 7.1070032334e-08 0.0000000000e+00 1.1847253909e+00 6.2198903734e-08 -1.5964856780e-13
 7.1137590708e-08 7.1137590708e-08 0.0000000000e+00 1.1847258700e+00 7.0435620378e-08 -1.5964843735e-13
 7.1272707456e-08 7.1272707456e-08 0.0000000000e+00 1.1847268281e+00 6.2192763208e-08 -1.5964832217e-13
 7.1542940953e-08 7.1542940953e-08 0.0000000000e+00 1.1847287442e+00 7.0423340483e-08 -1.5964819174e-13
 7.2000000000e-08 7.2000000000e-08 0.0000000000e+00 1.1847319845e+00 6.2170733091e-08 -1.5964807660e-13
 7.2017215299e-08 7.2017215299e-08 0.0000000000e+00 1.1847321065e+00 6.6289593603e-08 -1.5964795383e-13
 7.2040160491e-08 7.2040160491e-08 0.0000000000e+00 1.1847322691e+00 6.6288898471e-08 -1.5964783106e-13
 7.2085968481e-08 7.2085968481e-08 0.0000000000e+00 1.1847325938e+00 6.6287511446e-08 -1.5964770829e-13
 7.2177584461e-08 7.2177584461e-08 0.0000000000e+00 1.1847332432e+00 6.6284736717e-08 -1.5964758553e-13
 7.2360816421e-08 7.2360816421e-08 0.0000000000e+00 1.1847345419e+00 6.6279188389e-08 -1.5964746278e-13
 7.2727280341e-08 7.2727280341e-08 0.0000000000e+00 1.1847371389e+00 6.6268092155e-08 -1.5964734005e-13
 7.3460208181e-08 7.3460208181e-08 0.0000000000e+00 1.1847423317e+00 6.6245906140e-08 -1.5964721736e-13
 7.4926063861e-08 7.4926063861e-08 0.0000000000e+00 1.1847527119e+00 6.6201555027e-08 -1.5964709475e-13
 7.6926063861e-08 7.6926063861e-08 0.0000000000e+00 1.1847668632e+00 6.6141090472e-08 -1.5964697226e-13
 7.8463031930e-08 7.8463031930e-08 0.0000000000e+00 1.1847777293e+00 6.6094660720e-08 -1.5964684985e-13
 8.0000000000e-08 8.0000000000e-08 0.0000000000e+00 1.1847885877e+00 6.6048263540e-08 -1.5964672753e-13
 8.0021997345e-08 8.0021997345e-08 5.2793627727e-02 1.2080283715e+00 -3.6865583268e-02 -2.2792274350e-13
 8.0043441987e-08 8.0043441987e-08 1.0426076927e-01 1.2329046878e+00 -3.3252363068e-02 -2.8950698198e-13
 8.0069912760e-08 8.0069912760e-08 1.6779062354e-01 1.2640594418e+00 -3.5598884991e-02 -3.5543703990e-13
 8.0095546363e-08 8.0095546363e-08 2.2931127188e-01 1.2948397476e+00 -3.1515353840e-02 -4.1380429227e-13
 8.0146813570e-08 8.0146813570e-08 3.5235256855e-01 1.3591074315e+00 -3.1857124959e-02 -4.7280451360e-13
 8.0207229629e-08 8.0207229629e-08 4.9735111040e-01 1.4433147221e+00 -2.1831060524e-02 -5.1323620367e-13
 8.0256291123e-08 8.0256291123e-08 6.1509869533e-01 1.5238209494e+00 -1.5102433259e-02 -5.4120630161e-13
 8.0299103056e-08 8.0299103056e-08 7.1784733348e-01 1.6034642514e+00 -7.3128085342e-03 -5.5474981260e-13
 8.0355117672e-08 8.0355117672e-08 8.5228241277e-01 1.7143592848e+00 -7.6878162375e-03 -5.6898784758e-13
 8.0394556236e-08 8.0394556236e-08 9.4693496527e-01 1.7945175342e+00 -4.4611891180e-03 -5.7725008549e-13
 8.0441441368e-08 8.0441441368e-08 1.0594592820e+00 1.8911709410e+00 -6.3649542197e-03 -5.8903814572e-13
 8.0500000000e-08 8.0500000000e-08 1.2000000000e+00 2.0135077632e+00 -3.3406637916e-03 -5.9522514167e-13
 8.0504412385e-08 8.0504412385e-08 1.2000000000e+00 2.0135052440e+00 -2.1925869152e-06 -5.9522920239e-13
 8.0511760696e-08 8.0511760696e-08 1.2000000000e+00 2.0135010419e+00 -2.2408863889e-06 -5.9523335257e-13
 8.0521424403e-08 8.0521424403e-08 1.2000000000e+00 2.0134955160e+00 -2.1916883471e-06 -5.9523741164e-13
 8.0540751818e-08 8.0540751818e-08 1.2000000000e+00 2.0134844643e+00 -2.2407698626e-06 -5.9524156160e-13
 8.0579406648e-08 8.0579406648e-08 1.2000000000e+00 2.0134623611e+00 -2.1914549806e-06 -5.9524562023e-13
 8.0656716307e-08 8.0656716307e-08 1.2000000000e+00 2.0134181557e+00 -2.2403031595e-06 -5.9524976933e-13
 8.0811335626e-08 8.0811335626e-08 1.2000000000e+00 2.0133297489e+00 -2.1905216643e-06 -5.9525382623e-13
 8.1000000000e-08 8.1000000000e-08 1.2000000000e+00 2.0132218834e+00 -2.2389219215e-06 -5.9525797278e-13
 8.1011718550e-08 8.1011718550e-08 1.2000000000e+00 2.0132151838e+00 -2.2143002744e-06 -5.9526207372e-13
 8.1029473981e-08 8.1029473981e-08 1.2000000000e+00 2.0132050329e+00 -2.2142185515e-06 -5.9526617451e-13
 8.1055592359e-08 8.1055592359e-08 1.2000000000e+00 2.0131901010e+00 -2.2141237799e-06 -5.9527027512e-13
 8.1107829116e-08 8.1107829116e-08 1.2000000000e+00 2.0131602376e+00 -2.2139033579e-06 -5.9527437533e-13
 8.1212302630e-08 8.1212302630e-08 1.2000000000e+00 2.0131005127e+00 -2.2134934336e-06 -5.9527847478e-13
 8.1421249658e-08 8.1421249658e-08 1.2000000000e+00 2.0129810703e+00 -2.2126428300e-06 -5.9528257265e-13
 8.1839143714e-08 8.1839143714e-08 1.2000000000e+00 2.0127422147e+00 -2.2109730363e-06 -5.9528666743e-13
 8.2674931826e-08 8.2674931826e-08 1.2000000000e+00 2.0122646210e+00 -2.2076046682e-06 -5.9529075597e-13
 8.4346508049e-08 8.4346508049e-08 1.2000000000e+00 2.0113099028e+00 -2.2009072355e-06 -5.9529483211e-13
 8.6346508049e-08 8.6346508049e-08 1.2000000000e+00 2.0101684265e+00 -2.1928863372e-06 -5.9529889339e-13
 8.8346508049e-08 8.8346508049e-08 1.2000000000e+00 2.0090278427e+00 -2.1849020957e-06 -5.9530293988e-13
 8.9423254025e-08 8.9423254025e-08 1.2000000000e+00 2.0084141521e+00 -2.1805947031e-06 -5.9530697840e-13
 9.0500000000e-08 9.0500000000e-08 1.2000000000e+00 2.0078007192e+00 -2.1763120595e-06 -5.9531100899e-13
 9.0518705325e-08 9.0518705325e-08 1.1551072194e+00 1.9685484478e+00 4.6970712480e-03 -5.8661191126e-13
 9.0537953171e-08 9.0537953171e-08 1.1089123885e+00 1.9283280892e+00 5.0316190002e-03 -5.7729322243e-13
 9.0576448864e-08 9.0576448864e-08 1.0165227266e+00 1.8484524425e+00 5.2747061719e-03 -5.6752432985e-13
 9.0624306931e-08 9.0624306931e-08 9.0166336578e-01 1.7503734463e+00 6.1195115206e-03 -5.5619083586e-13
 9.0686633053e-08 9.0686633053e-08 7.5208067346e-01 1.6256559604e+00 7.7059673696e-03 -5.4191918451e-13
 9.0755682187e-08 9.0755682187e-08 5.8636275134e-01 1.4976932070e+00 1.5219718623e-02 -5.1373187104e-13
 9.0806035528e-08 9.0806035528e-08 4.6551473174e-01 1.4187309455e+00 2.6627021320e-02 -4.6441793724e-13
 9.0847333406e-08 9.0847333406e-08 3.6639982494e-01 1.3620573563e+00 2.8542494536e-02 -4.1155649738e-13
 9.0904042643e-08 9.0904042643e-08 2.3029765581e-01 1.2908340708e+00 3.4681885456e-02 -3.4732474637e-13
 9.0946480058e-08 9.0946480058e-08 1.2844786100e-01 1.2403005238e+00 3.3173147578e-02 -2.8588721703e-13
 9.0973240029e-08 9.0973240029e-08 6.4223930499e-02 1.2091804611e+00 3.6736671879e-02 -2.1784994829e-13
 9.1000000000e-08 9.1000000000e-08 1.7097434579e-14 1.1809453022e+00 3.7070070204e-02 -1.4919521722e-13
 9.1004092476e-08 9.1004092476e-08 0.0000000000e+00 1.1809453039e+00 8.2307112383e-08 -1.4919506478e-13
 9.1011081170e-08 9.1011081170e-08 0.0000000000e+00 1.1809453733e+00 8.2524982136e-08 -1.4919491194e-13
 9.1017277814e-08 9.1017277814e-08 0.0000000000e+00 1.1809454281e+00 8.2281521338e-08 -1.4919475956e-13
 9.1029671103e-08 9.1029671103e-08 0.0000000000e+00 1.1809455377e+00 8.2524286269e-08 -1.4919460672e-13
 9.1054457680e-08 9.1054457680e-08 0.0000000000e+00 1.1809457569e+00 8.2280127462e-08 -1.4919445433e-13
 9.1104030835e-08 9.1104030835e-08 0.0000000000e+00 1.1809461952e+00 8.2521499780e-08 -1.4919430150e-13
 9.1203177146e-08 9.1203177146e-08 0.0000000000e+00 1.1809470717e+00 8.2274554942e-08 -1.4919414913e-13
 9.1401469766e-08 9.1401469766e-08 0.0000000000e+00 1.1809488248e+00 8.2510355015e-08 -1.4919399632e-13
 9.1700734883e-08 9.1700734883e-08 0.0000000000e+00 1.1809514702e+00 8.2255913554e-08 -1.4919384398e-13
 9.2000000000e-08 9.2000000000e-08 0.0000000000e+00 1.1809541152e+00 8.2487933152e-08 -1.4919369121e-13
 9.2014295273e-08 9.2014295273e-08 0.0000000000e+00 1.1809542415e+00 8.2365782560e-08 -1.4919353866e-13
 9.2034566355e-08 9.2034566355e-08 0.0000000000e+00 1.1809544207e+00 8.2365023506e-08 -1.4919338612e-13
 9.2069509725e-08 9.2069509725e-08 0.0000000000e+00 1.1809547295e+00 8.2363714594e-08 -1.4919323358e-13
 9.2139396465e-08 9.2139396465e-08 0.0000000000e+00 1.1809553471e+00 8.2361097357e-08 -1.4919308104e-13
 9.2279169946e-08 9.2279169946e-08 0.0000000000e+00 1.1809565823e+00 8.2355861839e-08 -1.4919292852e-13
 9.2558716906e-08 9.2558716906e-08 0.0000000000e+00 1.1809590524e+00 8.2345393529e-08 -1.4919277601e-13
 9.3117810826e-08 9.3117810826e-08 0.0000000000e+00 1.1809639916e+00 8.2324458949e-08 -1.4919262355e-13
 9.4235998668e-08 9.4235998668e-08 0.0000000000e+00 1.1809738663e+00 8.2282607214e-08 -1.4919247116e-13
 9.6235998668e-08 9.6235998668e-08 0.0000000000e+00 1.1809915154e+00 8.2207800929e-08 -1.4919231891e-13
 9.8235998668e-08 9.8235998668e-08 0.0000000000e+00 1.1810091482e+00 8.2133062278e-08 -1.4919216679e-13
 1.0000000000e-07 1.0000000000e-07 0.0000000000e+00 1.1810246868e+00 8.2067196637e-08 -1.4919201480e-13
