Title: * noise analysis
Date: 2026-07-29T11:55:07.314494+00:00
Plotname: Noise Spectral Density Curves
Flags: real
No. Variables: 3
No. Points: 181
Variables:
	0	frequency	frequency	grid=3
	1	freq	frequency
	2	noise_spectrum	voltage-density
Values:
 0	1.000000000000000e+00
	1.000000000000000e+00
	4.187915398292694e-11
 1	1.122018454301963e+00
	1.122018454301963e+00
	4.187915398292694e-11
 2	1.258925411794167e+00
	1.258925411794167e+00
	4.187915398292694e-11
 3	1.412537544622754e+00
	1.412537544622754e+00
	4.187915398292694e-11
 4	1.584893192461113e+00
	1.584893192461113e+00
	4.187915398292694e-11
 5	1.778279410038922e+00
	1.778279410038922e+00
	4.187915398292694e-11
 6	1.995262314968879e+00
	1.995262314968879e+00
	4.187915398292694e-11
 7	2.238721138568339e+00
	2.238721138568339e+00
	4.187915398292694e-11
 8	2.511886431509579e+00
	2.511886431509579e+00
	4.187915398292694e-11
 9	2.818382931264452e+00
	2.818382931264452e+00
	4.187915398292694e-11
 10	3.162277660168377e+00
	3.162277660168377e+00
	4.187915398292694e-11
 11	3.548133892335751e+00
	3.548133892335751e+00
	4.187915398292694e-11
 12	3.981071705534969e+00
	3.981071705534969e+00
	4.187915398292694e-11
 13	4.466835921509626e+00
	4.466835921509626e+00
	4.187915398292694e-11
 14	5.011872336272718e+00
	5.011872336272718e+00
	4.187915398292694e-11
 15	5.623413251903484e+00
	5.623413251903484e+00
	4.187915398292694e-11
 16	6.309573444801925e+00
	6.309573444801925e+00
	4.187915398292694e-11
 17	7.079457843841370e+00
	7.079457843841370e+00
	4.187915398292694e-11
 18	7.943282347242804e+00
	7.943282347242804e+00
	4.187915398292694e-11
 19	8.912509381337442e+00
	8.912509381337442e+00
	4.187915398292694e-11
 20	9.999999999999984e+00
	9.999999999999984e+00
	4.187915398292694e-11
 21	1.122018454301961e+01
	1.122018454301961e+01
	4.187915398292694e-11
 22	1.258925411794165e+01
	1.258925411794165e+01
	4.187915398292694e-11
 23	1.412537544622752e+01
	1.412537544622752e+01
	4.187915398292694e-11
 24	1.584893192461110e+01
	1.584893192461110e+01
	4.187915398292694e-11
 25	1.778279410038919e+01
	1.778279410038919e+01
	4.187915398292694e-11
 26	1.995262314968875e+01
	1.995262314968875e+01
	4.187915398292694e-11
 27	2.238721138568335e+01
	2.238721138568335e+01
	4.187915398292694e-11
 28	2.511886431509575e+01
	2.511886431509575e+01
	4.187915398292694e-11
 29	2.818382931264447e+01
	2.818382931264447e+01
	4.187915398292694e-11
 30	3.162277660168372e+01
	3.162277660168372e+01
	4.187915398292694e-11
 31	3.548133892335746e+01
	3.548133892335746e+01
	4.187915398292694e-11
 32	3.981071705534962e+01
	3.981071705534962e+01
	4.187915398292694e-11
 33	4.466835921509619e+01
	4.466835921509619e+01
	4.187915398292694e-11
 34	5.011872336272709e+01
	5.011872336272709e+01
	4.187915398292694e-11
 35	5.623413251903474e+01
	5.623413251903474e+01
	4.187915398292694e-11
 36	6.309573444801914e+01
	6.309573444801914e+01
	4.187915398292694e-11
 37	7.079457843841358e+01
	7.079457843841358e+01
	4.187915398292694e-11
 38	7.943282347242791e+01
	7.943282347242791e+01
	4.187915398292694e-11
 39	8.912509381337428e+01
	8.912509381337428e+01
	4.187915398292694e-11
 40	9.999999999999969e+01
	9.999999999999969e+01
	4.187915398292694e-11
 41	1.122018454301960e+02
	1.122018454301960e+02
	4.187915398292694e-11
 42	1.258925411794163e+02
	1.258925411794163e+02
	4.187915398292694e-11
 43	1.412537544622750e+02
	1.412537544622750e+02
	4.187915398292694e-11
 44	1.584893192461108e+02
	1.584893192461108e+02
	4.187915398292694e-11
 45	1.778279410038917e+02
	1.778279410038917e+02
	4.187915398292694e-11
 46	1.995262314968873e+02
	1.995262314968873e+02
	4.187915398292694e-11
 47	2.238721138568332e+02
	2.238721138568332e+02
	4.187915398292694e-11
 48	2.511886431509571e+02
	2.511886431509571e+02
	4.187915398292694e-11
 49	2.818382931264443e+02
	2.818382931264443e+02
	4.187915398292694e-11
 50	3.162277660168368e+02
	3.162277660168368e+02
	4.187915398292694e-11
 51	3.548133892335741e+02
	3.548133892335741e+02
	4.187915398292694e-11
 52	3.981071705534957e+02
	3.981071705534957e+02
	4.187915398292694e-11
 53	4.466835921509614e+02
	4.466835921509614e+02
	4.187915398292694e-11
 54	5.011872336272703e+02
	5.011872336272703e+02
	4.187915398292693e-11
 55	5.623413251903468e+02
	5.623413251903468e+02
	4.187915398292693e-11
 56	6.309573444801906e+02
	6.309573444801906e+02
	4.187915398292693e-11
 57	7.079457843841349e+02
	7.079457843841349e+02
	4.187915398292693e-11
 58	7.943282347242780e+02
	7.943282347242780e+02
	4.187915398292693e-11
 59	8.912509381337416e+02
	8.912509381337416e+02
	4.187915398292693e-11
 60	9.999999999999955e+02
	9.999999999999955e+02
	4.187915398292693e-11
 61	1.122018454301958e+03
	1.122018454301958e+03
	4.187915398292693e-11
 62	1.258925411794161e+03
	1.258925411794161e+03
	4.187915398292693e-11
 63	1.412537544622747e+03
	1.412537544622747e+03
	4.187915398292693e-11
 64	1.584893192461106e+03
	1.584893192461106e+03
	4.187915398292692e-11
 65	1.778279410038914e+03
	1.778279410038914e+03
	4.187915398292690e-11
 66	1.995262314968869e+03
	1.995262314968869e+03
	4.187915398292690e-11
 67	2.238721138568328e+03
	2.238721138568328e+03
	4.187915398292689e-11
 68	2.511886431509567e+03
	2.511886431509567e+03
	4.187915398292687e-11
 69	2.818382931264438e+03
	2.818382931264438e+03
	4.187915398292686e-11
 70	3.162277660168362e+03
	3.162277660168362e+03
	4.187915398292684e-11
 71	3.548133892335735e+03
	3.548133892335735e+03
	4.187915398292682e-11
 72	3.981071705534950e+03
	3.981071705534950e+03
	4.187915398292678e-11
 73	4.466835921509605e+03
	4.466835921509605e+03
	4.187915398292674e-11
 74	5.011872336272693e+03
	5.011872336272693e+03
	4.187915398292670e-11
 75	5.623413251903457e+03
	5.623413251903457e+03
	4.187915398292663e-11
 76	6.309573444801895e+03
	6.309573444801895e+03
	4.187915398292656e-11
 77	7.079457843841336e+03
	7.079457843841336e+03
	4.187915398292647e-11
 78	7.943282347242766e+03
	7.943282347242766e+03
	4.187915398292634e-11
 79	8.912509381337401e+03
	8.912509381337401e+03
	4.187915398292619e-11
 80	9.999999999999938e+03
	9.999999999999938e+03
	4.187915398292599e-11
 81	1.122018454301956e+04
	1.122018454301956e+04
	4.187915398292575e-11
 82	1.258925411794159e+04
	1.258925411794159e+04
	4.187915398292544e-11
 83	1.412537544622745e+04
	1.412537544622745e+04
	4.187915398292506e-11
 84	1.584893192461103e+04
	1.584893192461103e+04
	4.187915398292456e-11
 85	1.778279410038911e+04
	1.778279410038911e+04
	4.187915398292395e-11
 86	1.995262314968866e+04
	1.995262314968866e+04
	4.187915398292317e-11
 87	2.238721138568325e+04
	2.238721138568325e+04
	4.187915398292220e-11
 88	2.511886431509563e+04
	2.511886431509563e+04
	4.187915398292098e-11
 89	2.818382931264435e+04
	2.818382931264435e+04
	4.187915398291943e-11
 90	3.162277660168357e+04
	3.162277660168357e+04
	4.187915398291749e-11
 91	3.548133892335730e+04
	3.548133892335730e+04
	4.187915398291505e-11
 92	3.981071705534944e+04
	3.981071705534944e+04
	4.187915398291195e-11
 93	4.466835921509599e+04
	4.466835921509599e+04
	4.187915398290808e-11
 94	5.011872336272686e+04
	5.011872336272686e+04
	4.187915398290320e-11
 95	5.623413251903449e+04
	5.623413251903449e+04
	4.187915398289705e-11
 96	6.309573444801885e+04
	6.309573444801885e+04
	4.187915398288931e-11
 97	7.079457843841326e+04
	7.079457843841326e+04
	4.187915398287957e-11
 98	7.943282347242754e+04
	7.943282347242754e+04
	4.187915398286730e-11
 99	8.912509381337385e+04
	8.912509381337385e+04
	4.187915398285187e-11
 100	9.999999999999920e+04
	9.999999999999920e+04
	4.187915398283243e-11
 101	1.122018454301954e+05
	1.122018454301954e+05
	4.187915398280797e-11
 102	1.258925411794157e+05
	1.258925411794157e+05
	4.187915398277716e-11
 103	1.412537544622743e+05
	1.412537544622743e+05
	4.187915398273838e-11
 104	1.584893192461100e+05
	1.584893192461100e+05
	4.187915398268955e-11
 105	1.778279410038908e+05
	1.778279410038908e+05
	4.187915398262808e-11
 106	1.995262314968862e+05
	1.995262314968862e+05
	4.187915398255070e-11
 107	2.238721138568320e+05
	2.238721138568320e+05
	4.187915398245328e-11
 108	2.511886431509558e+05
	2.511886431509558e+05
	4.187915398233065e-11
 109	2.818382931264429e+05
	2.818382931264429e+05
	4.187915398217625e-11
 110	3.162277660168351e+05
	3.162277660168351e+05
	4.187915398198187e-11
 111	3.548133892335723e+05
	3.548133892335723e+05
	4.187915398173717e-11
 112	3.981071705534937e+05
	3.981071705534937e+05
	4.187915398142912e-11
 113	4.466835921509591e+05
	4.466835921509591e+05
	4.187915398104130e-11
 114	5.011872336272677e+05
	5.011872336272677e+05
	4.187915398055305e-11
 115	5.623413251903439e+05
	5.623413251903439e+05
	4.187915397993839e-11
 116	6.309573444801874e+05
	6.309573444801874e+05
	4.187915397916458e-11
 117	7.079457843841313e+05
	7.079457843841313e+05
	4.187915397819041e-11
 118	7.943282347242740e+05
	7.943282347242740e+05
	4.187915397696401e-11
 119	8.912509381337371e+05
	8.912509381337371e+05
	4.187915397542006e-11
 120	9.999999999999905e+05
	9.999999999999905e+05
	4.187915397347634e-11
 121	1.122018454301953e+06
	1.122018454301953e+06
	4.187915397102932e-11
 122	1.258925411794155e+06
	1.258925411794155e+06
	4.187915396794874e-11
 123	1.412537544622740e+06
	1.412537544622740e+06
	4.187915396407050e-11
 124	1.584893192461098e+06
	1.584893192461098e+06
	4.187915395918809e-11
 125	1.778279410038905e+06
	1.778279410038905e+06
	4.187915395304150e-11
 126	1.995262314968860e+06
	1.995262314968860e+06
	4.187915394530340e-11
 127	2.238721138568317e+06
	2.238721138568317e+06
	4.187915393556171e-11
 128	2.511886431509554e+06
	2.511886431509554e+06
	4.187915392329765e-11
 129	2.818382931264425e+06
	2.818382931264425e+06
	4.187915390785811e-11
 130	3.162277660168346e+06
	3.162277660168346e+06
	4.187915388842089e-11
 131	3.548133892335718e+06
	3.548133892335718e+06
	4.187915386395087e-11
 132	3.981071705534931e+06
	3.981071705534931e+06
	4.187915383314494e-11
 133	4.466835921509584e+06
	4.466835921509584e+06
	4.187915379436257e-11
 134	5.011872336272670e+06
	5.011872336272670e+06
	4.187915374553847e-11
 135	5.623413251903431e+06
	5.623413251903431e+06
	4.187915368407257e-11
 136	6.309573444801864e+06
	6.309573444801864e+06
	4.187915360669159e-11
 137	7.079457843841302e+06
	7.079457843841302e+06
	4.187915350927469e-11
 138	7.943282347242728e+06
	7.943282347242728e+06
	4.187915338663408e-11
 139	8.912509381337358e+06
	8.912509381337358e+06
	4.187915323223872e-11
 140	9.999999999999890e+06
	9.999999999999890e+06
	4.187915303786647e-11
 141	1.122018454301951e+07
	1.122018454301951e+07
	4.187915279316630e-11
 142	1.258925411794153e+07
	1.258925411794153e+07
	4.187915248510705e-11
 143	1.412537544622738e+07
	1.412537544622738e+07
	4.187915209728345e-11
 144	1.584893192461096e+07
	1.584893192461096e+07
	4.187915160904248e-11
 145	1.778279410038903e+07
	1.778279410038903e+07
	4.187915099438354e-11
 146	1.995262314968857e+07
	1.995262314968857e+07
	4.187915022057381e-11
 147	2.238721138568314e+07
	2.238721138568314e+07
	4.187914924640514e-11
 148	2.511886431509551e+07
	2.511886431509551e+07
	4.187914801999955e-11
 149	2.818382931264421e+07
	2.818382931264421e+07
	4.187914647604653e-11
 150	3.162277660168342e+07
	3.162277660168342e+07
	4.187914453232509e-11
 151	3.548133892335713e+07
	3.548133892335713e+07
	4.187914208532516e-11
 152	3.981071705534925e+07
	3.981071705534925e+07
	4.187913900473537e-11
 153	4.466835921509578e+07
	4.466835921509578e+07
	4.187913512650356e-11
 154	5.011872336272663e+07
	5.011872336272663e+07
	4.187913024410054e-11
 155	5.623413251903423e+07
	5.623413251903423e+07
	4.187912409752171e-11
 156	6.309573444801856e+07
	6.309573444801856e+07
	4.187911635944129e-11
 157	7.079457843841292e+07
	7.079457843841292e+07
	4.187910661778129e-11
 158	7.943282347242716e+07
	7.943282347242716e+07
	4.187909435376764e-11
 159	8.912509381337343e+07
	8.912509381337343e+07
	4.187907891430453e-11
 160	9.999999999999873e+07
	9.999999999999873e+07
	4.187905947719635e-11
 161	1.122018454301949e+08
	1.122018454301949e+08
	4.187903500736542e-11
 162	1.258925411794151e+08
	1.258925411794151e+08
	4.187900420173443e-11
 163	1.412537544622736e+08
	1.412537544622736e+08
	4.187896541983941e-11
 164	1.584893192461093e+08
	1.584893192461093e+08
	4.187891659647944e-11
 165	1.778279410038899e+08
	1.778279410038899e+08
	4.187885513175370e-11
 166	1.995262314968853e+08
	1.995262314968853e+08
	4.187877775263334e-11
 167	2.238721138568310e+08
	2.238721138568310e+08
	4.187868033870225e-11
 168	2.511886431509547e+08
	2.511886431509547e+08
	4.187855770279554e-11
 169	2.818382931264416e+08
	2.818382931264416e+08
	4.187840331486807e-11
 170	3.162277660168337e+08
	3.162277660168337e+08
	4.187820895441078e-11
 171	3.548133892335706e+08
	3.548133892335706e+08
	4.187796427293986e-11
 172	3.981071705534918e+08
	3.981071705534918e+08
	4.187765624331651e-11
 173	4.466835921509570e+08
	4.466835921509570e+08
	4.187726846666072e-11
 174	5.011872336272654e+08
	5.011872336272654e+08
	4.187678030009131e-11
 175	5.623413251903414e+08
	5.623413251903414e+08
	4.187616575906574e-11
 176	6.309573444801846e+08
	6.309573444801846e+08
	4.187539213622062e-11
 177	7.079457843841281e+08
	7.079457843841281e+08
	4.187441826372463e-11
 178	7.943282347242705e+08
	7.943282347242705e+08
	4.187319232749975e-11
 179	8.912509381337330e+08
	8.912509381337330e+08
	4.187164911832386e-11
 180	1.000000000000000e+09
	1.000000000000000e+09
	4.186970657566374e-11
