v-sweep v(drain_iv) v(gate_iv) id is ib ig kcl
0.000000e+00 0.000000e+00 0.000000e+00 7.724900e-28 7.724900e-28 0.000000e+00 -1.545000e-27 2.000000e-32
1.000000e-02 1.000000e-02 0.000000e+00 -3.863952e-16 3.763952e-16 1.000000e-17 -1.003200e-27 1.003165e-27
2.000000e-02 2.000000e-02 0.000000e+00 -6.050808e-16 5.850808e-16 2.000000e-17 -7.544400e-28 7.544677e-28
3.000000e-02 3.000000e-02 0.000000e+00 -7.177501e-16 6.877501e-16 3.000000e-17 -6.493200e-28 6.493138e-28
4.000000e-02 4.000000e-02 0.000000e+00 -7.788504e-16 7.388504e-16 4.000000e-17 -6.055300e-28 6.054869e-28
5.000000e-02 5.000000e-02 0.000000e+00 -8.180570e-16 7.680570e-16 5.000000e-17 -5.860300e-28 5.860485e-28
6.000000e-02 6.000000e-02 0.000000e+00 -8.476627e-16 7.876627e-16 6.000000e-17 -5.764900e-28 5.764777e-28
7.000000e-02 7.000000e-02 0.000000e+00 -8.725769e-16 8.025769e-16 7.000000e-17 -5.713700e-28 5.713207e-28
8.000000e-02 8.000000e-02 0.000000e+00 -8.948992e-16 8.148992e-16 8.000000e-17 -5.684200e-28 5.683337e-28
9.000000e-02 9.000000e-02 0.000000e+00 -9.156197e-16 8.256197e-16 9.000000e-17 -5.666000e-28 5.666740e-28
1.000000e-01 1.000000e-01 0.000000e+00 -9.352496e-16 8.352496e-16 1.000000e-16 -5.654300e-28 5.653684e-28
1.100000e-01 1.100000e-01 0.000000e+00 -9.540804e-16 8.440804e-16 1.100000e-16 -5.646400e-28 5.645414e-28
1.200000e-01 1.200000e-01 0.000000e+00 -9.722875e-16 8.522875e-16 1.200000e-16 -5.640900e-28 5.641640e-28
1.300000e-01 1.300000e-01 0.000000e+00 -9.899887e-16 8.599887e-16 1.300000e-16 -5.636900e-28 5.636160e-28
1.400000e-01 1.400000e-01 0.000000e+00 -1.007300e-15 8.672646e-16 1.400000e-16 -5.634000e-28 3.540000e-20
1.500000e-01 1.500000e-01 0.000000e+00 -1.024200e-15 8.741731e-16 1.500000e-16 -5.631800e-28 2.690000e-20
1.600000e-01 1.600000e-01 0.000000e+00 -1.040800e-15 8.807592e-16 1.600000e-16 -5.630100e-28 4.080000e-20
1.700000e-01 1.700000e-01 0.000000e+00 -1.057100e-15 8.870581e-16 1.700000e-16 -5.628800e-28 4.190000e-20
1.800000e-01 1.800000e-01 0.000000e+00 -1.073100e-15 8.930988e-16 1.800000e-16 -5.627800e-28 1.200001e-21
1.900000e-01 1.900000e-01 0.000000e+00 -1.088900e-15 8.989053e-16 1.900000e-16 -5.627000e-28 5.299999e-21
2.000000e-01 2.000000e-01 0.000000e+00 -1.104500e-15 9.044965e-16 2.000000e-16 -5.626300e-28 3.500001e-21
2.100000e-01 2.100000e-01 0.000000e+00 -1.119900e-15 9.098912e-16 2.100000e-16 -5.625700e-28 8.800001e-21
2.200000e-01 2.200000e-01 0.000000e+00 -1.135100e-15 9.151026e-16 2.200000e-16 -5.625300e-28 2.599999e-21
2.300000e-01 2.300000e-01 0.000000e+00 -1.150100e-15 9.201450e-16 2.300000e-16 -5.624900e-28 4.500000e-20
2.400000e-01 2.400000e-01 0.000000e+00 -1.165000e-15 9.250293e-16 2.400000e-16 -5.624600e-28 2.930000e-20
2.500000e-01 2.500000e-01 0.000000e+00 -1.179800e-15 9.297664e-16 2.500000e-16 -5.624300e-28 3.360000e-20
2.600000e-01 2.600000e-01 0.000000e+00 -1.194400e-15 9.343651e-16 2.600000e-16 -5.624100e-28 3.490000e-20
2.700000e-01 2.700000e-01 0.000000e+00 -1.208800e-15 9.388337e-16 2.700000e-16 -5.623900e-28 3.370000e-20
2.800000e-01 2.800000e-01 0.000000e+00 -1.223200e-15 9.431793e-16 2.800000e-16 -5.623700e-28 2.070000e-20
2.900000e-01 2.900000e-01 0.000000e+00 -1.237400e-15 9.474106e-16 2.900000e-16 -5.623600e-28 1.060000e-20
3.000000e-01 3.000000e-01 0.000000e+00 -1.251500e-15 9.515320e-16 3.000000e-16 -5.623400e-28 3.200000e-20
3.100000e-01 3.100000e-01 0.000000e+00 -1.265600e-15 9.555501e-16 3.100000e-16 -5.623300e-28 4.990000e-20
3.200000e-01 3.200000e-01 0.000000e+00 -1.279500e-15 9.594703e-16 3.200000e-16 -5.623200e-28 2.970000e-20
3.300000e-01 3.300000e-01 0.000000e+00 -1.293300e-15 9.632971e-16 3.300000e-16 -5.623100e-28 2.900001e-21
3.400000e-01 3.400000e-01 0.000000e+00 -1.307000e-15 9.670357e-16 3.400000e-16 -5.623100e-28 3.570000e-20
3.500000e-01 3.500000e-01 0.000000e+00 -1.320700e-15 9.706892e-16 3.500000e-16 -5.623000e-28 1.080000e-20
3.600000e-01 3.600000e-01 0.000000e+00 -1.334300e-15 9.742623e-16 3.600000e-16 -5.622900e-28 3.770000e-20
3.700000e-01 3.700000e-01 0.000000e+00 -1.347800e-15 9.777587e-16 3.700000e-16 -5.622900e-28 4.130000e-20
3.800000e-01 3.800000e-01 0.000000e+00 -1.361200e-15 9.811810e-16 3.800000e-16 -5.622800e-28 1.900000e-20
3.900000e-01 3.900000e-01 0.000000e+00 -1.374500e-15 9.845341e-16 3.900000e-16 -5.622800e-28 3.410000e-20
4.000000e-01 4.000000e-01 0.000000e+00 -1.387800e-15 9.878191e-16 4.000000e-16 -5.622700e-28 1.910000e-20
4.100000e-01 4.100000e-01 0.000000e+00 -1.401000e-15 9.910393e-16 4.100000e-16 -5.622700e-28 3.930000e-20
4.200000e-01 4.200000e-01 0.000000e+00 -1.414200e-15 9.941979e-16 4.200000e-16 -5.622700e-28 2.100001e-21
4.300000e-01 4.300000e-01 0.000000e+00 -1.427300e-15 9.972963e-16 4.300000e-16 -5.622600e-28 3.700001e-21
4.400000e-01 4.400000e-01 0.000000e+00 -1.440300e-15 1.000300e-15 4.400000e-16 -5.622600e-28 5.620628e-28
4.500000e-01 4.500000e-01 0.000000e+00 -1.453300e-15 1.003300e-15 4.500000e-16 -5.622600e-28 5.622600e-28
4.600000e-01 4.600000e-01 0.000000e+00 -1.466300e-15 1.006300e-15 4.600000e-16 -5.622600e-28 5.621614e-28
4.700000e-01 4.700000e-01 0.000000e+00 -1.479100e-15 1.009100e-15 4.700000e-16 -5.622500e-28 5.621514e-28
4.800000e-01 4.800000e-01 0.000000e+00 -1.492000e-15 1.012000e-15 4.800000e-16 -5.622500e-28 5.623486e-28
4.900000e-01 4.900000e-01 0.000000e+00 -1.504800e-15 1.014800e-15 4.900000e-16 -5.622500e-28 5.622500e-28
5.000000e-01 5.000000e-01 0.000000e+00 -1.517500e-15 1.017500e-15 5.000000e-16 -5.622500e-28 5.622500e-28
5.100000e-01 5.100000e-01 0.000000e+00 -1.530200e-15 1.020200e-15 5.100000e-16 -5.622500e-28 5.622500e-28
5.200000e-01 5.200000e-01 0.000000e+00 -1.542800e-15 1.022800e-15 5.200000e-16 -5.622500e-28 5.623486e-28
5.300000e-01 5.300000e-01 0.000000e+00 -1.555500e-15 1.025500e-15 5.300000e-16 -5.622500e-28 5.621514e-28
5.400000e-01 5.400000e-01 0.000000e+00 -1.568000e-15 1.028000e-15 5.400000e-16 -5.622400e-28 5.623386e-28
5.500000e-01 5.500000e-01 0.000000e+00 -1.580600e-15 1.030600e-15 5.500000e-16 -5.622400e-28 5.622400e-28
5.600000e-01 5.600000e-01 0.000000e+00 -1.593100e-15 1.033100e-15 5.600000e-16 -5.622400e-28 5.622400e-28
5.700000e-01 5.700000e-01 0.000000e+00 -1.605500e-15 1.035500e-15 5.700000e-16 -5.622400e-28 5.620428e-28
5.800000e-01 5.800000e-01 0.000000e+00 -1.617900e-15 1.037900e-15 5.800000e-16 -5.622400e-28 5.619442e-28
5.900000e-01 5.900000e-01 0.000000e+00 -1.630300e-15 1.040300e-15 5.900000e-16 -5.622400e-28 5.623386e-28
6.000000e-01 6.000000e-01 0.000000e+00 -1.642700e-15 1.042700e-15 6.000000e-16 -5.622400e-28 5.624372e-28
6.100000e-01 6.100000e-01 0.000000e+00 -1.655000e-15 1.045000e-15 6.100000e-16 -5.622400e-28 5.622400e-28
6.200000e-01 6.200000e-01 0.000000e+00 -1.667300e-15 1.047300e-15 6.200000e-16 -5.622400e-28 5.622400e-28
6.300000e-01 6.300000e-01 0.000000e+00 -1.679600e-15 1.049600e-15 6.300000e-16 -5.622400e-28 5.621414e-28
6.400000e-01 6.400000e-01 0.000000e+00 -1.691800e-15 1.051800e-15 6.400000e-16 -5.622400e-28 5.623386e-28
6.500000e-01 6.500000e-01 0.000000e+00 -1.704000e-15 1.054000e-15 6.500000e-16 -5.622400e-28 5.621414e-28
6.600000e-01 6.600000e-01 0.000000e+00 -1.716200e-15 1.056200e-15 6.600000e-16 -5.622300e-28 5.622300e-28
6.700000e-01 6.700000e-01 0.000000e+00 -1.728300e-15 1.058300e-15 6.700000e-16 -5.622300e-28 5.622300e-28
6.800000e-01 6.800000e-01 0.000000e+00 -1.740400e-15 1.060400e-15 6.800000e-16 -5.622300e-28 5.622300e-28
6.900000e-01 6.900000e-01 0.000000e+00 -1.752500e-15 1.062500e-15 6.900000e-16 -5.622300e-28 5.623286e-28
7.000000e-01 7.000000e-01 0.000000e+00 -1.764600e-15 1.064600e-15 7.000000e-16 -5.622300e-28 5.623286e-28
7.100000e-01 7.100000e-01 0.000000e+00 -1.776600e-15 1.066600e-15 7.100000e-16 -5.622300e-28 5.622300e-28
7.200000e-01 7.200000e-01 0.000000e+00 -1.788700e-15 1.068700e-15 7.200000e-16 -5.622300e-28 5.622300e-28
7.300000e-01 7.300000e-01 0.000000e+00 -1.800700e-15 1.070700e-15 7.300000e-16 -5.622300e-28 5.624272e-28
7.400000e-01 7.400000e-01 0.000000e+00 -1.812600e-15 1.072600e-15 7.400000e-16 -5.622300e-28 5.623286e-28
7.500000e-01 7.500000e-01 0.000000e+00 -1.824600e-15 1.074600e-15 7.500000e-16 -5.622300e-28 5.621314e-28
7.600000e-01 7.600000e-01 0.000000e+00 -1.836500e-15 1.076500e-15 7.600000e-16 -5.622300e-28 5.623286e-28
7.700000e-01 7.700000e-01 0.000000e+00 -1.848400e-15 1.078400e-15 7.700000e-16 -5.622300e-28 5.622300e-28
7.800000e-01 7.800000e-01 0.000000e+00 -1.860300e-15 1.080300e-15 7.800000e-16 -5.622300e-28 5.622300e-28
7.900000e-01 7.900000e-01 0.000000e+00 -1.872200e-15 1.082200e-15 7.900000e-16 -5.622300e-28 5.624272e-28
8.000000e-01 8.000000e-01 0.000000e+00 -1.884000e-15 1.084000e-15 8.000000e-16 -5.622300e-28 5.619342e-28
8.100000e-01 8.100000e-01 0.000000e+00 -1.895900e-15 1.085900e-15 8.100000e-16 -5.622300e-28 5.619342e-28
8.200000e-01 8.200000e-01 0.000000e+00 -1.907700e-15 1.087700e-15 8.200000e-16 -5.622300e-28 5.625258e-28
8.300000e-01 8.300000e-01 0.000000e+00 -1.919500e-15 1.089500e-15 8.300000e-16 -5.622300e-28 5.622300e-28
8.400000e-01 8.400000e-01 0.000000e+00 -1.931200e-15 1.091200e-15 8.400000e-16 -5.622300e-28 5.624272e-28
8.500000e-01 8.500000e-01 0.000000e+00 -1.943000e-15 1.093000e-15 8.500000e-16 -5.622300e-28 5.623286e-28
8.600000e-01 8.600000e-01 0.000000e+00 -1.954700e-15 1.094700e-15 8.600000e-16 -5.622300e-28 5.625258e-28
8.700000e-01 8.700000e-01 0.000000e+00 -1.966500e-15 1.096500e-15 8.700000e-16 -5.622300e-28 5.619342e-28
8.800000e-01 8.800000e-01 0.000000e+00 -1.978200e-15 1.098200e-15 8.800000e-16 -5.622300e-28 5.620328e-28
8.900000e-01 8.900000e-01 0.000000e+00 -1.989900e-15 1.099900e-15 8.900000e-16 -5.622300e-28 5.622300e-28
9.000000e-01 9.000000e-01 0.000000e+00 -2.001500e-15 1.101500e-15 9.000000e-16 -5.622300e-28 5.624272e-28
9.100000e-01 9.100000e-01 0.000000e+00 -2.013200e-15 1.103200e-15 9.100000e-16 -5.622300e-28 5.622300e-28
9.200000e-01 9.200000e-01 0.000000e+00 -2.024800e-15 1.104800e-15 9.200000e-16 -5.622300e-28 5.620328e-28
9.300000e-01 9.300000e-01 0.000000e+00 -2.036500e-15 1.106500e-15 9.300000e-16 -5.622300e-28 5.622300e-28
9.400000e-01 9.400000e-01 0.000000e+00 -2.048100e-15 1.108100e-15 9.400000e-16 -5.622300e-28 5.618356e-28
9.500000e-01 9.500000e-01 0.000000e+00 -2.059700e-15 1.109700e-15 9.500000e-16 -5.622300e-28 5.620328e-28
9.600000e-01 9.600000e-01 0.000000e+00 -2.071300e-15 1.111300e-15 9.600000e-16 -5.622300e-28 5.620328e-28
9.700000e-01 9.700000e-01 0.000000e+00 -2.082800e-15 1.112800e-15 9.700000e-16 -5.622300e-28 5.624272e-28
9.800000e-01 9.800000e-01 0.000000e+00 -2.094400e-15 1.114400e-15 9.800000e-16 -5.622300e-28 5.618356e-28
9.900000e-01 9.900000e-01 0.000000e+00 -2.105900e-15 1.115900e-15 9.900000e-16 -5.622300e-28 5.622300e-28
1.000000e+00 1.000000e+00 0.000000e+00 -2.117500e-15 1.117500e-15 1.000000e-15 -5.622300e-28 5.622300e-28
1.010000e+00 1.010000e+00 0.000000e+00 -2.129000e-15 1.119000e-15 1.010000e-15 -5.622300e-28 5.622300e-28
1.020000e+00 1.020000e+00 0.000000e+00 -2.140500e-15 1.120500e-15 1.020000e-15 -5.622300e-28 5.620328e-28
1.030000e+00 1.030000e+00 0.000000e+00 -2.152000e-15 1.122000e-15 1.030000e-15 -5.622300e-28 5.620328e-28
1.040000e+00 1.040000e+00 0.000000e+00 -2.163500e-15 1.123500e-15 1.040000e-15 -5.622300e-28 5.622300e-28
1.050000e+00 1.050000e+00 0.000000e+00 -2.174900e-15 1.124900e-15 1.050000e-15 -5.622300e-28 5.622300e-28
1.060000e+00 1.060000e+00 0.000000e+00 -2.186400e-15 1.126400e-15 1.060000e-15 -5.622300e-28 5.622300e-28
1.070000e+00 1.070000e+00 0.000000e+00 -2.197800e-15 1.127800e-15 1.070000e-15 -5.622300e-28 5.624272e-28
1.080000e+00 1.080000e+00 0.000000e+00 -2.209300e-15 1.129300e-15 1.080000e-15 -5.622300e-28 5.618356e-28
1.090000e+00 1.090000e+00 0.000000e+00 -2.220700e-15 1.130700e-15 1.090000e-15 -5.622300e-28 5.618356e-28
1.100000e+00 1.100000e+00 0.000000e+00 -2.232100e-15 1.132100e-15 1.100000e-15 -5.622300e-28 5.620328e-28
1.110000e+00 1.110000e+00 0.000000e+00 -2.243500e-15 1.133500e-15 1.110000e-15 -5.622300e-28 5.624272e-28
1.120000e+00 1.120000e+00 0.000000e+00 -2.254900e-15 1.134900e-15 1.120000e-15 -5.622300e-28 5.622300e-28
1.130000e+00 1.130000e+00 0.000000e+00 -2.266300e-15 1.136300e-15 1.130000e-15 -5.622300e-28 5.626244e-28
1.140000e+00 1.140000e+00 0.000000e+00 -2.277600e-15 1.137600e-15 1.140000e-15 -5.622300e-28 5.624272e-28
1.150000e+00 1.150000e+00 0.000000e+00 -2.289000e-15 1.139000e-15 1.150000e-15 -5.622300e-28 5.624272e-28
1.160000e+00 1.160000e+00 0.000000e+00 -2.300300e-15 1.140300e-15 1.160000e-15 -5.622300e-28 5.624272e-28
1.170000e+00 1.170000e+00 0.000000e+00 -2.311700e-15 1.141700e-15 1.170000e-15 -5.622300e-28 5.622300e-28
1.180000e+00 1.180000e+00 0.000000e+00 -2.323000e-15 1.143000e-15 1.180000e-15 -5.622300e-28 5.622300e-28
1.190000e+00 1.190000e+00 0.000000e+00 -2.334300e-15 1.144300e-15 1.190000e-15 -5.622300e-28 5.620328e-28
1.200000e+00 1.200000e+00 0.000000e+00 -2.345600e-15 1.145600e-15 1.200000e-15 -5.622300e-28 5.626244e-28
0.000000e+00 0.000000e+00 2.000000e-01 4.675100e-25 4.675100e-25 1.580400e-15 -1.580400e-15 9.350201e-25
1.000000e-02 1.000000e-02 2.000000e-01 -9.269700e-15 9.259700e-15 1.590400e-15 -1.580400e-15 1.972152e-31
2.000000e-02 2.000000e-02 2.000000e-01 -1.441350e-14 1.439350e-14 1.600400e-15 -1.580400e-15 2.761013e-30
3.000000e-02 3.000000e-02 2.000000e-01 -1.694930e-14 1.691930e-14 1.610400e-15 -1.580400e-15 9.860761e-31
4.000000e-02 4.000000e-02 2.000000e-01 -1.821640e-14 1.817640e-14 1.620400e-15 -1.580400e-15 9.860761e-31
5.000000e-02 5.000000e-02 2.000000e-01 -1.894490e-14 1.889490e-14 1.630400e-15 -1.580400e-15 3.944305e-31
6.000000e-02 6.000000e-02 2.000000e-01 -1.943720e-14 1.937720e-14 1.640400e-15 -1.580400e-15 1.774937e-30
7.000000e-02 7.000000e-02 2.000000e-01 -1.981410e-14 1.974410e-14 1.650400e-15 -1.580400e-15 0.000000e+00
8.000000e-02 8.000000e-02 2.000000e-01 -2.012730e-14 2.004730e-14 1.660400e-15 -1.580400e-15 1.183291e-30
9.000000e-02 9.000000e-02 2.000000e-01 -2.040100e-14 2.031100e-14 1.670400e-15 -1.580400e-15 5.916457e-31
1.000000e-01 1.000000e-01 2.000000e-01 -2.064790e-14 2.054790e-14 1.680400e-15 -1.580400e-15 9.860761e-31
1.100000e-01 1.100000e-01 2.000000e-01 -2.087520e-14 2.076520e-14 1.690400e-15 -1.580400e-15 7.888609e-31
1.200000e-01 1.200000e-01 2.000000e-01 -2.108710e-14 2.096710e-14 1.700400e-15 -1.580400e-15 5.916457e-31
1.300000e-01 1.300000e-01 2.000000e-01 -2.128650e-14 2.115650e-14 1.710400e-15 -1.580400e-15 1.380507e-30
1.400000e-01 1.400000e-01 2.000000e-01 -2.147550e-14 2.133550e-14 1.720400e-15 -1.580400e-15 0.000000e+00
1.500000e-01 1.500000e-01 2.000000e-01 -2.165550e-14 2.150550e-14 1.730400e-15 -1.580400e-15 1.774937e-30
1.600000e-01 1.600000e-01 2.000000e-01 -2.182750e-14 2.166750e-14 1.740400e-15 -1.580400e-15 3.944305e-31
1.700000e-01 1.700000e-01 2.000000e-01 -2.199240e-14 2.182240e-14 1.750400e-15 -1.580400e-15 4.141520e-30
1.800000e-01 1.800000e-01 2.000000e-01 -2.215110e-14 2.197110e-14 1.760400e-15 -1.580400e-15 9.860761e-31
1.900000e-01 1.900000e-01 2.000000e-01 -2.230390e-14 2.211390e-14 1.770400e-15 -1.580400e-15 3.944305e-31
2.000000e-01 2.000000e-01 2.000000e-01 -2.245150e-14 2.225150e-14 1.780400e-15 -1.580400e-15 1.577722e-30
2.100000e-01 2.100000e-01 2.000000e-01 -2.259420e-14 2.238420e-14 1.790400e-15 -1.580400e-15 0.000000e+00
2.200000e-01 2.200000e-01 2.000000e-01 -2.273240e-14 2.251240e-14 1.800400e-15 -1.580400e-15 1.183291e-30
2.300000e-01 2.300000e-01 2.000000e-01 -2.286640e-14 2.263640e-14 1.810400e-15 -1.580400e-15 3.944305e-31
2.400000e-01 2.400000e-01 2.000000e-01 -2.299660e-14 2.275660e-14 1.820400e-15 -1.580400e-15 3.944305e-30
2.500000e-01 2.500000e-01 2.000000e-01 -2.312310e-14 2.287310e-14 1.830400e-15 -1.580400e-15 1.972152e-30
2.600000e-01 2.600000e-01 2.000000e-01 -2.324620e-14 2.298620e-14 1.840400e-15 -1.580400e-15 3.549874e-30
2.700000e-01 2.700000e-01 2.000000e-01 -2.336620e-14 2.309620e-14 1.850400e-15 -1.580400e-15 1.577722e-30
2.800000e-01 2.800000e-01 2.000000e-01 -2.348310e-14 2.320310e-14 1.860400e-15 -1.580400e-15 0.000000e+00
2.900000e-01 2.900000e-01 2.000000e-01 -2.359720e-14 2.330720e-14 1.870400e-15 -1.580400e-15 1.183291e-30
3.000000e-01 3.000000e-01 2.000000e-01 -2.370860e-14 2.340860e-14 1.880400e-15 -1.580400e-15 2.366583e-30
3.100000e-01 3.100000e-01 2.000000e-01 -2.381740e-14 2.350740e-14 1.890400e-15 -1.580400e-15 2.366583e-30
3.200000e-01 3.200000e-01 2.000000e-01 -2.392390e-14 2.360390e-14 1.900400e-15 -1.580400e-15 1.972152e-30
3.300000e-01 3.300000e-01 2.000000e-01 -2.402800e-14 2.369800e-14 1.910400e-15 -1.580400e-15 3.155444e-30
3.400000e-01 3.400000e-01 2.000000e-01 -2.413000e-14 2.379000e-14 1.920400e-15 -1.580400e-15 1.577722e-30
3.500000e-01 3.500000e-01 2.000000e-01 -2.422990e-14 2.387990e-14 1.930400e-15 -1.580400e-15 3.155444e-30
3.600000e-01 3.600000e-01 2.000000e-01 -2.432780e-14 2.396780e-14 1.940400e-15 -1.580400e-15 1.972152e-30
3.700000e-01 3.700000e-01 2.000000e-01 -2.442380e-14 2.405380e-14 1.950400e-15 -1.580400e-15 2.761013e-30
3.800000e-01 3.800000e-01 2.000000e-01 -2.451800e-14 2.413800e-14 1.960400e-15 -1.580400e-15 7.888609e-31
3.900000e-01 3.900000e-01 2.000000e-01 -2.461040e-14 2.422040e-14 1.970400e-15 -1.580400e-15 4.338735e-30
4.000000e-01 4.000000e-01 2.000000e-01 -2.470130e-14 2.430130e-14 1.980400e-15 -1.580400e-15 2.761013e-30
4.100000e-01 4.100000e-01 2.000000e-01 -2.479050e-14 2.438050e-14 1.990400e-15 -1.580400e-15 1.577722e-30
4.200000e-01 4.200000e-01 2.000000e-01 -2.487820e-14 2.445820e-14 2.000400e-15 -1.580400e-15 0.000000e+00
4.300000e-01 4.300000e-01 2.000000e-01 -2.496440e-14 2.453440e-14 2.010400e-15 -1.580400e-15 7.888609e-31
4.400000e-01 4.400000e-01 2.000000e-01 -2.504920e-14 2.460920e-14 2.020400e-15 -1.580400e-15 3.944305e-30
4.500000e-01 4.500000e-01 2.000000e-01 -2.513270e-14 2.468270e-14 2.030400e-15 -1.580400e-15 3.944305e-31
4.600000e-01 4.600000e-01 2.000000e-01 -2.521490e-14 2.475490e-14 2.040400e-15 -1.580400e-15 1.972152e-30
4.700000e-01 4.700000e-01 2.000000e-01 -2.529580e-14 2.482580e-14 2.050400e-15 -1.580400e-15 3.944305e-31
4.800000e-01 4.800000e-01 2.000000e-01 -2.537550e-14 2.489550e-14 2.060400e-15 -1.580400e-15 1.577722e-30
4.900000e-01 4.900000e-01 2.000000e-01 -2.545400e-14 2.496400e-14 2.070400e-15 -1.580400e-15 3.155444e-30
5.000000e-01 5.000000e-01 2.000000e-01 -2.553140e-14 2.503140e-14 2.080400e-15 -1.580400e-15 1.183291e-30
5.100000e-01 5.100000e-01 2.000000e-01 -2.560770e-14 2.509770e-14 2.090400e-15 -1.580400e-15 2.761013e-30
5.200000e-01 5.200000e-01 2.000000e-01 -2.568300e-14 2.516300e-14 2.100400e-15 -1.580400e-15 3.944305e-31
5.300000e-01 5.300000e-01 2.000000e-01 -2.575720e-14 2.522720e-14 2.110400e-15 -1.580400e-15 1.972152e-30
5.400000e-01 5.400000e-01 2.000000e-01 -2.583050e-14 2.529050e-14 2.120400e-15 -1.580400e-15 0.000000e+00
5.500000e-01 5.500000e-01 2.000000e-01 -2.590280e-14 2.535280e-14 2.130400e-15 -1.580400e-15 1.577722e-30
5.600000e-01 5.600000e-01 2.000000e-01 -2.597410e-14 2.541410e-14 2.140400e-15 -1.580400e-15 3.944305e-31
5.700000e-01 5.700000e-01 2.000000e-01 -2.604460e-14 2.547460e-14 2.150400e-15 -1.580400e-15 1.183291e-30
5.800000e-01 5.800000e-01 2.000000e-01 -2.611420e-14 2.553420e-14 2.160400e-15 -1.580400e-15 2.366583e-30
5.900000e-01 5.900000e-01 2.000000e-01 -2.618300e-14 2.559300e-14 2.170400e-15 -1.580400e-15 7.888609e-31
6.000000e-01 6.000000e-01 2.000000e-01 -2.625090e-14 2.565090e-14 2.180400e-15 -1.580400e-15 1.972152e-30
6.100000e-01 6.100000e-01 2.000000e-01 -2.631810e-14 2.570810e-14 2.190400e-15 -1.580400e-15 0.000000e+00
6.200000e-01 6.200000e-01 2.000000e-01 -2.638440e-14 2.576440e-14 2.200400e-15 -1.580400e-15 1.972152e-30
6.300000e-01 6.300000e-01 2.000000e-01 -2.645010e-14 2.582010e-14 2.210400e-15 -1.580400e-15 3.944305e-31
6.400000e-01 6.400000e-01 2.000000e-01 -2.651500e-14 2.587500e-14 2.220400e-15 -1.580400e-15 2.366583e-30
6.500000e-01 6.500000e-01 2.000000e-01 -2.657920e-14 2.592920e-14 2.230400e-15 -1.580400e-15 3.944305e-30
6.600000e-01 6.600000e-01 2.000000e-01 -2.664270e-14 2.598270e-14 2.240400e-15 -1.580400e-15 3.944305e-31
6.700000e-01 6.700000e-01 2.000000e-01 -2.670550e-14 2.603550e-14 2.250400e-15 -1.580400e-15 1.972152e-30
6.800000e-01 6.800000e-01 2.000000e-01 -2.676770e-14 2.608770e-14 2.260400e-15 -1.580400e-15 0.000000e+00
6.900000e-01 6.900000e-01 2.000000e-01 -2.682920e-14 2.613920e-14 2.270400e-15 -1.580400e-15 1.577722e-30
7.000000e-01 7.000000e-01 2.000000e-01 -2.689010e-14 2.619010e-14 2.280400e-15 -1.580400e-15 7.888609e-31
7.100000e-01 7.100000e-01 2.000000e-01 -2.695040e-14 2.624040e-14 2.290400e-15 -1.580400e-15 2.366583e-30
7.200000e-01 7.200000e-01 2.000000e-01 -2.701010e-14 2.629010e-14 2.300400e-15 -1.580400e-15 2.366583e-30
7.300000e-01 7.300000e-01 2.000000e-01 -2.706930e-14 2.633930e-14 2.310400e-15 -1.580400e-15 2.761013e-30
7.400000e-01 7.400000e-01 2.000000e-01 -2.712790e-14 2.638790e-14 2.320400e-15 -1.580400e-15 1.972152e-30
7.500000e-01 7.500000e-01 2.000000e-01 -2.718590e-14 2.643590e-14 2.330400e-15 -1.580400e-15 0.000000e+00
7.600000e-01 7.600000e-01 2.000000e-01 -2.724340e-14 2.648340e-14 2.340400e-15 -1.580400e-15 1.577722e-30
7.700000e-01 7.700000e-01 2.000000e-01 -2.730040e-14 2.653040e-14 2.350400e-15 -1.580400e-15 3.944305e-31
7.800000e-01 7.800000e-01 2.000000e-01 -2.735690e-14 2.657690e-14 2.360400e-15 -1.580400e-15 1.183291e-30
7.900000e-01 7.900000e-01 2.000000e-01 -2.741290e-14 2.662290e-14 2.370400e-15 -1.580400e-15 1.183291e-30
8.000000e-01 8.000000e-01 2.000000e-01 -2.746830e-14 2.666830e-14 2.380400e-15 -1.580400e-15 3.944305e-31
8.100000e-01 8.100000e-01 2.000000e-01 -2.752340e-14 2.671340e-14 2.390400e-15 -1.580400e-15 1.577722e-30
8.200000e-01 8.200000e-01 2.000000e-01 -2.757790e-14 2.675790e-14 2.400400e-15 -1.580400e-15 0.000000e+00
8.300000e-01 8.300000e-01 2.000000e-01 -2.763200e-14 2.680200e-14 2.410400e-15 -1.580400e-15 1.183291e-30
8.400000e-01 8.400000e-01 2.000000e-01 -2.768560e-14 2.684560e-14 2.420400e-15 -1.580400e-15 3.944305e-31
8.500000e-01 8.500000e-01 2.000000e-01 -2.773890e-14 2.688890e-14 2.430400e-15 -1.580400e-15 7.888609e-31
8.600000e-01 8.600000e-01 2.000000e-01 -2.779160e-14 2.693160e-14 2.440400e-15 -1.580400e-15 7.888609e-31
8.700000e-01 8.700000e-01 2.000000e-01 -2.784400e-14 2.697400e-14 2.450400e-15 -1.580400e-15 3.944305e-31
8.800000e-01 8.800000e-01 2.000000e-01 -2.789600e-14 2.701600e-14 2.460400e-15 -1.580400e-15 4.733165e-30
8.900000e-01 8.900000e-01 2.000000e-01 -2.794750e-14 2.705750e-14 2.470400e-15 -1.580400e-15 3.944305e-31
9.000000e-01 9.000000e-01 2.000000e-01 -2.799870e-14 2.709870e-14 2.480400e-15 -1.580400e-15 1.972152e-30
9.100000e-01 9.100000e-01 2.000000e-01 -2.804950e-14 2.713950e-14 2.490400e-15 -1.580400e-15 3.944305e-30
9.200000e-01 9.200000e-01 2.000000e-01 -2.809990e-14 2.717990e-14 2.500400e-15 -1.580400e-15 7.888609e-31
9.300000e-01 9.300000e-01 2.000000e-01 -2.814990e-14 2.721990e-14 2.510400e-15 -1.580400e-15 1.183291e-30
9.400000e-01 9.400000e-01 2.000000e-01 -2.819960e-14 2.725960e-14 2.520400e-15 -1.580400e-15 3.944305e-31
9.500000e-01 9.500000e-01 2.000000e-01 -2.824900e-14 2.729900e-14 2.530400e-15 -1.580400e-15 1.577722e-30
9.600000e-01 9.600000e-01 2.000000e-01 -2.829790e-14 2.733790e-14 2.540400e-15 -1.580400e-15 3.155444e-30
9.700000e-01 9.700000e-01 2.000000e-01 -2.834660e-14 2.737660e-14 2.550400e-15 -1.580400e-15 1.577722e-30
9.800000e-01 9.800000e-01 2.000000e-01 -2.839490e-14 2.741490e-14 2.560400e-15 -1.580400e-15 7.888609e-31
9.900000e-01 9.900000e-01 2.000000e-01 -2.844280e-14 2.745280e-14 2.570400e-15 -1.580400e-15 5.522026e-30
1.000000e+00 1.000000e+00 2.000000e-01 -2.849050e-14 2.749050e-14 2.580400e-15 -1.580400e-15 1.972152e-30
1.010000e+00 1.010000e+00 2.000000e-01 -2.853780e-14 2.752780e-14 2.590400e-15 -1.580400e-15 3.944305e-31
1.020000e+00 1.020000e+00 2.000000e-01 -2.858490e-14 2.756490e-14 2.600400e-15 -1.580400e-15 1.577722e-30
1.030000e+00 1.030000e+00 2.000000e-01 -2.863160e-14 2.760160e-14 2.610400e-15 -1.580400e-15 0.000000e+00
1.040000e+00 1.040000e+00 2.000000e-01 -2.867800e-14 2.763800e-14 2.620400e-15 -1.580400e-15 1.183291e-30
1.050000e+00 1.050000e+00 2.000000e-01 -2.872410e-14 2.767410e-14 2.630400e-15 -1.580400e-15 2.761013e-30
1.060000e+00 1.060000e+00 2.000000e-01 -2.877000e-14 2.771000e-14 2.640400e-15 -1.580400e-15 2.761013e-30
1.070000e+00 1.070000e+00 2.000000e-01 -2.881550e-14 2.774550e-14 2.650400e-15 -1.580400e-15 1.183291e-30
1.080000e+00 1.080000e+00 2.000000e-01 -2.886080e-14 2.778080e-14 2.660400e-15 -1.580400e-15 3.155444e-30
1.090000e+00 1.090000e+00 2.000000e-01 -2.890580e-14 2.781580e-14 2.670400e-15 -1.580400e-15 1.577722e-30
1.100000e+00 1.100000e+00 2.000000e-01 -2.895050e-14 2.785050e-14 2.680400e-15 -1.580400e-15 3.944305e-31
1.110000e+00 1.110000e+00 2.000000e-01 -2.899500e-14 2.788500e-14 2.690400e-15 -1.580400e-15 1.972152e-30
1.120000e+00 1.120000e+00 2.000000e-01 -2.903920e-14 2.791920e-14 2.700400e-15 -1.580400e-15 7.888609e-31
1.130000e+00 1.130000e+00 2.000000e-01 -2.908320e-14 2.795320e-14 2.710400e-15 -1.580400e-15 3.944305e-30
1.140000e+00 1.140000e+00 2.000000e-01 -2.912690e-14 2.798690e-14 2.720400e-15 -1.580400e-15 1.183291e-30
1.150000e+00 1.150000e+00 2.000000e-01 -2.917030e-14 2.802030e-14 2.730400e-15 -1.580400e-15 6.705318e-30
1.160000e+00 1.160000e+00 2.000000e-01 -2.921350e-14 2.805350e-14 2.740400e-15 -1.580400e-15 1.183291e-30
1.170000e+00 1.170000e+00 2.000000e-01 -2.925650e-14 2.808650e-14 2.750400e-15 -1.580400e-15 3.549874e-30
1.180000e+00 1.180000e+00 2.000000e-01 -2.929920e-14 2.811920e-14 2.760400e-15 -1.580400e-15 7.888609e-31
1.190000e+00 1.190000e+00 2.000000e-01 -2.934170e-14 2.815170e-14 2.770400e-15 -1.580400e-15 3.944305e-30
1.200000e+00 1.200000e+00 2.000000e-01 -2.938400e-14 2.818400e-14 2.780400e-15 -1.580400e-15 3.944305e-31
0.000000e+00 0.000000e+00 4.000000e-01 1.948641e-16 1.948641e-16 1.145227e-16 -5.042510e-16 1.000000e-22
1.000000e-02 1.000000e-02 4.000000e-01 -1.895008e-10 1.895011e-10 1.245227e-16 -3.683519e-16 5.617080e-17
2.000000e-02 2.000000e-02 4.000000e-01 -2.949883e-10 2.949884e-10 1.345227e-16 -3.054418e-16 7.091910e-17
3.000000e-02 3.000000e-02 4.000000e-01 -3.470577e-10 3.470578e-10 1.445227e-16 -2.787096e-16 3.418690e-17
4.000000e-02 4.000000e-02 4.000000e-01 -3.730157e-10 3.730158e-10 1.545227e-16 -2.675388e-16 1.301610e-17
5.000000e-02 5.000000e-02 4.000000e-01 -3.878510e-10 3.878511e-10 1.645227e-16 -2.625550e-16 1.967700e-18
6.000000e-02 6.000000e-02 4.000000e-01 -3.978011e-10 3.978012e-10 1.745227e-16 -2.601122e-16 1.441050e-17
7.000000e-02 7.000000e-02 4.000000e-01 -4.053626e-10 4.053626e-10 1.845227e-16 -2.588030e-16 7.428030e-17
8.000000e-02 8.000000e-02 4.000000e-01 -4.116050e-10 4.116050e-10 1.945227e-16 -2.580464e-16 6.352370e-17
9.000000e-02 9.000000e-02 4.000000e-01 -4.170323e-10 4.170323e-10 2.045227e-16 -2.575814e-16 5.305870e-17
1.000000e-01 1.000000e-01 4.000000e-01 -4.219057e-10 4.219057e-10 2.145227e-16 -2.572808e-16 4.275810e-17
1.100000e-01 1.100000e-01 4.000000e-01 -4.263728e-10 4.263729e-10 2.245227e-16 -2.570783e-16 6.744440e-17
1.200000e-01 1.200000e-01 4.000000e-01 -4.305240e-10 4.305241e-10 2.345227e-16 -2.569369e-16 7.758580e-17
1.300000e-01 1.300000e-01 4.000000e-01 -4.344184e-10 4.344184e-10 2.445227e-16 -2.568353e-16 1.231260e-17
1.400000e-01 1.400000e-01 4.000000e-01 -4.380969e-10 4.380969e-10 2.545227e-16 -2.567605e-16 2.237800e-18
1.500000e-01 1.500000e-01 4.000000e-01 -4.415894e-10 4.415894e-10 2.645227e-16 -2.567042e-16 7.818500e-18
1.600000e-01 1.600000e-01 4.000000e-01 -4.449188e-10 4.449188e-10 2.745227e-16 -2.566609e-16 1.786180e-17
1.700000e-01 1.700000e-01 4.000000e-01 -4.481029e-10 4.481029e-10 2.845227e-16 -2.566272e-16 2.789550e-17
1.800000e-01 1.800000e-01 4.000000e-01 -4.511562e-10 4.511562e-10 2.945227e-16 -2.566005e-16 3.792220e-17
1.900000e-01 1.900000e-01 4.000000e-01 -4.540909e-10 4.540908e-10 3.045227e-16 -2.565791e-16 5.205640e-17
2.000000e-01 2.000000e-01 4.000000e-01 -4.569169e-10 4.569169e-10 3.145227e-16 -2.565617e-16 5.796100e-17
2.100000e-01 2.100000e-01 4.000000e-01 -4.596431e-10 4.596430e-10 3.245227e-16 -2.565475e-16 3.202480e-17
2.200000e-01 2.200000e-01 4.000000e-01 -4.622770e-10 4.622769e-10 3.345227e-16 -2.565357e-16 2.201300e-17
2.300000e-01 2.300000e-01 4.000000e-01 -4.648251e-10 4.648250e-10 3.445227e-16 -2.565258e-16 1.200310e-17
2.400000e-01 2.400000e-01 4.000000e-01 -4.672934e-10 4.672933e-10 3.545227e-16 -2.565175e-16 1.994800e-18
2.500000e-01 2.500000e-01 4.000000e-01 -4.696871e-10 4.696870e-10 3.645227e-16 -2.565104e-16 8.012300e-18
2.600000e-01 2.600000e-01 4.000000e-01 -4.720109e-10 4.720108e-10 3.745227e-16 -2.565044e-16 1.801830e-17
2.700000e-01 2.700000e-01 4.000000e-01 -4.742689e-10 4.742688e-10 3.845227e-16 -2.564992e-16 2.802350e-17
2.800000e-01 2.800000e-01 4.000000e-01 -4.764651e-10 4.764650e-10 3.945227e-16 -2.564947e-16 3.802800e-17
2.900000e-01 2.900000e-01 4.000000e-01 -4.786029e-10 4.786028e-10 4.045227e-16 -2.564908e-16 4.803190e-17
3.000000e-01 3.000000e-01 4.000000e-01 -4.806855e-10 4.806853e-10 4.145227e-16 -2.564874e-16 4.196470e-17
3.100000e-01 3.100000e-01 4.000000e-01 -4.827158e-10 4.827156e-10 4.245227e-16 -2.564844e-16 3.196170e-17
3.200000e-01 3.200000e-01 4.000000e-01 -4.846965e-10 4.846964e-10 4.345227e-16 -2.564817e-16 7.804100e-17
3.300000e-01 3.300000e-01 4.000000e-01 -4.866302e-10 4.866300e-10 4.445227e-16 -2.564793e-16 1.195660e-17
3.400000e-01 3.400000e-01 4.000000e-01 -4.885190e-10 4.885188e-10 4.545227e-16 -2.564772e-16 1.954500e-18
3.500000e-01 3.500000e-01 4.000000e-01 -4.903651e-10 4.903649e-10 4.645227e-16 -2.564754e-16 8.047300e-18
3.600000e-01 3.600000e-01 4.000000e-01 -4.921705e-10 4.921703e-10 4.745227e-16 -2.564737e-16 1.804900e-17
3.700000e-01 3.700000e-01 4.000000e-01 -4.939370e-10 4.939368e-10 4.845227e-16 -2.564722e-16 2.805050e-17
3.800000e-01 3.800000e-01 4.000000e-01 -4.956664e-10 4.956662e-10 4.945227e-16 -2.564708e-16 3.805190e-17
3.900000e-01 3.900000e-01 4.000000e-01 -4.973602e-10 4.973599e-10 5.045227e-16 -2.564696e-16 5.194690e-17
4.000000e-01 4.000000e-01 4.000000e-01 -4.990199e-10 4.990197e-10 5.145227e-16 -2.564684e-16 5.805430e-17
4.100000e-01 4.100000e-01 4.000000e-01 -5.006470e-10 5.006467e-10 5.245227e-16 -2.564674e-16 3.194470e-17
4.200000e-01 4.200000e-01 4.000000e-01 -5.022427e-10 5.022424e-10 5.345227e-16 -2.564665e-16 2.194380e-17
4.300000e-01 4.300000e-01 4.000000e-01 -5.038083e-10 5.038080e-10 5.445227e-16 -2.564656e-16 1.194290e-17
4.400000e-01 4.400000e-01 4.000000e-01 -5.053450e-10 5.053447e-10 5.545227e-16 -2.564648e-16 1.942100e-18
4.500000e-01 4.500000e-01 4.000000e-01 -5.068539e-10 5.068536e-10 5.645227e-16 -2.564641e-16 8.058600e-18
4.600000e-01 4.600000e-01 4.000000e-01 -5.083359e-10 5.083356e-10 5.745227e-16 -2.564634e-16 1.805930e-17
4.700000e-01 4.700000e-01 4.000000e-01 -5.097921e-10 5.097918e-10 5.845227e-16 -2.564628e-16 2.805990e-17
4.800000e-01 4.800000e-01 4.000000e-01 -5.112234e-10 5.112231e-10 5.945227e-16 -2.564622e-16 3.806050e-17
4.900000e-01 4.900000e-01 4.000000e-01 -5.126307e-10 5.126304e-10 6.045227e-16 -2.564617e-16 4.806100e-17
5.000000e-01 5.000000e-01 4.000000e-01 -5.140149e-10 5.140145e-10 6.145227e-16 -2.564612e-16 4.193850e-17
5.100000e-01 5.100000e-01 4.000000e-01 -5.153766e-10 5.153762e-10 6.245227e-16 -2.564607e-16 3.193800e-17
5.200000e-01 5.200000e-01 4.000000e-01 -5.167167e-10 5.167163e-10 6.345227e-16 -2.564603e-16 2.193760e-17
5.300000e-01 5.300000e-01 4.000000e-01 -5.180358e-10 5.180354e-10 6.445227e-16 -2.564599e-16 1.193720e-17
5.400000e-01 5.400000e-01 4.000000e-01 -5.193347e-10 5.193343e-10 6.545227e-16 -2.564595e-16 1.936800e-18
5.500000e-01 5.500000e-01 4.000000e-01 -5.206139e-10 5.206135e-10 6.645227e-16 -2.564591e-16 8.063600e-18
5.600000e-01 5.600000e-01 4.000000e-01 -5.218742e-10 5.218738e-10 6.745227e-16 -2.564588e-16 1.806390e-17
5.700000e-01 5.700000e-01 4.000000e-01 -5.231161e-10 5.231156e-10 6.845227e-16 -2.564584e-16 7.193570e-17
5.800000e-01 5.800000e-01 4.000000e-01 -5.243401e-10 5.243396e-10 6.945227e-16 -2.564581e-16 6.193540e-17
5.900000e-01 5.900000e-01 4.000000e-01 -5.255468e-10 5.255463e-10 7.045227e-16 -2.564578e-16 5.193510e-17
6.000000e-01 6.000000e-01 4.000000e-01 -5.267366e-10 5.267362e-10 7.145227e-16 -2.564576e-16 5.806510e-17
6.100000e-01 6.100000e-01 4.000000e-01 -5.279102e-10 5.279097e-10 7.245227e-16 -2.564573e-16 3.193460e-17
6.200000e-01 6.200000e-01 4.000000e-01 -5.290679e-10 5.290674e-10 7.345227e-16 -2.564571e-16 2.193440e-17
6.300000e-01 6.300000e-01 4.000000e-01 -5.302102e-10 5.302097e-10 7.445227e-16 -2.564568e-16 1.193410e-17
6.400000e-01 6.400000e-01 4.000000e-01 -5.313375e-10 5.313370e-10 7.545227e-16 -2.564566e-16 1.933900e-18
6.500000e-01 6.500000e-01 4.000000e-01 -5.324502e-10 5.324497e-10 7.645227e-16 -2.564564e-16 8.066300e-18
6.600000e-01 6.600000e-01 4.000000e-01 -5.335488e-10 5.335483e-10 7.745227e-16 -2.564562e-16 1.806650e-17
6.700000e-01 6.700000e-01 4.000000e-01 -5.346336e-10 5.346331e-10 7.845227e-16 -2.564560e-16 2.806670e-17
6.800000e-01 6.800000e-01 4.000000e-01 -5.357050e-10 5.357044e-10 7.945227e-16 -2.564558e-16 6.193310e-17
6.900000e-01 6.900000e-01 4.000000e-01 -5.367632e-10 5.367627e-10 8.045227e-16 -2.564556e-16 4.806710e-17
7.000000e-01 7.000000e-01 4.000000e-01 -5.378088e-10 5.378082e-10 8.145227e-16 -2.564555e-16 4.193280e-17
7.100000e-01 7.100000e-01 4.000000e-01 -5.388419e-10 5.388413e-10 8.245227e-16 -2.564553e-16 3.193260e-17
7.200000e-01 7.200000e-01 4.000000e-01 -5.398629e-10 5.398623e-10 8.345227e-16 -2.564551e-16 2.193240e-17
7.300000e-01 7.300000e-01 4.000000e-01 -5.408721e-10 5.408715e-10 8.445227e-16 -2.564550e-16 1.193230e-17
7.400000e-01 7.400000e-01 4.000000e-01 -5.418698e-10 5.418692e-10 8.545227e-16 -2.564548e-16 1.932100e-18
7.500000e-01 7.500000e-01 4.000000e-01 -5.428562e-10 5.428556e-10 8.645227e-16 -2.564547e-16 8.068000e-18
7.600000e-01 7.600000e-01 4.000000e-01 -5.438316e-10 5.438310e-10 8.745227e-16 -2.564545e-16 1.806820e-17
7.700000e-01 7.700000e-01 4.000000e-01 -5.447964e-10 5.447957e-10 8.845227e-16 -2.564544e-16 7.193170e-17
7.800000e-01 7.800000e-01 4.000000e-01 -5.457506e-10 5.457500e-10 8.945227e-16 -2.564543e-16 3.806840e-17
7.900000e-01 7.900000e-01 4.000000e-01 -5.466947e-10 5.466940e-10 9.045227e-16 -2.564542e-16 5.193150e-17
8.000000e-01 8.000000e-01 4.000000e-01 -5.476287e-10 5.476281e-10 9.145227e-16 -2.564540e-16 5.806870e-17
8.100000e-01 8.100000e-01 4.000000e-01 -5.485530e-10 5.485523e-10 9.245227e-16 -2.564539e-16 3.193120e-17
8.200000e-01 8.200000e-01 4.000000e-01 -5.494677e-10 5.494671e-10 9.345227e-16 -2.564538e-16 7.806890e-17
8.300000e-01 8.300000e-01 4.000000e-01 -5.503731e-10 5.503724e-10 9.445227e-16 -2.564537e-16 1.193100e-17
8.400000e-01 8.400000e-01 4.000000e-01 -5.512694e-10 5.512687e-10 9.545227e-16 -2.564536e-16 1.930900e-18
8.500000e-01 8.500000e-01 4.000000e-01 -5.521567e-10 5.521560e-10 9.645227e-16 -2.564535e-16 8.069200e-18
8.600000e-01 8.600000e-01 4.000000e-01 -5.530352e-10 5.530345e-10 9.745227e-16 -2.564534e-16 1.806930e-17
8.700000e-01 8.700000e-01 4.000000e-01 -5.539052e-10 5.539045e-10 9.845227e-16 -2.564533e-16 2.806940e-17
8.800000e-01 8.800000e-01 4.000000e-01 -5.547669e-10 5.547661e-10 9.945227e-16 -2.564532e-16 6.193050e-17
8.900000e-01 8.900000e-01 4.000000e-01 -5.556202e-10 5.556195e-10 1.004500e-15 -2.564531e-16 4.804690e-17
9.000000e-01 9.000000e-01 4.000000e-01 -5.564656e-10 5.564648e-10 1.014500e-15 -2.564530e-16 4.195300e-17
9.100000e-01 9.100000e-01 4.000000e-01 -5.573031e-10 5.573023e-10 1.024500e-15 -2.564529e-16 3.195290e-17
9.200000e-01 9.200000e-01 4.000000e-01 -5.581328e-10 5.581320e-10 1.034500e-15 -2.564528e-16 2.195280e-17
9.300000e-01 9.300000e-01 4.000000e-01 -5.589550e-10 5.589542e-10 1.044500e-15 -2.564527e-16 1.195270e-17
9.400000e-01 9.400000e-01 4.000000e-01 -5.597697e-10 5.597690e-10 1.054500e-15 -2.564526e-16 9.804740e-17
9.500000e-01 9.500000e-01 4.000000e-01 -5.605772e-10 5.605764e-10 1.064500e-15 -2.564526e-16 8.047400e-18
9.600000e-01 9.600000e-01 4.000000e-01 -5.613776e-10 5.613767e-10 1.074500e-15 -2.564525e-16 8.195250e-17
9.700000e-01 9.700000e-01 4.000000e-01 -5.621709e-10 5.621701e-10 1.084500e-15 -2.564524e-16 2.804760e-17
9.800000e-01 9.800000e-01 4.000000e-01 -5.629574e-10 5.629565e-10 1.094500e-15 -2.564523e-16 6.195230e-17
9.900000e-01 9.900000e-01 4.000000e-01 -5.637371e-10 5.637363e-10 1.104500e-15 -2.564523e-16 4.804770e-17
1.000000e+00 1.000000e+00 4.000000e-01 -5.645102e-10 5.645094e-10 1.114500e-15 -2.564522e-16 5.804780e-17
1.010000e+00 1.010000e+00 4.000000e-01 -5.652768e-10 5.652760e-10 1.124500e-15 -2.564521e-16 6.804790e-17
1.020000e+00 1.020000e+00 4.000000e-01 -5.660371e-10 5.660362e-10 1.134500e-15 -2.564520e-16 2.195200e-17
1.030000e+00 1.030000e+00 4.000000e-01 -5.667911e-10 5.667902e-10 1.144500e-15 -2.564520e-16 1.195200e-17
1.040000e+00 1.040000e+00 4.000000e-01 -5.675389e-10 5.675380e-10 1.154500e-15 -2.564519e-16 1.951900e-18
1.050000e+00 1.050000e+00 4.000000e-01 -5.682807e-10 5.682798e-10 1.164500e-15 -2.564518e-16 8.048200e-18
1.060000e+00 1.060000e+00 4.000000e-01 -5.690166e-10 5.690157e-10 1.174500e-15 -2.564518e-16 1.804820e-17
1.070000e+00 1.070000e+00 4.000000e-01 -5.697466e-10 5.697457e-10 1.184500e-15 -2.564517e-16 2.804830e-17
1.080000e+00 1.080000e+00 4.000000e-01 -5.704710e-10 5.704700e-10 1.194500e-15 -2.564516e-16 6.195160e-17
1.090000e+00 1.090000e+00 4.000000e-01 -5.711896e-10 5.711887e-10 1.204500e-15 -2.564516e-16 4.804840e-17
1.100000e+00 1.100000e+00 4.000000e-01 -5.719028e-10 5.719018e-10 1.214500e-15 -2.564515e-16 4.195150e-17
1.110000e+00 1.110000e+00 4.000000e-01 -5.726105e-10 5.726095e-10 1.224500e-15 -2.564514e-16 3.195140e-17
1.120000e+00 1.120000e+00 4.000000e-01 -5.733129e-10 5.733119e-10 1.234500e-15 -2.564514e-16 2.195140e-17
1.130000e+00 1.130000e+00 4.000000e-01 -5.740100e-10 5.740090e-10 1.244500e-15 -2.564513e-16 1.195130e-17
1.140000e+00 1.140000e+00 4.000000e-01 -5.747019e-10 5.747009e-10 1.254500e-15 -2.564513e-16 1.951300e-18
1.150000e+00 1.150000e+00 4.000000e-01 -5.753887e-10 5.753877e-10 1.264500e-15 -2.564512e-16 8.048800e-18
1.160000e+00 1.160000e+00 4.000000e-01 -5.760706e-10 5.760695e-10 1.274500e-15 -2.564512e-16 8.195120e-17
1.170000e+00 1.170000e+00 4.000000e-01 -5.767475e-10 5.767464e-10 1.284500e-15 -2.564511e-16 7.195110e-17
1.180000e+00 1.180000e+00 4.000000e-01 -5.774195e-10 5.774185e-10 1.294500e-15 -2.564510e-16 3.804900e-17
1.190000e+00 1.190000e+00 4.000000e-01 -5.780868e-10 5.780858e-10 1.304500e-15 -2.564510e-16 4.804900e-17
1.200000e+00 1.200000e+00 4.000000e-01 -5.787494e-10 5.787483e-10 1.314500e-15 -2.564509e-16 4.195090e-17
0.000000e+00 0.000000e+00 6.000000e-01 3.401400e-11 3.401400e-11 6.223200e-18 -6.802810e-11 9.377680e-17
1.000000e-02 1.000000e-02 6.000000e-01 -8.440040e-08 8.446130e-08 1.622320e-17 -6.090990e-11 9.883777e-15
2.000000e-02 2.000000e-02 6.000000e-01 -1.599055e-07 1.599599e-07 2.622320e-17 -5.446740e-11 6.737378e-14
3.000000e-02 3.000000e-02 6.000000e-01 -2.256494e-07 2.256982e-07 3.622310e-17 -4.878200e-11 1.803622e-14
4.000000e-02 4.000000e-02 6.000000e-01 -2.809360e-07 2.809800e-07 4.622310e-17 -4.394510e-11 5.494622e-14
5.000000e-02 5.000000e-02 6.000000e-01 -3.257979e-07 3.258379e-07 5.622310e-17 -4.000340e-11 3.343777e-15
6.000000e-02 6.000000e-02 6.000000e-01 -3.611974e-07 3.612343e-07 6.622310e-17 -3.692400e-11 2.393378e-14
7.000000e-02 7.000000e-02 6.000000e-01 -3.887488e-07 3.887834e-07 7.622310e-17 -3.459960e-11 4.762231e-16
8.000000e-02 8.000000e-02 6.000000e-01 -4.102306e-07 4.102635e-07 8.622310e-17 -3.288430e-11 1.578622e-14
9.000000e-02 9.000000e-02 6.000000e-01 -4.272160e-07 4.272476e-07 9.622310e-17 -3.163130e-11 3.120378e-14
1.000000e-01 1.000000e-01 6.000000e-01 -4.409310e-07 4.409617e-07 1.062231e-16 -3.071610e-11 1.599378e-14
1.100000e-01 1.100000e-01 6.000000e-01 -4.522674e-07 4.522974e-07 1.162231e-16 -3.004310e-11 4.298378e-14
1.200000e-01 1.200000e-01 6.000000e-01 -4.618540e-07 4.618835e-07 1.262231e-16 -2.954230e-11 4.217378e-14
1.300000e-01 1.300000e-01 6.000000e-01 -4.701307e-07 4.701598e-07 1.362231e-16 -2.916470e-11 6.456378e-14
1.400000e-01 1.400000e-01 6.000000e-01 -4.774066e-07 4.774355e-07 1.462230e-16 -2.887560e-11 2.454622e-14
1.500000e-01 1.500000e-01 6.000000e-01 -4.839021e-07 4.839308e-07 1.562230e-16 -2.865110e-11 4.905622e-14
1.600000e-01 1.600000e-01 6.000000e-01 -4.897767e-07 4.898051e-07 1.662230e-16 -2.847400e-11 7.383378e-14
1.700000e-01 1.700000e-01 6.000000e-01 -4.951476e-07 4.951760e-07 1.762230e-16 -2.833240e-11 6.777622e-14
1.800000e-01 1.800000e-01 6.000000e-01 -5.001031e-07 5.001313e-07 1.862230e-16 -2.821770e-11 1.751378e-14
1.900000e-01 1.900000e-01 6.000000e-01 -5.047103e-07 5.047384e-07 1.962230e-16 -2.812360e-11 2.340378e-14
2.000000e-01 2.000000e-01 6.000000e-01 -5.090214e-07 5.090494e-07 2.062230e-16 -2.804540e-11 4.519378e-14
2.100000e-01 2.100000e-01 6.000000e-01 -5.130774e-07 5.131054e-07 2.162230e-16 -2.797980e-11 2.041622e-14
2.200000e-01 2.200000e-01 6.000000e-01 -5.169114e-07 5.169393e-07 2.262230e-16 -2.792410e-11 2.387378e-14
2.300000e-01 2.300000e-01 6.000000e-01 -5.205499e-07 5.205778e-07 2.362230e-16 -2.787640e-11 2.383622e-14
2.400000e-01 2.400000e-01 6.000000e-01 -5.240150e-07 5.240428e-07 2.462230e-16 -2.783510e-11 3.485378e-14
2.500000e-01 2.500000e-01 6.000000e-01 -5.273247e-07 5.273525e-07 2.562230e-16 -2.779910e-11 1.156223e-15
2.600000e-01 2.600000e-01 6.000000e-01 -5.304946e-07 5.305223e-07 2.662230e-16 -2.776740e-11 6.713378e-14
2.700000e-01 2.700000e-01 6.000000e-01 -5.335375e-07 5.335652e-07 2.762230e-16 -2.773940e-11 3.912378e-14
2.800000e-01 2.800000e-01 6.000000e-01 -5.364646e-07 5.364923e-07 2.862230e-16 -2.771430e-11 1.401378e-14
2.900000e-01 2.900000e-01 6.000000e-01 -5.392855e-07 5.393132e-07 2.962230e-16 -2.769180e-11 8.496223e-15
3.000000e-01 3.000000e-01 6.000000e-01 -5.420087e-07 5.420364e-07 3.062230e-16 -2.767150e-11 2.880622e-14
3.100000e-01 3.100000e-01 6.000000e-01 -5.446415e-07 5.446691e-07 3.162230e-16 -2.765300e-11 5.268378e-14
3.200000e-01 3.200000e-01 6.000000e-01 -5.471902e-07 5.472179e-07 3.262230e-16 -2.763610e-11 6.422622e-14
3.300000e-01 3.300000e-01 6.000000e-01 -5.496608e-07 5.496885e-07 3.362230e-16 -2.762050e-11 7.983622e-14
3.400000e-01 3.400000e-01 6.000000e-01 -5.520584e-07 5.520860e-07 3.462230e-16 -2.760620e-11 5.853777e-15
3.500000e-01 3.500000e-01 6.000000e-01 -5.543875e-07 5.544151e-07 3.562230e-16 -2.759290e-11 7.456223e-15
3.600000e-01 3.600000e-01 6.000000e-01 -5.566523e-07 5.566799e-07 3.662230e-16 -2.758050e-11 1.986622e-14
3.700000e-01 3.700000e-01 6.000000e-01 -5.588566e-07 5.588841e-07 3.762230e-16 -2.756890e-11 6.852378e-14
3.800000e-01 3.800000e-01 6.000000e-01 -5.610037e-07 5.610313e-07 3.862230e-16 -2.755810e-11 4.228622e-14
3.900000e-01 3.900000e-01 6.000000e-01 -5.630969e-07 5.631244e-07 3.962230e-16 -2.754780e-11 4.740378e-14
4.000000e-01 4.000000e-01 6.000000e-01 -5.651389e-07 5.651665e-07 4.062230e-16 -2.753820e-11 6.220622e-14
4.100000e-01 4.100000e-01 6.000000e-01 -5.671324e-07 5.671599e-07 4.162230e-16 -2.752910e-11 2.868378e-14
4.200000e-01 4.200000e-01 6.000000e-01 -5.690798e-07 5.691073e-07 4.262230e-16 -2.752040e-11 1.997378e-14
4.300000e-01 4.300000e-01 6.000000e-01 -5.709833e-07 5.710108e-07 4.362230e-16 -2.751210e-11 1.166378e-14
4.400000e-01 4.400000e-01 6.000000e-01 -5.728449e-07 5.728724e-07 4.462230e-16 -2.750420e-11 3.753777e-15
4.500000e-01 4.500000e-01 6.000000e-01 -5.746666e-07 5.746941e-07 4.562230e-16 -2.749670e-11 3.756223e-15
4.600000e-01 4.600000e-01 6.000000e-01 -5.764502e-07 5.764777e-07 4.662230e-16 -2.748950e-11 1.096622e-14
4.700000e-01 4.700000e-01 6.000000e-01 -5.781972e-07 5.782247e-07 4.762230e-16 -2.748250e-11 1.797622e-14
4.800000e-01 4.800000e-01 6.000000e-01 -5.799093e-07 5.799368e-07 4.862230e-16 -2.747590e-11 2.458622e-14
4.900000e-01 4.900000e-01 6.000000e-01 -5.815879e-07 5.816154e-07 4.962230e-16 -2.746940e-11 3.109622e-14
5.000000e-01 5.000000e-01 6.000000e-01 -5.832344e-07 5.832618e-07 5.062230e-16 -2.746320e-11 6.269378e-14
5.100000e-01 5.100000e-01 6.000000e-01 -5.848499e-07 5.848774e-07 5.162230e-16 -2.745720e-11 4.331622e-14
5.200000e-01 5.200000e-01 6.000000e-01 -5.864357e-07 5.864632e-07 5.262230e-16 -2.745140e-11 4.912622e-14
5.300000e-01 5.300000e-01 6.000000e-01 -5.879930e-07 5.880205e-07 5.362230e-16 -2.744580e-11 5.473622e-14
5.400000e-01 5.400000e-01 6.000000e-01 -5.895228e-07 5.895502e-07 5.462230e-16 -2.744040e-11 3.985378e-14
5.500000e-01 5.500000e-01 6.000000e-01 -5.910260e-07 5.910535e-07 5.562230e-16 -2.743510e-11 6.545622e-14
5.600000e-01 5.600000e-01 6.000000e-01 -5.925037e-07 5.925311e-07 5.662230e-16 -2.742990e-11 2.933378e-14
5.700000e-01 5.700000e-01 6.000000e-01 -5.939567e-07 5.939841e-07 5.762230e-16 -2.742490e-11 2.432378e-14
5.800000e-01 5.800000e-01 6.000000e-01 -5.953858e-07 5.954132e-07 5.862230e-16 -2.742010e-11 1.951378e-14
5.900000e-01 5.900000e-01 6.000000e-01 -5.967919e-07 5.968194e-07 5.962230e-16 -2.741530e-11 8.529622e-14
6.000000e-01 6.000000e-01 6.000000e-01 -5.981758e-07 5.982032e-07 6.062230e-16 -2.741070e-11 1.009378e-14
6.100000e-01 6.100000e-01 6.000000e-01 -5.995381e-07 5.995655e-07 6.162230e-16 -2.740610e-11 5.483777e-15
6.200000e-01 6.200000e-01 6.000000e-01 -6.008795e-07 6.009069e-07 6.262230e-16 -2.740170e-11 1.073777e-15
6.300000e-01 6.300000e-01 6.000000e-01 -6.022007e-07 6.022281e-07 6.362230e-16 -2.739740e-11 3.236223e-15
6.400000e-01 6.400000e-01 6.000000e-01 -6.035024e-07 6.035297e-07 6.462230e-16 -2.739320e-11 9.255378e-14
6.500000e-01 6.500000e-01 6.000000e-01 -6.047850e-07 6.048124e-07 6.562230e-16 -2.738900e-11 1.165622e-14
6.600000e-01 6.600000e-01 6.000000e-01 -6.060492e-07 6.060766e-07 6.662230e-16 -2.738500e-11 1.566622e-14
6.700000e-01 6.700000e-01 6.000000e-01 -6.072956e-07 6.073229e-07 6.762230e-16 -2.738100e-11 8.032378e-14
6.800000e-01 6.800000e-01 6.000000e-01 -6.085245e-07 6.085519e-07 6.862230e-16 -2.737710e-11 2.358622e-14
6.900000e-01 6.900000e-01 6.000000e-01 -6.097366e-07 6.097640e-07 6.962230e-16 -2.737320e-11 2.749622e-14
7.000000e-01 7.000000e-01 6.000000e-01 -6.109323e-07 6.109597e-07 7.062230e-16 -2.736950e-11 3.120622e-14
7.100000e-01 7.100000e-01 6.000000e-01 -6.121121e-07 6.121395e-07 7.162230e-16 -2.736580e-11 3.491622e-14
7.200000e-01 7.200000e-01 6.000000e-01 -6.132764e-07 6.133038e-07 7.262230e-16 -2.736220e-11 3.852622e-14
7.300000e-01 7.300000e-01 6.000000e-01 -6.144256e-07 6.144529e-07 7.362230e-16 -2.735860e-11 5.786378e-14
7.400000e-01 7.400000e-01 6.000000e-01 -6.155601e-07 6.155874e-07 7.462230e-16 -2.735510e-11 5.435378e-14
7.500000e-01 7.500000e-01 6.000000e-01 -6.166803e-07 6.167076e-07 7.562230e-16 -2.735170e-11 5.094378e-14
7.600000e-01 7.600000e-01 6.000000e-01 -6.177865e-07 6.178139e-07 7.662230e-16 -2.734830e-11 5.246622e-14
7.700000e-01 7.700000e-01 6.000000e-01 -6.188792e-07 6.189066e-07 7.762230e-16 -2.734490e-11 5.587622e-14
7.800000e-01 7.800000e-01 6.000000e-01 -6.199587e-07 6.199860e-07 7.862230e-16 -2.734160e-11 4.081378e-14
7.900000e-01 7.900000e-01 6.000000e-01 -6.210252e-07 6.210526e-07 7.962230e-16 -2.733840e-11 6.239622e-14
8.000000e-01 8.000000e-01 6.000000e-01 -6.220792e-07 6.221065e-07 8.062230e-16 -2.733520e-11 3.439378e-14
8.100000e-01 8.100000e-01 6.000000e-01 -6.231209e-07 6.231482e-07 8.162230e-16 -2.733210e-11 3.128378e-14
8.200000e-01 8.200000e-01 6.000000e-01 -6.241506e-07 6.241779e-07 8.262230e-16 -2.732900e-11 2.817378e-14
8.300000e-01 8.300000e-01 6.000000e-01 -6.251686e-07 6.251959e-07 8.362230e-16 -2.732590e-11 2.506378e-14
8.400000e-01 8.400000e-01 6.000000e-01 -6.261751e-07 6.262024e-07 8.462230e-16 -2.732290e-11 2.205378e-14
8.500000e-01 8.500000e-01 6.000000e-01 -6.271705e-07 6.271978e-07 8.562230e-16 -2.731990e-11 1.904378e-14
8.600000e-01 8.600000e-01 6.000000e-01 -6.281550e-07 6.281823e-07 8.662230e-16 -2.731700e-11 1.613378e-14
8.700000e-01 8.700000e-01 6.000000e-01 -6.291288e-07 6.291561e-07 8.762230e-16 -2.731410e-11 1.322378e-14
8.800000e-01 8.800000e-01 6.000000e-01 -6.300922e-07 6.301195e-07 8.862230e-16 -2.731120e-11 1.031378e-14
8.900000e-01 8.900000e-01 6.000000e-01 -6.310453e-07 6.310727e-07 8.962230e-16 -2.730840e-11 9.249622e-14
9.000000e-01 9.000000e-01 6.000000e-01 -6.319885e-07 6.320159e-07 9.062230e-16 -2.730560e-11 9.530622e-14
9.100000e-01 9.100000e-01 6.000000e-01 -6.329220e-07 6.329493e-07 9.162230e-16 -2.730280e-11 1.883777e-15
9.200000e-01 9.200000e-01 6.000000e-01 -6.338459e-07 6.338732e-07 9.262230e-16 -2.730010e-11 8.262230e-16
9.300000e-01 9.300000e-01 6.000000e-01 -6.347604e-07 6.347877e-07 9.362230e-16 -2.729740e-11 3.536223e-15
9.400000e-01 9.400000e-01 6.000000e-01 -6.356658e-07 6.356931e-07 9.462230e-16 -2.729480e-11 6.146223e-15
9.500000e-01 9.500000e-01 6.000000e-01 -6.365622e-07 6.365895e-07 9.562230e-16 -2.729210e-11 8.856223e-15
9.600000e-01 9.600000e-01 6.000000e-01 -6.374498e-07 6.374771e-07 9.662230e-16 -2.728950e-11 1.146622e-14
9.700000e-01 9.700000e-01 6.000000e-01 -6.383289e-07 6.383562e-07 9.762230e-16 -2.728700e-11 1.397622e-14
9.800000e-01 9.800000e-01 6.000000e-01 -6.391995e-07 6.392268e-07 9.862230e-16 -2.728440e-11 1.658622e-14
9.900000e-01 9.900000e-01 6.000000e-01 -6.400618e-07 6.400891e-07 9.962230e-16 -2.728190e-11 1.909622e-14
1.000000e+00 1.000000e+00 6.000000e-01 -6.409160e-07 6.409433e-07 1.006200e-15 -2.727940e-11 2.160620e-14
1.010000e+00 1.010000e+00 6.000000e-01 -6.417623e-07 6.417896e-07 1.016200e-15 -2.727700e-11 2.401620e-14
1.020000e+00 1.020000e+00 6.000000e-01 -6.426008e-07 6.426281e-07 1.026200e-15 -2.727450e-11 2.652620e-14
1.030000e+00 1.030000e+00 6.000000e-01 -6.434316e-07 6.434589e-07 1.036200e-15 -2.727210e-11 2.893620e-14
1.040000e+00 1.040000e+00 6.000000e-01 -6.442550e-07 6.442823e-07 1.046200e-15 -2.726970e-11 3.134620e-14
1.050000e+00 1.050000e+00 6.000000e-01 -6.450710e-07 6.450982e-07 1.056200e-15 -2.726740e-11 6.634380e-14
1.060000e+00 1.060000e+00 6.000000e-01 -6.458797e-07 6.459070e-07 1.066200e-15 -2.726500e-11 3.606620e-14
1.070000e+00 1.070000e+00 6.000000e-01 -6.466814e-07 6.467087e-07 1.076200e-15 -2.726270e-11 3.837620e-14
1.080000e+00 1.080000e+00 6.000000e-01 -6.474761e-07 6.475034e-07 1.086200e-15 -2.726040e-11 4.068620e-14
1.090000e+00 1.090000e+00 6.000000e-01 -6.482640e-07 6.482913e-07 1.096200e-15 -2.725810e-11 4.299620e-14
1.100000e+00 1.100000e+00 6.000000e-01 -6.490452e-07 6.490724e-07 1.106200e-15 -2.725590e-11 5.479380e-14
1.110000e+00 1.110000e+00 6.000000e-01 -6.498197e-07 6.498470e-07 1.116200e-15 -2.725360e-11 4.751620e-14
1.120000e+00 1.120000e+00 6.000000e-01 -6.505878e-07 6.506151e-07 1.126200e-15 -2.725140e-11 4.972620e-14
1.130000e+00 1.130000e+00 6.000000e-01 -6.513496e-07 6.513768e-07 1.136200e-15 -2.724920e-11 4.806380e-14
1.140000e+00 1.140000e+00 6.000000e-01 -6.521050e-07 6.521323e-07 1.146200e-15 -2.724710e-11 5.404620e-14
1.150000e+00 1.150000e+00 6.000000e-01 -6.528544e-07 6.528816e-07 1.156200e-15 -2.724490e-11 4.374380e-14
1.160000e+00 1.160000e+00 6.000000e-01 -6.535976e-07 6.536249e-07 1.166200e-15 -2.724280e-11 5.836620e-14
1.170000e+00 1.170000e+00 6.000000e-01 -6.543350e-07 6.543622e-07 1.176200e-15 -2.724070e-11 3.952380e-14
1.180000e+00 1.180000e+00 6.000000e-01 -6.550665e-07 6.550937e-07 1.186200e-15 -2.723860e-11 3.741380e-14
1.190000e+00 1.190000e+00 6.000000e-01 -6.557922e-07 6.558195e-07 1.196200e-15 -2.723650e-11 6.469620e-14
1.200000e+00 1.200000e+00 6.000000e-01 -6.565123e-07 6.565396e-07 1.206200e-15 -2.723440e-11 6.680620e-14
0.000000e+00 0.000000e+00 8.000000e-01 4.838628e-10 4.838628e-10 3.049100e-19 -9.677256e-10 3.049099e-19
1.000000e-02 1.000000e-02 8.000000e-01 -2.409005e-07 2.418275e-07 1.030470e-17 -9.269878e-10 1.221030e-14
2.000000e-02 2.000000e-02 8.000000e-01 -4.759407e-07 4.768281e-07 2.030450e-17 -8.874480e-10 4.797970e-14
3.000000e-02 3.000000e-02 8.000000e-01 -7.043153e-07 7.051644e-07 3.030440e-17 -8.491265e-10 2.646970e-14
4.000000e-02 4.000000e-02 8.000000e-01 -9.256061e-07 9.264182e-07 4.030420e-17 -8.120634e-10 3.664030e-14
5.000000e-02 5.000000e-02 8.000000e-01 -1.139300e-06 1.140100e-06 5.030400e-17 -7.763166e-10 2.368345e-11
6.000000e-02 6.000000e-02 8.000000e-01 -1.344900e-06 1.345700e-06 6.030390e-17 -7.419596e-10 5.804046e-11
7.000000e-02 7.000000e-02 8.000000e-01 -1.541800e-06 1.542500e-06 7.030370e-17 -7.090777e-10 9.077630e-12
8.000000e-02 8.000000e-02 8.000000e-01 -1.729500e-06 1.730200e-06 8.030360e-17 -6.777635e-10 2.223658e-11
9.000000e-02 9.000000e-02 8.000000e-01 -1.907500e-06 1.908200e-06 9.030350e-17 -6.481104e-10 5.188969e-11
1.000000e-01 1.000000e-01 8.000000e-01 -2.075500e-06 2.076100e-06 1.003033e-16 -6.202062e-10 2.020610e-11
1.100000e-01 1.100000e-01 8.000000e-01 -2.233200e-06 2.233800e-06 1.103032e-16 -5.941251e-10 5.875010e-12
1.200000e-01 1.200000e-01 8.000000e-01 -2.380500e-06 2.381100e-06 1.203031e-16 -5.699209e-10 3.007922e-11
1.300000e-01 1.300000e-01 8.000000e-01 -2.517600e-06 2.518200e-06 1.303030e-16 -5.476208e-10 5.237933e-11
1.400000e-01 1.400000e-01 8.000000e-01 -2.644800e-06 2.645300e-06 1.403029e-16 -5.272217e-10 2.722156e-11
1.500000e-01 1.500000e-01 8.000000e-01 -2.762400e-06 2.762900e-06 1.503028e-16 -5.086891e-10 8.688950e-12
1.600000e-01 1.600000e-01 8.000000e-01 -2.871000e-06 2.871500e-06 1.603028e-16 -4.919588e-10 8.041360e-12
1.700000e-01 1.700000e-01 8.000000e-01 -2.971200e-06 2.971700e-06 1.703027e-16 -4.769408e-10 2.305937e-11
1.800000e-01 1.800000e-01 8.000000e-01 -3.063600e-06 3.064000e-06 1.803026e-16 -4.635251e-10 6.352492e-11
1.900000e-01 1.900000e-01 8.000000e-01 -3.148700e-06 3.149200e-06 1.903026e-16 -4.515884e-10 4.841179e-11
2.000000e-01 2.000000e-01 8.000000e-01 -3.227400e-06 3.227800e-06 2.003025e-16 -4.410003e-10 4.100010e-11
2.100000e-01 2.100000e-01 8.000000e-01 -3.300000e-06 3.300400e-06 2.103025e-16 -4.316290e-10 3.162879e-11
2.200000e-01 2.200000e-01 8.000000e-01 -3.367300e-06 3.367700e-06 2.203025e-16 -4.233461e-10 2.334588e-11
2.300000e-01 2.300000e-01 8.000000e-01 -3.429600e-06 3.430000e-06 2.303024e-16 -4.160296e-10 1.602937e-11
2.400000e-01 2.400000e-01 8.000000e-01 -3.487500e-06 3.487900e-06 2.403024e-16 -4.095663e-10 9.566060e-12
2.500000e-01 2.500000e-01 8.000000e-01 -3.541300e-06 3.541700e-06 2.503024e-16 -4.038531e-10 3.852850e-12
2.600000e-01 2.600000e-01 8.000000e-01 -3.591600e-06 3.592000e-06 2.603023e-16 -3.987970e-10 1.203260e-12
2.700000e-01 2.700000e-01 8.000000e-01 -3.638500e-06 3.638900e-06 2.703023e-16 -3.943155e-10 5.684770e-12
2.800000e-01 2.800000e-01 8.000000e-01 -3.682500e-06 3.682900e-06 2.803023e-16 -3.903357e-10 9.664580e-12
2.900000e-01 2.900000e-01 8.000000e-01 -3.723700e-06 3.724100e-06 2.903023e-16 -3.867938e-10 1.320649e-11
3.000000e-01 3.000000e-01 8.000000e-01 -3.762500e-06 3.762900e-06 3.003023e-16 -3.836340e-10 1.636630e-11
3.100000e-01 3.100000e-01 8.000000e-01 -3.799100e-06 3.799500e-06 3.103023e-16 -3.808079e-10 1.919241e-11
3.200000e-01 3.200000e-01 8.000000e-01 -3.833600e-06 3.834000e-06 3.203022e-16 -3.782735e-10 2.172682e-11
3.300000e-01 3.300000e-01 8.000000e-01 -3.866300e-06 3.866700e-06 3.303022e-16 -3.759944e-10 2.400593e-11
3.400000e-01 3.400000e-01 8.000000e-01 -3.897300e-06 3.897700e-06 3.403022e-16 -3.739392e-10 2.606114e-11
3.500000e-01 3.500000e-01 8.000000e-01 -3.926800e-06 3.927200e-06 3.503022e-16 -3.720806e-10 2.791975e-11
3.600000e-01 3.600000e-01 8.000000e-01 -3.954800e-06 3.955200e-06 3.603022e-16 -3.703951e-10 2.960526e-11
3.700000e-01 3.700000e-01 8.000000e-01 -3.981600e-06 3.982000e-06 3.703022e-16 -3.688621e-10 3.113827e-11
3.800000e-01 3.800000e-01 8.000000e-01 -4.007100e-06 4.007500e-06 3.803022e-16 -3.674641e-10 3.253628e-11
3.900000e-01 3.900000e-01 8.000000e-01 -4.031600e-06 4.032000e-06 3.903022e-16 -3.661855e-10 3.381489e-11
4.000000e-01 4.000000e-01 8.000000e-01 -4.055000e-06 4.055400e-06 4.003022e-16 -3.650130e-10 3.498740e-11
4.100000e-01 4.100000e-01 8.000000e-01 -4.077500e-06 4.077900e-06 4.103022e-16 -3.639349e-10 3.606551e-11
4.200000e-01 4.200000e-01 8.000000e-01 -4.099100e-06 4.099500e-06 4.203022e-16 -3.629411e-10 3.705932e-11
4.300000e-01 4.300000e-01 8.000000e-01 -4.119900e-06 4.120300e-06 4.303022e-16 -3.620226e-10 3.797783e-11
4.400000e-01 4.400000e-01 8.000000e-01 -4.140000e-06 4.140300e-06 4.403022e-16 -3.611716e-10 6.117116e-11
4.500000e-01 4.500000e-01 8.000000e-01 -4.159300e-06 4.159700e-06 4.503022e-16 -3.603812e-10 3.961925e-11
4.600000e-01 4.600000e-01 8.000000e-01 -4.178000e-06 4.178400e-06 4.603022e-16 -3.596454e-10 4.035506e-11
4.700000e-01 4.700000e-01 8.000000e-01 -4.196100e-06 4.196400e-06 4.703022e-16 -3.589589e-10 5.895843e-11
4.800000e-01 4.800000e-01 8.000000e-01 -4.213600e-06 4.213900e-06 4.803022e-16 -3.583169e-10 5.831642e-11
4.900000e-01 4.900000e-01 8.000000e-01 -4.230500e-06 4.230900e-06 4.903022e-16 -3.577153e-10 4.228519e-11
5.000000e-01 5.000000e-01 8.000000e-01 -4.247000e-06 4.247300e-06 5.003022e-16 -3.571503e-10 5.714980e-11
5.100000e-01 5.100000e-01 8.000000e-01 -4.262900e-06 4.263300e-06 5.103022e-16 -3.566187e-10 4.338181e-11
5.200000e-01 5.200000e-01 8.000000e-01 -4.278400e-06 4.278800e-06 5.203021e-16 -3.561175e-10 4.388302e-11
5.300000e-01 5.300000e-01 8.000000e-01 -4.293500e-06 4.293900e-06 5.303021e-16 -3.556442e-10 4.435633e-11
5.400000e-01 5.400000e-01 8.000000e-01 -4.308200e-06 4.308500e-06 5.403021e-16 -3.551963e-10 5.519576e-11
5.500000e-01 5.500000e-01 8.000000e-01 -4.322500e-06 4.322800e-06 5.503021e-16 -3.547717e-10 5.477115e-11
5.600000e-01 5.600000e-01 8.000000e-01 -4.336400e-06 4.336700e-06 5.603021e-16 -3.543686e-10 5.436804e-11
5.700000e-01 5.700000e-01 8.000000e-01 -4.350000e-06 4.350300e-06 5.703021e-16 -3.539852e-10 5.398463e-11
5.800000e-01 5.800000e-01 8.000000e-01 -4.363200e-06 4.363600e-06 5.803021e-16 -3.536201e-10 4.638048e-11
5.900000e-01 5.900000e-01 8.000000e-01 -4.376200e-06 4.376500e-06 5.903021e-16 -3.532717e-10 5.327111e-11
6.000000e-01 6.000000e-01 8.000000e-01 -4.388800e-06 4.389200e-06 6.003021e-16 -3.529390e-10 4.706160e-11
6.100000e-01 6.100000e-01 8.000000e-01 -4.401200e-06 4.401500e-06 6.103021e-16 -3.526207e-10 5.262009e-11
6.200000e-01 6.200000e-01 8.000000e-01 -4.413300e-06 4.413600e-06 6.203021e-16 -3.523157e-10 5.231508e-11
6.300000e-01 6.300000e-01 8.000000e-01 -4.425100e-06 4.425400e-06 6.303021e-16 -3.520233e-10 5.202267e-11
6.400000e-01 6.400000e-01 8.000000e-01 -4.436700e-06 4.437000e-06 6.403021e-16 -3.517424e-10 5.174176e-11
6.500000e-01 6.500000e-01 8.000000e-01 -4.448000e-06 4.448400e-06 6.503021e-16 -3.514723e-10 4.852835e-11
6.600000e-01 6.600000e-01 8.000000e-01 -4.459100e-06 4.459500e-06 6.603021e-16 -3.512124e-10 4.878826e-11
6.700000e-01 6.700000e-01 8.000000e-01 -4.470000e-06 4.470400e-06 6.703021e-16 -3.509619e-10 4.903877e-11
6.800000e-01 6.800000e-01 8.000000e-01 -4.480700e-06 4.481100e-06 6.803021e-16 -3.507202e-10 4.928048e-11
6.900000e-01 6.900000e-01 8.000000e-01 -4.491200e-06 4.491500e-06 6.903021e-16 -3.504869e-10 5.048621e-11
7.000000e-01 7.000000e-01 8.000000e-01 -4.501500e-06 4.501800e-06 7.003021e-16 -3.502613e-10 5.026060e-11
7.100000e-01 7.100000e-01 8.000000e-01 -4.511600e-06 4.511900e-06 7.103021e-16 -3.500431e-10 5.004239e-11
7.200000e-01 7.200000e-01 8.000000e-01 -4.521500e-06 4.521800e-06 7.203021e-16 -3.498317e-10 4.983098e-11
7.300000e-01 7.300000e-01 8.000000e-01 -4.531200e-06 4.531600e-06 7.303021e-16 -3.496269e-10 5.037383e-11
7.400000e-01 7.400000e-01 8.000000e-01 -4.540800e-06 4.541200e-06 7.403021e-16 -3.494282e-10 5.057254e-11
7.500000e-01 7.500000e-01 8.000000e-01 -4.550200e-06 4.550600e-06 7.503021e-16 -3.492353e-10 5.076545e-11
7.600000e-01 7.600000e-01 8.000000e-01 -4.559500e-06 4.559800e-06 7.603021e-16 -3.490479e-10 4.904714e-11
7.700000e-01 7.700000e-01 8.000000e-01 -4.568600e-06 4.569000e-06 7.703021e-16 -3.488656e-10 5.113517e-11
7.800000e-01 7.800000e-01 8.000000e-01 -4.577600e-06 4.577900e-06 7.803021e-16 -3.486883e-10 4.868752e-11
7.900000e-01 7.900000e-01 8.000000e-01 -4.586400e-06 4.586700e-06 7.903021e-16 -3.485156e-10 4.851481e-11
8.000000e-01 8.000000e-01 8.000000e-01 -4.595100e-06 4.595400e-06 8.003021e-16 -3.483474e-10 4.834660e-11
8.100000e-01 8.100000e-01 8.000000e-01 -4.603600e-06 4.604000e-06 8.103021e-16 -3.481834e-10 5.181741e-11
8.200000e-01 8.200000e-01 8.000000e-01 -4.612100e-06 4.612400e-06 8.203021e-16 -3.480234e-10 4.802258e-11
8.300000e-01 8.300000e-01 8.000000e-01 -4.620400e-06 4.620700e-06 8.303021e-16 -3.478672e-10 4.786637e-11
8.400000e-01 8.400000e-01 8.000000e-01 -4.628500e-06 4.628900e-06 8.403021e-16 -3.477146e-10 5.228624e-11
8.500000e-01 8.500000e-01 8.000000e-01 -4.636600e-06 4.637000e-06 8.503021e-16 -3.475656e-10 5.243525e-11
8.600000e-01 8.600000e-01 8.000000e-01 -4.644600e-06 4.644900e-06 8.603021e-16 -3.474198e-10 4.741894e-11
8.700000e-01 8.700000e-01 8.000000e-01 -4.652400e-06 4.652700e-06 8.703021e-16 -3.472772e-10 4.727633e-11
8.800000e-01 8.800000e-01 8.000000e-01 -4.660100e-06 4.660500e-06 8.803021e-16 -3.471377e-10 5.286318e-11
8.900000e-01 8.900000e-01 8.000000e-01 -4.667800e-06 4.668100e-06 8.903021e-16 -3.470010e-10 4.700011e-11
9.000000e-01 9.000000e-01 8.000000e-01 -4.675300e-06 4.675600e-06 9.003021e-16 -3.468671e-10 4.686620e-11
9.100000e-01 9.100000e-01 8.000000e-01 -4.682700e-06 4.683100e-06 9.103021e-16 -3.467359e-10 5.326501e-11
9.200000e-01 9.200000e-01 8.000000e-01 -4.690000e-06 4.690400e-06 9.203021e-16 -3.466073e-10 5.339362e-11
9.300000e-01 9.300000e-01 8.000000e-01 -4.697300e-06 4.697600e-06 9.303021e-16 -3.464811e-10 4.648017e-11
9.400000e-01 9.400000e-01 8.000000e-01 -4.704400e-06 4.704800e-06 9.403021e-16 -3.463573e-10 5.364364e-11
9.500000e-01 9.500000e-01 8.000000e-01 -4.711500e-06 4.711800e-06 9.503021e-16 -3.462357e-10 4.623475e-11
9.600000e-01 9.600000e-01 8.000000e-01 -4.718400e-06 4.718800e-06 9.603021e-16 -3.461163e-10 5.388466e-11
9.700000e-01 9.700000e-01 8.000000e-01 -4.725300e-06 4.725700e-06 9.703021e-16 -3.459991e-10 5.400187e-11
9.800000e-01 9.800000e-01 8.000000e-01 -4.732100e-06 4.732500e-06 9.803021e-16 -3.458838e-10 5.411718e-11
9.900000e-01 9.900000e-01 8.000000e-01 -4.738900e-06 4.739200e-06 9.903021e-16 -3.457705e-10 4.576951e-11
1.000000e+00 1.000000e+00 8.000000e-01 -4.745500e-06 4.745800e-06 1.000300e-15 -3.456591e-10 4.565810e-11
1.010000e+00 1.010000e+00 8.000000e-01 -4.752100e-06 4.752400e-06 1.010300e-15 -3.455495e-10 4.554849e-11
1.020000e+00 1.020000e+00 8.000000e-01 -4.758600e-06 4.758900e-06 1.020300e-15 -3.454417e-10 4.544068e-11
1.030000e+00 1.030000e+00 8.000000e-01 -4.765000e-06 4.765300e-06 1.030300e-15 -3.453356e-10 4.533457e-11
1.040000e+00 1.040000e+00 8.000000e-01 -4.771300e-06 4.771700e-06 1.040300e-15 -3.452311e-10 5.476994e-11
1.050000e+00 1.050000e+00 8.000000e-01 -4.777600e-06 4.777900e-06 1.050300e-15 -3.451282e-10 4.512715e-11
1.060000e+00 1.060000e+00 8.000000e-01 -4.783800e-06 4.784200e-06 1.060300e-15 -3.450268e-10 5.497426e-11
1.070000e+00 1.070000e+00 8.000000e-01 -4.790000e-06 4.790300e-06 1.070300e-15 -3.449270e-10 4.492593e-11
1.080000e+00 1.080000e+00 8.000000e-01 -4.796000e-06 4.796400e-06 1.080300e-15 -3.448285e-10 5.517258e-11
1.090000e+00 1.090000e+00 8.000000e-01 -4.802000e-06 4.802400e-06 1.090300e-15 -3.447315e-10 5.526959e-11
1.100000e+00 1.100000e+00 8.000000e-01 -4.808000e-06 4.808300e-06 1.100300e-15 -3.446358e-10 4.463470e-11
1.110000e+00 1.110000e+00 8.000000e-01 -4.813900e-06 4.814200e-06 1.110300e-15 -3.445415e-10 4.454039e-11
1.120000e+00 1.120000e+00 8.000000e-01 -4.819700e-06 4.820100e-06 1.120300e-15 -3.444484e-10 5.555272e-11
1.130000e+00 1.130000e+00 8.000000e-01 -4.825500e-06 4.825800e-06 1.130300e-15 -3.443565e-10 4.435537e-11
1.140000e+00 1.140000e+00 8.000000e-01 -4.831200e-06 4.831500e-06 1.140300e-15 -3.442659e-10 4.426476e-11
1.150000e+00 1.150000e+00 8.000000e-01 -4.836900e-06 4.837200e-06 1.150300e-15 -3.441764e-10 4.417525e-11
1.160000e+00 1.160000e+00 8.000000e-01 -4.842500e-06 4.842800e-06 1.160300e-15 -3.440881e-10 4.408694e-11
1.170000e+00 1.170000e+00 8.000000e-01 -4.848000e-06 4.848300e-06 1.170300e-15 -3.440009e-10 4.399973e-11
1.180000e+00 1.180000e+00 8.000000e-01 -4.853500e-06 4.853800e-06 1.180300e-15 -3.439148e-10 4.391362e-11
1.190000e+00 1.190000e+00 8.000000e-01 -4.858900e-06 4.859300e-06 1.190300e-15 -3.438297e-10 5.617149e-11
1.200000e+00 1.200000e+00 8.000000e-01 -4.864300e-06 4.864700e-06 1.200300e-15 -3.437456e-10 5.625560e-11
0.000000e+00 0.000000e+00 1.000000e+00 1.833400e-09 1.833400e-09 9.086000e-18 -3.666700e-09 1.000091e-13
1.000000e-02 1.000000e-02 1.000000e+00 -3.278452e-07 3.314153e-07 1.642170e-17 -3.570100e-09 1.642172e-17
2.000000e-02 2.000000e-02 1.000000e+00 -6.546276e-07 6.581027e-07 2.453890e-17 -3.475200e-09 9.997546e-14
3.000000e-02 3.000000e-02 1.000000e+00 -9.783727e-07 9.817547e-07 3.321860e-17 -3.382000e-09 3.321857e-17
4.000000e-02 4.000000e-02 1.000000e+00 -1.298900e-06 1.302200e-06 4.228480e-17 -3.290600e-09 9.400042e-12
5.000000e-02 5.000000e-02 1.000000e+00 -1.616100e-06 1.619300e-06 5.162540e-17 -3.201000e-09 9.999484e-13
6.000000e-02 6.000000e-02 1.000000e+00 -1.929600e-06 1.932700e-06 6.115910e-17 -3.113100e-09 1.309994e-11
7.000000e-02 7.000000e-02 1.000000e+00 -2.239300e-06 2.242300e-06 7.083150e-17 -3.027100e-09 2.709993e-11
8.000000e-02 8.000000e-02 1.000000e+00 -2.544800e-06 2.547800e-06 8.059880e-17 -2.942800e-09 5.720008e-11
9.000000e-02 9.000000e-02 1.000000e+00 -2.846100e-06 2.848900e-06 9.043350e-17 -2.860500e-09 6.049991e-11
1.000000e-01 1.000000e-01 1.000000e+00 -3.142600e-06 3.145400e-06 1.003155e-16 -2.780100e-09 1.990010e-11
1.100000e-01 1.100000e-01 1.000000e+00 -3.434200e-06 3.436900e-06 1.102328e-16 -2.701600e-09 1.599890e-12
1.200000e-01 1.200000e-01 1.000000e+00 -3.720500e-06 3.723200e-06 1.201742e-16 -2.625200e-09 7.480012e-11
1.300000e-01 1.300000e-01 1.000000e+00 -4.001300e-06 4.003900e-06 1.301316e-16 -2.550800e-09 4.920013e-11
1.400000e-01 1.400000e-01 1.000000e+00 -4.276300e-06 4.278800e-06 1.401027e-16 -2.478600e-09 2.140014e-11
1.500000e-01 1.500000e-01 1.000000e+00 -4.545200e-06 4.547600e-06 1.500812e-16 -2.408600e-09 8.599850e-12
1.600000e-01 1.600000e-01 1.000000e+00 -4.807700e-06 4.810100e-06 1.600652e-16 -2.340900e-09 5.910016e-11
1.700000e-01 1.700000e-01 1.000000e+00 -5.063700e-06 5.066000e-06 1.700535e-16 -2.275400e-09 2.460017e-11
1.800000e-01 1.800000e-01 1.000000e+00 -5.312900e-06 5.315100e-06 1.800459e-16 -2.212400e-09 1.239982e-11
1.900000e-01 1.900000e-01 1.000000e+00 -5.555100e-06 5.557200e-06 1.900398e-16 -2.151700e-09 5.169981e-11
2.000000e-01 2.000000e-01 1.000000e+00 -5.790300e-06 5.792300e-06 2.000355e-16 -2.093500e-09 9.349980e-11
2.100000e-01 2.100000e-01 1.000000e+00 -6.018200e-06 6.020300e-06 2.100320e-16 -2.037900e-09 6.210021e-11
2.200000e-01 2.200000e-01 1.000000e+00 -6.239000e-06 6.241000e-06 2.200297e-16 -1.984700e-09 1.530022e-11
2.300000e-01 2.300000e-01 1.000000e+00 -6.452500e-06 6.454400e-06 2.300277e-16 -1.934000e-09 3.399977e-11
2.400000e-01 2.400000e-01 1.000000e+00 -6.658800e-06 6.660700e-06 2.400265e-16 -1.885900e-09 1.410024e-11
2.500000e-01 2.500000e-01 1.000000e+00 -6.857900e-06 6.859700e-06 2.500251e-16 -1.840300e-09 4.029975e-11
2.600000e-01 2.600000e-01 1.000000e+00 -7.049800e-06 7.051600e-06 2.600243e-16 -1.797100e-09 2.900260e-12
2.700000e-01 2.700000e-01 1.000000e+00 -7.234700e-06 7.236500e-06 2.700236e-16 -1.756400e-09 4.360027e-11
2.800000e-01 2.800000e-01 1.000000e+00 -7.412700e-06 7.414400e-06 2.800229e-16 -1.718000e-09 1.799972e-11
2.900000e-01 2.900000e-01 1.000000e+00 -7.583900e-06 7.585600e-06 2.900226e-16 -1.681900e-09 1.810029e-11
3.000000e-01 3.000000e-01 1.000000e+00 -7.748500e-06 7.750200e-06 3.000221e-16 -1.648100e-09 5.190030e-11
3.100000e-01 3.100000e-01 1.000000e+00 -7.906600e-06 7.908200e-06 3.100219e-16 -1.616400e-09 1.639969e-11
3.200000e-01 3.200000e-01 1.000000e+00 -8.058400e-06 8.060000e-06 3.200215e-16 -1.586800e-09 1.320032e-11
3.300000e-01 3.300000e-01 1.000000e+00 -8.204000e-06 8.205600e-06 3.300213e-16 -1.559100e-09 4.090033e-11
3.400000e-01 3.400000e-01 1.000000e+00 -8.343700e-06 8.345200e-06 3.400212e-16 -1.533300e-09 3.329966e-11
3.500000e-01 3.500000e-01 1.000000e+00 -8.477600e-06 8.479100e-06 3.500209e-16 -1.509200e-09 9.199650e-12
3.600000e-01 3.600000e-01 1.000000e+00 -8.605900e-06 8.607400e-06 3.600207e-16 -1.486800e-09 1.320036e-11
3.700000e-01 3.700000e-01 1.000000e+00 -8.728900e-06 8.730400e-06 3.700206e-16 -1.466000e-09 3.400037e-11
3.800000e-01 3.800000e-01 1.000000e+00 -8.846700e-06 8.848200e-06 3.800205e-16 -1.446600e-09 5.340038e-11
3.900000e-01 3.900000e-01 1.000000e+00 -8.959600e-06 8.961000e-06 3.900204e-16 -1.428600e-09 2.859961e-11
4.000000e-01 4.000000e-01 1.000000e+00 -9.067700e-06 9.069100e-06 4.000202e-16 -1.411800e-09 1.179960e-11
4.100000e-01 4.100000e-01 1.000000e+00 -9.171200e-06 9.172600e-06 4.100201e-16 -1.396200e-09 3.800410e-12
4.200000e-01 4.200000e-01 1.000000e+00 -9.270400e-06 9.271800e-06 4.200201e-16 -1.381800e-09 1.820042e-11
4.300000e-01 4.300000e-01 1.000000e+00 -9.365500e-06 9.366800e-06 4.300200e-16 -1.368300e-09 6.829957e-11
4.400000e-01 4.400000e-01 1.000000e+00 -9.456600e-06 9.457900e-06 4.400199e-16 -1.355800e-09 5.579956e-11
4.500000e-01 4.500000e-01 1.000000e+00 -9.543900e-06 9.545300e-06 4.500199e-16 -1.344100e-09 5.590045e-11
4.600000e-01 4.600000e-01 1.000000e+00 -9.627700e-06 9.629000e-06 4.600198e-16 -1.333200e-09 3.319954e-11
4.700000e-01 4.700000e-01 1.000000e+00 -9.708100e-06 9.709400e-06 4.700198e-16 -1.323100e-09 2.309953e-11
4.800000e-01 4.800000e-01 1.000000e+00 -9.785300e-06 9.786600e-06 4.800197e-16 -1.313700e-09 1.369952e-11
4.900000e-01 4.900000e-01 1.000000e+00 -9.859400e-06 9.860700e-06 4.900197e-16 -1.304900e-09 4.899510e-12
5.000000e-01 5.000000e-01 1.000000e+00 -9.930600e-06 9.931900e-06 5.000196e-16 -1.296700e-09 3.300500e-12
5.100000e-01 5.100000e-01 1.000000e+00 -9.999200e-06 1.000040e-05 5.100196e-16 -1.289000e-09 8.899949e-11
5.200000e-01 5.200000e-01 1.000000e+00 -1.006510e-05 1.006640e-05 5.200195e-16 -1.281800e-09 1.820052e-11
5.300000e-01 5.300000e-01 1.000000e+00 -1.012860e-05 1.012980e-05 5.300194e-16 -1.275100e-09 7.509947e-11
5.400000e-01 5.400000e-01 1.000000e+00 -1.018970e-05 1.019100e-05 5.400194e-16 -1.268800e-09 3.120054e-11
5.500000e-01 5.500000e-01 1.000000e+00 -1.024870e-05 1.024990e-05 5.500194e-16 -1.262800e-09 6.279945e-11
5.600000e-01 5.600000e-01 1.000000e+00 -1.030560e-05 1.030680e-05 5.600194e-16 -1.257300e-09 5.729944e-11
5.700000e-01 5.700000e-01 1.000000e+00 -1.036050e-05 1.036170e-05 5.700193e-16 -1.252000e-09 5.199943e-11
5.800000e-01 5.800000e-01 1.000000e+00 -1.041350e-05 1.041480e-05 5.800193e-16 -1.247100e-09 5.290058e-11
5.900000e-01 5.900000e-01 1.000000e+00 -1.046480e-05 1.046610e-05 5.900193e-16 -1.242500e-09 5.750059e-11
6.000000e-01 6.000000e-01 1.000000e+00 -1.051450e-05 1.051570e-05 6.000193e-16 -1.238100e-09 3.809940e-11
6.100000e-01 6.100000e-01 1.000000e+00 -1.056250e-05 1.056370e-05 6.100192e-16 -1.234000e-09 3.399939e-11
6.200000e-01 6.200000e-01 1.000000e+00 -1.060900e-05 1.061030e-05 6.200192e-16 -1.230000e-09 7.000062e-11
6.300000e-01 6.300000e-01 1.000000e+00 -1.065410e-05 1.065540e-05 6.300192e-16 -1.226300e-09 7.370063e-11
6.400000e-01 6.400000e-01 1.000000e+00 -1.069790e-05 1.069910e-05 6.400192e-16 -1.222800e-09 2.279936e-11
6.500000e-01 6.500000e-01 1.000000e+00 -1.074030e-05 1.074160e-05 6.500192e-16 -1.219500e-09 8.050065e-11
6.600000e-01 6.600000e-01 1.000000e+00 -1.078160e-05 1.078280e-05 6.600192e-16 -1.216400e-09 1.639934e-11
6.700000e-01 6.700000e-01 1.000000e+00 -1.082160e-05 1.082280e-05 6.700191e-16 -1.213400e-09 1.339933e-11
6.800000e-01 6.800000e-01 1.000000e+00 -1.086060e-05 1.086180e-05 6.800191e-16 -1.210500e-09 1.049932e-11
6.900000e-01 6.900000e-01 1.000000e+00 -1.089850e-05 1.089970e-05 6.900191e-16 -1.207800e-09 7.799310e-12
7.000000e-01 7.000000e-01 1.000000e+00 -1.093540e-05 1.093660e-05 7.000191e-16 -1.205200e-09 5.199300e-12
7.100000e-01 7.100000e-01 1.000000e+00 -1.097130e-05 1.097250e-05 7.100191e-16 -1.202700e-09 2.699290e-12
7.200000e-01 7.200000e-01 1.000000e+00 -1.100640e-05 1.100760e-05 7.200191e-16 -1.200300e-09 2.992800e-13
7.300000e-01 7.300000e-01 1.000000e+00 -1.104050e-05 1.104170e-05 7.300191e-16 -1.198100e-09 1.900730e-12
7.400000e-01 7.400000e-01 1.000000e+00 -1.107380e-05 1.107500e-05 7.400191e-16 -1.195900e-09 4.100740e-12
7.500000e-01 7.500000e-01 1.000000e+00 -1.110630e-05 1.110750e-05 7.500191e-16 -1.193800e-09 6.200750e-12
7.600000e-01 7.600000e-01 1.000000e+00 -1.113810e-05 1.113930e-05 7.600190e-16 -1.191900e-09 8.100760e-12
7.700000e-01 7.700000e-01 1.000000e+00 -1.116910e-05 1.117030e-05 7.700190e-16 -1.190000e-09 1.000077e-11
7.800000e-01 7.800000e-01 1.000000e+00 -1.119940e-05 1.120060e-05 7.800190e-16 -1.188100e-09 1.190078e-11
7.900000e-01 7.900000e-01 1.000000e+00 -1.122900e-05 1.123020e-05 7.900190e-16 -1.186400e-09 1.360079e-11
8.000000e-01 8.000000e-01 1.000000e+00 -1.125800e-05 1.125920e-05 8.000190e-16 -1.184700e-09 1.530080e-11
8.100000e-01 8.100000e-01 1.000000e+00 -1.128640e-05 1.128760e-05 8.100190e-16 -1.183000e-09 1.700081e-11
8.200000e-01 8.200000e-01 1.000000e+00 -1.131420e-05 1.131540e-05 8.200190e-16 -1.181500e-09 1.850082e-11
8.300000e-01 8.300000e-01 1.000000e+00 -1.134140e-05 1.134260e-05 8.300190e-16 -1.180000e-09 2.000083e-11
8.400000e-01 8.400000e-01 1.000000e+00 -1.136810e-05 1.136920e-05 8.400190e-16 -1.178500e-09 7.849916e-11
8.500000e-01 8.500000e-01 1.000000e+00 -1.139420e-05 1.139540e-05 8.500190e-16 -1.177100e-09 2.290085e-11
8.600000e-01 8.600000e-01 1.000000e+00 -1.141980e-05 1.142100e-05 8.600190e-16 -1.175700e-09 2.430086e-11
8.700000e-01 8.700000e-01 1.000000e+00 -1.144500e-05 1.144610e-05 8.700190e-16 -1.174400e-09 7.439913e-11
8.800000e-01 8.800000e-01 1.000000e+00 -1.146960e-05 1.147080e-05 8.800190e-16 -1.173100e-09 2.690088e-11
8.900000e-01 8.900000e-01 1.000000e+00 -1.149380e-05 1.149500e-05 8.900190e-16 -1.171900e-09 2.810089e-11
9.000000e-01 9.000000e-01 1.000000e+00 -1.151760e-05 1.151880e-05 9.000189e-16 -1.170700e-09 2.930090e-11
9.100000e-01 9.100000e-01 1.000000e+00 -1.154090e-05 1.154210e-05 9.100189e-16 -1.169500e-09 3.050091e-11
9.200000e-01 9.200000e-01 1.000000e+00 -1.156390e-05 1.156500e-05 9.200189e-16 -1.168400e-09 6.839908e-11
9.300000e-01 9.300000e-01 1.000000e+00 -1.158640e-05 1.158760e-05 9.300189e-16 -1.167300e-09 3.270093e-11
9.400000e-01 9.400000e-01 1.000000e+00 -1.160850e-05 1.160970e-05 9.400189e-16 -1.166200e-09 3.380094e-11
9.500000e-01 9.500000e-01 1.000000e+00 -1.163030e-05 1.163150e-05 9.500189e-16 -1.165200e-09 3.480095e-11
9.600000e-01 9.600000e-01 1.000000e+00 -1.165180e-05 1.165290e-05 9.600189e-16 -1.164200e-09 6.419904e-11
9.700000e-01 9.700000e-01 1.000000e+00 -1.167280e-05 1.167400e-05 9.700189e-16 -1.163200e-09 3.680097e-11
9.800000e-01 9.800000e-01 1.000000e+00 -1.169360e-05 1.169470e-05 9.800189e-16 -1.162300e-09 6.229902e-11
9.900000e-01 9.900000e-01 1.000000e+00 -1.171400e-05 1.171520e-05 9.900189e-16 -1.161300e-09 3.870099e-11
1.000000e+00 1.000000e+00 1.000000e+00 -1.173410e-05 1.173520e-05 1.000000e-15 -1.160400e-09 6.039900e-11
1.010000e+00 1.010000e+00 1.000000e+00 -1.175390e-05 1.175500e-05 1.010000e-15 -1.159500e-09 5.949899e-11
1.020000e+00 1.020000e+00 1.000000e+00 -1.177340e-05 1.177450e-05 1.020000e-15 -1.158700e-09 5.869898e-11
1.030000e+00 1.030000e+00 1.000000e+00 -1.179260e-05 1.179370e-05 1.030000e-15 -1.157800e-09 5.779897e-11
1.040000e+00 1.040000e+00 1.000000e+00 -1.181150e-05 1.181270e-05 1.040000e-15 -1.157000e-09 4.300104e-11
1.050000e+00 1.050000e+00 1.000000e+00 -1.183020e-05 1.183130e-05 1.050000e-15 -1.156200e-09 5.619895e-11
1.060000e+00 1.060000e+00 1.000000e+00 -1.184860e-05 1.184970e-05 1.060000e-15 -1.155400e-09 5.539894e-11
1.070000e+00 1.070000e+00 1.000000e+00 -1.186670e-05 1.186790e-05 1.070000e-15 -1.154700e-09 4.530107e-11
1.080000e+00 1.080000e+00 1.000000e+00 -1.188460e-05 1.188570e-05 1.080000e-15 -1.153900e-09 5.389892e-11
1.090000e+00 1.090000e+00 1.000000e+00 -1.190220e-05 1.190340e-05 1.090000e-15 -1.153200e-09 4.680109e-11
1.100000e+00 1.100000e+00 1.000000e+00 -1.191960e-05 1.192080e-05 1.100000e-15 -1.152500e-09 4.750110e-11
1.110000e+00 1.110000e+00 1.000000e+00 -1.193680e-05 1.193800e-05 1.110000e-15 -1.151800e-09 4.820111e-11
1.120000e+00 1.120000e+00 1.000000e+00 -1.195380e-05 1.195490e-05 1.120000e-15 -1.151100e-09 5.109888e-11
1.130000e+00 1.130000e+00 1.000000e+00 -1.197050e-05 1.197170e-05 1.130000e-15 -1.150400e-09 4.960113e-11
1.140000e+00 1.140000e+00 1.000000e+00 -1.198700e-05 1.198820e-05 1.140000e-15 -1.149700e-09 5.030114e-11
1.150000e+00 1.150000e+00 1.000000e+00 -1.200330e-05 1.200450e-05 1.150000e-15 -1.149100e-09 5.090115e-11
1.160000e+00 1.160000e+00 1.000000e+00 -1.201950e-05 1.202060e-05 1.160000e-15 -1.148400e-09 4.839884e-11
1.170000e+00 1.170000e+00 1.000000e+00 -1.203540e-05 1.203650e-05 1.170000e-15 -1.147800e-09 4.779883e-11
1.180000e+00 1.180000e+00 1.000000e+00 -1.205110e-05 1.205220e-05 1.180000e-15 -1.147200e-09 4.719882e-11
1.190000e+00 1.190000e+00 1.000000e+00 -1.206660e-05 1.206780e-05 1.190000e-15 -1.146600e-09 5.340119e-11
1.200000e+00 1.200000e+00 1.000000e+00 -1.208200e-05 1.208310e-05 1.200000e-15 -1.146000e-09 4.599880e-11
0.000000e+00 0.000000e+00 1.200000e+00 4.567200e-09 4.567200e-09 1.586750e-11 -9.150200e-09 6.750000e-14
1.000000e-02 1.000000e-02 1.200000e+00 -3.608115e-07 3.697659e-07 1.107430e-11 -8.965500e-09 2.570000e-14
2.000000e-02 2.000000e-02 1.200000e+00 -7.252282e-07 7.340053e-07 7.731300e-12 -8.784800e-09 3.130000e-14
3.000000e-02 3.000000e-02 1.200000e+00 -1.088600e-06 1.097200e-06 5.399200e-12 -8.607600e-09 2.200800e-12
4.000000e-02 4.000000e-02 1.200000e+00 -1.450900e-06 1.459300e-06 3.771900e-12 -8.433600e-09 2.982810e-11
5.000000e-02 5.000000e-02 1.200000e+00 -1.812000e-06 1.820300e-06 2.636000e-12 -8.262600e-09 4.003600e-11
6.000000e-02 6.000000e-02 1.200000e+00 -2.171800e-06 2.179900e-06 1.843100e-12 -8.094500e-09 7.343100e-12
7.000000e-02 7.000000e-02 1.200000e+00 -2.530200e-06 2.538200e-06 1.289300e-12 -7.929100e-09 7.218930e-11
8.000000e-02 8.000000e-02 1.200000e+00 -2.887200e-06 2.894900e-06 9.024208e-13 -7.766300e-09 6.539758e-11
9.000000e-02 9.000000e-02 1.200000e+00 -3.242500e-06 3.250100e-06 6.320615e-13 -7.606200e-09 5.567938e-12
1.000000e-01 1.000000e-01 1.200000e+00 -3.596100e-06 3.603500e-06 4.430467e-13 -7.448700e-09 4.825695e-11
1.100000e-01 1.100000e-01 1.200000e+00 -3.947800e-06 3.955100e-06 3.108350e-13 -7.293800e-09 6.510835e-12
1.200000e-01 1.200000e-01 1.200000e+00 -4.297500e-06 4.304700e-06 2.183049e-13 -7.141400e-09 5.881830e-11
1.300000e-01 1.300000e-01 1.200000e+00 -4.645100e-06 4.652100e-06 1.535050e-13 -6.991700e-09 8.453505e-12
1.400000e-01 1.400000e-01 1.200000e+00 -4.990300e-06 4.997200e-06 1.080923e-13 -6.844500e-09 5.560809e-11
1.500000e-01 1.500000e-01 1.200000e+00 -5.333100e-06 5.339800e-06 7.624010e-14 -6.700100e-09 2.375990e-14
1.600000e-01 1.600000e-01 1.200000e+00 -5.673300e-06 5.679800e-06 5.387710e-14 -6.558200e-09 5.814612e-11
1.700000e-01 1.700000e-01 1.200000e+00 -6.010700e-06 6.017100e-06 3.816060e-14 -6.419100e-09 1.906184e-11
1.800000e-01 1.800000e-01 1.200000e+00 -6.345200e-06 6.351500e-06 2.710200e-14 -6.282600e-09 1.742710e-11
1.900000e-01 1.900000e-01 1.200000e+00 -6.676600e-06 6.682700e-06 1.930970e-14 -6.149000e-09 4.898069e-11
2.000000e-01 2.000000e-01 1.200000e+00 -7.004800e-06 7.010800e-06 1.381190e-14 -6.018100e-09 1.808619e-11
2.100000e-01 2.100000e-01 1.200000e+00 -7.329600e-06 7.335400e-06 9.926800e-15 -5.890000e-09 8.999007e-11
2.200000e-01 2.200000e-01 1.200000e+00 -7.650800e-06 7.656600e-06 7.176200e-15 -5.764800e-09 3.520718e-11
2.300000e-01 2.300000e-01 1.200000e+00 -7.968400e-06 7.974000e-06 5.226000e-15 -5.642500e-09 4.249477e-11
2.400000e-01 2.400000e-01 1.200000e+00 -8.282100e-06 8.287600e-06 3.840500e-15 -5.523100e-09 2.309616e-11
2.500000e-01 2.500000e-01 1.200000e+00 -8.591900e-06 8.597300e-06 2.854600e-15 -5.406600e-09 6.597145e-12
2.600000e-01 2.600000e-01 1.200000e+00 -8.897600e-06 8.902900e-06 2.151400e-15 -5.293200e-09 6.802151e-12
2.700000e-01 2.700000e-01 1.200000e+00 -9.199200e-06 9.204300e-06 1.649600e-15 -5.182800e-09 8.279835e-11
2.800000e-01 2.800000e-01 1.200000e+00 -9.496400e-06 9.501500e-06 1.290900e-15 -5.075400e-09 2.460129e-11
2.900000e-01 2.900000e-01 1.200000e+00 -9.789200e-06 9.794200e-06 1.034300e-15 -4.971100e-09 2.890103e-11
3.000000e-01 3.000000e-01 1.200000e+00 -1.007750e-05 1.008240e-05 8.508623e-16 -4.869900e-09 3.010085e-11
3.100000e-01 3.100000e-01 1.200000e+00 -1.036120e-05 1.036600e-05 7.198741e-16 -4.771700e-09 2.830072e-11
3.200000e-01 3.200000e-01 1.200000e+00 -1.064030e-05 1.064500e-05 6.266967e-16 -4.676700e-09 2.330063e-11
3.300000e-01 3.300000e-01 1.200000e+00 -1.091460e-05 1.091920e-05 5.608020e-16 -4.584700e-09 1.530056e-11
3.400000e-01 3.400000e-01 1.200000e+00 -1.118420e-05 1.118870e-05 5.147868e-16 -4.495900e-09 4.100515e-12
3.500000e-01 3.500000e-01 1.200000e+00 -1.144880e-05 1.145320e-05 4.832042e-16 -4.410100e-09 1.009952e-11
3.600000e-01 3.600000e-01 1.200000e+00 -1.170860e-05 1.171290e-05 4.622012e-16 -4.327400e-09 2.739954e-11
3.700000e-01 3.700000e-01 1.200000e+00 -1.196330e-05 1.196760e-05 4.488997e-16 -4.247700e-09 5.230045e-11
3.800000e-01 3.800000e-01 1.200000e+00 -1.221310e-05 1.221720e-05 4.413767e-16 -4.171000e-09 7.099956e-11
3.900000e-01 3.900000e-01 1.200000e+00 -1.245770e-05 1.246180e-05 4.380392e-16 -4.097300e-09 2.700438e-12
4.000000e-01 4.000000e-01 1.200000e+00 -1.269730e-05 1.270130e-05 4.379056e-16 -4.026500e-09 2.649956e-11
4.100000e-01 4.100000e-01 1.200000e+00 -1.293170e-05 1.293570e-05 4.400862e-16 -3.958500e-09 4.150044e-11
4.200000e-01 4.200000e-01 1.200000e+00 -1.316100e-05 1.316490e-05 4.440822e-16 -3.893400e-09 6.600444e-12
4.300000e-01 4.300000e-01 1.200000e+00 -1.338510e-05 1.338900e-05 4.494150e-16 -3.831000e-09 6.900045e-11
4.400000e-01 4.400000e-01 1.200000e+00 -1.360400e-05 1.360780e-05 4.557605e-16 -3.771300e-09 2.870046e-11
4.500000e-01 4.500000e-01 1.200000e+00 -1.381770e-05 1.382150e-05 4.628866e-16 -3.714200e-09 8.580046e-11
4.600000e-01 4.600000e-01 1.200000e+00 -1.402620e-05 1.402990e-05 4.706120e-16 -3.659700e-09 4.030047e-11
4.700000e-01 4.700000e-01 1.200000e+00 -1.422950e-05 1.423320e-05 4.787953e-16 -3.607600e-09 9.240048e-11
4.800000e-01 4.800000e-01 1.200000e+00 -1.442770e-05 1.443120e-05 4.873535e-16 -3.557900e-09 5.789951e-11
4.900000e-01 4.900000e-01 1.200000e+00 -1.462060e-05 1.462410e-05 4.961812e-16 -3.510500e-09 1.049950e-11
5.000000e-01 5.000000e-01 1.200000e+00 -1.480850e-05 1.481200e-05 5.052323e-16 -3.465400e-09 3.460051e-11
5.100000e-01 5.100000e-01 1.200000e+00 -1.499130e-05 1.499470e-05 5.144687e-16 -3.422400e-09 2.239949e-11
5.200000e-01 5.200000e-01 1.200000e+00 -1.516900e-05 1.517240e-05 5.238292e-16 -3.381400e-09 1.860052e-11
5.300000e-01 5.300000e-01 1.200000e+00 -1.534180e-05 1.534510e-05 5.333131e-16 -3.342400e-09 4.239947e-11
5.400000e-01 5.400000e-01 1.200000e+00 -1.550970e-05 1.551300e-05 5.428742e-16 -3.305300e-09 5.299457e-12
5.500000e-01 5.500000e-01 1.200000e+00 -1.567280e-05 1.567600e-05 5.525177e-16 -3.270100e-09 7.009945e-11
5.600000e-01 5.600000e-01 1.200000e+00 -1.583110e-05 1.583440e-05 5.622154e-16 -3.236500e-09 6.350056e-11
5.700000e-01 5.700000e-01 1.200000e+00 -1.598480e-05 1.598800e-05 5.719595e-16 -3.204700e-09 4.699428e-12
5.800000e-01 5.800000e-01 1.200000e+00 -1.613400e-05 1.613720e-05 5.817435e-16 -3.174400e-09 2.560058e-11
5.900000e-01 5.900000e-01 1.200000e+00 -1.627880e-05 1.628190e-05 5.915553e-16 -3.145500e-09 4.549941e-11
6.000000e-01 6.000000e-01 1.200000e+00 -1.641920e-05 1.642230e-05 6.013977e-16 -3.118200e-09 1.819940e-11
6.100000e-01 6.100000e-01 1.200000e+00 -1.655540e-05 1.655850e-05 6.112605e-16 -3.092200e-09 7.800611e-12
6.200000e-01 6.200000e-01 1.200000e+00 -1.668750e-05 1.669060e-05 6.211471e-16 -3.067400e-09 3.260062e-11
6.300000e-01 6.300000e-01 1.200000e+00 -1.681560e-05 1.681870e-05 6.310434e-16 -3.043900e-09 5.610063e-11
6.400000e-01 6.400000e-01 1.200000e+00 -1.693990e-05 1.694290e-05 6.409535e-16 -3.021600e-09 2.159936e-11
6.500000e-01 6.500000e-01 1.200000e+00 -1.706040e-05 1.706340e-05 6.508760e-16 -3.000300e-09 2.993491e-13
6.600000e-01 6.600000e-01 1.200000e+00 -1.717730e-05 1.718030e-05 6.608094e-16 -2.980100e-09 1.990066e-11
6.700000e-01 6.700000e-01 1.200000e+00 -1.729070e-05 1.729370e-05 6.707526e-16 -2.960900e-09 3.910067e-11
6.800000e-01 6.800000e-01 1.200000e+00 -1.740070e-05 1.740360e-05 6.806953e-16 -2.942600e-09 4.259932e-11
6.900000e-01 6.900000e-01 1.200000e+00 -1.750740e-05 1.751040e-05 6.906509e-16 -2.925200e-09 7.480069e-11
7.000000e-01 7.000000e-01 1.200000e+00 -1.761100e-05 1.761390e-05 7.006095e-16 -2.908600e-09 8.599299e-12
7.100000e-01 7.100000e-01 1.200000e+00 -1.771150e-05 1.771440e-05 7.105709e-16 -2.892800e-09 7.200711e-12
7.200000e-01 7.200000e-01 1.200000e+00 -1.780920e-05 1.781200e-05 7.205388e-16 -2.877800e-09 7.779928e-11
7.300000e-01 7.300000e-01 1.200000e+00 -1.790390e-05 1.790680e-05 7.305047e-16 -2.863500e-09 3.650073e-11
7.400000e-01 7.400000e-01 1.200000e+00 -1.799600e-05 1.799890e-05 7.404803e-16 -2.849800e-09 5.020074e-11
7.500000e-01 7.500000e-01 1.200000e+00 -1.808550e-05 1.808830e-05 7.504536e-16 -2.836700e-09 3.669925e-11
7.600000e-01 7.600000e-01 1.200000e+00 -1.817240e-05 1.817520e-05 7.604321e-16 -2.824300e-09 2.429924e-11
7.700000e-01 7.700000e-01 1.200000e+00 -1.825690e-05 1.825970e-05 7.704117e-16 -2.812400e-09 1.239923e-11
7.800000e-01 7.800000e-01 1.200000e+00 -1.833910e-05 1.834190e-05 7.803924e-16 -2.801000e-09 9.992196e-13
7.900000e-01 7.900000e-01 1.200000e+00 -1.841900e-05 1.842180e-05 7.903742e-16 -2.790100e-09 9.900790e-12
8.000000e-01 8.000000e-01 1.200000e+00 -1.849680e-05 1.849960e-05 8.003601e-16 -2.779700e-09 2.030080e-11
8.100000e-01 8.100000e-01 1.200000e+00 -1.857260e-05 1.857530e-05 8.103468e-16 -2.769800e-09 6.979919e-11
8.200000e-01 8.200000e-01 1.200000e+00 -1.864630e-05 1.864910e-05 8.203308e-16 -2.760200e-09 3.980082e-11
8.300000e-01 8.300000e-01 1.200000e+00 -1.871810e-05 1.872090e-05 8.303188e-16 -2.751100e-09 4.890083e-11
8.400000e-01 8.400000e-01 1.200000e+00 -1.878810e-05 1.879090e-05 8.403104e-16 -2.742400e-09 5.760084e-11
8.500000e-01 8.500000e-01 1.200000e+00 -1.885630e-05 1.885910e-05 8.502993e-16 -2.734000e-09 6.600085e-11
8.600000e-01 8.600000e-01 1.200000e+00 -1.892290e-05 1.892560e-05 8.602887e-16 -2.725900e-09 2.589914e-11
8.700000e-01 8.700000e-01 1.200000e+00 -1.898780e-05 1.899050e-05 8.702785e-16 -2.718200e-09 1.819913e-11
8.800000e-01 8.800000e-01 1.200000e+00 -1.905110e-05 1.905380e-05 8.802717e-16 -2.710700e-09 1.069912e-11
8.900000e-01 8.900000e-01 1.200000e+00 -1.911290e-05 1.911560e-05 8.902622e-16 -2.703600e-09 3.599110e-12
9.000000e-01 9.000000e-01 1.200000e+00 -1.917320e-05 1.917590e-05 9.002559e-16 -2.696700e-09 3.300900e-12
9.100000e-01 9.100000e-01 1.200000e+00 -1.923220e-05 1.923490e-05 9.102499e-16 -2.690100e-09 9.900910e-12
9.200000e-01 9.200000e-01 1.200000e+00 -1.928980e-05 1.929250e-05 9.202441e-16 -2.683700e-09 1.630092e-11
9.300000e-01 9.300000e-01 1.200000e+00 -1.934610e-05 1.934870e-05 9.302358e-16 -2.677600e-09 7.759907e-11
9.400000e-01 9.400000e-01 1.200000e+00 -1.940110e-05 1.940380e-05 9.402304e-16 -2.671700e-09 2.830094e-11
9.500000e-01 9.500000e-01 1.200000e+00 -1.945500e-05 1.945760e-05 9.502252e-16 -2.666000e-09 6.599905e-11
9.600000e-01 9.600000e-01 1.200000e+00 -1.950760e-05 1.951030e-05 9.602202e-16 -2.660500e-09 3.950096e-11
9.700000e-01 9.700000e-01 1.200000e+00 -1.955920e-05 1.956180e-05 9.702153e-16 -2.655200e-09 5.519903e-11
9.800000e-01 9.800000e-01 1.200000e+00 -1.960970e-05 1.961230e-05 9.802106e-16 -2.650100e-09 5.009902e-11
9.900000e-01 9.900000e-01 1.200000e+00 -1.965910e-05 1.966170e-05 9.902061e-16 -2.645100e-09 4.509901e-11
1.000000e+00 1.000000e+00 1.200000e+00 -1.970750e-05 1.971020e-05 1.000200e-15 -2.640300e-09 5.970100e-11
1.010000e+00 1.010000e+00 1.200000e+00 -1.975500e-05 1.975760e-05 1.010200e-15 -2.635700e-09 3.569899e-11
1.020000e+00 1.020000e+00 1.200000e+00 -1.980150e-05 1.980410e-05 1.020200e-15 -2.631200e-09 3.119898e-11
1.030000e+00 1.030000e+00 1.200000e+00 -1.984710e-05 1.984970e-05 1.030200e-15 -2.626800e-09 2.679897e-11
1.040000e+00 1.040000e+00 1.200000e+00 -1.989180e-05 1.989450e-05 1.040200e-15 -2.622600e-09 7.740104e-11
1.050000e+00 1.050000e+00 1.200000e+00 -1.993570e-05 1.993840e-05 1.050200e-15 -2.618600e-09 8.140105e-11
1.060000e+00 1.060000e+00 1.200000e+00 -1.997880e-05 1.998140e-05 1.060200e-15 -2.614600e-09 1.459894e-11
1.070000e+00 1.070000e+00 1.200000e+00 -2.002110e-05 2.002370e-05 1.070200e-15 -2.610800e-09 1.079893e-11
1.080000e+00 1.080000e+00 1.200000e+00 -2.006260e-05 2.006520e-05 1.080200e-15 -2.607000e-09 6.998920e-12
1.090000e+00 1.090000e+00 1.200000e+00 -2.010340e-05 2.010600e-05 1.090200e-15 -2.603400e-09 3.398910e-12
1.100000e+00 1.100000e+00 1.200000e+00 -2.014340e-05 2.014600e-05 1.100200e-15 -2.599900e-09 1.011002e-13
1.110000e+00 1.110000e+00 1.200000e+00 -2.018280e-05 2.018540e-05 1.110200e-15 -2.596500e-09 3.501110e-12
1.120000e+00 1.120000e+00 1.200000e+00 -2.022150e-05 2.022410e-05 1.120200e-15 -2.593100e-09 6.901120e-12
1.130000e+00 1.130000e+00 1.200000e+00 -2.025950e-05 2.026210e-05 1.130200e-15 -2.589900e-09 1.010113e-11
1.140000e+00 1.140000e+00 1.200000e+00 -2.029690e-05 2.029950e-05 1.140200e-15 -2.586800e-09 1.320114e-11
1.150000e+00 1.150000e+00 1.200000e+00 -2.033370e-05 2.033630e-05 1.150200e-15 -2.583700e-09 1.630115e-11
1.160000e+00 1.160000e+00 1.200000e+00 -2.036990e-05 2.037250e-05 1.160200e-15 -2.580700e-09 1.930116e-11
1.170000e+00 1.170000e+00 1.200000e+00 -2.040560e-05 2.040810e-05 1.170200e-15 -2.577800e-09 7.779883e-11
1.180000e+00 1.180000e+00 1.200000e+00 -2.044060e-05 2.044320e-05 1.180200e-15 -2.575000e-09 2.500118e-11
1.190000e+00 1.190000e+00 1.200000e+00 -2.047510e-05 2.047770e-05 1.190200e-15 -2.572200e-09 2.780119e-11
1.200000e+00 1.200000e+00 1.200000e+00 -2.050910e-05 2.051170e-05 1.200200e-15 -2.569500e-09 3.050120e-11