 v-sweep         v(drain_iv)     v(gate_iv)      id              is              ib              ig              kcl            
 0.00000000e+00  0.00000000e+00  0.00000000e+00  0.00000000e+00  0.00000000e+00  0.00000000e+00  0.00000000e+00  0.00000000e+00 
-1.00000000e-01 -1.00000000e-01  0.00000000e+00  6.17441003e-13 -6.17341003e-13 -1.00000000e-16  0.00000000e+00  3.07285974e-29 
-2.00000000e-01 -2.00000000e-01  0.00000000e+00  1.82193893e-13 -1.81993893e-13 -2.00000000e-16  0.00000000e+00  1.09700970e-29 
-3.00000000e-01 -3.00000000e-01  0.00000000e+00  1.90136961e-13 -1.89836961e-13 -3.00000000e-16  0.00000000e+00  8.72677376e-30 
-4.00000000e-01 -4.00000000e-01  0.00000000e+00  1.97715214e-13 -1.97315214e-13 -4.00000000e-16  0.00000000e+00  3.30335504e-30 
-5.00000000e-01 -5.00000000e-01  0.00000000e+00  2.05145024e-13 -2.04645024e-13 -5.00000000e-16  0.00000000e+00  2.16936749e-30 
-6.00000000e-01 -6.00000000e-01  0.00000000e+00  2.12489038e-13 -2.11889038e-13 -6.00000000e-16  0.00000000e+00  1.76507628e-29 
-7.00000000e-01 -7.00000000e-01  0.00000000e+00  2.19775820e-13 -2.19075820e-13 -7.00000000e-16  0.00000000e+00  1.21287364e-29 
-8.00000000e-01 -8.00000000e-01  0.00000000e+00  2.27021668e-13 -2.26221668e-13 -8.00000000e-16  0.00000000e+00  1.85382313e-29 
-9.00000000e-01 -9.00000000e-01  0.00000000e+00  2.34237090e-13 -2.33337090e-13 -9.00000000e-16  0.00000000e+00  2.64268403e-29 
-1.00000000e+00 -1.00000000e+00  0.00000000e+00  2.41429452e-13 -2.40429452e-13 -1.00000000e-15  0.00000000e+00  4.14151975e-30 
-1.10000000e+00 -1.10000000e+00  0.00000000e+00  2.48604516e-13 -2.47504516e-13 -1.10000000e-15  0.00000000e+00  3.49070951e-29 
-1.20000000e+00 -1.20000000e+00  0.00000000e+00  2.55767801e-13 -2.54567801e-13 -1.20000000e-15  0.00000000e+00  1.51855724e-29 
 0.00000000e+00  0.00000000e+00 -2.00000000e-01  0.00000000e+00  0.00000000e+00  0.00000000e+00  0.00000000e+00  0.00000000e+00 
-1.00000000e-01 -1.00000000e-01 -2.00000000e-01  7.87215450e-11 -7.87214450e-11 -1.00000000e-16  0.00000000e+00  6.89697392e-27 
-2.00000000e-01 -2.00000000e-01 -2.00000000e-01  8.34420916e-11 -8.34418916e-11 -2.00000000e-16  0.00000000e+00  8.69250762e-28 
-3.00000000e-01 -3.00000000e-01 -2.00000000e-01  8.70380709e-11 -8.70377709e-11 -3.00000000e-16  0.00000000e+00  5.15841076e-27 
-4.00000000e-01 -4.00000000e-01 -2.00000000e-01  9.04667841e-11 -9.04663841e-11 -4.00000000e-16  0.00000000e+00  1.73850152e-27 
-5.00000000e-01 -5.00000000e-01 -2.00000000e-01  9.38274366e-11 -9.38269366e-11 -5.00000000e-16  0.00000000e+00  4.28923396e-27 
-6.00000000e-01 -6.00000000e-01 -2.00000000e-01  9.71487523e-11 -9.71481523e-11 -6.00000000e-16  0.00000000e+00  2.60767833e-27 
-7.00000000e-01 -7.00000000e-01 -2.00000000e-01  1.00443827e-10 -1.00443127e-10 -7.00000000e-16  0.00000000e+00  3.42000785e-27 
-8.00000000e-01 -8.00000000e-01 -2.00000000e-01  1.03720134e-10 -1.03719334e-10 -8.00000000e-16  0.00000000e+00  9.44779263e-27 
-9.00000000e-01 -9.00000000e-01 -2.00000000e-01  1.06982490e-10 -1.06981590e-10 -9.00000000e-16  0.00000000e+00  2.55078174e-27 
-1.00000000e+00 -1.00000000e+00 -2.00000000e-01  1.10234273e-10 -1.10233273e-10 -1.00000000e-15  0.00000000e+00  4.34603194e-27 
-1.10000000e+00 -1.10000000e+00 -2.00000000e-01  1.13478125e-10 -1.13477025e-10 -1.10000000e-15  0.00000000e+00  1.68165423e-27 
-1.20000000e+00 -1.20000000e+00 -2.00000000e-01  1.16716576e-10 -1.16715376e-10 -1.20000000e-15  0.00000000e+00  5.21535666e-27 
 0.00000000e+00  0.00000000e+00 -4.00000000e-01  0.00000000e+00  0.00000000e+00  0.00000000e+00  0.00000000e+00  0.00000000e+00 
-1.00000000e-01 -1.00000000e-01 -4.00000000e-01  3.21159809e-08 -3.21159808e-08 -1.00000000e-16  0.00000000e+00  1.68623834e-24 
-2.00000000e-01 -2.00000000e-01 -4.00000000e-01  3.40364678e-08 -3.40364676e-08 -2.00000000e-16  0.00000000e+00  3.37247668e-24 
-3.00000000e-01 -3.00000000e-01 -4.00000000e-01  3.54922104e-08 -3.54922101e-08 -3.00000000e-16  0.00000000e+00  1.55872993e-24 
-4.00000000e-01 -4.00000000e-01 -4.00000000e-01  3.68791855e-08 -3.68791851e-08 -4.00000000e-16  0.00000000e+00  1.27508469e-25 
-5.00000000e-01 -5.00000000e-01 -4.00000000e-01  3.82381979e-08 -3.82381974e-08 -5.00000000e-16  0.00000000e+00  4.80369808e-24 
-6.00000000e-01 -6.00000000e-01 -4.00000000e-01  3.95810386e-08 -3.95810380e-08 -6.00000000e-16  0.00000000e+00  3.49998523e-24 
-7.00000000e-01 -7.00000000e-01 -4.00000000e-01  4.09130803e-08 -4.09130796e-08 -7.00000000e-16  0.00000000e+00  1.43122137e-24 
-8.00000000e-01 -8.00000000e-01 -4.00000000e-01  4.22373890e-08 -4.22373882e-08 -8.00000000e-16  0.00000000e+00  2.55017037e-25 
-9.00000000e-01 -9.00000000e-01 -4.00000000e-01  4.35559415e-08 -4.35559406e-08 -9.00000000e-16  0.00000000e+00  1.94125534e-24 
-1.00000000e+00 -1.00000000e+00 -4.00000000e-01  4.48701243e-08 -4.48701233e-08 -1.00000000e-15  0.00000000e+00  3.62749385e-24 
-1.10000000e+00 -1.10000000e+00 -4.00000000e-01  4.61810202e-08 -4.61810191e-08 -1.10000000e-15  0.00000000e+00  1.30371275e-24 
-1.20000000e+00 -1.20000000e+00 -4.00000000e-01  4.74896648e-08 -4.74896636e-08 -1.20000000e-15  0.00000000e+00  3.82525555e-25 
 0.00000000e+00  0.00000000e+00 -6.00000000e-01  0.00000000e+00  0.00000000e+00  0.00000000e+00  0.00000000e+00  0.00000000e+00 
-1.00000000e-01 -1.00000000e-01 -6.00000000e-01  5.45459416e-06 -5.45459416e-06 -1.00000000e-16  0.00000000e+00  7.09752843e-22 
-2.00000000e-01 -2.00000000e-01 -6.00000000e-01  5.89389556e-06 -5.89389556e-06 -2.00000000e-16  0.00000000e+00  5.72472738e-22 
-3.00000000e-01 -3.00000000e-01 -6.00000000e-01  6.06468377e-06 -6.06468377e-06 -3.00000000e-16  0.00000000e+00  4.11840314e-22 
-4.00000000e-01 -4.00000000e-01 -6.00000000e-01  6.21251348e-06 -6.21251348e-06 -4.00000000e-16  0.00000000e+00  5.49120418e-22 
-5.00000000e-01 -5.00000000e-01 -6.00000000e-01  6.35267366e-06 -6.35267366e-06 -5.00000000e-16  0.00000000e+00  6.86400523e-22 
-6.00000000e-01 -6.00000000e-01 -6.00000000e-01  6.48857142e-06 -6.48857142e-06 -6.00000000e-16  0.00000000e+00  2.33523199e-23 
-7.00000000e-01 -7.00000000e-01 -6.00000000e-01  6.62159811e-06 -6.62159811e-06 -7.00000000e-16  0.00000000e+00  1.13927785e-22 
-8.00000000e-01 -8.00000000e-01 -6.00000000e-01  6.75251423e-06 -6.75251423e-06 -8.00000000e-16  0.00000000e+00  2.51207889e-22 
-9.00000000e-01 -9.00000000e-01 -6.00000000e-01  6.88180230e-06 -6.88180230e-06 -9.00000000e-16  0.00000000e+00  3.88487994e-22 
-1.00000000e+00 -1.00000000e+00 -6.00000000e-01  7.00979662e-06 -7.00979662e-06 -1.00000000e-15  0.00000000e+00  3.21264849e-22 
-1.10000000e+00 -1.10000000e+00 -6.00000000e-01  7.13674720e-06 -7.13674720e-06 -1.10000000e-15  0.00000000e+00  1.83984744e-22 
-1.20000000e+00 -1.20000000e+00 -6.00000000e-01  7.26286476e-06 -7.26286475e-06 -1.20000000e-15  0.00000000e+00  4.67046399e-23 
 0.00000000e+00  0.00000000e+00 -8.00000000e-01  0.00000000e+00  0.00000000e+00  0.00000000e+00  0.00000000e+00  0.00000000e+00 
-1.00000000e-01 -1.00000000e-01 -8.00000000e-01  4.35390290e-05 -4.35390290e-05 -1.00000000e-16  0.00000000e+00  4.09788463e-21 
-2.00000000e-01 -2.00000000e-01 -8.00000000e-01  6.57413004e-05 -6.57413004e-05 -2.00000000e-16  0.00000000e+00  5.35675789e-21 
-3.00000000e-01 -3.00000000e-01 -8.00000000e-01  7.21823847e-05 -7.21823847e-05 -3.00000000e-16  0.00000000e+00  1.25887326e-21 
-4.00000000e-01 -4.00000000e-01 -8.00000000e-01  7.38965830e-05 -7.38965830e-05 -4.00000000e-16  0.00000000e+00  2.83901137e-21 
-5.00000000e-01 -5.00000000e-01 -8.00000000e-01  7.49739116e-05 -7.49739116e-05 -5.00000000e-16  0.00000000e+00  6.61563115e-21 
-6.00000000e-01 -6.00000000e-01 -8.00000000e-01  7.58936592e-05 -7.58936592e-05 -6.00000000e-16  0.00000000e+00  2.51774652e-21 
-7.00000000e-01 -7.00000000e-01 -8.00000000e-01  7.67376044e-05 -7.67376044e-05 -7.00000000e-16  0.00000000e+00  1.58013811e-21 
-8.00000000e-01 -8.00000000e-01 -8.00000000e-01  7.75329960e-05 -7.75329960e-05 -8.00000000e-16  0.00000000e+00  5.67802274e-21 
-9.00000000e-01 -9.00000000e-01 -8.00000000e-01  7.82932478e-05 -7.82932478e-05 -9.00000000e-16  0.00000000e+00  9.77590737e-21 
-1.00000000e+00 -1.00000000e+00 -8.00000000e-01  7.90264391e-05 -7.90264391e-05 -1.00000000e-15  0.00000000e+00  3.21264849e-22 
-1.10000000e+00 -1.10000000e+00 -8.00000000e-01  7.97380011e-05 -7.97380011e-05 -1.10000000e-15  0.00000000e+00  4.41914948e-21 
-1.20000000e+00 -1.20000000e+00 -8.00000000e-01  8.04318582e-05 -8.04318582e-05 -1.20000000e-15  0.00000000e+00  5.03549304e-21 
 0.00000000e+00  0.00000000e+00 -1.00000000e+00  0.00000000e+00  0.00000000e+00  0.00000000e+00  0.00000000e+00  0.00000000e+00 
-1.00000000e-01 -1.00000000e-01 -1.00000000e+00  8.19936262e-05 -8.19936262e-05 -1.00000000e-16  0.00000000e+00  9.45464252e-21 
-2.00000000e-01 -2.00000000e-01 -1.00000000e+00  1.40807667e-04 -1.40807667e-04 -2.00000000e-16  0.00000000e+00  1.89092850e-20 
-3.00000000e-01 -3.00000000e-01 -1.00000000e+00  1.77367596e-04 -1.77367596e-04 -3.00000000e-16  0.00000000e+00  1.25887326e-21 
-4.00000000e-01 -4.00000000e-01 -1.00000000e+00  1.94389586e-04 -1.94389586e-04 -4.00000000e-16  0.00000000e+00  1.63915385e-20 
-5.00000000e-01 -5.00000000e-01 -1.00000000e+00  2.00214348e-04 -2.00214348e-04 -5.00000000e-16  0.00000000e+00  2.01681583e-20 
-6.00000000e-01 -6.00000000e-01 -1.00000000e+00  2.03051535e-04 -2.03051535e-04 -6.00000000e-16  0.00000000e+00  2.51774652e-21 
-7.00000000e-01 -7.00000000e-01 -1.00000000e+00  2.05198633e-04 -2.05198633e-04 -7.00000000e-16  0.00000000e+00  1.19723890e-20 
-8.00000000e-01 -8.00000000e-01 -1.00000000e+00  2.07070208e-04 -2.07070208e-04 -8.00000000e-16  0.00000000e+00  5.67802274e-21 
-9.00000000e-01 -9.00000000e-01 -1.00000000e+00  2.08780641e-04 -2.08780641e-04 -9.00000000e-16  0.00000000e+00  3.77661978e-21 
-1.00000000e+00 -1.00000000e+00 -1.00000000e+00  2.10379162e-04 -2.10379162e-04 -1.00000000e-15  0.00000000e+00  1.38737920e-20 
-1.10000000e+00 -1.10000000e+00 -1.00000000e+00  2.11893291e-04 -2.11893291e-04 -1.10000000e-15  0.00000000e+00  4.41914948e-21 
-1.20000000e+00 -1.20000000e+00 -1.00000000e+00  2.13340761e-04 -2.13340761e-04 -1.20000000e-15  0.00000000e+00  5.03549304e-21 
 0.00000000e+00  0.00000000e+00 -1.20000000e+00  0.00000000e+00  0.00000000e+00  0.00000000e+00  0.00000000e+00  0.00000000e+00 
-1.00000000e-01 -1.00000000e-01 -1.20000000e+00  1.16550107e-04 -1.16550107e-04 -1.00000000e-16  0.00000000e+00  1.76504118e-20 
-2.00000000e-01 -2.00000000e-01 -1.20000000e+00  2.09700365e-04 -2.09700365e-04 -2.00000000e-16  0.00000000e+00  8.19576926e-21 
-3.00000000e-01 -3.00000000e-01 -1.20000000e+00  2.80049013e-04 -2.80049013e-04 -3.00000000e-16  0.00000000e+00  1.25887326e-21 
-4.00000000e-01 -4.00000000e-01 -1.20000000e+00  3.28360336e-04 -3.28360336e-04 -4.00000000e-16  0.00000000e+00  1.63915385e-20 
-5.00000000e-01 -5.00000000e-01 -1.20000000e+00  3.56257421e-04 -3.56257421e-04 -5.00000000e-16  0.00000000e+00  2.01681583e-20 
-6.00000000e-01 -6.00000000e-01 -1.20000000e+00  3.68796614e-04 -3.68796614e-04 -6.00000000e-16  0.00000000e+00  2.51774652e-21 
-7.00000000e-01 -7.00000000e-01 -1.20000000e+00  3.74580987e-04 -3.74580987e-04 -7.00000000e-16  0.00000000e+00  1.51326653e-20 
-8.00000000e-01 -8.00000000e-01 -1.20000000e+00  3.78460838e-04 -3.78460838e-04 -8.00000000e-16  0.00000000e+00  3.27830771e-20 
-9.00000000e-01 -9.00000000e-01 -1.20000000e+00  3.81666914e-04 -3.81666914e-04 -9.00000000e-16  0.00000000e+00  5.04334888e-20 
-1.00000000e+00 -1.00000000e+00 -1.20000000e+00  3.84516478e-04 -3.84516478e-04 -1.00000000e-15  0.00000000e+00  1.38737920e-20 
-1.10000000e+00 -1.10000000e+00 -1.20000000e+00  3.87130316e-04 -3.87130316e-04 -1.10000000e-15  0.00000000e+00  2.26859048e-20 
-1.20000000e+00 -1.20000000e+00 -1.20000000e+00  3.89570754e-04 -3.89570754e-04 -1.20000000e-15  0.00000000e+00  5.03549304e-21 
