v(drain_bias) v(gate_bias) id_bias ig_bias is_bias ib_bias
0 0 1.57112E-26 0 -1.57112E-26 -1.01093E-34
0 0.6 9.15883E-23 0 -9.15883E-23 -3.60089E-43
0 1.2 2.52341E-20 1.73472E-18 -2.52341E-20 -1.56879E-37
0.6 0 -1.01616E-12 0 1.01556E-12 6E-16
0.6 0.6 -2.37583E-06 0 2.37583E-06 5.99986E-16
0.6 1.2 -0.000540051 8.67362E-19 0.000540051 5.97852E-16
1.2 0 -1.29668E-12 0 1.29548E-12 1.2E-15
1.2 0.6 -2.90577E-06 4.33681E-19 2.90577E-06 1.19998E-15
1.2 1.2 -0.000568769 5.20417E-18 0.000568769 1.19442E-15
