v-sweep v(drain_iv) v(gate_iv) id is ib ig kcl
0.000000e+00 0.000000e+00 0.000000e+00 2.280100e-22 2.280100e-22 0.000000e+00 -4.560200e-22 0.000000e+00
1.000000e-02 1.000000e-02 0.000000e+00 -2.059734e-13 2.059635e-13 1.000000e-17 -3.125100e-22 9.968749e-20
2.000000e-02 2.000000e-02 0.000000e+00 -3.324531e-13 3.324331e-13 2.000000e-17 -2.380500e-22 2.380500e-22
3.000000e-02 3.000000e-02 0.000000e+00 -4.030026e-13 4.029726e-13 3.000000e-17 -2.018300e-22 2.018300e-22
4.000000e-02 4.000000e-02 0.000000e+00 -4.413102e-13 4.412702e-13 4.000000e-17 -1.848200e-22 1.848200e-22
5.000000e-02 5.000000e-02 0.000000e+00 -4.636976e-13 4.636476e-13 5.000000e-17 -1.766300e-22 1.766300e-22
6.000000e-02 6.000000e-02 0.000000e+00 -4.784379e-13 4.783779e-13 6.000000e-17 -1.724300e-22 1.724300e-22
7.000000e-02 7.000000e-02 0.000000e+00 -4.892864e-13 4.892164e-13 7.000000e-17 -1.701300e-22 1.701300e-22
8.000000e-02 8.000000e-02 0.000000e+00 -4.979694e-13 4.978894e-13 8.000000e-17 -1.687700e-22 1.687699e-22
9.000000e-02 9.000000e-02 0.000000e+00 -5.053309e-13 5.052409e-13 9.000000e-17 -1.679300e-22 1.679300e-22
1.000000e-01 1.000000e-01 0.000000e+00 -5.118151e-13 5.117151e-13 1.000000e-16 -1.673900e-22 1.673900e-22
1.100000e-01 1.100000e-01 0.000000e+00 -5.176737e-13 5.175637e-13 1.100000e-16 -1.670200e-22 1.670200e-22
1.200000e-01 1.200000e-01 0.000000e+00 -5.230592e-13 5.229392e-13 1.200000e-16 -1.667600e-22 1.667600e-22
1.300000e-01 1.300000e-01 0.000000e+00 -5.280702e-13 5.279402e-13 1.300000e-16 -1.665800e-22 1.665799e-22
1.400000e-01 1.400000e-01 0.000000e+00 -5.327734e-13 5.326334e-13 1.400000e-16 -1.664400e-22 1.664400e-22
1.500000e-01 1.500000e-01 0.000000e+00 -5.372167e-13 5.370667e-13 1.500000e-16 -1.663400e-22 1.663401e-22
1.600000e-01 1.600000e-01 0.000000e+00 -5.414356e-13 5.412756e-13 1.600000e-16 -1.662600e-22 1.662600e-22
1.700000e-01 1.700000e-01 0.000000e+00 -5.454573e-13 5.452873e-13 1.700000e-16 -1.661900e-22 1.661900e-22
1.800000e-01 1.800000e-01 0.000000e+00 -5.493037e-13 5.491237e-13 1.800000e-16 -1.661500e-22 1.661501e-22
1.900000e-01 1.900000e-01 0.000000e+00 -5.529922e-13 5.528022e-13 1.900000e-16 -1.661100e-22 1.661101e-22
2.000000e-01 2.000000e-01 0.000000e+00 -5.565376e-13 5.563376e-13 2.000000e-16 -1.660700e-22 1.660700e-22
2.100000e-01 2.100000e-01 0.000000e+00 -5.599521e-13 5.597421e-13 2.100000e-16 -1.660500e-22 1.660500e-22
2.200000e-01 2.200000e-01 0.000000e+00 -5.632463e-13 5.630263e-13 2.200000e-16 -1.660300e-22 1.660300e-22
2.300000e-01 2.300000e-01 0.000000e+00 -5.664295e-13 5.661995e-13 2.300000e-16 -1.660100e-22 1.660101e-22
2.400000e-01 2.400000e-01 0.000000e+00 -5.695095e-13 5.692695e-13 2.400000e-16 -1.659900e-22 1.659900e-22
2.500000e-01 2.500000e-01 0.000000e+00 -5.724936e-13 5.722436e-13 2.500000e-16 -1.659800e-22 1.659800e-22
2.600000e-01 2.600000e-01 0.000000e+00 -5.753879e-13 5.751279e-13 2.600000e-16 -1.659700e-22 1.659700e-22
2.700000e-01 2.700000e-01 0.000000e+00 -5.781982e-13 5.779282e-13 2.700000e-16 -1.659600e-22 1.659601e-22
2.800000e-01 2.800000e-01 0.000000e+00 -5.809296e-13 5.806496e-13 2.800000e-16 -1.659500e-22 1.659501e-22
2.900000e-01 2.900000e-01 0.000000e+00 -5.835866e-13 5.832966e-13 2.900000e-16 -1.659500e-22 1.659499e-22
3.000000e-01 3.000000e-01 0.000000e+00 -5.861735e-13 5.858735e-13 3.000000e-16 -1.659400e-22 1.659399e-22
3.100000e-01 3.100000e-01 0.000000e+00 -5.886941e-13 5.883841e-13 3.100000e-16 -1.659400e-22 1.659401e-22
3.200000e-01 3.200000e-01 0.000000e+00 -5.911519e-13 5.908319e-13 3.200000e-16 -1.659300e-22 1.659299e-22
3.300000e-01 3.300000e-01 0.000000e+00 -5.935501e-13 5.932201e-13 3.300000e-16 -1.659300e-22 1.659301e-22
3.400000e-01 3.400000e-01 0.000000e+00 -5.958916e-13 5.955516e-13 3.400000e-16 -1.659200e-22 1.659201e-22
3.500000e-01 3.500000e-01 0.000000e+00 -5.981794e-13 5.978294e-13 3.500000e-16 -1.659200e-22 1.659200e-22
3.600000e-01 3.600000e-01 0.000000e+00 -6.004158e-13 6.000558e-13 3.600000e-16 -1.659200e-22 1.659200e-22
3.700000e-01 3.700000e-01 0.000000e+00 -6.026032e-13 6.022332e-13 3.700000e-16 -1.659100e-22 1.659100e-22
3.800000e-01 3.800000e-01 0.000000e+00 -6.047439e-13 6.043639e-13 3.800000e-16 -1.659100e-22 1.659101e-22
3.900000e-01 3.900000e-01 0.000000e+00 -6.068399e-13 6.064499e-13 3.900000e-16 -1.659100e-22 1.659100e-22
4.000000e-01 4.000000e-01 0.000000e+00 -6.088931e-13 6.084931e-13 4.000000e-16 -1.659100e-22 1.659100e-22
4.100000e-01 4.100000e-01 0.000000e+00 -6.109054e-13 6.104954e-13 4.100000e-16 -1.659100e-22 1.659100e-22
4.200000e-01 4.200000e-01 0.000000e+00 -6.128783e-13 6.124583e-13 4.200000e-16 -1.659000e-22 1.659000e-22
4.300000e-01 4.300000e-01 0.000000e+00 -6.148135e-13 6.143835e-13 4.300000e-16 -1.659000e-22 1.658999e-22
4.400000e-01 4.400000e-01 0.000000e+00 -6.167125e-13 6.162725e-13 4.400000e-16 -1.659000e-22 1.658999e-22
4.500000e-01 4.500000e-01 0.000000e+00 -6.185766e-13 6.181266e-13 4.500000e-16 -1.659000e-22 1.659000e-22
4.600000e-01 4.600000e-01 0.000000e+00 -6.204072e-13 6.199472e-13 4.600000e-16 -1.659000e-22 1.659001e-22
4.700000e-01 4.700000e-01 0.000000e+00 -6.222055e-13 6.217355e-13 4.700000e-16 -1.659000e-22 1.659000e-22
4.800000e-01 4.800000e-01 0.000000e+00 -6.239727e-13 6.234927e-13 4.800000e-16 -1.659000e-22 1.659000e-22
4.900000e-01 4.900000e-01 0.000000e+00 -6.257099e-13 6.252199e-13 4.900000e-16 -1.659000e-22 1.658999e-22
5.000000e-01 5.000000e-01 0.000000e+00 -6.274182e-13 6.269182e-13 5.000000e-16 -1.659000e-22 1.659000e-22
5.100000e-01 5.100000e-01 0.000000e+00 -6.290985e-13 6.285885e-13 5.100000e-16 -1.659000e-22 1.659000e-22
5.200000e-01 5.200000e-01 0.000000e+00 -6.307518e-13 6.302318e-13 5.200000e-16 -1.658900e-22 1.658900e-22
5.300000e-01 5.300000e-01 0.000000e+00 -6.323790e-13 6.318490e-13 5.300000e-16 -1.658900e-22 1.658900e-22
5.400000e-01 5.400000e-01 0.000000e+00 -6.339809e-13 6.334409e-13 5.400000e-16 -1.658900e-22 1.658900e-22
5.500000e-01 5.500000e-01 0.000000e+00 -6.355584e-13 6.350084e-13 5.500000e-16 -1.658900e-22 1.658899e-22
5.600000e-01 5.600000e-01 0.000000e+00 -6.371122e-13 6.365522e-13 5.600000e-16 -1.658900e-22 1.658901e-22
5.700000e-01 5.700000e-01 0.000000e+00 -6.386431e-13 6.380731e-13 5.700000e-16 -1.658900e-22 1.658901e-22
5.800000e-01 5.800000e-01 0.000000e+00 -6.401517e-13 6.395717e-13 5.800000e-16 -1.658900e-22 1.658900e-22
5.900000e-01 5.900000e-01 0.000000e+00 -6.416388e-13 6.410488e-13 5.900000e-16 -1.658900e-22 1.658899e-22
6.000000e-01 6.000000e-01 0.000000e+00 -6.431050e-13 6.425050e-13 6.000000e-16 -1.658900e-22 1.658901e-22
6.100000e-01 6.100000e-01 0.000000e+00 -6.445509e-13 6.439409e-13 6.100000e-16 -1.658900e-22 1.658899e-22
6.200000e-01 6.200000e-01 0.000000e+00 -6.459771e-13 6.453571e-13 6.200000e-16 -1.658900e-22 1.658900e-22
6.300000e-01 6.300000e-01 0.000000e+00 -6.473841e-13 6.467541e-13 6.300000e-16 -1.658900e-22 1.658900e-22
6.400000e-01 6.400000e-01 0.000000e+00 -6.487725e-13 6.481325e-13 6.400000e-16 -1.658900e-22 1.658900e-22
6.500000e-01 6.500000e-01 0.000000e+00 -6.501428e-13 6.494928e-13 6.500000e-16 -1.658900e-22 1.658900e-22
6.600000e-01 6.600000e-01 0.000000e+00 -6.514955e-13 6.508355e-13 6.600000e-16 -1.658900e-22 1.658899e-22
6.700000e-01 6.700000e-01 0.000000e+00 -6.528311e-13 6.521611e-13 6.700000e-16 -1.658900e-22 1.658900e-22
6.800000e-01 6.800000e-01 0.000000e+00 -6.541499e-13 6.534699e-13 6.800000e-16 -1.658900e-22 1.658900e-22
6.900000e-01 6.900000e-01 0.000000e+00 -6.554526e-13 6.547626e-13 6.900000e-16 -1.658900e-22 1.658899e-22
7.000000e-01 7.000000e-01 0.000000e+00 -6.567394e-13 6.560394e-13 7.000000e-16 -1.658900e-22 1.658901e-22
7.100000e-01 7.100000e-01 0.000000e+00 -6.580108e-13 6.573008e-13 7.100000e-16 -1.658900e-22 1.658901e-22
7.200000e-01 7.200000e-01 0.000000e+00 -6.592672e-13 6.585472e-13 7.200000e-16 -1.658900e-22 1.658900e-22
7.300000e-01 7.300000e-01 0.000000e+00 -6.605089e-13 6.597789e-13 7.300000e-16 -1.658900e-22 1.658899e-22
7.400000e-01 7.400000e-01 0.000000e+00 -6.617363e-13 6.609963e-13 7.400000e-16 -1.658900e-22 1.658900e-22
7.500000e-01 7.500000e-01 0.000000e+00 -6.629498e-13 6.621998e-13 7.500000e-16 -1.658900e-22 1.658900e-22
7.600000e-01 7.600000e-01 0.000000e+00 -6.641497e-13 6.633897e-13 7.600000e-16 -1.658900e-22 1.658901e-22
7.700000e-01 7.700000e-01 0.000000e+00 -6.653363e-13 6.645663e-13 7.700000e-16 -1.658900e-22 1.658900e-22
7.800000e-01 7.800000e-01 0.000000e+00 -6.665099e-13 6.657299e-13 7.800000e-16 -1.658900e-22 1.658900e-22
7.900000e-01 7.900000e-01 0.000000e+00 -6.676708e-13 6.668808e-13 7.900000e-16 -1.658900e-22 1.658900e-22
8.000000e-01 8.000000e-01 0.000000e+00 -6.688194e-13 6.680194e-13 8.000000e-16 -1.658900e-22 1.658900e-22
8.100000e-01 8.100000e-01 0.000000e+00 -6.699558e-13 6.691458e-13 8.100000e-16 -1.658900e-22 1.658900e-22
8.200000e-01 8.200000e-01 0.000000e+00 -6.710804e-13 6.702604e-13 8.200000e-16 -1.658900e-22 1.658901e-22
8.300000e-01 8.300000e-01 0.000000e+00 -6.721935e-13 6.713635e-13 8.300000e-16 -1.658900e-22 1.658899e-22
8.400000e-01 8.400000e-01 0.000000e+00 -6.732952e-13 6.724552e-13 8.400000e-16 -1.658900e-22 1.658900e-22
8.500000e-01 8.500000e-01 0.000000e+00 -6.743859e-13 6.735359e-13 8.500000e-16 -1.658900e-22 1.658900e-22
8.600000e-01 8.600000e-01 0.000000e+00 -6.754657e-13 6.746057e-13 8.600000e-16 -1.658900e-22 1.658900e-22
8.700000e-01 8.700000e-01 0.000000e+00 -6.765349e-13 6.756649e-13 8.700000e-16 -1.658900e-22 1.658900e-22
8.800000e-01 8.800000e-01 0.000000e+00 -6.775937e-13 6.767137e-13 8.800000e-16 -1.658900e-22 1.658900e-22
8.900000e-01 8.900000e-01 0.000000e+00 -6.786424e-13 6.777524e-13 8.900000e-16 -1.658900e-22 1.658900e-22
9.000000e-01 9.000000e-01 0.000000e+00 -6.796811e-13 6.787811e-13 9.000000e-16 -1.658900e-22 1.658900e-22
9.100000e-01 9.100000e-01 0.000000e+00 -6.807100e-13 6.798000e-13 9.100000e-16 -1.658900e-22 1.658901e-22
9.200000e-01 9.200000e-01 0.000000e+00 -6.817294e-13 6.808094e-13 9.200000e-16 -1.658900e-22 1.658901e-22
9.300000e-01 9.300000e-01 0.000000e+00 -6.827394e-13 6.818094e-13 9.300000e-16 -1.658900e-22 1.658901e-22
9.400000e-01 9.400000e-01 0.000000e+00 -6.837403e-13 6.828003e-13 9.400000e-16 -1.658900e-22 1.658901e-22
9.500000e-01 9.500000e-01 0.000000e+00 -6.847321e-13 6.837821e-13 9.500000e-16 -1.658900e-22 1.658899e-22
9.600000e-01 9.600000e-01 0.000000e+00 -6.857151e-13 6.847551e-13 9.600000e-16 -1.658900e-22 1.658900e-22
9.700000e-01 9.700000e-01 0.000000e+00 -6.866895e-13 6.857195e-13 9.700000e-16 -1.658900e-22 1.658899e-22
9.800000e-01 9.800000e-01 0.000000e+00 -6.876553e-13 6.866753e-13 9.800000e-16 -1.658900e-22 1.658900e-22
9.900000e-01 9.900000e-01 0.000000e+00 -6.886128e-13 6.876228e-13 9.900000e-16 -1.658900e-22 1.658900e-22
1.000000e+00 1.000000e+00 0.000000e+00 -6.895622e-13 6.885622e-13 1.000000e-15 -1.658900e-22 1.658900e-22
1.010000e+00 1.010000e+00 0.000000e+00 -6.905035e-13 6.894935e-13 1.010000e-15 -1.658900e-22 1.658899e-22
1.020000e+00 1.020000e+00 0.000000e+00 -6.914369e-13 6.904169e-13 1.020000e-15 -1.658900e-22 1.658899e-22
1.030000e+00 1.030000e+00 0.000000e+00 -6.923626e-13 6.913326e-13 1.030000e-15 -1.658900e-22 1.658900e-22
1.040000e+00 1.040000e+00 0.000000e+00 -6.932807e-13 6.922407e-13 1.040000e-15 -1.658900e-22 1.658901e-22
1.050000e+00 1.050000e+00 0.000000e+00 -6.941913e-13 6.931413e-13 1.050000e-15 -1.658900e-22 1.658900e-22
1.060000e+00 1.060000e+00 0.000000e+00 -6.950946e-13 6.940346e-13 1.060000e-15 -1.658900e-22 1.658900e-22
1.070000e+00 1.070000e+00 0.000000e+00 -6.959907e-13 6.949207e-13 1.070000e-15 -1.658900e-22 1.658900e-22
1.080000e+00 1.080000e+00 0.000000e+00 -6.968797e-13 6.957997e-13 1.080000e-15 -1.658900e-22 1.658899e-22
1.090000e+00 1.090000e+00 0.000000e+00 -6.977617e-13 6.966717e-13 1.090000e-15 -1.658900e-22 1.658900e-22
1.100000e+00 1.100000e+00 0.000000e+00 -6.986369e-13 6.975369e-13 1.100000e-15 -1.658900e-22 1.658901e-22
1.110000e+00 1.110000e+00 0.000000e+00 -6.995054e-13 6.983954e-13 1.110000e-15 -1.658900e-22 1.658901e-22
1.120000e+00 1.120000e+00 0.000000e+00 -7.003673e-13 6.992473e-13 1.120000e-15 -1.658900e-22 1.658900e-22
1.130000e+00 1.130000e+00 0.000000e+00 -7.012227e-13 7.000927e-13 1.130000e-15 -1.658900e-22 1.658900e-22
1.140000e+00 1.140000e+00 0.000000e+00 -7.020717e-13 7.009317e-13 1.140000e-15 -1.658800e-22 1.658800e-22
1.150000e+00 1.150000e+00 0.000000e+00 -7.029144e-13 7.017644e-13 1.150000e-15 -1.658800e-22 1.658801e-22
1.160000e+00 1.160000e+00 0.000000e+00 -7.037509e-13 7.025909e-13 1.160000e-15 -1.658800e-22 1.658800e-22
1.170000e+00 1.170000e+00 0.000000e+00 -7.045814e-13 7.034114e-13 1.170000e-15 -1.658800e-22 1.658801e-22
1.180000e+00 1.180000e+00 0.000000e+00 -7.054058e-13 7.042258e-13 1.180000e-15 -1.658800e-22 1.658799e-22
1.190000e+00 1.190000e+00 0.000000e+00 -7.062244e-13 7.050344e-13 1.190000e-15 -1.658800e-22 1.658799e-22
1.200000e+00 1.200000e+00 0.000000e+00 -7.070371e-13 7.058371e-13 1.200000e-15 -1.658800e-22 1.658800e-22
0.000000e+00 0.000000e+00 2.000000e-01 5.078400e-15 5.078400e-15 3.247900e-15 -1.340480e-14 1.000000e-19
1.000000e-02 1.000000e-02 2.000000e-01 -9.799192e-10 9.799262e-10 3.257900e-15 -1.027770e-14 1.980000e-17
2.000000e-02 2.000000e-02 2.000000e-01 -1.588700e-09 1.588700e-09 3.267900e-15 -8.613300e-15 5.345400e-15
3.000000e-02 3.000000e-02 2.000000e-01 -1.931600e-09 1.931600e-09 3.277900e-15 -7.789500e-15 4.511600e-15
4.000000e-02 4.000000e-02 2.000000e-01 -2.118900e-09 2.118900e-09 3.287900e-15 -7.398300e-15 4.110400e-15
5.000000e-02 5.000000e-02 2.000000e-01 -2.228500e-09 2.228500e-09 3.297900e-15 -7.208500e-15 3.910600e-15
6.000000e-02 6.000000e-02 2.000000e-01 -2.300600e-09 2.300600e-09 3.307900e-15 -7.110900e-15 3.803000e-15
7.000000e-02 7.000000e-02 2.000000e-01 -2.353500e-09 2.353500e-09 3.317900e-15 -7.057200e-15 3.739300e-15
8.000000e-02 8.000000e-02 2.000000e-01 -2.395700e-09 2.395700e-09 3.327900e-15 -7.025600e-15 3.697700e-15
9.000000e-02 9.000000e-02 2.000000e-01 -2.431400e-09 2.431400e-09 3.337900e-15 -7.006000e-15 3.668100e-15
1.000000e-01 1.000000e-01 2.000000e-01 -2.462800e-09 2.462800e-09 3.347900e-15 -6.993200e-15 3.645300e-15
1.100000e-01 1.100000e-01 2.000000e-01 -2.491100e-09 2.491100e-09 3.357900e-15 -6.984600e-15 3.626700e-15
1.200000e-01 1.200000e-01 2.000000e-01 -2.517100e-09 2.517100e-09 3.367900e-15 -6.978500e-15 3.610600e-15
1.300000e-01 1.300000e-01 2.000000e-01 -2.541300e-09 2.541300e-09 3.377900e-15 -6.974200e-15 3.596300e-15
1.400000e-01 1.400000e-01 2.000000e-01 -2.564000e-09 2.564000e-09 3.387900e-15 -6.970900e-15 3.583000e-15
1.500000e-01 1.500000e-01 2.000000e-01 -2.585400e-09 2.585400e-09 3.397900e-15 -6.968500e-15 3.570600e-15
1.600000e-01 1.600000e-01 2.000000e-01 -2.605700e-09 2.605700e-09 3.407900e-15 -6.966700e-15 3.558800e-15
1.700000e-01 1.700000e-01 2.000000e-01 -2.625100e-09 2.625100e-09 3.417900e-15 -6.965200e-15 3.547300e-15
1.800000e-01 1.800000e-01 2.000000e-01 -2.643600e-09 2.643600e-09 3.427900e-15 -6.964100e-15 3.536200e-15
1.900000e-01 1.900000e-01 2.000000e-01 -2.661300e-09 2.661300e-09 3.437900e-15 -6.963100e-15 3.525200e-15
2.000000e-01 2.000000e-01 2.000000e-01 -2.678400e-09 2.678400e-09 3.447900e-15 -6.962400e-15 3.514500e-15
2.100000e-01 2.100000e-01 2.000000e-01 -2.694800e-09 2.694800e-09 3.457900e-15 -6.961800e-15 3.503900e-15
2.200000e-01 2.200000e-01 2.000000e-01 -2.710700e-09 2.710700e-09 3.467900e-15 -6.961200e-15 3.493300e-15
2.300000e-01 2.300000e-01 2.000000e-01 -2.726000e-09 2.726000e-09 3.477900e-15 -6.960800e-15 3.482900e-15
2.400000e-01 2.400000e-01 2.000000e-01 -2.740800e-09 2.740800e-09 3.487900e-15 -6.960500e-15 3.472600e-15
2.500000e-01 2.500000e-01 2.000000e-01 -2.755100e-09 2.755100e-09 3.497900e-15 -6.960100e-15 3.462200e-15
2.600000e-01 2.600000e-01 2.000000e-01 -2.769000e-09 2.769000e-09 3.507900e-15 -6.959900e-15 3.452000e-15
2.700000e-01 2.700000e-01 2.000000e-01 -2.782500e-09 2.782500e-09 3.517900e-15 -6.959700e-15 3.441800e-15
2.800000e-01 2.800000e-01 2.000000e-01 -2.795600e-09 2.795600e-09 3.527900e-15 -6.959500e-15 3.431600e-15
2.900000e-01 2.900000e-01 2.000000e-01 -2.808400e-09 2.808400e-09 3.537900e-15 -6.959300e-15 3.421400e-15
3.000000e-01 3.000000e-01 2.000000e-01 -2.820800e-09 2.820800e-09 3.547900e-15 -6.959100e-15 3.411200e-15
3.100000e-01 3.100000e-01 2.000000e-01 -2.832900e-09 2.832900e-09 3.557900e-15 -6.959000e-15 3.401100e-15
3.200000e-01 3.200000e-01 2.000000e-01 -2.844700e-09 2.844700e-09 3.567900e-15 -6.958900e-15 3.391000e-15
3.300000e-01 3.300000e-01 2.000000e-01 -2.856200e-09 2.856200e-09 3.577900e-15 -6.958800e-15 3.380900e-15
3.400000e-01 3.400000e-01 2.000000e-01 -2.867400e-09 2.867400e-09 3.587900e-15 -6.958700e-15 3.370800e-15
3.500000e-01 3.500000e-01 2.000000e-01 -2.878400e-09 2.878400e-09 3.597900e-15 -6.958600e-15 3.360700e-15
3.600000e-01 3.600000e-01 2.000000e-01 -2.889100e-09 2.889100e-09 3.607900e-15 -6.958500e-15 3.350600e-15
3.700000e-01 3.700000e-01 2.000000e-01 -2.899600e-09 2.899600e-09 3.617900e-15 -6.958500e-15 3.340600e-15
3.800000e-01 3.800000e-01 2.000000e-01 -2.909900e-09 2.909900e-09 3.627900e-15 -6.958400e-15 3.330500e-15
3.900000e-01 3.900000e-01 2.000000e-01 -2.919900e-09 2.919900e-09 3.637900e-15 -6.958300e-15 3.320400e-15
4.000000e-01 4.000000e-01 2.000000e-01 -2.929800e-09 2.929800e-09 3.647900e-15 -6.958300e-15 3.310400e-15
4.100000e-01 4.100000e-01 2.000000e-01 -2.939400e-09 2.939400e-09 3.657900e-15 -6.958300e-15 3.300400e-15
4.200000e-01 4.200000e-01 2.000000e-01 -2.948900e-09 2.948900e-09 3.667900e-15 -6.958200e-15 3.290300e-15
4.300000e-01 4.300000e-01 2.000000e-01 -2.958200e-09 2.958200e-09 3.677900e-15 -6.958200e-15 3.280300e-15
4.400000e-01 4.400000e-01 2.000000e-01 -2.967300e-09 2.967300e-09 3.687900e-15 -6.958100e-15 3.270200e-15
4.500000e-01 4.500000e-01 2.000000e-01 -2.976200e-09 2.976200e-09 3.697900e-15 -6.958100e-15 3.260200e-15
4.600000e-01 4.600000e-01 2.000000e-01 -2.985000e-09 2.985000e-09 3.707900e-15 -6.958100e-15 3.250200e-15
4.700000e-01 4.700000e-01 2.000000e-01 -2.993600e-09 2.993600e-09 3.717900e-15 -6.958000e-15 3.240100e-15
4.800000e-01 4.800000e-01 2.000000e-01 -3.002000e-09 3.002000e-09 3.727900e-15 -6.958000e-15 3.230100e-15
4.900000e-01 4.900000e-01 2.000000e-01 -3.010400e-09 3.010400e-09 3.737900e-15 -6.958000e-15 3.220100e-15
5.000000e-01 5.000000e-01 2.000000e-01 -3.018500e-09 3.018500e-09 3.747900e-15 -6.958000e-15 3.210100e-15
5.100000e-01 5.100000e-01 2.000000e-01 -3.026600e-09 3.026600e-09 3.757900e-15 -6.957900e-15 3.200000e-15
5.200000e-01 5.200000e-01 2.000000e-01 -3.034500e-09 3.034500e-09 3.767900e-15 -6.957900e-15 3.190000e-15
5.300000e-01 5.300000e-01 2.000000e-01 -3.042300e-09 3.042300e-09 3.777900e-15 -6.957900e-15 3.180000e-15
5.400000e-01 5.400000e-01 2.000000e-01 -3.050000e-09 3.050000e-09 3.787900e-15 -6.957900e-15 3.170000e-15
5.500000e-01 5.500000e-01 2.000000e-01 -3.057500e-09 3.057500e-09 3.797900e-15 -6.957900e-15 3.160000e-15
5.600000e-01 5.600000e-01 2.000000e-01 -3.064900e-09 3.064900e-09 3.807900e-15 -6.957800e-15 3.149900e-15
5.700000e-01 5.700000e-01 2.000000e-01 -3.072300e-09 3.072300e-09 3.817900e-15 -6.957800e-15 3.139900e-15
5.800000e-01 5.800000e-01 2.000000e-01 -3.079500e-09 3.079500e-09 3.827900e-15 -6.957800e-15 3.129900e-15
5.900000e-01 5.900000e-01 2.000000e-01 -3.086600e-09 3.086600e-09 3.837900e-15 -6.957800e-15 3.119900e-15
6.000000e-01 6.000000e-01 2.000000e-01 -3.093600e-09 3.093600e-09 3.847900e-15 -6.957800e-15 3.109900e-15
6.100000e-01 6.100000e-01 2.000000e-01 -3.100500e-09 3.100500e-09 3.857900e-15 -6.957800e-15 3.099900e-15
6.200000e-01 6.200000e-01 2.000000e-01 -3.107300e-09 3.107400e-09 3.867900e-15 -6.957800e-15 9.691010e-14
6.300000e-01 6.300000e-01 2.000000e-01 -3.114100e-09 3.114100e-09 3.877900e-15 -6.957800e-15 3.079900e-15
6.400000e-01 6.400000e-01 2.000000e-01 -3.120700e-09 3.120700e-09 3.887900e-15 -6.957700e-15 3.069800e-15
6.500000e-01 6.500000e-01 2.000000e-01 -3.127300e-09 3.127300e-09 3.897900e-15 -6.957700e-15 3.059800e-15
6.600000e-01 6.600000e-01 2.000000e-01 -3.133700e-09 3.133700e-09 3.907900e-15 -6.957700e-15 3.049800e-15
6.700000e-01 6.700000e-01 2.000000e-01 -3.140100e-09 3.140100e-09 3.917900e-15 -6.957700e-15 3.039800e-15
6.800000e-01 6.800000e-01 2.000000e-01 -3.146400e-09 3.146400e-09 3.927900e-15 -6.957700e-15 3.029800e-15
6.900000e-01 6.900000e-01 2.000000e-01 -3.152600e-09 3.152600e-09 3.937900e-15 -6.957700e-15 3.019800e-15
7.000000e-01 7.000000e-01 2.000000e-01 -3.158800e-09 3.158800e-09 3.947900e-15 -6.957700e-15 3.009800e-15
7.100000e-01 7.100000e-01 2.000000e-01 -3.164900e-09 3.164900e-09 3.957900e-15 -6.957700e-15 2.999800e-15
7.200000e-01 7.200000e-01 2.000000e-01 -3.170900e-09 3.170900e-09 3.967900e-15 -6.957700e-15 2.989800e-15
7.300000e-01 7.300000e-01 2.000000e-01 -3.176800e-09 3.176800e-09 3.977900e-15 -6.957700e-15 2.979800e-15
7.400000e-01 7.400000e-01 2.000000e-01 -3.182700e-09 3.182700e-09 3.987900e-15 -6.957700e-15 2.969800e-15
7.500000e-01 7.500000e-01 2.000000e-01 -3.188500e-09 3.188500e-09 3.997900e-15 -6.957600e-15 2.959700e-15
7.600000e-01 7.600000e-01 2.000000e-01 -3.194200e-09 3.194200e-09 4.007900e-15 -6.957600e-15 2.949700e-15
7.700000e-01 7.700000e-01 2.000000e-01 -3.199800e-09 3.199900e-09 4.017900e-15 -6.957600e-15 9.706030e-14
7.800000e-01 7.800000e-01 2.000000e-01 -3.205500e-09 3.205500e-09 4.027900e-15 -6.957600e-15 2.929700e-15
7.900000e-01 7.900000e-01 2.000000e-01 -3.211000e-09 3.211000e-09 4.037900e-15 -6.957600e-15 2.919700e-15
8.000000e-01 8.000000e-01 2.000000e-01 -3.216500e-09 3.216500e-09 4.047900e-15 -6.957600e-15 2.909700e-15
8.100000e-01 8.100000e-01 2.000000e-01 -3.221900e-09 3.221900e-09 4.057900e-15 -6.957600e-15 2.899700e-15
8.200000e-01 8.200000e-01 2.000000e-01 -3.227300e-09 3.227300e-09 4.067900e-15 -6.957600e-15 2.889700e-15
8.300000e-01 8.300000e-01 2.000000e-01 -3.232600e-09 3.232600e-09 4.077900e-15 -6.957600e-15 2.879700e-15
8.400000e-01 8.400000e-01 2.000000e-01 -3.237800e-09 3.237800e-09 4.087900e-15 -6.957600e-15 2.869700e-15
8.500000e-01 8.500000e-01 2.000000e-01 -3.243000e-09 3.243000e-09 4.097900e-15 -6.957600e-15 2.859700e-15
8.600000e-01 8.600000e-01 2.000000e-01 -3.248200e-09 3.248200e-09 4.107900e-15 -6.957600e-15 2.849700e-15
8.700000e-01 8.700000e-01 2.000000e-01 -3.253300e-09 3.253300e-09 4.117900e-15 -6.957600e-15 2.839700e-15
8.800000e-01 8.800000e-01 2.000000e-01 -3.258300e-09 3.258300e-09 4.127900e-15 -6.957600e-15 2.829700e-15
8.900000e-01 8.900000e-01 2.000000e-01 -3.263300e-09 3.263300e-09 4.137900e-15 -6.957600e-15 2.819700e-15
9.000000e-01 9.000000e-01 2.000000e-01 -3.268300e-09 3.268300e-09 4.147900e-15 -6.957600e-15 2.809700e-15
9.100000e-01 9.100000e-01 2.000000e-01 -3.273200e-09 3.273200e-09 4.157900e-15 -6.957500e-15 2.799600e-15
9.200000e-01 9.200000e-01 2.000000e-01 -3.278100e-09 3.278100e-09 4.167900e-15 -6.957500e-15 2.789600e-15
9.300000e-01 9.300000e-01 2.000000e-01 -3.282900e-09 3.282900e-09 4.177900e-15 -6.957500e-15 2.779600e-15
9.400000e-01 9.400000e-01 2.000000e-01 -3.287600e-09 3.287600e-09 4.187900e-15 -6.957500e-15 2.769600e-15
9.500000e-01 9.500000e-01 2.000000e-01 -3.292400e-09 3.292400e-09 4.197900e-15 -6.957500e-15 2.759600e-15
9.600000e-01 9.600000e-01 2.000000e-01 -3.297000e-09 3.297100e-09 4.207900e-15 -6.957500e-15 9.725040e-14
9.700000e-01 9.700000e-01 2.000000e-01 -3.301700e-09 3.301700e-09 4.217900e-15 -6.957500e-15 2.739600e-15
9.800000e-01 9.800000e-01 2.000000e-01 -3.306300e-09 3.306300e-09 4.227900e-15 -6.957500e-15 2.729600e-15
9.900000e-01 9.900000e-01 2.000000e-01 -3.310900e-09 3.310900e-09 4.237900e-15 -6.957500e-15 2.719600e-15
1.000000e+00 1.000000e+00 2.000000e-01 -3.315400e-09 3.315400e-09 4.247900e-15 -6.957500e-15 2.709600e-15
1.010000e+00 1.010000e+00 2.000000e-01 -3.319900e-09 3.319900e-09 4.257900e-15 -6.957500e-15 2.699600e-15
1.020000e+00 1.020000e+00 2.000000e-01 -3.324300e-09 3.324300e-09 4.267900e-15 -6.957500e-15 2.689600e-15
1.030000e+00 1.030000e+00 2.000000e-01 -3.328700e-09 3.328700e-09 4.277900e-15 -6.957500e-15 2.679600e-15
1.040000e+00 1.040000e+00 2.000000e-01 -3.333100e-09 3.333100e-09 4.287900e-15 -6.957500e-15 2.669600e-15
1.050000e+00 1.050000e+00 2.000000e-01 -3.337400e-09 3.337400e-09 4.297900e-15 -6.957500e-15 2.659600e-15
1.060000e+00 1.060000e+00 2.000000e-01 -3.341700e-09 3.341700e-09 4.307900e-15 -6.957500e-15 2.649600e-15
1.070000e+00 1.070000e+00 2.000000e-01 -3.346000e-09 3.346000e-09 4.317900e-15 -6.957500e-15 2.639600e-15
1.080000e+00 1.080000e+00 2.000000e-01 -3.350200e-09 3.350200e-09 4.327900e-15 -6.957500e-15 2.629600e-15
1.090000e+00 1.090000e+00 2.000000e-01 -3.354400e-09 3.354400e-09 4.337900e-15 -6.957500e-15 2.619600e-15
1.100000e+00 1.100000e+00 2.000000e-01 -3.358600e-09 3.358600e-09 4.347900e-15 -6.957500e-15 2.609600e-15
1.110000e+00 1.110000e+00 2.000000e-01 -3.362700e-09 3.362700e-09 4.357900e-15 -6.957500e-15 2.599600e-15
1.120000e+00 1.120000e+00 2.000000e-01 -3.366800e-09 3.366800e-09 4.367900e-15 -6.957500e-15 2.589600e-15
1.130000e+00 1.130000e+00 2.000000e-01 -3.370900e-09 3.370900e-09 4.377900e-15 -6.957500e-15 2.579600e-15
1.140000e+00 1.140000e+00 2.000000e-01 -3.374900e-09 3.374900e-09 4.387900e-15 -6.957500e-15 2.569600e-15
1.150000e+00 1.150000e+00 2.000000e-01 -3.378900e-09 3.378900e-09 4.397900e-15 -6.957500e-15 2.559600e-15
1.160000e+00 1.160000e+00 2.000000e-01 -3.382900e-09 3.382900e-09 4.407900e-15 -6.957400e-15 2.549500e-15
1.170000e+00 1.170000e+00 2.000000e-01 -3.386900e-09 3.386900e-09 4.417900e-15 -6.957400e-15 2.539500e-15
1.180000e+00 1.180000e+00 2.000000e-01 -3.390800e-09 3.390800e-09 4.427900e-15 -6.957400e-15 2.529500e-15
1.190000e+00 1.190000e+00 2.000000e-01 -3.394700e-09 3.394700e-09 4.437900e-15 -6.957400e-15 2.519500e-15
1.200000e+00 1.200000e+00 2.000000e-01 -3.398500e-09 3.398500e-09 4.447900e-15 -6.957400e-15 2.509500e-15
0.000000e+00 0.000000e+00 4.000000e-01 7.531690e-11 7.531690e-11 3.826010e-16 -1.506341e-10 8.260100e-17
1.000000e-02 1.000000e-02 4.000000e-01 -1.246760e-07 1.248121e-07 3.926010e-16 -1.360756e-10 2.479260e-14
2.000000e-02 2.000000e-02 4.000000e-01 -2.370390e-07 2.371619e-07 4.026010e-16 -1.228642e-10 3.620260e-14
3.000000e-02 3.000000e-02 4.000000e-01 -3.360373e-07 3.361485e-07 4.126009e-16 -1.111295e-10 7.091260e-14
4.000000e-02 4.000000e-02 4.000000e-01 -4.207789e-07 4.208799e-07 4.226009e-16 -1.010237e-10 2.327740e-14
5.000000e-02 5.000000e-02 4.000000e-01 -4.911633e-07 4.912559e-07 4.326009e-16 -9.263240e-11 3.196740e-14
6.000000e-02 6.000000e-02 4.000000e-01 -5.481861e-07 5.482720e-07 4.426009e-16 -8.591570e-11 1.525740e-14
7.000000e-02 7.000000e-02 4.000000e-01 -5.937191e-07 5.937998e-07 4.526009e-16 -8.070600e-11 5.547399e-15
8.000000e-02 8.000000e-02 4.000000e-01 -6.299924e-07 6.300692e-07 4.626009e-16 -7.675530e-11 4.516260e-14
9.000000e-02 9.000000e-02 4.000000e-01 -6.591240e-07 6.591978e-07 4.726009e-16 -7.379710e-11 3.372601e-15
1.000000e-01 1.000000e-01 4.000000e-01 -6.828733e-07 6.829449e-07 4.826009e-16 -7.159050e-11 9.982601e-15
1.100000e-01 1.100000e-01 4.000000e-01 -7.025928e-07 7.026628e-07 4.926008e-16 -6.993980e-11 6.069260e-14
1.200000e-01 1.200000e-01 4.000000e-01 -7.192807e-07 7.193494e-07 5.026008e-16 -6.869540e-11 5.102601e-15
1.300000e-01 1.300000e-01 4.000000e-01 -7.336615e-07 7.337292e-07 5.126008e-16 -6.774770e-11 4.718740e-14
1.400000e-01 1.400000e-01 4.000000e-01 -7.462598e-07 7.463269e-07 5.226008e-16 -6.701720e-11 8.332260e-14
1.500000e-01 1.500000e-01 4.000000e-01 -7.574582e-07 7.575246e-07 5.326008e-16 -6.644710e-11 4.656740e-14
1.600000e-01 1.600000e-01 4.000000e-01 -7.675382e-07 7.676042e-07 5.426008e-16 -6.599660e-11 3.942601e-15
1.700000e-01 1.700000e-01 4.000000e-01 -7.767104e-07 7.767760e-07 5.526008e-16 -6.563620e-11 3.564740e-14
1.800000e-01 1.800000e-01 4.000000e-01 -7.851340e-07 7.851993e-07 5.626008e-16 -6.534440e-11 4.383740e-14
1.900000e-01 1.900000e-01 4.000000e-01 -7.929314e-07 7.929965e-07 5.726008e-16 -6.510550e-11 4.927399e-15
2.000000e-01 2.000000e-01 4.000000e-01 -8.001982e-07 8.002631e-07 5.826008e-16 -6.490770e-11 7.117399e-15
2.100000e-01 2.100000e-01 4.000000e-01 -8.070099e-07 8.070746e-07 5.926008e-16 -6.474240e-11 4.180740e-14
2.200000e-01 2.200000e-01 4.000000e-01 -8.134268e-07 8.134914e-07 6.026008e-16 -6.460290e-11 2.297399e-15
2.300000e-01 2.300000e-01 4.000000e-01 -8.194980e-07 8.195625e-07 6.126008e-16 -6.448410e-11 1.651260e-14
2.400000e-01 2.400000e-01 4.000000e-01 -8.252637e-07 8.253280e-07 6.226008e-16 -6.438210e-11 8.147740e-14
2.500000e-01 2.500000e-01 4.000000e-01 -8.307572e-07 8.308215e-07 6.326008e-16 -6.429370e-11 6.932601e-15
2.600000e-01 2.600000e-01 4.000000e-01 -8.360066e-07 8.360708e-07 6.426008e-16 -6.421660e-11 1.595740e-14
2.700000e-01 2.700000e-01 4.000000e-01 -8.410355e-07 8.410996e-07 6.526008e-16 -6.414890e-11 4.824740e-14
2.800000e-01 2.800000e-01 4.000000e-01 -8.458641e-07 8.459282e-07 6.626008e-16 -6.408900e-11 1.166260e-14
2.900000e-01 2.900000e-01 4.000000e-01 -8.505097e-07 8.505737e-07 6.726008e-16 -6.403570e-11 3.502740e-14
3.000000e-01 3.000000e-01 4.000000e-01 -8.549875e-07 8.550515e-07 6.826008e-16 -6.398800e-11 1.268260e-14
3.100000e-01 3.100000e-01 4.000000e-01 -8.593106e-07 8.593745e-07 6.926008e-16 -6.394500e-11 4.430740e-14
3.200000e-01 3.200000e-01 4.000000e-01 -8.634906e-07 8.635545e-07 7.026008e-16 -6.390610e-11 5.397399e-15
3.300000e-01 3.300000e-01 4.000000e-01 -8.675376e-07 8.676015e-07 7.126008e-16 -6.387060e-11 3.011260e-14
3.400000e-01 3.400000e-01 4.000000e-01 -8.714609e-07 8.715247e-07 7.226008e-16 -6.383830e-11 3.757740e-14
3.500000e-01 3.500000e-01 4.000000e-01 -8.752684e-07 8.753322e-07 7.326008e-16 -6.380850e-11 7.767399e-15
3.600000e-01 3.600000e-01 4.000000e-01 -8.789676e-07 8.790314e-07 7.426008e-16 -6.378110e-11 1.964260e-14
3.700000e-01 3.700000e-01 4.000000e-01 -8.825649e-07 8.826287e-07 7.526008e-16 -6.375570e-11 4.505260e-14
3.800000e-01 3.800000e-01 4.000000e-01 -8.860664e-07 8.861301e-07 7.626008e-16 -6.373210e-11 3.133740e-14
3.900000e-01 3.900000e-01 4.000000e-01 -8.894774e-07 8.895411e-07 7.726008e-16 -6.371010e-11 9.327399e-15
4.000000e-01 4.000000e-01 4.000000e-01 -8.928030e-07 8.928667e-07 7.826008e-16 -6.368950e-11 1.128260e-14
4.100000e-01 4.100000e-01 4.000000e-01 -8.960475e-07 8.961112e-07 7.926008e-16 -6.367020e-11 3.059260e-14
4.200000e-01 4.200000e-01 4.000000e-01 -8.992152e-07 8.992789e-07 8.026008e-16 -6.365200e-11 4.880260e-14
4.300000e-01 4.300000e-01 4.000000e-01 -9.023099e-07 9.023735e-07 8.126008e-16 -6.363480e-11 3.398740e-14
4.400000e-01 4.400000e-01 4.000000e-01 -9.053351e-07 9.053987e-07 8.226008e-16 -6.361850e-11 1.767740e-14
4.500000e-01 4.500000e-01 4.000000e-01 -9.082940e-07 9.083576e-07 8.326008e-16 -6.360310e-11 2.267399e-15
4.600000e-01 4.600000e-01 4.000000e-01 -9.111897e-07 9.112533e-07 8.426008e-16 -6.358840e-11 1.244260e-14
4.700000e-01 4.700000e-01 4.000000e-01 -9.140251e-07 9.140886e-07 8.526008e-16 -6.357440e-11 7.354740e-14
4.800000e-01 4.800000e-01 4.000000e-01 -9.168026e-07 9.168662e-07 8.626008e-16 -6.356100e-11 3.986260e-14
4.900000e-01 4.900000e-01 4.000000e-01 -9.195248e-07 9.195884e-07 8.726008e-16 -6.354820e-11 5.267260e-14
5.000000e-01 5.000000e-01 4.000000e-01 -9.221940e-07 9.222576e-07 8.826008e-16 -6.353590e-11 6.498260e-14
5.100000e-01 5.100000e-01 4.000000e-01 -9.248123e-07 9.248758e-07 8.926008e-16 -6.352410e-11 2.320740e-14
5.200000e-01 5.200000e-01 4.000000e-01 -9.273816e-07 9.274452e-07 9.026008e-16 -6.351280e-11 8.810260e-14
5.300000e-01 5.300000e-01 4.000000e-01 -9.299040e-07 9.299675e-07 9.126008e-16 -6.350190e-11 9.873992e-16
5.400000e-01 5.400000e-01 4.000000e-01 -9.323811e-07 9.324446e-07 9.226008e-16 -6.349130e-11 9.622601e-15
5.500000e-01 5.500000e-01 4.000000e-01 -9.348147e-07 9.348781e-07 9.326008e-16 -6.348110e-11 8.016740e-14
5.600000e-01 5.600000e-01 4.000000e-01 -9.372062e-07 9.372697e-07 9.426008e-16 -6.347130e-11 2.964260e-14
5.700000e-01 5.700000e-01 4.000000e-01 -9.395573e-07 9.396208e-07 9.526008e-16 -6.346170e-11 3.925260e-14
5.800000e-01 5.800000e-01 4.000000e-01 -9.418693e-07 9.419328e-07 9.626008e-16 -6.345250e-11 4.846260e-14
5.900000e-01 5.900000e-01 4.000000e-01 -9.441436e-07 9.442070e-07 9.726008e-16 -6.344350e-11 4.252740e-14
6.000000e-01 6.000000e-01 4.000000e-01 -9.463813e-07 9.464448e-07 9.826008e-16 -6.343480e-11 6.618260e-14
6.100000e-01 6.100000e-01 4.000000e-01 -9.485838e-07 9.486473e-07 9.926008e-16 -6.342630e-11 7.469260e-14
6.200000e-01 6.200000e-01 4.000000e-01 -9.507522e-07 9.508156e-07 1.002600e-15 -6.341800e-11 1.699740e-14
6.300000e-01 6.300000e-01 4.000000e-01 -9.528875e-07 9.529510e-07 1.012600e-15 -6.340990e-11 9.111260e-14
6.400000e-01 6.400000e-01 4.000000e-01 -9.549909e-07 9.550543e-07 1.022600e-15 -6.340210e-11 1.077400e-15
6.500000e-01 6.500000e-01 4.000000e-01 -9.570632e-07 9.571266e-07 1.032600e-15 -6.339440e-11 6.632600e-15
6.600000e-01 6.600000e-01 4.000000e-01 -9.591054e-07 9.591687e-07 1.042600e-15 -6.338690e-11 8.585740e-14
6.700000e-01 6.700000e-01 4.000000e-01 -9.611184e-07 9.611818e-07 1.052600e-15 -6.337960e-11 2.145260e-14
6.800000e-01 6.800000e-01 4.000000e-01 -9.631031e-07 9.631664e-07 1.062600e-15 -6.337240e-11 7.133740e-14
6.900000e-01 6.900000e-01 4.000000e-01 -9.650602e-07 9.651236e-07 1.072600e-15 -6.336540e-11 3.567260e-14
7.000000e-01 7.000000e-01 4.000000e-01 -9.669907e-07 9.670540e-07 1.082600e-15 -6.335860e-11 5.751740e-14
7.100000e-01 7.100000e-01 4.000000e-01 -9.688951e-07 9.689585e-07 1.092600e-15 -6.335190e-11 4.919260e-14
7.200000e-01 7.200000e-01 4.000000e-01 -9.707743e-07 9.708377e-07 1.102600e-15 -6.334530e-11 5.580260e-14
7.300000e-01 7.300000e-01 4.000000e-01 -9.726289e-07 9.726923e-07 1.112600e-15 -6.333880e-11 6.231260e-14
7.400000e-01 7.400000e-01 4.000000e-01 -9.744596e-07 9.745230e-07 1.122600e-15 -6.333250e-11 6.862260e-14
7.500000e-01 7.500000e-01 4.000000e-01 -9.762670e-07 9.763304e-07 1.132600e-15 -6.332630e-11 7.483260e-14
7.600000e-01 7.600000e-01 4.000000e-01 -9.780518e-07 9.781151e-07 1.142600e-15 -6.332010e-11 1.895740e-14
7.700000e-01 7.700000e-01 4.000000e-01 -9.798144e-07 9.798777e-07 1.152600e-15 -6.331410e-11 1.294740e-14
7.800000e-01 7.800000e-01 4.000000e-01 -9.815555e-07 9.816188e-07 1.162600e-15 -6.330820e-11 7.037400e-15
7.900000e-01 7.900000e-01 4.000000e-01 -9.832757e-07 9.833390e-07 1.172600e-15 -6.330240e-11 1.227400e-15
8.000000e-01 8.000000e-01 4.000000e-01 -9.849753e-07 9.850386e-07 1.182600e-15 -6.329670e-11 4.482600e-15
8.100000e-01 8.100000e-01 4.000000e-01 -9.866550e-07 9.867183e-07 1.192600e-15 -6.329110e-11 1.009260e-14
8.200000e-01 8.200000e-01 4.000000e-01 -9.883152e-07 9.883785e-07 1.202600e-15 -6.328560e-11 1.560260e-14
8.300000e-01 8.300000e-01 4.000000e-01 -9.899564e-07 9.900196e-07 1.212600e-15 -6.328010e-11 7.888740e-14
8.400000e-01 8.400000e-01 4.000000e-01 -9.915790e-07 9.916422e-07 1.222600e-15 -6.327480e-11 7.357740e-14
8.500000e-01 8.500000e-01 4.000000e-01 -9.931834e-07 9.932467e-07 1.232600e-15 -6.326950e-11 3.173260e-14
8.600000e-01 8.600000e-01 4.000000e-01 -9.947702e-07 9.948334e-07 1.242600e-15 -6.326430e-11 6.305740e-14
8.700000e-01 8.700000e-01 4.000000e-01 -9.963396e-07 9.964028e-07 1.252600e-15 -6.325910e-11 5.784740e-14
8.800000e-01 8.800000e-01 4.000000e-01 -9.978920e-07 9.979553e-07 1.262600e-15 -6.325410e-11 4.716260e-14
8.900000e-01 8.900000e-01 4.000000e-01 -9.994280e-07 9.994912e-07 1.272600e-15 -6.324910e-11 4.782740e-14
9.000000e-01 9.000000e-01 4.000000e-01 -1.000900e-06 1.001000e-06 1.282600e-15 -6.324410e-11 3.675718e-11
9.100000e-01 9.100000e-01 4.000000e-01 -1.002500e-06 1.002500e-06 1.292600e-15 -6.323930e-11 6.323801e-11
9.200000e-01 9.200000e-01 4.000000e-01 -1.003900e-06 1.004000e-06 1.302600e-15 -6.323450e-11 3.676680e-11
9.300000e-01 9.300000e-01 4.000000e-01 -1.005400e-06 1.005500e-06 1.312600e-15 -6.322970e-11 3.677161e-11
9.400000e-01 9.400000e-01 4.000000e-01 -1.006900e-06 1.006900e-06 1.322600e-15 -6.322510e-11 6.322378e-11
9.500000e-01 9.500000e-01 4.000000e-01 -1.008300e-06 1.008400e-06 1.332600e-15 -6.322040e-11 3.678093e-11
9.600000e-01 9.600000e-01 4.000000e-01 -1.009700e-06 1.009800e-06 1.342600e-15 -6.321590e-11 3.678544e-11
9.700000e-01 9.700000e-01 4.000000e-01 -1.011200e-06 1.011200e-06 1.352600e-15 -6.321140e-11 6.321005e-11
9.800000e-01 9.800000e-01 4.000000e-01 -1.012600e-06 1.012600e-06 1.362600e-15 -6.320690e-11 6.320554e-11
9.900000e-01 9.900000e-01 4.000000e-01 -1.014000e-06 1.014000e-06 1.372600e-15 -6.320250e-11 6.320113e-11
1.000000e+00 1.000000e+00 4.000000e-01 -1.015300e-06 1.015400e-06 1.382600e-15 -6.319810e-11 3.680328e-11
1.010000e+00 1.010000e+00 4.000000e-01 -1.016700e-06 1.016800e-06 1.392600e-15 -6.319380e-11 3.680759e-11
1.020000e+00 1.020000e+00 4.000000e-01 -1.018000e-06 1.018100e-06 1.402600e-15 -6.318960e-11 3.681180e-11
1.030000e+00 1.030000e+00 4.000000e-01 -1.019400e-06 1.019400e-06 1.412600e-15 -6.318530e-11 6.318389e-11
1.040000e+00 1.040000e+00 4.000000e-01 -1.020700e-06 1.020800e-06 1.422600e-15 -6.318120e-11 3.682022e-11
1.050000e+00 1.050000e+00 4.000000e-01 -1.022000e-06 1.022100e-06 1.432600e-15 -6.317700e-11 3.682443e-11
1.060000e+00 1.060000e+00 4.000000e-01 -1.023300e-06 1.023400e-06 1.442600e-15 -6.317300e-11 3.682844e-11
1.070000e+00 1.070000e+00 4.000000e-01 -1.024600e-06 1.024700e-06 1.452600e-15 -6.316890e-11 3.683255e-11
1.080000e+00 1.080000e+00 4.000000e-01 -1.025900e-06 1.025900e-06 1.462600e-15 -6.316490e-11 6.316344e-11
1.090000e+00 1.090000e+00 4.000000e-01 -1.027200e-06 1.027200e-06 1.472600e-15 -6.316100e-11 6.315953e-11
1.100000e+00 1.100000e+00 4.000000e-01 -1.028400e-06 1.028500e-06 1.482600e-15 -6.315700e-11 3.684448e-11
1.110000e+00 1.110000e+00 4.000000e-01 -1.029700e-06 1.029700e-06 1.492600e-15 -6.315310e-11 6.315161e-11
1.120000e+00 1.120000e+00 4.000000e-01 -1.030900e-06 1.031000e-06 1.502600e-15 -6.314930e-11 3.685220e-11
1.130000e+00 1.130000e+00 4.000000e-01 -1.032100e-06 1.032200e-06 1.512600e-15 -6.314550e-11 3.685601e-11
1.140000e+00 1.140000e+00 4.000000e-01 -1.033300e-06 1.033400e-06 1.522600e-15 -6.314170e-11 3.685982e-11
1.150000e+00 1.150000e+00 4.000000e-01 -1.034500e-06 1.034600e-06 1.532600e-15 -6.313800e-11 3.686353e-11
1.160000e+00 1.160000e+00 4.000000e-01 -1.035700e-06 1.035800e-06 1.542600e-15 -6.313430e-11 3.686724e-11
1.170000e+00 1.170000e+00 4.000000e-01 -1.036900e-06 1.037000e-06 1.552600e-15 -6.313060e-11 3.687095e-11
1.180000e+00 1.180000e+00 4.000000e-01 -1.038100e-06 1.038200e-06 1.562600e-15 -6.312700e-11 3.687456e-11
1.190000e+00 1.190000e+00 4.000000e-01 -1.039300e-06 1.039300e-06 1.572600e-15 -6.312340e-11 6.312183e-11
1.200000e+00 1.200000e+00 4.000000e-01 -1.040400e-06 1.040500e-06 1.582600e-15 -6.311980e-11 3.688178e-11
0.000000e+00 0.000000e+00 6.000000e-01 9.908745e-10 9.908745e-10 3.380440e-17 -1.981700e-09 4.903380e-14
1.000000e-02 1.000000e-02 6.000000e-01 -3.659502e-07 3.678484e-07 4.380360e-17 -1.898200e-09 4.380367e-17
2.000000e-02 2.000000e-02 6.000000e-01 -7.221025e-07 7.239198e-07 5.380300e-17 -1.817300e-09 5.380300e-17
3.000000e-02 3.000000e-02 6.000000e-01 -1.067000e-06 1.068700e-06 6.380250e-17 -1.739000e-09 3.899994e-11
4.000000e-02 4.000000e-02 6.000000e-01 -1.399900e-06 1.401600e-06 7.380210e-17 -1.663400e-09 3.660007e-11
5.000000e-02 5.000000e-02 6.000000e-01 -1.720200e-06 1.721800e-06 8.380180e-17 -1.590700e-09 9.300084e-12
6.000000e-02 6.000000e-02 6.000000e-01 -2.027000e-06 2.028600e-06 9.380150e-17 -1.521000e-09 7.900009e-11
7.000000e-02 7.000000e-02 6.000000e-01 -2.319600e-06 2.321000e-06 1.038012e-16 -1.454500e-09 5.449990e-11
8.000000e-02 8.000000e-02 6.000000e-01 -2.597100e-06 2.598500e-06 1.138010e-16 -1.391400e-09 8.600114e-12
9.000000e-02 9.000000e-02 6.000000e-01 -2.859000e-06 2.860400e-06 1.238008e-16 -1.331900e-09 6.810012e-11
1.000000e-01 1.000000e-01 6.000000e-01 -3.105100e-06 3.106400e-06 1.338006e-16 -1.276200e-09 2.380013e-11
1.100000e-01 1.100000e-01 6.000000e-01 -3.335100e-06 3.336300e-06 1.438005e-16 -1.224400e-09 2.439986e-11
1.200000e-01 1.200000e-01 6.000000e-01 -3.549200e-06 3.550400e-06 1.538003e-16 -1.176600e-09 2.340015e-11
1.300000e-01 1.300000e-01 6.000000e-01 -3.747900e-06 3.749000e-06 1.638002e-16 -1.132800e-09 3.279984e-11
1.400000e-01 1.400000e-01 6.000000e-01 -3.931700e-06 3.932800e-06 1.738001e-16 -1.092900e-09 7.100174e-12
1.500000e-01 1.500000e-01 6.000000e-01 -4.101400e-06 4.102500e-06 1.838000e-16 -1.056800e-09 4.320018e-11
1.600000e-01 1.600000e-01 6.000000e-01 -4.258100e-06 4.259100e-06 1.938000e-16 -1.024400e-09 2.439981e-11
1.700000e-01 1.700000e-01 6.000000e-01 -4.402600e-06 4.403600e-06 2.037999e-16 -9.953813e-10 4.618904e-12
1.800000e-01 1.800000e-01 6.000000e-01 -4.536000e-06 4.536900e-06 2.137998e-16 -9.695382e-10 6.953799e-11
1.900000e-01 1.900000e-01 6.000000e-01 -4.659100e-06 4.660000e-06 2.237998e-16 -9.465961e-10 4.659588e-11
2.000000e-01 2.000000e-01 6.000000e-01 -4.773000e-06 4.773900e-06 2.337997e-16 -9.262801e-10 2.627987e-11
2.100000e-01 2.100000e-01 6.000000e-01 -4.878400e-06 4.879300e-06 2.437997e-16 -9.083194e-10 8.319156e-12
2.200000e-01 2.200000e-01 6.000000e-01 -4.976200e-06 4.977100e-06 2.537996e-16 -8.924554e-10 7.544854e-12
2.300000e-01 2.300000e-01 6.000000e-01 -5.067100e-06 5.068000e-06 2.637996e-16 -8.784464e-10 2.155386e-11
2.400000e-01 2.400000e-01 6.000000e-01 -5.151700e-06 5.152500e-06 2.737996e-16 -8.660710e-10 6.607073e-11
2.500000e-01 2.500000e-01 6.000000e-01 -5.230600e-06 5.231400e-06 2.837995e-16 -8.551289e-10 5.512862e-11
2.600000e-01 2.600000e-01 6.000000e-01 -5.304400e-06 5.305200e-06 2.937995e-16 -8.454415e-10 4.544121e-11
2.700000e-01 2.700000e-01 6.000000e-01 -5.373400e-06 5.374300e-06 3.037995e-16 -8.368507e-10 6.314960e-11
2.800000e-01 2.800000e-01 6.000000e-01 -5.438300e-06 5.439100e-06 3.137995e-16 -8.292175e-10 2.921719e-11
2.900000e-01 2.900000e-01 6.000000e-01 -5.499300e-06 5.500100e-06 3.237995e-16 -8.224205e-10 2.242018e-11
3.000000e-01 3.000000e-01 6.000000e-01 -5.556800e-06 5.557600e-06 3.337994e-16 -8.163537e-10 1.635337e-11
3.100000e-01 3.100000e-01 6.000000e-01 -5.611000e-06 5.611900e-06 3.437994e-16 -8.109254e-10 8.907494e-11
3.200000e-01 3.200000e-01 6.000000e-01 -5.662400e-06 5.663200e-06 3.537994e-16 -8.060559e-10 6.055546e-12
3.300000e-01 3.300000e-01 6.000000e-01 -5.711100e-06 5.711900e-06 3.637994e-16 -8.016761e-10 1.675736e-12
3.400000e-01 3.400000e-01 6.000000e-01 -5.757400e-06 5.758200e-06 3.737994e-16 -7.977263e-10 2.274074e-12
3.500000e-01 3.500000e-01 6.000000e-01 -5.801400e-06 5.802200e-06 3.837994e-16 -7.941546e-10 5.845784e-12
3.600000e-01 3.600000e-01 6.000000e-01 -5.843400e-06 5.844200e-06 3.937994e-16 -7.909163e-10 9.084094e-12
3.700000e-01 3.700000e-01 6.000000e-01 -5.883500e-06 5.884200e-06 4.037994e-16 -7.879723e-10 8.797190e-11
3.800000e-01 3.800000e-01 6.000000e-01 -5.921800e-06 5.922600e-06 4.137994e-16 -7.852889e-10 1.471151e-11
3.900000e-01 3.900000e-01 6.000000e-01 -5.958500e-06 5.959300e-06 4.237994e-16 -7.828365e-10 1.716392e-11
4.000000e-01 4.000000e-01 6.000000e-01 -5.993800e-06 5.994500e-06 4.337994e-16 -7.805896e-10 8.058917e-11
4.100000e-01 4.100000e-01 6.000000e-01 -6.027600e-06 6.028400e-06 4.437994e-16 -7.785258e-10 2.147464e-11
4.200000e-01 4.200000e-01 6.000000e-01 -6.060200e-06 6.060900e-06 4.537994e-16 -7.766254e-10 7.662495e-11
4.300000e-01 4.300000e-01 6.000000e-01 -6.091500e-06 6.092300e-06 4.637993e-16 -7.748714e-10 2.512906e-11
4.400000e-01 4.400000e-01 6.000000e-01 -6.121800e-06 6.122600e-06 4.737993e-16 -7.732486e-10 2.675187e-11
4.500000e-01 4.500000e-01 6.000000e-01 -6.151000e-06 6.151800e-06 4.837993e-16 -7.717437e-10 2.825678e-11
4.600000e-01 4.600000e-01 6.000000e-01 -6.179200e-06 6.180000e-06 4.937993e-16 -7.703452e-10 2.965529e-11
4.700000e-01 4.700000e-01 6.000000e-01 -6.206600e-06 6.207300e-06 5.037993e-16 -7.690426e-10 6.904210e-11
4.800000e-01 4.800000e-01 6.000000e-01 -6.233000e-06 6.233800e-06 5.137993e-16 -7.678268e-10 3.217371e-11
4.900000e-01 4.900000e-01 6.000000e-01 -6.258700e-06 6.259500e-06 5.237993e-16 -7.666897e-10 3.331082e-11
5.000000e-01 5.000000e-01 6.000000e-01 -6.283600e-06 6.284400e-06 5.337993e-16 -7.656242e-10 3.437633e-11
5.100000e-01 5.100000e-01 6.000000e-01 -6.307800e-06 6.308600e-06 5.437993e-16 -7.646237e-10 3.537684e-11
5.200000e-01 5.200000e-01 6.000000e-01 -6.331300e-06 6.332100e-06 5.537993e-16 -7.636825e-10 3.631805e-11
5.300000e-01 5.300000e-01 6.000000e-01 -6.354200e-06 6.355000e-06 5.637993e-16 -7.627955e-10 3.720506e-11
5.400000e-01 5.400000e-01 6.000000e-01 -6.376500e-06 6.377300e-06 5.737993e-16 -7.619582e-10 3.804237e-11
5.500000e-01 5.500000e-01 6.000000e-01 -6.398200e-06 6.399000e-06 5.837993e-16 -7.611664e-10 3.883418e-11
5.600000e-01 5.600000e-01 6.000000e-01 -6.419400e-06 6.420100e-06 5.937993e-16 -7.604164e-10 6.041581e-11
5.700000e-01 5.700000e-01 6.000000e-01 -6.440000e-06 6.440800e-06 6.037993e-16 -7.597048e-10 4.029580e-11
5.800000e-01 5.800000e-01 6.000000e-01 -6.460100e-06 6.460900e-06 6.137993e-16 -7.590287e-10 4.097191e-11
5.900000e-01 5.900000e-01 6.000000e-01 -6.479800e-06 6.480600e-06 6.237993e-16 -7.583853e-10 4.161532e-11
6.000000e-01 6.000000e-01 6.000000e-01 -6.499100e-06 6.499800e-06 6.337993e-16 -7.577722e-10 5.777157e-11
6.100000e-01 6.100000e-01 6.000000e-01 -6.517900e-06 6.518600e-06 6.437993e-16 -7.571872e-10 5.718656e-11
6.200000e-01 6.200000e-01 6.000000e-01 -6.536300e-06 6.537000e-06 6.537993e-16 -7.566281e-10 5.662745e-11
6.300000e-01 6.300000e-01 6.000000e-01 -6.554300e-06 6.555000e-06 6.637993e-16 -7.560932e-10 5.609254e-11
6.400000e-01 6.400000e-01 6.000000e-01 -6.571900e-06 6.572700e-06 6.737993e-16 -7.555807e-10 4.441997e-11
6.500000e-01 6.500000e-01 6.000000e-01 -6.589200e-06 6.589900e-06 6.837993e-16 -7.550892e-10 5.508852e-11
6.600000e-01 6.600000e-01 6.000000e-01 -6.606100e-06 6.606900e-06 6.937993e-16 -7.546173e-10 4.538339e-11
6.700000e-01 6.700000e-01 6.000000e-01 -6.622700e-06 6.623500e-06 7.037993e-16 -7.541635e-10 4.583720e-11
6.800000e-01 6.800000e-01 6.000000e-01 -6.639000e-06 6.639800e-06 7.137993e-16 -7.537268e-10 4.627391e-11
6.900000e-01 6.900000e-01 6.000000e-01 -6.655000e-06 6.655800e-06 7.237993e-16 -7.533061e-10 4.669462e-11
7.000000e-01 7.000000e-01 6.000000e-01 -6.670700e-06 6.671500e-06 7.337993e-16 -7.529004e-10 4.710033e-11
7.100000e-01 7.100000e-01 6.000000e-01 -6.686100e-06 6.686900e-06 7.437993e-16 -7.525088e-10 4.749194e-11
7.200000e-01 7.200000e-01 6.000000e-01 -6.701300e-06 6.702000e-06 7.537993e-16 -7.521304e-10 5.212965e-11
7.300000e-01 7.300000e-01 6.000000e-01 -6.716100e-06 6.716900e-06 7.637993e-16 -7.517644e-10 4.823636e-11
7.400000e-01 7.400000e-01 6.000000e-01 -6.730800e-06 6.731500e-06 7.737993e-16 -7.514102e-10 5.140943e-11
7.500000e-01 7.500000e-01 6.000000e-01 -6.745100e-06 6.745900e-06 7.837993e-16 -7.510670e-10 4.893378e-11
7.600000e-01 7.600000e-01 6.000000e-01 -6.759300e-06 6.760000e-06 7.937993e-16 -7.507343e-10 5.073351e-11
7.700000e-01 7.700000e-01 6.000000e-01 -6.773200e-06 6.773900e-06 8.037993e-16 -7.504114e-10 5.041060e-11
7.800000e-01 7.800000e-01 6.000000e-01 -6.786900e-06 6.787600e-06 8.137993e-16 -7.500979e-10 5.009709e-11
7.900000e-01 7.900000e-01 6.000000e-01 -6.800400e-06 6.801100e-06 8.237993e-16 -7.497932e-10 4.979238e-11
8.000000e-01 8.000000e-01 6.000000e-01 -6.813600e-06 6.814400e-06 8.337993e-16 -7.494969e-10 5.050393e-11
8.100000e-01 8.100000e-01 6.000000e-01 -6.826700e-06 6.827500e-06 8.437993e-16 -7.492086e-10 5.079224e-11
8.200000e-01 8.200000e-01 6.000000e-01 -6.839600e-06 6.840400e-06 8.537993e-16 -7.489279e-10 5.107295e-11
8.300000e-01 8.300000e-01 6.000000e-01 -6.852300e-06 6.853000e-06 8.637993e-16 -7.486543e-10 4.865344e-11
8.400000e-01 8.400000e-01 6.000000e-01 -6.864800e-06 6.865600e-06 8.737993e-16 -7.483876e-10 5.161327e-11
8.500000e-01 8.500000e-01 6.000000e-01 -6.877100e-06 6.877900e-06 8.837993e-16 -7.481274e-10 5.187348e-11
8.600000e-01 8.600000e-01 6.000000e-01 -6.889300e-06 6.890000e-06 8.937993e-16 -7.478734e-10 4.787251e-11
8.700000e-01 8.700000e-01 6.000000e-01 -6.901300e-06 6.902000e-06 9.037993e-16 -7.476253e-10 4.762440e-11
8.800000e-01 8.800000e-01 6.000000e-01 -6.913100e-06 6.913900e-06 9.137993e-16 -7.473829e-10 5.261801e-11
8.900000e-01 8.900000e-01 6.000000e-01 -6.924800e-06 6.925500e-06 9.237993e-16 -7.471459e-10 4.714498e-11
9.000000e-01 9.000000e-01 6.000000e-01 -6.936300e-06 6.937100e-06 9.337993e-16 -7.469141e-10 5.308683e-11
9.100000e-01 9.100000e-01 6.000000e-01 -6.947700e-06 6.948400e-06 9.437993e-16 -7.466872e-10 4.668626e-11
9.200000e-01 9.200000e-01 6.000000e-01 -6.958900e-06 6.959700e-06 9.537993e-16 -7.464651e-10 5.353585e-11
9.300000e-01 9.300000e-01 6.000000e-01 -6.970000e-06 6.970700e-06 9.637993e-16 -7.462475e-10 4.624654e-11
9.400000e-01 9.400000e-01 6.000000e-01 -6.980900e-06 6.981700e-06 9.737993e-16 -7.460343e-10 5.396667e-11
9.500000e-01 9.500000e-01 6.000000e-01 -6.991700e-06 6.992500e-06 9.837993e-16 -7.458253e-10 5.417568e-11
9.600000e-01 9.600000e-01 6.000000e-01 -7.002400e-06 7.003200e-06 9.937993e-16 -7.456202e-10 5.438079e-11
9.700000e-01 9.700000e-01 6.000000e-01 -7.013000e-06 7.013700e-06 1.003800e-15 -7.454191e-10 4.541810e-11
9.800000e-01 9.800000e-01 6.000000e-01 -7.023400e-06 7.024100e-06 1.013800e-15 -7.452217e-10 4.522069e-11
9.900000e-01 9.900000e-01 6.000000e-01 -7.033700e-06 7.034400e-06 1.023800e-15 -7.450278e-10 4.502678e-11
1.000000e+00 1.000000e+00 6.000000e-01 -7.043900e-06 7.044600e-06 1.033800e-15 -7.448374e-10 4.483637e-11
1.010000e+00 1.010000e+00 6.000000e-01 -7.053900e-06 7.054700e-06 1.043800e-15 -7.446503e-10 5.535074e-11
1.020000e+00 1.020000e+00 6.000000e-01 -7.063900e-06 7.064600e-06 1.053800e-15 -7.444664e-10 4.446535e-11
1.030000e+00 1.030000e+00 6.000000e-01 -7.073700e-06 7.074500e-06 1.063800e-15 -7.442856e-10 5.571546e-11
1.040000e+00 1.040000e+00 6.000000e-01 -7.083500e-06 7.084200e-06 1.073800e-15 -7.441078e-10 4.410673e-11
1.050000e+00 1.050000e+00 6.000000e-01 -7.093100e-06 7.093800e-06 1.083800e-15 -7.439328e-10 4.393172e-11
1.060000e+00 1.060000e+00 6.000000e-01 -7.102600e-06 7.103400e-06 1.093800e-15 -7.437607e-10 5.624039e-11
1.070000e+00 1.070000e+00 6.000000e-01 -7.112000e-06 7.112800e-06 1.103800e-15 -7.435912e-10 5.640990e-11
1.080000e+00 1.080000e+00 6.000000e-01 -7.121400e-06 7.122100e-06 1.113800e-15 -7.434243e-10 4.342319e-11
1.090000e+00 1.090000e+00 6.000000e-01 -7.130600e-06 7.131300e-06 1.123800e-15 -7.432599e-10 4.325878e-11
1.100000e+00 1.100000e+00 6.000000e-01 -7.139700e-06 7.140500e-06 1.133800e-15 -7.430980e-10 5.690313e-11
1.110000e+00 1.110000e+00 6.000000e-01 -7.148800e-06 7.149500e-06 1.143800e-15 -7.429384e-10 4.293726e-11
1.120000e+00 1.120000e+00 6.000000e-01 -7.157700e-06 7.158500e-06 1.153800e-15 -7.427811e-10 5.722005e-11
1.130000e+00 1.130000e+00 6.000000e-01 -7.166600e-06 7.167300e-06 1.163800e-15 -7.426261e-10 4.262494e-11
1.140000e+00 1.140000e+00 6.000000e-01 -7.175300e-06 7.176100e-06 1.173800e-15 -7.424732e-10 5.752797e-11
1.150000e+00 1.150000e+00 6.000000e-01 -7.184000e-06 7.184800e-06 1.183800e-15 -7.423223e-10 5.767888e-11
1.160000e+00 1.160000e+00 6.000000e-01 -7.192600e-06 7.193400e-06 1.193800e-15 -7.421735e-10 5.782769e-11
1.170000e+00 1.170000e+00 6.000000e-01 -7.201100e-06 7.201900e-06 1.203800e-15 -7.420267e-10 5.797450e-11
1.180000e+00 1.180000e+00 6.000000e-01 -7.209600e-06 7.210300e-06 1.213800e-15 -7.418818e-10 4.188059e-11
1.190000e+00 1.190000e+00 6.000000e-01 -7.217900e-06 7.218700e-06 1.223800e-15 -7.417387e-10 5.826252e-11
1.200000e+00 1.200000e+00 6.000000e-01 -7.226200e-06 7.227000e-06 1.233800e-15 -7.415975e-10 5.840373e-11
0.000000e+00 0.000000e+00 8.000000e-01 3.787300e-09 3.787300e-09 5.834997e-16 -7.574500e-09 1.005835e-13
1.000000e-02 1.000000e-02 8.000000e-01 -5.253475e-07 5.327205e-07 4.367326e-16 -7.373100e-09 9.956327e-14
2.000000e-02 2.000000e-02 8.000000e-01 -1.048700e-06 1.055800e-06 3.324969e-16 -7.175400e-09 7.539967e-11
3.000000e-02 3.000000e-02 8.000000e-01 -1.565900e-06 1.572900e-06 2.592108e-16 -6.981400e-09 1.860026e-11
4.000000e-02 4.000000e-02 8.000000e-01 -2.076700e-06 2.083500e-06 2.084573e-16 -6.791300e-09 8.700208e-12
5.000000e-02 5.000000e-02 8.000000e-01 -2.580900e-06 2.587500e-06 1.741262e-16 -6.604900e-09 4.899826e-12
6.000000e-02 6.000000e-02 8.000000e-01 -3.077900e-06 3.084400e-06 1.517555e-16 -6.422400e-09 7.760015e-11
7.000000e-02 7.000000e-02 8.000000e-01 -3.567500e-06 3.573700e-06 1.381098e-16 -6.243900e-09 4.389986e-11
8.000000e-02 8.000000e-02 8.000000e-01 -4.049100e-06 4.055100e-06 1.308265e-16 -6.069300e-09 6.929987e-11
9.000000e-02 9.000000e-02 8.000000e-01 -4.522200e-06 4.528100e-06 1.281770e-16 -5.899000e-09 1.000128e-12
1.000000e-01 1.000000e-01 8.000000e-01 -4.986500e-06 4.992200e-06 1.289165e-16 -5.732800e-09 3.279987e-11
1.100000e-01 1.100000e-01 8.000000e-01 -5.441400e-06 5.447000e-06 1.321295e-16 -5.571100e-09 2.890013e-11
1.200000e-01 1.200000e-01 8.000000e-01 -5.886500e-06 5.891900e-06 1.371428e-16 -5.413900e-09 1.389986e-11
1.300000e-01 1.300000e-01 8.000000e-01 -6.321300e-06 6.326600e-06 1.434733e-16 -5.261300e-09 3.870014e-11
1.400000e-01 1.400000e-01 8.000000e-01 -6.745400e-06 6.750500e-06 1.507706e-16 -5.113600e-09 1.359985e-11
1.500000e-01 1.500000e-01 8.000000e-01 -7.158500e-06 7.163500e-06 1.587735e-16 -4.970800e-09 2.920016e-11
1.600000e-01 1.600000e-01 8.000000e-01 -7.560200e-06 7.565100e-06 1.672933e-16 -4.833100e-09 6.690017e-11
1.700000e-01 1.700000e-01 8.000000e-01 -7.950300e-06 7.955000e-06 1.761924e-16 -4.700500e-09 4.998238e-13
1.800000e-01 1.800000e-01 8.000000e-01 -8.328600e-06 8.333200e-06 1.853710e-16 -4.573300e-09 2.670019e-11
1.900000e-01 1.900000e-01 8.000000e-01 -8.695000e-06 8.699400e-06 1.947555e-16 -4.451400e-09 5.139981e-11
2.000000e-01 2.000000e-01 8.000000e-01 -9.049300e-06 9.053700e-06 2.042920e-16 -4.335000e-09 6.500020e-11
2.100000e-01 2.100000e-01 8.000000e-01 -9.391700e-06 9.395900e-06 2.139409e-16 -4.224100e-09 2.409979e-11
2.200000e-01 2.200000e-01 8.000000e-01 -9.722200e-06 9.726300e-06 2.236742e-16 -4.118600e-09 1.859978e-11
2.300000e-01 2.300000e-01 8.000000e-01 -1.004090e-05 1.004490e-05 2.334705e-16 -4.018600e-09 1.859977e-11
2.400000e-01 2.400000e-01 8.000000e-01 -1.034790e-05 1.035180e-05 2.433132e-16 -3.924000e-09 2.399976e-11
2.500000e-01 2.500000e-01 8.000000e-01 -1.064350e-05 1.064740e-05 2.531919e-16 -3.834700e-09 6.530025e-11
2.600000e-01 2.600000e-01 8.000000e-01 -1.092800e-05 1.093170e-05 2.630971e-16 -3.750600e-09 5.059974e-11
2.700000e-01 2.700000e-01 8.000000e-01 -1.120150e-05 1.120510e-05 2.730226e-16 -3.671600e-09 7.159973e-11
2.800000e-01 2.800000e-01 8.000000e-01 -1.146430e-05 1.146790e-05 2.829634e-16 -3.597500e-09 2.500283e-12
2.900000e-01 2.900000e-01 8.000000e-01 -1.171680e-05 1.172030e-05 2.929163e-16 -3.528100e-09 2.809971e-11
3.000000e-01 3.000000e-01 8.000000e-01 -1.195920e-05 1.196270e-05 3.028787e-16 -3.463200e-09 3.680030e-11
3.100000e-01 3.100000e-01 8.000000e-01 -1.219180e-05 1.219520e-05 3.128481e-16 -3.402600e-09 2.599687e-12
3.200000e-01 3.200000e-01 8.000000e-01 -1.241500e-05 1.241840e-05 3.228233e-16 -3.346100e-09 5.390032e-11
3.300000e-01 3.300000e-01 8.000000e-01 -1.262910e-05 1.263240e-05 3.328030e-16 -3.293500e-09 6.500333e-12
3.400000e-01 3.400000e-01 8.000000e-01 -1.283440e-05 1.283760e-05 3.427863e-16 -3.244500e-09 4.449966e-11
3.500000e-01 3.500000e-01 8.000000e-01 -1.303120e-05 1.303440e-05 3.527722e-16 -3.199000e-09 1.000353e-12
3.600000e-01 3.600000e-01 8.000000e-01 -1.321980e-05 1.322290e-05 3.627604e-16 -3.156600e-09 5.659964e-11
3.700000e-01 3.700000e-01 8.000000e-01 -1.340050e-05 1.340370e-05 3.727508e-16 -3.117300e-09 8.270037e-11
3.800000e-01 3.800000e-01 8.000000e-01 -1.357380e-05 1.357690e-05 3.827424e-16 -3.080800e-09 1.920038e-11
3.900000e-01 3.900000e-01 8.000000e-01 -1.373980e-05 1.374290e-05 3.927352e-16 -3.046900e-09 5.310039e-11
4.000000e-01 4.000000e-01 8.000000e-01 -1.389900e-05 1.390200e-05 4.027291e-16 -3.015400e-09 1.539960e-11
4.100000e-01 4.100000e-01 8.000000e-01 -1.405160e-05 1.405460e-05 4.127239e-16 -2.986100e-09 1.390041e-11
4.200000e-01 4.200000e-01 8.000000e-01 -1.419800e-05 1.420090e-05 4.227193e-16 -2.958900e-09 5.889958e-11
4.300000e-01 4.300000e-01 8.000000e-01 -1.433840e-05 1.434130e-05 4.327153e-16 -2.933600e-09 3.359957e-11
4.400000e-01 4.400000e-01 8.000000e-01 -1.447310e-05 1.447600e-05 4.427118e-16 -2.910100e-09 1.009956e-11
4.500000e-01 4.500000e-01 8.000000e-01 -1.460240e-05 1.460530e-05 4.527088e-16 -2.888200e-09 1.180045e-11
4.600000e-01 4.600000e-01 8.000000e-01 -1.472670e-05 1.472950e-05 4.627061e-16 -2.867800e-09 6.779954e-11
4.700000e-01 4.700000e-01 8.000000e-01 -1.484600e-05 1.484890e-05 4.727037e-16 -2.848800e-09 5.120047e-11
4.800000e-01 4.800000e-01 8.000000e-01 -1.496080e-05 1.496360e-05 4.827015e-16 -2.831000e-09 3.099952e-11
4.900000e-01 4.900000e-01 8.000000e-01 -1.507120e-05 1.507400e-05 4.926997e-16 -2.814500e-09 1.449951e-11
5.000000e-01 5.000000e-01 8.000000e-01 -1.517750e-05 1.518030e-05 5.026980e-16 -2.799000e-09 1.000503e-12
5.100000e-01 5.100000e-01 8.000000e-01 -1.527980e-05 1.528260e-05 5.126964e-16 -2.784600e-09 1.540051e-11
5.200000e-01 5.200000e-01 8.000000e-01 -1.537840e-05 1.538120e-05 5.226951e-16 -2.771000e-09 2.900052e-11
5.300000e-01 5.300000e-01 8.000000e-01 -1.547360e-05 1.547630e-05 5.326937e-16 -2.758400e-09 5.839947e-11
5.400000e-01 5.400000e-01 8.000000e-01 -1.556530e-05 1.556810e-05 5.426926e-16 -2.746500e-09 5.350054e-11
5.500000e-01 5.500000e-01 8.000000e-01 -1.565400e-05 1.565670e-05 5.526917e-16 -2.735300e-09 3.529945e-11
5.600000e-01 5.600000e-01 8.000000e-01 -1.573960e-05 1.574230e-05 5.626906e-16 -2.724800e-09 2.479944e-11
5.700000e-01 5.700000e-01 8.000000e-01 -1.582240e-05 1.582510e-05 5.726898e-16 -2.714900e-09 1.489943e-11
5.800000e-01 5.800000e-01 8.000000e-01 -1.590250e-05 1.590520e-05 5.826890e-16 -2.705600e-09 5.599417e-12
5.900000e-01 5.900000e-01 8.000000e-01 -1.598010e-05 1.598280e-05 5.926882e-16 -2.696900e-09 3.100593e-12
6.000000e-01 6.000000e-01 8.000000e-01 -1.605520e-05 1.605790e-05 6.026875e-16 -2.688600e-09 1.140060e-11
6.100000e-01 6.100000e-01 8.000000e-01 -1.612810e-05 1.613070e-05 6.126869e-16 -2.680800e-09 8.079939e-11
6.200000e-01 6.200000e-01 8.000000e-01 -1.619870e-05 1.620140e-05 6.226864e-16 -2.673400e-09 2.660062e-11
6.300000e-01 6.300000e-01 8.000000e-01 -1.626730e-05 1.627000e-05 6.326857e-16 -2.666400e-09 3.360063e-11
6.400000e-01 6.400000e-01 8.000000e-01 -1.633390e-05 1.633650e-05 6.426852e-16 -2.659800e-09 5.979936e-11
6.500000e-01 6.500000e-01 8.000000e-01 -1.639860e-05 1.640130e-05 6.526848e-16 -2.653500e-09 4.650065e-11
6.600000e-01 6.600000e-01 8.000000e-01 -1.646150e-05 1.646420e-05 6.626844e-16 -2.647500e-09 5.250066e-11
6.700000e-01 6.700000e-01 8.000000e-01 -1.652280e-05 1.652540e-05 6.726839e-16 -2.641800e-09 4.179933e-11
6.800000e-01 6.800000e-01 8.000000e-01 -1.658230e-05 1.658500e-05 6.826835e-16 -2.636400e-09 6.360068e-11
6.900000e-01 6.900000e-01 8.000000e-01 -1.664040e-05 1.664300e-05 6.926832e-16 -2.631300e-09 3.129931e-11
7.000000e-01 7.000000e-01 8.000000e-01 -1.669700e-05 1.669960e-05 7.026829e-16 -2.626400e-09 2.639930e-11
7.100000e-01 7.100000e-01 8.000000e-01 -1.675210e-05 1.675470e-05 7.126825e-16 -2.621700e-09 2.169929e-11
7.200000e-01 7.200000e-01 8.000000e-01 -1.680590e-05 1.680850e-05 7.226822e-16 -2.617200e-09 1.719928e-11
7.300000e-01 7.300000e-01 8.000000e-01 -1.685840e-05 1.686100e-05 7.326820e-16 -2.613000e-09 1.299927e-11
7.400000e-01 7.400000e-01 8.000000e-01 -1.690970e-05 1.691230e-05 7.426816e-16 -2.608900e-09 8.899257e-12
7.500000e-01 7.500000e-01 8.000000e-01 -1.695980e-05 1.696240e-05 7.526814e-16 -2.605000e-09 4.999247e-12
7.600000e-01 7.600000e-01 8.000000e-01 -1.700870e-05 1.701130e-05 7.626811e-16 -2.601200e-09 1.199237e-12
7.700000e-01 7.700000e-01 8.000000e-01 -1.705660e-05 1.705920e-05 7.726809e-16 -2.597600e-09 2.400773e-12
7.800000e-01 7.800000e-01 8.000000e-01 -1.710340e-05 1.710600e-05 7.826807e-16 -2.594200e-09 5.800783e-12
7.900000e-01 7.900000e-01 8.000000e-01 -1.714920e-05 1.715180e-05 7.926804e-16 -2.590900e-09 9.100793e-12
8.000000e-01 8.000000e-01 8.000000e-01 -1.719400e-05 1.719660e-05 8.026802e-16 -2.587700e-09 1.230080e-11
8.100000e-01 8.100000e-01 8.000000e-01 -1.723800e-05 1.724060e-05 8.126801e-16 -2.584600e-09 1.540081e-11
8.200000e-01 8.200000e-01 8.000000e-01 -1.728100e-05 1.728360e-05 8.226799e-16 -2.581700e-09 1.830082e-11
8.300000e-01 8.300000e-01 8.000000e-01 -1.732320e-05 1.732580e-05 8.326797e-16 -2.578800e-09 2.120083e-11
8.400000e-01 8.400000e-01 8.000000e-01 -1.736450e-05 1.736710e-05 8.426795e-16 -2.576100e-09 2.390084e-11
8.500000e-01 8.500000e-01 8.000000e-01 -1.740510e-05 1.740770e-05 8.526794e-16 -2.573400e-09 2.660085e-11
8.600000e-01 8.600000e-01 8.000000e-01 -1.744490e-05 1.744750e-05 8.626793e-16 -2.570900e-09 2.910086e-11
8.700000e-01 8.700000e-01 8.000000e-01 -1.748400e-05 1.748650e-05 8.726791e-16 -2.568400e-09 6.839913e-11
8.800000e-01 8.800000e-01 8.000000e-01 -1.752230e-05 1.752490e-05 8.826790e-16 -2.566000e-09 3.400088e-11
8.900000e-01 8.900000e-01 8.000000e-01 -1.756000e-05 1.756260e-05 8.926788e-16 -2.563700e-09 3.630089e-11
9.000000e-01 9.000000e-01 8.000000e-01 -1.759700e-05 1.759960e-05 9.026786e-16 -2.561400e-09 3.860090e-11
9.100000e-01 9.100000e-01 8.000000e-01 -1.763330e-05 1.763590e-05 9.126786e-16 -2.559300e-09 4.070091e-11
9.200000e-01 9.200000e-01 8.000000e-01 -1.766910e-05 1.767160e-05 9.226784e-16 -2.557200e-09 5.719908e-11
9.300000e-01 9.300000e-01 8.000000e-01 -1.770420e-05 1.770680e-05 9.326784e-16 -2.555100e-09 4.490093e-11
9.400000e-01 9.400000e-01 8.000000e-01 -1.773880e-05 1.774130e-05 9.426782e-16 -2.553100e-09 5.309906e-11
9.500000e-01 9.500000e-01 8.000000e-01 -1.777280e-05 1.777530e-05 9.526781e-16 -2.551200e-09 5.119905e-11
9.600000e-01 9.600000e-01 8.000000e-01 -1.780630e-05 1.780880e-05 9.626780e-16 -2.549400e-09 4.939904e-11
9.700000e-01 9.700000e-01 8.000000e-01 -1.783920e-05 1.784170e-05 9.726779e-16 -2.547500e-09 4.749903e-11
9.800000e-01 9.800000e-01 8.000000e-01 -1.787160e-05 1.787420e-05 9.826778e-16 -2.545800e-09 5.420098e-11
9.900000e-01 9.900000e-01 8.000000e-01 -1.790350e-05 1.790610e-05 9.926777e-16 -2.544000e-09 5.600099e-11
1.000000e+00 1.000000e+00 8.000000e-01 -1.793500e-05 1.793750e-05 1.002700e-15 -2.542400e-09 4.239900e-11
1.010000e+00 1.010000e+00 8.000000e-01 -1.796600e-05 1.796850e-05 1.012700e-15 -2.540700e-09 4.069899e-11
1.020000e+00 1.020000e+00 8.000000e-01 -1.799650e-05 1.799900e-05 1.022700e-15 -2.539100e-09 3.909898e-11
1.030000e+00 1.030000e+00 8.000000e-01 -1.802660e-05 1.802910e-05 1.032700e-15 -2.537600e-09 3.759897e-11
1.040000e+00 1.040000e+00 8.000000e-01 -1.805620e-05 1.805880e-05 1.042700e-15 -2.536100e-09 6.390104e-11
1.050000e+00 1.050000e+00 8.000000e-01 -1.808550e-05 1.808800e-05 1.052700e-15 -2.534600e-09 3.459895e-11
1.060000e+00 1.060000e+00 8.000000e-01 -1.811430e-05 1.811690e-05 1.062700e-15 -2.533100e-09 6.690106e-11
1.070000e+00 1.070000e+00 8.000000e-01 -1.814280e-05 1.814530e-05 1.072700e-15 -2.531700e-09 3.169893e-11
1.080000e+00 1.080000e+00 8.000000e-01 -1.817080e-05 1.817340e-05 1.082700e-15 -2.530400e-09 6.960108e-11
1.090000e+00 1.090000e+00 8.000000e-01 -1.819850e-05 1.820110e-05 1.092700e-15 -2.529000e-09 7.100109e-11
1.100000e+00 1.100000e+00 8.000000e-01 -1.822590e-05 1.822840e-05 1.102700e-15 -2.527700e-09 2.769890e-11
1.110000e+00 1.110000e+00 8.000000e-01 -1.825280e-05 1.825540e-05 1.112700e-15 -2.526400e-09 7.360111e-11
1.120000e+00 1.120000e+00 8.000000e-01 -1.827950e-05 1.828200e-05 1.122700e-15 -2.525100e-09 2.509888e-11
1.130000e+00 1.130000e+00 8.000000e-01 -1.830580e-05 1.830830e-05 1.132700e-15 -2.523900e-09 2.389887e-11
1.140000e+00 1.140000e+00 8.000000e-01 -1.833180e-05 1.833430e-05 1.142700e-15 -2.522700e-09 2.269886e-11
1.150000e+00 1.150000e+00 8.000000e-01 -1.835740e-05 1.835990e-05 1.152700e-15 -2.521500e-09 2.149885e-11
1.160000e+00 1.160000e+00 8.000000e-01 -1.838280e-05 1.838530e-05 1.162700e-15 -2.520300e-09 2.029884e-11
1.170000e+00 1.170000e+00 8.000000e-01 -1.840780e-05 1.841030e-05 1.172700e-15 -2.519200e-09 1.919883e-11
1.180000e+00 1.180000e+00 8.000000e-01 -1.843260e-05 1.843510e-05 1.182700e-15 -2.518100e-09 1.809882e-11
1.190000e+00 1.190000e+00 8.000000e-01 -1.845700e-05 1.845950e-05 1.192700e-15 -2.517000e-09 1.699881e-11
1.200000e+00 1.200000e+00 8.000000e-01 -1.848120e-05 1.848370e-05 1.202700e-15 -2.515900e-09 1.589880e-11
0.000000e+00 0.000000e+00 1.000000e+00 9.514900e-09 9.514900e-09 2.803694e-10 -1.931010e-08 6.940000e-14
1.000000e-02 1.000000e-02 1.000000e+00 -5.981294e-07 6.167810e-07 2.022046e-10 -1.885390e-08 9.540000e-14
2.000000e-02 2.000000e-02 1.000000e+00 -1.203300e-06 1.221600e-06 1.458814e-10 -1.842490e-08 2.098140e-11
3.000000e-02 3.000000e-02 1.000000e+00 -1.805900e-06 1.823900e-06 1.052855e-10 -1.801700e-08 8.828550e-11
4.000000e-02 4.000000e-02 1.000000e+00 -2.405800e-06 2.423400e-06 7.601720e-11 -1.762590e-08 5.011720e-11
5.000000e-02 5.000000e-02 1.000000e+00 -3.002900e-06 3.020100e-06 5.490990e-11 -1.724820e-08 6.709900e-12
6.000000e-02 6.000000e-02 1.000000e+00 -3.596800e-06 3.613600e-06 3.968350e-11 -1.688180e-08 4.211650e-11
7.000000e-02 7.000000e-02 1.000000e+00 -4.187500e-06 4.204000e-06 2.869610e-11 -1.652510e-08 3.596100e-12
8.000000e-02 8.000000e-02 1.000000e+00 -4.774700e-06 4.790800e-06 2.076470e-11 -1.617680e-08 5.603530e-11
9.000000e-02 9.000000e-02 1.000000e+00 -5.358200e-06 5.374000e-06 1.503700e-11 -1.583610e-08 2.106300e-11
1.000000e-01 1.000000e-01 1.000000e+00 -5.937700e-06 5.953200e-06 1.089880e-11 -1.550250e-08 8.398800e-12
1.100000e-01 1.100000e-01 1.000000e+00 -6.513000e-06 6.528200e-06 7.907400e-12 -1.517560e-08 3.230740e-11
1.200000e-01 1.200000e-01 1.000000e+00 -7.083900e-06 7.098800e-06 5.743600e-12 -1.485510e-08 5.064360e-11
1.300000e-01 1.300000e-01 1.000000e+00 -7.650100e-06 7.664600e-06 4.177400e-12 -1.454090e-08 3.672260e-11
1.400000e-01 1.400000e-01 1.000000e+00 -8.211200e-06 8.225500e-06 3.042700e-12 -1.423280e-08 7.024270e-11
1.500000e-01 1.500000e-01 1.000000e+00 -8.767100e-06 8.781100e-06 2.220000e-12 -1.393080e-08 7.142000e-11
1.600000e-01 1.600000e-01 1.000000e+00 -9.317500e-06 9.331100e-06 1.622700e-12 -1.363500e-08 3.337730e-11
1.700000e-01 1.700000e-01 1.000000e+00 -9.862100e-06 9.875400e-06 1.188600e-12 -1.334530e-08 4.411140e-11
1.800000e-01 1.800000e-01 1.000000e+00 -1.040050e-05 1.041360e-05 8.726000e-13 -1.306180e-08 3.907260e-11
1.900000e-01 1.900000e-01 1.000000e+00 -1.093270e-05 1.094550e-05 6.422654e-13 -1.278460e-08 1.604227e-11
2.000000e-01 2.000000e-01 1.000000e+00 -1.145830e-05 1.147080e-05 4.740586e-13 -1.251370e-08 1.322594e-11
2.100000e-01 2.100000e-01 1.000000e+00 -1.197710e-05 1.198940e-05 3.509821e-13 -1.224910e-08 5.125098e-11
2.200000e-01 2.200000e-01 1.000000e+00 -1.248890e-05 1.250090e-05 2.607332e-13 -1.199110e-08 9.160733e-12
2.300000e-01 2.300000e-01 1.000000e+00 -1.299350e-05 1.300530e-05 1.943990e-13 -1.173960e-08 6.059440e-11
2.400000e-01 2.400000e-01 1.000000e+00 -1.349070e-05 1.350220e-05 1.455154e-13 -1.149470e-08 5.445515e-12
2.500000e-01 2.500000e-01 1.000000e+00 -1.398030e-05 1.399160e-05 1.093910e-13 -1.125650e-08 4.360939e-11
2.600000e-01 2.600000e-01 1.000000e+00 -1.446220e-05 1.447330e-05 8.261380e-14 -1.102500e-08 7.508261e-11
2.700000e-01 2.700000e-01 1.000000e+00 -1.493630e-05 1.494710e-05 6.270030e-14 -1.080030e-08 2.372997e-13
2.800000e-01 2.800000e-01 1.000000e+00 -1.540240e-05 1.541300e-05 4.783980e-14 -1.058250e-08 1.754784e-11
2.900000e-01 2.900000e-01 1.000000e+00 -1.586040e-05 1.587080e-05 3.670890e-14 -1.037150e-08 2.853671e-11
3.000000e-01 3.000000e-01 1.000000e+00 -1.631030e-05 1.632050e-05 2.833860e-14 -1.016740e-08 3.262834e-11
3.100000e-01 3.100000e-01 1.000000e+00 -1.675190e-05 1.676190e-05 2.201860e-14 -9.970200e-09 2.982202e-11
3.200000e-01 3.200000e-01 1.000000e+00 -1.718530e-05 1.719510e-05 1.722610e-14 -9.779700e-09 2.031723e-11
3.300000e-01 3.300000e-01 1.000000e+00 -1.761040e-05 1.762000e-05 1.357570e-14 -9.596200e-09 3.813576e-12
3.400000e-01 3.400000e-01 1.000000e+00 -1.802700e-05 1.803640e-05 1.078240e-14 -9.419300e-09 1.928922e-11
3.500000e-01 3.500000e-01 1.000000e+00 -1.843530e-05 1.844450e-05 8.634800e-15 -9.249200e-09 4.919137e-11
3.600000e-01 3.600000e-01 1.000000e+00 -1.883510e-05 1.884420e-05 6.975700e-15 -9.085700e-09 1.430698e-11
3.700000e-01 3.700000e-01 1.000000e+00 -1.922640e-05 1.923540e-05 5.687700e-15 -8.928700e-09 7.130569e-11
3.800000e-01 3.800000e-01 1.000000e+00 -1.960930e-05 1.961810e-05 4.683000e-15 -8.778100e-09 2.190468e-11
3.900000e-01 3.900000e-01 1.000000e+00 -1.998370e-05 1.999230e-05 3.895300e-15 -8.633700e-09 3.369610e-11
4.000000e-01 4.000000e-01 1.000000e+00 -2.034960e-05 2.035810e-05 3.274800e-15 -8.495600e-09 4.403275e-12
4.100000e-01 4.100000e-01 1.000000e+00 -2.070700e-05 2.071530e-05 2.783600e-15 -8.363400e-09 6.339722e-11
4.200000e-01 4.200000e-01 1.000000e+00 -2.105590e-05 2.106410e-05 2.393100e-15 -8.237100e-09 3.709761e-11
4.300000e-01 4.300000e-01 1.000000e+00 -2.139630e-05 2.140440e-05 2.081100e-15 -8.116500e-09 1.649792e-11
4.400000e-01 4.400000e-01 1.000000e+00 -2.172830e-05 2.173630e-05 1.830800e-15 -8.001400e-09 1.398169e-12
4.500000e-01 4.500000e-01 1.000000e+00 -2.205190e-05 2.205980e-05 1.629300e-15 -7.891600e-09 8.401629e-12
4.600000e-01 4.600000e-01 1.000000e+00 -2.236720e-05 2.237500e-05 1.466300e-15 -7.787000e-09 1.300147e-11
4.700000e-01 4.700000e-01 1.000000e+00 -2.267420e-05 2.268190e-05 1.334200e-15 -7.687400e-09 1.260133e-11
4.800000e-01 4.800000e-01 1.000000e+00 -2.297300e-05 2.298060e-05 1.226800e-15 -7.592500e-09 7.501227e-12
4.900000e-01 4.900000e-01 1.000000e+00 -2.326370e-05 2.327120e-05 1.139200e-15 -7.502300e-09 2.298861e-12
5.000000e-01 5.000000e-01 1.000000e+00 -2.354630e-05 2.355380e-05 1.067700e-15 -7.416400e-09 8.360107e-11
5.100000e-01 5.100000e-01 1.000000e+00 -2.382110e-05 2.382840e-05 1.009300e-15 -7.334800e-09 3.479899e-11
5.200000e-01 5.200000e-01 1.000000e+00 -2.408810e-05 2.409540e-05 9.615243e-16 -7.257300e-09 4.270096e-11
5.300000e-01 5.300000e-01 1.000000e+00 -2.434750e-05 2.435460e-05 9.225801e-16 -7.183500e-09 8.349908e-11
5.400000e-01 5.400000e-01 1.000000e+00 -2.459930e-05 2.460640e-05 8.908609e-16 -7.113500e-09 1.349911e-11
5.500000e-01 5.500000e-01 1.000000e+00 -2.484390e-05 2.485090e-05 8.651597e-16 -7.047000e-09 4.699913e-11
5.600000e-01 5.600000e-01 1.000000e+00 -2.508130e-05 2.508820e-05 8.444541e-16 -6.983800e-09 8.379916e-11
5.700000e-01 5.700000e-01 1.000000e+00 -2.531160e-05 2.531860e-05 8.279287e-16 -6.923700e-09 7.630083e-11
5.800000e-01 5.800000e-01 1.000000e+00 -2.553520e-05 2.554210e-05 8.149230e-16 -6.866700e-09 3.330081e-11
5.900000e-01 5.900000e-01 1.000000e+00 -2.575210e-05 2.575890e-05 8.048780e-16 -6.812600e-09 1.259920e-11
6.000000e-01 6.000000e-01 1.000000e+00 -2.596260e-05 2.596940e-05 7.973432e-16 -6.761100e-09 3.890080e-11
6.100000e-01 6.100000e-01 1.000000e+00 -2.616680e-05 2.617350e-05 7.919570e-16 -6.712300e-09 1.229921e-11
6.200000e-01 6.200000e-01 1.000000e+00 -2.636500e-05 2.637160e-05 7.883768e-16 -6.665800e-09 6.579921e-11
6.300000e-01 6.300000e-01 1.000000e+00 -2.655720e-05 2.656390e-05 7.863821e-16 -6.621700e-09 7.830079e-11
6.400000e-01 6.400000e-01 1.000000e+00 -2.674380e-05 2.675040e-05 7.857211e-16 -6.579700e-09 2.030079e-11
6.500000e-01 6.500000e-01 1.000000e+00 -2.692490e-05 2.693140e-05 7.862250e-16 -6.539800e-09 3.979921e-11
6.600000e-01 6.600000e-01 1.000000e+00 -2.710070e-05 2.710720e-05 7.877471e-16 -6.501900e-09 1.899212e-12
6.700000e-01 6.700000e-01 1.000000e+00 -2.727130e-05 2.727770e-05 7.901407e-16 -6.465800e-09 6.579921e-11
6.800000e-01 6.800000e-01 1.000000e+00 -2.743700e-05 2.744340e-05 7.932951e-16 -6.431400e-09 3.139921e-11
6.900000e-01 6.900000e-01 1.000000e+00 -2.759790e-05 2.760430e-05 7.971305e-16 -6.398700e-09 1.300797e-12
7.000000e-01 7.000000e-01 1.000000e+00 -2.775420e-05 2.776050e-05 8.015513e-16 -6.367500e-09 6.749920e-11
7.100000e-01 7.100000e-01 1.000000e+00 -2.790600e-05 2.791240e-05 8.064890e-16 -6.337800e-09 6.220081e-11
7.200000e-01 7.200000e-01 1.000000e+00 -2.805360e-05 2.805990e-05 8.118912e-16 -6.309500e-09 9.499188e-12
7.300000e-01 7.300000e-01 1.000000e+00 -2.819710e-05 2.820340e-05 8.176953e-16 -6.282500e-09 1.750082e-11
7.400000e-01 7.400000e-01 1.000000e+00 -2.833660e-05 2.834290e-05 8.238607e-16 -6.256700e-09 4.330082e-11
7.500000e-01 7.500000e-01 1.000000e+00 -2.847240e-05 2.847860e-05 8.303514e-16 -6.232100e-09 3.209917e-11
7.600000e-01 7.600000e-01 1.000000e+00 -2.860440e-05 2.861060e-05 8.371273e-16 -6.208600e-09 8.599163e-12
7.700000e-01 7.700000e-01 1.000000e+00 -2.873300e-05 2.873910e-05 8.441598e-16 -6.186100e-09 8.609916e-11
7.800000e-01 7.800000e-01 1.000000e+00 -2.885810e-05 2.886430e-05 8.514299e-16 -6.164600e-09 3.540085e-11
7.900000e-01 7.900000e-01 1.000000e+00 -2.898000e-05 2.898610e-05 8.588999e-16 -6.144100e-09 4.409914e-11
8.000000e-01 8.000000e-01 1.000000e+00 -2.909880e-05 2.910490e-05 8.665624e-16 -6.124400e-09 2.439913e-11
8.100000e-01 8.100000e-01 1.000000e+00 -2.921450e-05 2.922060e-05 8.743978e-16 -6.105600e-09 5.599126e-12
8.200000e-01 8.200000e-01 1.000000e+00 -2.932730e-05 2.933340e-05 8.823813e-16 -6.087600e-09 1.240088e-11
8.300000e-01 8.300000e-01 1.000000e+00 -2.943740e-05 2.944340e-05 8.905032e-16 -6.070300e-09 7.029911e-11
8.400000e-01 8.400000e-01 1.000000e+00 -2.954470e-05 2.955080e-05 8.987548e-16 -6.053700e-09 4.630090e-11
8.500000e-01 8.500000e-01 1.000000e+00 -2.964950e-05 2.965550e-05 9.071218e-16 -6.037800e-09 3.779909e-11
8.600000e-01 8.600000e-01 1.000000e+00 -2.975180e-05 2.975780e-05 9.155971e-16 -6.022500e-09 2.249908e-11
8.700000e-01 8.700000e-01 1.000000e+00 -2.985170e-05 2.985770e-05 9.241621e-16 -6.007800e-09 7.799076e-12
8.800000e-01 8.800000e-01 1.000000e+00 -2.994930e-05 2.995530e-05 9.328238e-16 -5.993700e-09 6.300933e-12
8.900000e-01 8.900000e-01 1.000000e+00 -3.004460e-05 3.005060e-05 9.415587e-16 -5.980100e-09 1.990094e-11
9.000000e-01 9.000000e-01 1.000000e+00 -3.013790e-05 3.014380e-05 9.503746e-16 -5.967000e-09 6.699905e-11
9.100000e-01 9.100000e-01 1.000000e+00 -3.022900e-05 3.023500e-05 9.592554e-16 -5.954500e-09 4.550096e-11
9.200000e-01 9.200000e-01 1.000000e+00 -3.031820e-05 3.032410e-05 9.682035e-16 -5.942300e-09 4.229903e-11
9.300000e-01 9.300000e-01 1.000000e+00 -3.040540e-05 3.041140e-05 9.772040e-16 -5.930700e-09 6.930098e-11
9.400000e-01 9.400000e-01 1.000000e+00 -3.049080e-05 3.049680e-05 9.862655e-16 -5.919400e-09 8.060099e-11
9.500000e-01 9.500000e-01 1.000000e+00 -3.057450e-05 3.058040e-05 9.953738e-16 -5.908500e-09 8.499005e-12
9.600000e-01 9.600000e-01 1.000000e+00 -3.065640e-05 3.066220e-05 1.004500e-15 -5.898100e-09 9.809900e-11
9.700000e-01 9.700000e-01 1.000000e+00 -3.073660e-05 3.074250e-05 1.013700e-15 -5.887900e-09 1.210101e-11
9.800000e-01 9.800000e-01 1.000000e+00 -3.081520e-05 3.082110e-05 1.023000e-15 -5.878200e-09 2.180102e-11
9.900000e-01 9.900000e-01 1.000000e+00 -3.089230e-05 3.089820e-05 1.032200e-15 -5.868700e-09 3.130103e-11
1.000000e+00 1.000000e+00 1.000000e+00 -3.096790e-05 3.097370e-05 1.041500e-15 -5.859600e-09 5.959896e-11
1.010000e+00 1.010000e+00 1.000000e+00 -3.104200e-05 3.104790e-05 1.050900e-15 -5.850700e-09 4.930105e-11
1.020000e+00 1.020000e+00 1.000000e+00 -3.111480e-05 3.112060e-05 1.060300e-15 -5.842200e-09 4.219894e-11
1.030000e+00 1.030000e+00 1.000000e+00 -3.118620e-05 3.119200e-05 1.069700e-15 -5.833900e-09 3.389893e-11
1.040000e+00 1.040000e+00 1.000000e+00 -3.125620e-05 3.126210e-05 1.079100e-15 -5.825800e-09 7.420108e-11
1.050000e+00 1.050000e+00 1.000000e+00 -3.132500e-05 3.133090e-05 1.088500e-15 -5.818000e-09 8.200109e-11
1.060000e+00 1.060000e+00 1.000000e+00 -3.139260e-05 3.139840e-05 1.098000e-15 -5.810500e-09 1.049890e-11
1.070000e+00 1.070000e+00 1.000000e+00 -3.145900e-05 3.146480e-05 1.107500e-15 -5.803200e-09 3.198893e-12
1.080000e+00 1.080000e+00 1.000000e+00 -3.152430e-05 3.153010e-05 1.117000e-15 -5.796000e-09 4.001117e-12
1.090000e+00 1.090000e+00 1.000000e+00 -3.158840e-05 3.159420e-05 1.126600e-15 -5.789100e-09 1.090113e-11
1.100000e+00 1.100000e+00 1.000000e+00 -3.165150e-05 3.165720e-05 1.136100e-15 -5.782400e-09 8.239886e-11
1.110000e+00 1.110000e+00 1.000000e+00 -3.171350e-05 3.171920e-05 1.145700e-15 -5.775900e-09 7.589885e-11
1.120000e+00 1.120000e+00 1.000000e+00 -3.177450e-05 3.178020e-05 1.155300e-15 -5.769500e-09 6.949884e-11
1.130000e+00 1.130000e+00 1.000000e+00 -3.183450e-05 3.184020e-05 1.164900e-15 -5.763400e-09 6.339884e-11
1.140000e+00 1.140000e+00 1.000000e+00 -3.189350e-05 3.189930e-05 1.174500e-15 -5.757400e-09 4.260117e-11
1.150000e+00 1.150000e+00 1.000000e+00 -3.195160e-05 3.195740e-05 1.184200e-15 -5.751500e-09 4.850118e-11
1.160000e+00 1.160000e+00 1.000000e+00 -3.200890e-05 3.201460e-05 1.193800e-15 -5.745800e-09 4.579881e-11
1.170000e+00 1.170000e+00 1.000000e+00 -3.206520e-05 3.207090e-05 1.203500e-15 -5.740300e-09 4.029880e-11
1.180000e+00 1.180000e+00 1.000000e+00 -3.212070e-05 3.212640e-05 1.213100e-15 -5.734800e-09 3.479879e-11
1.190000e+00 1.190000e+00 1.000000e+00 -3.217530e-05 3.218110e-05 1.222800e-15 -5.729600e-09 7.040122e-11
1.200000e+00 1.200000e+00 1.000000e+00 -3.222920e-05 3.223490e-05 1.232500e-15 -5.724400e-09 2.439877e-11
0.000000e+00 0.000000e+00 1.200000e+00 1.956490e-08 1.956490e-08 1.868978e-04 -1.869369e-04 2.980000e-11
1.000000e-02 1.000000e-02 1.200000e+00 -6.156940e-07 6.541874e-07 1.338645e-04 -1.339030e-04 6.600000e-12
2.000000e-02 2.000000e-02 1.200000e+00 -1.250400e-06 1.288200e-06 9.589920e-05 -9.593710e-05 1.000000e-10
3.000000e-02 3.000000e-02 1.200000e+00 -1.884400e-06 1.921700e-06 6.871600e-05 -6.875320e-05 1.000000e-10
4.000000e-02 4.000000e-02 1.200000e+00 -2.517800e-06 2.554400e-06 4.924930e-05 -4.928590e-05 0.000000e+00
5.000000e-02 5.000000e-02 1.200000e+00 -3.150300e-06 3.186300e-06 3.530620e-05 -3.534220e-05 0.000000e+00
6.000000e-02 6.000000e-02 1.200000e+00 -3.781900e-06 3.817300e-06 2.531750e-05 -2.535290e-05 0.000000e+00
7.000000e-02 7.000000e-02 1.200000e+00 -4.412600e-06 4.447400e-06 1.816030e-05 -1.819520e-05 1.000000e-10
8.000000e-02 8.000000e-02 1.200000e+00 -5.042100e-06 5.076400e-06 1.303090e-05 -1.306510e-05 1.000000e-10
9.000000e-02 9.000000e-02 1.200000e+00 -5.670500e-06 5.704200e-06 9.353800e-06 -9.387500e-06 1.694066e-21
1.000000e-01 1.000000e-01 1.200000e+00 -6.297500e-06 6.330600e-06 6.717200e-06 -6.750300e-06 8.470329e-22
1.100000e-01 1.100000e-01 1.200000e+00 -6.923100e-06 6.955600e-06 4.826100e-06 -4.858700e-06 1.000000e-10
1.200000e-01 1.200000e-01 1.200000e+00 -7.547000e-06 7.579000e-06 3.469300e-06 -3.501300e-06 8.470329e-22
1.300000e-01 1.300000e-01 1.200000e+00 -8.169300e-06 8.200700e-06 2.495400e-06 -2.526900e-06 1.000000e-10
1.400000e-01 1.400000e-01 1.200000e+00 -8.789600e-06 8.820600e-06 1.796100e-06 -1.827000e-06 1.000000e-10
1.500000e-01 1.500000e-01 1.200000e+00 -9.408000e-06 9.438400e-06 1.293800e-06 -1.324200e-06 6.352747e-22
1.600000e-01 1.600000e-01 1.200000e+00 -1.002420e-05 1.005410e-05 9.326717e-07 -9.625395e-07 3.220000e-11
1.700000e-01 1.700000e-01 1.200000e+00 -1.063810e-05 1.066740e-05 6.729761e-07 -7.023301e-07 5.400000e-11
1.800000e-01 1.800000e-01 1.200000e+00 -1.124950e-05 1.127830e-05 4.860794e-07 -5.149271e-07 4.770000e-11
1.900000e-01 1.900000e-01 1.200000e+00 -1.185830e-05 1.188660e-05 3.514750e-07 -3.798244e-07 4.940000e-11
2.000000e-01 2.000000e-01 1.200000e+00 -1.246430e-05 1.249220e-05 2.544527e-07 -2.823115e-07 4.120000e-11
2.100000e-01 2.100000e-01 1.200000e+00 -1.306740e-05 1.309480e-05 1.844561e-07 -2.118322e-07 2.390000e-11
2.200000e-01 2.200000e-01 1.200000e+00 -1.366740e-05 1.369430e-05 1.339069e-07 -1.608083e-07 1.400000e-12
2.300000e-01 2.300000e-01 1.200000e+00 -1.426420e-05 1.429060e-05 9.736200e-08 -1.237967e-07 3.470000e-11
2.400000e-01 2.400000e-01 1.200000e+00 -1.485760e-05 1.488360e-05 7.091010e-08 -9.688610e-08 2.400000e-11
2.500000e-01 2.500000e-01 1.200000e+00 -1.544750e-05 1.547300e-05 5.173880e-08 -7.726420e-08 2.540000e-11
2.600000e-01 2.600000e-01 1.200000e+00 -1.603370e-05 1.605880e-05 3.782450e-08 -6.290740e-08 1.710000e-11
2.700000e-01 2.700000e-01 1.200000e+00 -1.661610e-05 1.664070e-05 2.771010e-08 -5.235880e-08 4.870000e-11
2.800000e-01 2.800000e-01 1.200000e+00 -1.719460e-05 1.721880e-05 2.034590e-08 -4.456850e-08 2.260000e-11
2.900000e-01 2.900000e-01 1.200000e+00 -1.776900e-05 1.779280e-05 1.497440e-08 -3.877930e-08 4.900000e-12
3.000000e-01 3.000000e-01 1.200000e+00 -1.833920e-05 1.836260e-05 1.104900e-08 -3.444450e-08 4.500000e-12
3.100000e-01 3.100000e-01 1.200000e+00 -1.890510e-05 1.892810e-05 8.174600e-09 -3.116910e-08 5.500000e-12
3.200000e-01 3.200000e-01 1.200000e+00 -1.946660e-05 1.948920e-05 6.065100e-09 -2.866700e-08 1.900000e-12
3.300000e-01 3.300000e-01 1.200000e+00 -2.002360e-05 2.004580e-05 4.513500e-09 -2.673120e-08 1.770000e-11
3.400000e-01 3.400000e-01 1.200000e+00 -2.057600e-05 2.059780e-05 3.369400e-09 -2.521140e-08 4.200000e-11
3.500000e-01 3.500000e-01 1.200000e+00 -2.112360e-05 2.114500e-05 2.523600e-09 -2.399840e-08 7.480000e-11
3.600000e-01 3.600000e-01 1.200000e+00 -2.166630e-05 2.168740e-05 1.896700e-09 -2.301280e-08 1.610000e-11
3.700000e-01 3.700000e-01 1.200000e+00 -2.220420e-05 2.222490e-05 1.430600e-09 -2.219650e-08 6.590000e-11
3.800000e-01 3.800000e-01 1.200000e+00 -2.273700e-05 2.275740e-05 1.083100e-09 -2.150730e-08 2.420000e-11
3.900000e-01 3.900000e-01 1.200000e+00 -2.326460e-05 2.328470e-05 8.231933e-10 -2.091420e-08 8.993300e-12
4.000000e-01 4.000000e-01 1.200000e+00 -2.378710e-05 2.380680e-05 6.281747e-10 -2.039440e-08 6.622530e-11
4.100000e-01 4.100000e-01 1.200000e+00 -2.430420e-05 2.432360e-05 4.813472e-10 -1.993130e-08 4.995280e-11
4.200000e-01 4.200000e-01 1.200000e+00 -2.481590e-05 2.483500e-05 3.704157e-10 -1.951240e-08 4.198430e-11
4.300000e-01 4.300000e-01 1.200000e+00 -2.532200e-05 2.534090e-05 2.863017e-10 -1.912870e-08 5.760170e-11
4.400000e-01 4.400000e-01 1.200000e+00 -2.582260e-05 2.584110e-05 2.222848e-10 -1.877340e-08 5.111520e-11
4.500000e-01 4.500000e-01 1.200000e+00 -2.631740e-05 2.633570e-05 1.733766e-10 -1.844140e-08 3.197660e-11
4.600000e-01 4.600000e-01 1.200000e+00 -2.680640e-05 2.682440e-05 1.358647e-10 -1.812900e-08 6.864700e-12
4.700000e-01 4.700000e-01 1.200000e+00 -2.728940e-05 2.730720e-05 1.069781e-10 -1.783320e-08 7.377810e-11
4.800000e-01 4.800000e-01 1.200000e+00 -2.776640e-05 2.778390e-05 8.464230e-11 -1.755200e-08 3.264230e-11
4.900000e-01 4.900000e-01 1.200000e+00 -2.823730e-05 2.825450e-05 6.729970e-11 -1.728360e-08 1.630030e-11
5.000000e-01 5.000000e-01 1.200000e+00 -2.870180e-05 2.871880e-05 5.377700e-11 -1.702680e-08 2.697700e-11
5.100000e-01 5.100000e-01 1.200000e+00 -2.916000e-05 2.917680e-05 4.318740e-11 -1.678060e-08 6.258740e-11
5.200000e-01 5.200000e-01 1.200000e+00 -2.961180e-05 2.962830e-05 3.485870e-11 -1.654420e-08 9.341300e-12
5.300000e-01 5.300000e-01 1.200000e+00 -3.005690e-05 3.007320e-05 2.827940e-11 -1.631690e-08 1.137940e-11
5.400000e-01 5.400000e-01 1.200000e+00 -3.049530e-05 3.051140e-05 2.305910e-11 -1.609820e-08 2.485910e-11
5.500000e-01 5.500000e-01 1.200000e+00 -3.092700e-05 3.094290e-05 1.889860e-11 -1.588770e-08 3.119860e-11
5.600000e-01 5.600000e-01 1.200000e+00 -3.135180e-05 3.136750e-05 1.556800e-11 -1.568490e-08 3.066800e-11
5.700000e-01 5.700000e-01 1.200000e+00 -3.176960e-05 3.178510e-05 1.288980e-11 -1.548970e-08 2.318980e-11
5.800000e-01 5.800000e-01 1.200000e+00 -3.218050e-05 3.219580e-05 1.072650e-11 -1.530160e-08 9.126500e-12
5.900000e-01 5.900000e-01 1.200000e+00 -3.258420e-05 3.259930e-05 8.971400e-12 -1.512050e-08 1.152860e-11
6.000000e-01 6.000000e-01 1.200000e+00 -3.298080e-05 3.299570e-05 7.541100e-12 -1.494600e-08 3.845890e-11
6.100000e-01 6.100000e-01 1.200000e+00 -3.337020e-05 3.338490e-05 6.370400e-12 -1.477790e-08 7.152960e-11
6.200000e-01 6.200000e-01 1.200000e+00 -3.375230e-05 3.376690e-05 5.407800e-12 -1.461610e-08 1.069220e-11
6.300000e-01 6.300000e-01 1.200000e+00 -3.412720e-05 3.414170e-05 4.613000e-12 -1.446030e-08 4.431300e-11
6.400000e-01 6.400000e-01 1.200000e+00 -3.449490e-05 3.450920e-05 3.953900e-12 -1.431030e-08 6.346100e-12
6.500000e-01 6.500000e-01 1.200000e+00 -3.485520e-05 3.486940e-05 3.404900e-12 -1.416590e-08 3.750490e-11
6.600000e-01 6.600000e-01 1.200000e+00 -3.520840e-05 3.522240e-05 2.945800e-12 -1.402700e-08 2.405420e-11
6.700000e-01 6.700000e-01 1.200000e+00 -3.555420e-05 3.556810e-05 2.560100e-12 -1.389330e-08 9.260100e-12
6.800000e-01 6.800000e-01 1.200000e+00 -3.589290e-05 3.590660e-05 2.234900e-12 -1.376470e-08 6.246510e-11
6.900000e-01 6.900000e-01 1.200000e+00 -3.622440e-05 3.623800e-05 1.959600e-12 -1.364100e-08 3.904040e-11
7.000000e-01 7.000000e-01 1.200000e+00 -3.654880e-05 3.656230e-05 1.725500e-12 -1.352210e-08 2.037450e-11
7.100000e-01 7.100000e-01 1.200000e+00 -3.686610e-05 3.687950e-05 1.525700e-12 -1.340760e-08 6.074300e-12
7.200000e-01 7.200000e-01 1.200000e+00 -3.717650e-05 3.718980e-05 1.354600e-12 -1.329760e-08 3.754600e-12
7.300000e-01 7.300000e-01 1.200000e+00 -3.747990e-05 3.749310e-05 1.207500e-12 -1.319180e-08 9.407500e-12
7.400000e-01 7.400000e-01 1.200000e+00 -3.777660e-05 3.778970e-05 1.080500e-12 -1.309010e-08 1.098050e-11
7.500000e-01 7.500000e-01 1.200000e+00 -3.806650e-05 3.807950e-05 9.704658e-13 -1.299240e-08 8.570466e-12
7.600000e-01 7.600000e-01 1.200000e+00 -3.834990e-05 3.836280e-05 8.748575e-13 -1.289840e-08 2.474858e-12
7.700000e-01 7.700000e-01 1.200000e+00 -3.862670e-05 3.863960e-05 7.914718e-13 -1.280800e-08 9.279147e-11
7.800000e-01 7.800000e-01 1.200000e+00 -3.889720e-05 3.890990e-05 7.185027e-13 -1.272110e-08 2.038150e-11
7.900000e-01 7.900000e-01 1.200000e+00 -3.916140e-05 3.917410e-05 6.544406e-13 -1.263760e-08 6.305444e-11
8.000000e-01 8.000000e-01 1.200000e+00 -3.941950e-05 3.943200e-05 5.980189e-13 -1.255720e-08 5.660198e-11
8.100000e-01 8.100000e-01 1.200000e+00 -3.967150e-05 3.968400e-05 5.481728e-13 -1.248000e-08 2.054817e-11
8.200000e-01 8.200000e-01 1.200000e+00 -3.991770e-05 3.993010e-05 5.040033e-13 -1.240580e-08 5.295997e-12
8.300000e-01 8.300000e-01 1.200000e+00 -4.015810e-05 4.017040e-05 4.647485e-13 -1.233430e-08 3.383525e-11
8.400000e-01 8.400000e-01 1.200000e+00 -4.039290e-05 4.040520e-05 4.297631e-13 -1.226560e-08 3.482976e-11
8.500000e-01 8.500000e-01 1.200000e+00 -4.062220e-05 4.063440e-05 3.984951e-13 -1.219960e-08 7.984951e-13
8.600000e-01 8.600000e-01 1.200000e+00 -4.084610e-05 4.085830e-05 3.704744e-13 -1.213600e-08 6.437047e-11
8.700000e-01 8.700000e-01 1.200000e+00 -4.106490e-05 4.107690e-05 3.452981e-13 -1.207480e-08 7.445470e-11
8.800000e-01 8.800000e-01 1.200000e+00 -4.127850e-05 4.129050e-05 3.226205e-13 -1.201590e-08 1.557738e-11
8.900000e-01 8.900000e-01 1.200000e+00 -4.148720e-05 4.149910e-05 3.021421e-13 -1.195930e-08 5.899786e-11
9.000000e-01 9.000000e-01 1.200000e+00 -4.169100e-05 4.170290e-05 2.836060e-13 -1.190470e-08 4.416394e-12
9.100000e-01 9.100000e-01 1.200000e+00 -4.189020e-05 4.190210e-05 2.667891e-13 -1.185210e-08 4.816679e-11
9.200000e-01 9.200000e-01 1.200000e+00 -4.208480e-05 4.209660e-05 2.514969e-13 -1.180150e-08 1.248503e-12
9.300000e-01 9.300000e-01 1.200000e+00 -4.227500e-05 4.228670e-05 2.375609e-13 -1.175270e-08 5.246244e-11
9.400000e-01 9.400000e-01 1.200000e+00 -4.246080e-05 4.247250e-05 2.248342e-13 -1.170570e-08 5.475166e-12
9.500000e-01 9.500000e-01 1.200000e+00 -4.264250e-05 4.265420e-05 2.131874e-13 -1.166040e-08 3.981319e-11
9.600000e-01 9.600000e-01 1.200000e+00 -4.282010e-05 4.283170e-05 2.025077e-13 -1.161680e-08 1.659749e-11
9.700000e-01 9.700000e-01 1.200000e+00 -4.299370e-05 4.300530e-05 1.926959e-13 -1.157460e-08 2.559270e-11
9.800000e-01 9.800000e-01 1.200000e+00 -4.316360e-05 4.317510e-05 1.836645e-13 -1.153400e-08 3.381634e-11
9.900000e-01 9.900000e-01 1.200000e+00 -4.332960e-05 4.334110e-05 1.753365e-13 -1.149480e-08 5.375336e-12
1.000000e+00 1.000000e+00 1.200000e+00 -4.349210e-05 4.350360e-05 1.676430e-13 -1.145690e-08 4.326764e-11
1.010000e+00 1.010000e+00 1.200000e+00 -4.365110e-05 4.366250e-05 1.605242e-13 -1.142040e-08 2.023948e-11
1.020000e+00 1.020000e+00 1.200000e+00 -4.380660e-05 4.381800e-05 1.539253e-13 -1.138510e-08 1.505393e-11
1.030000e+00 1.030000e+00 1.200000e+00 -4.395890e-05 4.397030e-05 1.477992e-13 -1.135100e-08 4.914780e-11
1.040000e+00 1.040000e+00 1.200000e+00 -4.410800e-05 4.411930e-05 1.421028e-13 -1.131800e-08 1.785790e-11
1.050000e+00 1.050000e+00 1.200000e+00 -4.425390e-05 4.426520e-05 1.367977e-13 -1.128620e-08 1.393680e-11
1.060000e+00 1.060000e+00 1.200000e+00 -4.439690e-05 4.440810e-05 1.318502e-13 -1.125540e-08 5.526815e-11
1.070000e+00 1.070000e+00 1.200000e+00 -4.453690e-05 4.454810e-05 1.272293e-13 -1.122560e-08 2.547277e-11
1.080000e+00 1.080000e+00 1.200000e+00 -4.467410e-05 4.468530e-05 1.229078e-13 -1.119670e-08 3.422908e-12
1.090000e+00 1.090000e+00 1.200000e+00 -4.480850e-05 4.481970e-05 1.188601e-13 -1.116880e-08 3.131886e-11
1.100000e+00 1.100000e+00 1.200000e+00 -4.494030e-05 4.495140e-05 1.150645e-13 -1.114180e-08 4.168494e-11
1.110000e+00 1.110000e+00 1.200000e+00 -4.506940e-05 4.508050e-05 1.115008e-13 -1.111560e-08 1.548850e-11
1.120000e+00 1.120000e+00 1.200000e+00 -4.519610e-05 4.520720e-05 1.081503e-13 -1.109030e-08 9.808150e-12
1.130000e+00 1.130000e+00 1.200000e+00 -4.532030e-05 4.533140e-05 1.049969e-13 -1.106570e-08 3.440500e-11
1.140000e+00 1.140000e+00 1.200000e+00 -4.544220e-05 4.545320e-05 1.020253e-13 -1.104190e-08 4.179797e-11
1.150000e+00 1.150000e+00 1.200000e+00 -4.556170e-05 4.557270e-05 9.922170e-14 -1.101880e-08 1.870078e-11
1.160000e+00 1.160000e+00 1.200000e+00 -4.567900e-05 4.569000e-05 9.657390e-14 -1.099640e-08 3.696574e-12
1.170000e+00 1.170000e+00 1.200000e+00 -4.579420e-05 4.580520e-05 9.407050e-14 -1.097460e-08 2.549407e-11
1.180000e+00 1.180000e+00 1.200000e+00 -4.590730e-05 4.591820e-05 9.170140e-14 -1.095350e-08 5.340830e-11
1.190000e+00 1.190000e+00 1.200000e+00 -4.601830e-05 4.602920e-05 8.945680e-14 -1.093300e-08 3.291054e-11
1.200000e+00 1.200000e+00 1.200000e+00 -4.612730e-05 4.613820e-05 8.732810e-14 -1.091310e-08 1.301267e-11