Title: * flicker noise
Date: 2026-07-29T17:01:34.030015+00:00
Command: hspice S-2021.09
Plotname: Noise Spectral Density Curves
Flags: real
No. Variables: 3
No. Points: 141
Variables:
	0	frequency	frequency grid=3
	1	freq	frequency
	2	noise_spectrum	voltage-density
Values:
 0	1.0000000000e-01
	1.0000000000e-01
	6.0200936222e-07

 1	1.1220184540e-01
	1.1220184540e-01
	5.6833356341e-07

 2	1.2589254120e-01
	1.2589254120e-01
	5.3654156381e-07

 3	1.4125375450e-01
	1.4125375450e-01
	5.0652798570e-07

 4	1.5848931920e-01
	1.5848931920e-01
	4.7819334604e-07

 5	1.7782794100e-01
	1.7782794100e-01
	4.5144372661e-07

 6	1.9952623150e-01
	1.9952623150e-01
	4.2619046329e-07

 7	2.2387211390e-01
	2.2387211390e-01
	4.0234985150e-07

 8	2.5118864320e-01
	2.5118864320e-01
	3.7984286922e-07

 9	2.8183829310e-01
	2.8183829310e-01
	3.5859491449e-07

 10	3.1622776600e-01
	3.1622776600e-01
	3.3853555914e-07

 11	3.5481338920e-01
	3.5481338920e-01
	3.1959831414e-07

 12	3.9810717060e-01
	3.9810717060e-01
	3.0172041021e-07

 13	4.4668359220e-01
	4.4668359220e-01
	2.8484258921e-07

 14	5.0118723360e-01
	5.0118723360e-01
	2.6890890787e-07

 15	5.6234132520e-01
	5.6234132520e-01
	2.5386655239e-07

 16	6.3095734450e-01
	6.3095734450e-01
	2.3966566335e-07

 17	7.0794578440e-01
	7.0794578440e-01
	2.2625917047e-07

 18	7.9432823470e-01
	7.9432823470e-01
	2.1360263657e-07

 19	8.9125093810e-01
	8.9125093810e-01
	2.0165411027e-07

 20	1.0000000000e+00
	1.0000000000e+00
	1.9037398698e-07

 21	1.1220184540e+00
	1.1220184540e+00
	1.7972487760e-07

 22	1.2589254110e+00
	1.2589254110e+00
	1.6967148455e-07

 23	1.4125375440e+00
	1.4125375440e+00
	1.6018048486e-07

 24	1.5848931920e+00
	1.5848931920e+00
	1.5122041965e-07

 25	1.7782794100e+00
	1.7782794100e+00
	1.4276158983e-07

 26	1.9952623150e+00
	1.9952623150e+00
	1.3477595783e-07

 27	2.2387211380e+00
	2.2387211380e+00
	1.2723705439e-07

 28	2.5118864310e+00
	2.5118864310e+00
	1.2011989107e-07

 29	2.8183829310e+00
	2.8183829310e+00
	1.1340087729e-07

 30	3.1622776600e+00
	3.1622776600e+00
	1.0705774227e-07

 31	3.5481338920e+00
	3.5481338920e+00
	1.0106946097e-07

 32	3.9810717050e+00
	3.9810717050e+00
	9.5416184670e-08

 33	4.4668359210e+00
	4.4668359210e+00
	9.0079174980e-08

 34	5.0118723360e+00
	5.0118723360e+00
	8.5040741854e-08

 35	5.6234132510e+00
	5.6234132510e+00
	8.0284184893e-08

 36	6.3095734440e+00
	6.3095734440e+00
	7.5793738007e-08

 37	7.0794578430e+00
	7.0794578430e+00
	7.1554517146e-08

 38	7.9432823470e+00
	7.9432823470e+00
	6.7552470991e-08

 39	8.9125093810e+00
	8.9125093810e+00
	6.3774334344e-08

 40	9.9999999990e+00
	9.9999999990e+00
	6.0207584198e-08

 41	1.1220184540e+01
	1.1220184540e+01
	5.6840398178e-08

 42	1.2589254110e+01
	1.2589254110e+01
	5.3661615425e-08

 43	1.4125375440e+01
	1.4125375440e+01
	5.0660699512e-08

 44	1.5848931920e+01
	1.5848931920e+01
	4.7827703625e-08

 45	1.7782794100e+01
	1.7782794100e+01
	4.5153237492e-08

 46	1.9952623150e+01
	1.9952623150e+01
	4.2628436319e-08

 47	2.2387211380e+01
	2.2387211380e+01
	4.0244931395e-08

 48	2.5118864310e+01
	2.5118864310e+01
	3.7994822345e-08

 49	2.8183829310e+01
	2.8183829310e+01
	3.5870650956e-08

 50	3.1622776600e+01
	3.1622776600e+01
	3.3865376419e-08

 51	3.5481338920e+01
	3.5481338920e+01
	3.1972352056e-08

 52	3.9810717050e+01
	3.9810717050e+01
	3.0185303242e-08

 53	4.4668359210e+01
	4.4668359210e+01
	2.8498306594e-08

 54	5.0118723360e+01
	5.0118723360e+01
	2.6905770379e-08

 55	5.6234132510e+01
	5.6234132510e+01
	2.5402415960e-08

 56	6.3095734440e+01
	6.3095734440e+01
	2.3983260293e-08

 57	7.0794578430e+01
	7.0794578430e+01
	2.2643599418e-08

 58	7.9432823470e+01
	7.9432823470e+01
	2.1378992864e-08

 59	8.9125093810e+01
	8.9125093810e+01
	2.0185248928e-08

 60	9.9999999990e+01
	9.9999999990e+01
	1.9058410784e-08

 61	1.1220184540e+02
	1.1220184540e+02
	1.7994743363e-08

 62	1.2589254110e+02
	1.2589254110e+02
	1.6990720971e-08

 63	1.4125375440e+02
	1.4125375440e+02
	1.6043015605e-08

 64	1.5848931920e+02
	1.5848931920e+02
	1.5148485918e-08

 65	1.7782794100e+02
	1.7782794100e+02
	1.4304166795e-08

 66	1.9952623150e+02
	1.9952623150e+02
	1.3507259548e-08

 67	2.2387211380e+02
	2.2387211380e+02
	1.2755122598e-08

 68	2.5118864310e+02
	2.5118864310e+02
	1.2045262749e-08

 69	2.8183829310e+02
	2.8183829310e+02
	1.1375326901e-08

 70	3.1622776600e+02
	3.1622776600e+02
	1.0743094256e-08

 71	3.5481338920e+02
	3.5481338920e+02
	1.0146468933e-08

 72	3.9810717050e+02
	3.9810717050e+02
	9.5834730328e-09

 73	4.4668359210e+02
	4.4668359210e+02
	9.0522400576e-09

 74	5.0118723360e+02
	5.0118723360e+02
	8.5510087218e-09

 75	5.6234132510e+02
	5.6234132510e+02
	8.0781170981e-09

 76	6.3095734440e+02
	6.3095734440e+02
	7.6319970918e-09

 77	7.0794578430e+02
	7.0794578430e+02
	7.2111692291e-09

 78	7.9432823470e+02
	7.9432823470e+02
	6.8142377248e-09

 79	8.9125093810e+02
	8.9125093810e+02
	6.4398858391e-09

 80	9.9999999990e+02
	9.9999999990e+02
	6.0868714747e-09

 81	1.1220184540e+03
	1.1220184540e+03
	5.7540230326e-09

 82	1.2589254110e+03
	1.2589254110e+03
	5.4402354820e-09

 83	1.4125375440e+03
	1.4125375440e+03
	5.1444666546e-09

 84	1.5848931920e+03
	1.5848931920e+03
	4.8657337309e-09

 85	1.7782794100e+03
	1.7782794100e+03
	4.6031099227e-09

 86	1.9952623150e+03
	1.9952623150e+03
	4.3557213214e-09

 87	2.2387211380e+03
	2.2387211380e+03
	4.1227439200e-09

 88	2.5118864310e+03
	2.5118864310e+03
	3.9034007801e-09

 89	2.8183829310e+03
	2.8183829310e+03
	3.6969593452e-09

 90	3.1622776600e+03
	3.1622776600e+03
	3.5027288805e-09

 91	3.5481338920e+03
	3.5481338920e+03
	3.3200580371e-09

 92	3.9810717050e+03
	3.9810717050e+03
	3.1483325304e-09

 93	4.4668359210e+03
	4.4668359210e+03
	2.9869729143e-09

 94	5.0118723360e+03
	5.0118723360e+03
	2.8354324540e-09

 95	5.6234132510e+03
	5.6234132510e+03
	2.6931950858e-09

 96	6.3095734440e+03
	6.3095734440e+03
	2.5597734562e-09

 97	7.0794578430e+03
	7.0794578430e+03
	2.4347070358e-09

 98	7.9432823470e+03
	7.9432823470e+03
	2.3175603041e-09

 99	8.9125093810e+03
	8.9125093810e+03
	2.2079210011e-09

 100	9.9999999990e+03
	9.9999999990e+03
	2.1053984471e-09

 101	1.1220184540e+04
	1.1220184540e+04
	2.0096219274e-09

 102	1.2589254110e+04
	1.2589254110e+04
	1.9202391505e-09

 103	1.4125375440e+04
	1.4125375440e+04
	1.8369147778e-09

 104	1.5848931920e+04
	1.5848931920e+04
	1.7593290369e-09

 105	1.7782794100e+04
	1.7782794100e+04
	1.6871764229e-09

 106	1.9952623150e+04
	1.9952623150e+04
	1.6201645006e-09

 107	2.2387211380e+04
	2.2387211380e+04
	1.5580128141e-09

 108	2.5118864310e+04
	2.5118864310e+04
	1.5004519156e-09

 109	2.8183829310e+04
	2.8183829310e+04
	1.4472225209e-09

 110	3.1622776600e+04
	3.1622776600e+04
	1.3980747999e-09

 111	3.5481338920e+04
	3.5481338920e+04
	1.3527678005e-09

 112	3.9810717050e+04
	3.9810717050e+04
	1.3110690134e-09

 113	4.4668359210e+04
	4.4668359210e+04
	1.2727540630e-09

 114	5.0118723360e+04
	5.0118723360e+04
	1.2376065231e-09

 115	5.6234132510e+04
	5.6234132510e+04
	1.2054178371e-09

 116	6.3095734440e+04
	6.3095734440e+04
	1.1759873299e-09

 117	7.0794578430e+04
	7.0794578430e+04
	1.1491222824e-09

 118	7.9432823470e+04
	7.9432823470e+04
	1.1246380582e-09

 119	8.9125093810e+04
	8.9125093810e+04
	1.1023582449e-09

 120	9.9999999990e+04
	9.9999999990e+04
	1.0821148031e-09

 121	1.1220184540e+05
	1.1220184540e+05
	1.0637481915e-09

 122	1.2589254110e+05
	1.2589254110e+05
	1.0471074563e-09

 123	1.4125375440e+05
	1.4125375440e+05
	1.0320502774e-09

 124	1.5848931920e+05
	1.5848931920e+05
	1.0184429542e-09

 125	1.7782794100e+05
	1.7782794100e+05
	1.0061603317e-09

 126	1.9952623150e+05
	1.9952623150e+05
	9.9508566772e-10

 127	2.2387211380e+05
	2.2387211380e+05
	9.8511043954e-10

 128	2.5118864310e+05
	2.5118864310e+05
	9.7613409950e-10

 129	2.8183829310e+05
	2.8183829310e+05
	9.6806378282e-10

 130	3.1622776600e+05
	3.1622776600e+05
	9.6081397763e-10

 131	3.5481338920e+05
	3.5481338920e+05
	9.5430616528e-10

 132	3.9810717050e+05
	3.9810717050e+05
	9.4846843933e-10

 133	4.4668359210e+05
	4.4668359210e+05
	9.4323511115e-10

 134	5.0118723360e+05
	5.0118723360e+05
	9.3854630935e-10

 135	5.6234132510e+05
	5.6234132510e+05
	9.3434757997e-10

 136	6.3095734440e+05
	6.3095734440e+05
	9.3058949247e-10

 137	7.0794578430e+05
	7.0794578430e+05
	9.2722725645e-10

 138	7.9432823470e+05
	7.9432823470e+05
	9.2422035176e-10

 139	8.9125093810e+05
	8.9125093810e+05
	9.2153217616e-10

 140	9.9999999990e+05
	9.9999999990e+05
	9.1912971087e-10
