v-sweep v(drain_iv) v(gate_iv) id is ib ig kcl
0.000000e+00 0.000000e+00 0.000000e+00 0.000000e+00 0.000000e+00 0.000000e+00 0.000000e+00 0.000000e+00
-1.000000e-02 -1.000000e-02 0.000000e+00 1.000000e-14 -3.212400e-21 -1.000000e-14 0.000000e+00 3.212400e-21
-2.000000e-02 -2.000000e-02 0.000000e+00 2.000000e-14 -5.694800e-21 -2.000000e-14 0.000000e+00 5.694800e-21
-3.000000e-02 -3.000000e-02 0.000000e+00 3.000000e-14 -7.515300e-21 -3.000000e-14 0.000000e+00 7.515300e-21
-4.000000e-02 -4.000000e-02 0.000000e+00 4.000000e-14 -8.775600e-21 -4.000000e-14 0.000000e+00 8.775600e-21
-5.000000e-02 -5.000000e-02 0.000000e+00 5.000000e-14 -9.603900e-21 -5.000000e-14 0.000000e+00 9.603900e-21
-6.000000e-02 -6.000000e-02 0.000000e+00 6.000000e-14 -1.013200e-20 -6.000000e-14 0.000000e+00 1.013200e-20
-7.000000e-02 -7.000000e-02 0.000000e+00 7.000000e-14 -1.047000e-20 -7.000000e-14 0.000000e+00 1.047000e-20
-8.000000e-02 -8.000000e-02 0.000000e+00 8.000000e-14 -1.069200e-20 -8.000000e-14 0.000000e+00 1.069200e-20
-9.000000e-02 -9.000000e-02 0.000000e+00 9.000000e-14 -1.084600e-20 -9.000000e-14 0.000000e+00 1.084600e-20
-1.000000e-01 -1.000000e-01 0.000000e+00 1.000000e-13 -1.095900e-20 -1.000000e-13 0.000000e+00 1.095900e-20
-1.100000e-01 -1.100000e-01 0.000000e+00 1.100000e-13 -1.104700e-20 -1.100000e-13 0.000000e+00 1.104700e-20
-1.200000e-01 -1.200000e-01 0.000000e+00 1.200000e-13 -1.111900e-20 -1.200000e-13 0.000000e+00 1.111900e-20
-1.300000e-01 -1.300000e-01 0.000000e+00 1.300000e-13 -1.118100e-20 -1.300000e-13 0.000000e+00 1.118100e-20
-1.400000e-01 -1.400000e-01 0.000000e+00 1.400000e-13 -1.123600e-20 -1.400000e-13 0.000000e+00 1.123600e-20
-1.500000e-01 -1.500000e-01 0.000000e+00 1.500000e-13 -1.128500e-20 -1.500000e-13 0.000000e+00 1.128500e-20
-1.600000e-01 -1.600000e-01 0.000000e+00 1.600000e-13 -1.133200e-20 -1.600000e-13 0.000000e+00 1.133200e-20
-1.700000e-01 -1.700000e-01 0.000000e+00 1.700000e-13 -1.137500e-20 -1.700000e-13 0.000000e+00 1.137500e-20
-1.800000e-01 -1.800000e-01 0.000000e+00 1.800000e-13 -1.141700e-20 -1.800000e-13 0.000000e+00 1.141700e-20
-1.900000e-01 -1.900000e-01 0.000000e+00 1.900000e-13 -1.145700e-20 -1.900000e-13 0.000000e+00 1.145700e-20
-2.000000e-01 -2.000000e-01 0.000000e+00 2.000000e-13 -1.149700e-20 -2.000000e-13 0.000000e+00 1.149700e-20
-2.100000e-01 -2.100000e-01 0.000000e+00 2.100000e-13 -1.153500e-20 -2.100000e-13 0.000000e+00 1.153500e-20
-2.200000e-01 -2.200000e-01 0.000000e+00 2.200000e-13 -1.157300e-20 -2.200000e-13 0.000000e+00 1.157300e-20
-2.300000e-01 -2.300000e-01 0.000000e+00 2.300000e-13 -1.161000e-20 -2.300000e-13 0.000000e+00 1.161000e-20
-2.400000e-01 -2.400000e-01 0.000000e+00 2.400000e-13 -1.164700e-20 -2.400000e-13 0.000000e+00 1.164700e-20
-2.500000e-01 -2.500000e-01 0.000000e+00 2.500000e-13 -1.168300e-20 -2.500000e-13 0.000000e+00 1.168300e-20
-2.600000e-01 -2.600000e-01 0.000000e+00 2.600000e-13 -1.171900e-20 -2.600000e-13 0.000000e+00 1.171900e-20
-2.700000e-01 -2.700000e-01 0.000000e+00 2.700000e-13 -1.175500e-20 -2.700000e-13 0.000000e+00 1.175500e-20
-2.800000e-01 -2.800000e-01 0.000000e+00 2.800000e-13 -1.179100e-20 -2.800000e-13 0.000000e+00 1.179100e-20
-2.900000e-01 -2.900000e-01 0.000000e+00 2.900000e-13 -1.182700e-20 -2.900000e-13 0.000000e+00 1.182700e-20
-3.000000e-01 -3.000000e-01 0.000000e+00 3.000000e-13 -1.186200e-20 -3.000000e-13 0.000000e+00 1.186200e-20
-3.100000e-01 -3.100000e-01 0.000000e+00 3.100000e-13 -1.189700e-20 -3.100000e-13 0.000000e+00 1.189700e-20
-3.200000e-01 -3.200000e-01 0.000000e+00 3.200000e-13 -1.193200e-20 -3.200000e-13 0.000000e+00 1.193200e-20
-3.300000e-01 -3.300000e-01 0.000000e+00 3.300000e-13 -1.196700e-20 -3.300000e-13 0.000000e+00 1.196700e-20
-3.400000e-01 -3.400000e-01 0.000000e+00 3.400000e-13 -1.200200e-20 -3.400000e-13 0.000000e+00 1.200200e-20
-3.500000e-01 -3.500000e-01 0.000000e+00 3.500000e-13 -1.203700e-20 -3.500000e-13 0.000000e+00 1.203700e-20
-3.600000e-01 -3.600000e-01 0.000000e+00 3.600000e-13 -1.207200e-20 -3.600000e-13 0.000000e+00 1.207200e-20
-3.700000e-01 -3.700000e-01 0.000000e+00 3.700000e-13 -1.210700e-20 -3.700000e-13 0.000000e+00 1.210700e-20
-3.800000e-01 -3.800000e-01 0.000000e+00 3.800000e-13 -1.214100e-20 -3.800000e-13 0.000000e+00 1.214100e-20
-3.900000e-01 -3.900000e-01 0.000000e+00 3.900000e-13 -1.217600e-20 -3.900000e-13 0.000000e+00 1.217600e-20
-4.000000e-01 -4.000000e-01 0.000000e+00 4.000000e-13 -1.221100e-20 -4.000000e-13 0.000000e+00 1.221100e-20
-4.100000e-01 -4.100000e-01 0.000000e+00 4.100000e-13 -1.224500e-20 -4.100000e-13 0.000000e+00 1.224500e-20
-4.200000e-01 -4.200000e-01 0.000000e+00 4.200000e-13 -1.228000e-20 -4.200000e-13 0.000000e+00 1.228000e-20
-4.300000e-01 -4.300000e-01 0.000000e+00 4.300000e-13 -1.231500e-20 -4.300000e-13 0.000000e+00 1.231500e-20
-4.400000e-01 -4.400000e-01 0.000000e+00 4.400000e-13 -1.234900e-20 -4.400000e-13 0.000000e+00 1.234900e-20
-4.500000e-01 -4.500000e-01 0.000000e+00 4.500000e-13 -1.238400e-20 -4.500000e-13 0.000000e+00 1.238400e-20
-4.600000e-01 -4.600000e-01 0.000000e+00 4.600000e-13 -1.241800e-20 -4.600000e-13 0.000000e+00 1.241800e-20
-4.700000e-01 -4.700000e-01 0.000000e+00 4.700000e-13 -1.245300e-20 -4.700000e-13 0.000000e+00 1.245300e-20
-4.800000e-01 -4.800000e-01 0.000000e+00 4.800000e-13 -1.248700e-20 -4.800000e-13 0.000000e+00 1.248700e-20
-4.900000e-01 -4.900000e-01 0.000000e+00 4.900000e-13 -1.252200e-20 -4.900000e-13 0.000000e+00 1.252200e-20
-5.000000e-01 -5.000000e-01 0.000000e+00 5.000000e-13 -1.255600e-20 -5.000000e-13 0.000000e+00 1.255600e-20
-5.100000e-01 -5.100000e-01 0.000000e+00 5.100000e-13 -1.259000e-20 -5.100000e-13 0.000000e+00 1.259000e-20
-5.200000e-01 -5.200000e-01 0.000000e+00 5.200000e-13 -1.262500e-20 -5.200000e-13 0.000000e+00 1.262500e-20
-5.300000e-01 -5.300000e-01 0.000000e+00 5.300000e-13 -1.265900e-20 -5.300000e-13 0.000000e+00 1.265900e-20
-5.400000e-01 -5.400000e-01 0.000000e+00 5.400000e-13 -1.269400e-20 -5.400000e-13 0.000000e+00 1.269400e-20
-5.500000e-01 -5.500000e-01 0.000000e+00 5.500000e-13 -1.272800e-20 -5.500000e-13 0.000000e+00 1.272800e-20
-5.600000e-01 -5.600000e-01 0.000000e+00 5.600000e-13 -1.276200e-20 -5.600000e-13 0.000000e+00 1.276200e-20
-5.700000e-01 -5.700000e-01 0.000000e+00 5.700000e-13 -1.279700e-20 -5.700000e-13 0.000000e+00 1.279700e-20
-5.800000e-01 -5.800000e-01 0.000000e+00 5.800000e-13 -1.283100e-20 -5.800000e-13 0.000000e+00 1.283100e-20
-5.900000e-01 -5.900000e-01 0.000000e+00 5.900000e-13 -1.286500e-20 -5.900000e-13 0.000000e+00 1.286500e-20
-6.000000e-01 -6.000000e-01 0.000000e+00 6.000000e-13 -1.290000e-20 -6.000000e-13 0.000000e+00 1.290000e-20
-6.100000e-01 -6.100000e-01 0.000000e+00 6.100000e-13 -1.293400e-20 -6.100000e-13 0.000000e+00 1.293400e-20
-6.200000e-01 -6.200000e-01 0.000000e+00 6.200000e-13 -1.296900e-20 -6.200000e-13 0.000000e+00 1.296900e-20
-6.300000e-01 -6.300000e-01 0.000000e+00 6.300000e-13 -1.300300e-20 -6.300000e-13 0.000000e+00 1.300300e-20
-6.400000e-01 -6.400000e-01 0.000000e+00 6.400000e-13 -1.303700e-20 -6.400000e-13 0.000000e+00 1.303700e-20
-6.500000e-01 -6.500000e-01 0.000000e+00 6.500000e-13 -1.307200e-20 -6.500000e-13 0.000000e+00 1.307200e-20
-6.600000e-01 -6.600000e-01 0.000000e+00 6.600000e-13 -1.310600e-20 -6.600000e-13 0.000000e+00 1.310600e-20
-6.700000e-01 -6.700000e-01 0.000000e+00 6.700000e-13 -1.314000e-20 -6.700000e-13 0.000000e+00 1.314000e-20
-6.800000e-01 -6.800000e-01 0.000000e+00 6.800000e-13 -1.317500e-20 -6.800000e-13 0.000000e+00 1.317500e-20
-6.900000e-01 -6.900000e-01 0.000000e+00 6.900000e-13 -1.320900e-20 -6.900000e-13 0.000000e+00 1.320900e-20
-7.000000e-01 -7.000000e-01 0.000000e+00 7.000000e-13 -1.324300e-20 -7.000000e-13 0.000000e+00 1.324300e-20
-7.100000e-01 -7.100000e-01 0.000000e+00 7.100000e-13 -1.327700e-20 -7.100000e-13 0.000000e+00 1.327700e-20
-7.200000e-01 -7.200000e-01 0.000000e+00 7.200000e-13 -1.331200e-20 -7.200000e-13 0.000000e+00 1.331200e-20
-7.300000e-01 -7.300000e-01 0.000000e+00 7.300000e-13 -1.334600e-20 -7.300000e-13 0.000000e+00 1.334600e-20
-7.400000e-01 -7.400000e-01 0.000000e+00 7.400000e-13 -1.338000e-20 -7.400000e-13 0.000000e+00 1.338000e-20
-7.500000e-01 -7.500000e-01 0.000000e+00 7.500000e-13 -1.341500e-20 -7.500000e-13 0.000000e+00 1.341500e-20
-7.600000e-01 -7.600000e-01 0.000000e+00 7.600000e-13 -1.344900e-20 -7.600000e-13 0.000000e+00 1.344900e-20
-7.700000e-01 -7.700000e-01 0.000000e+00 7.700000e-13 -1.348300e-20 -7.700000e-13 0.000000e+00 1.348300e-20
-7.800000e-01 -7.800000e-01 0.000000e+00 7.800000e-13 -1.351800e-20 -7.800000e-13 0.000000e+00 1.351800e-20
-7.900000e-01 -7.900000e-01 0.000000e+00 7.900000e-13 -1.355200e-20 -7.900000e-13 0.000000e+00 1.355200e-20
-8.000000e-01 -8.000000e-01 0.000000e+00 8.000000e-13 -1.358600e-20 -8.000000e-13 0.000000e+00 1.358600e-20
-8.100000e-01 -8.100000e-01 0.000000e+00 8.100000e-13 -1.362100e-20 -8.100000e-13 0.000000e+00 1.362100e-20
-8.200000e-01 -8.200000e-01 0.000000e+00 8.200000e-13 -1.365500e-20 -8.200000e-13 0.000000e+00 1.365500e-20
-8.300000e-01 -8.300000e-01 0.000000e+00 8.300000e-13 -1.368900e-20 -8.300000e-13 0.000000e+00 1.368900e-20
-8.400000e-01 -8.400000e-01 0.000000e+00 8.400000e-13 -1.372300e-20 -8.400000e-13 0.000000e+00 1.372300e-20
-8.500000e-01 -8.500000e-01 0.000000e+00 8.500000e-13 -1.375800e-20 -8.500000e-13 0.000000e+00 1.375800e-20
-8.600000e-01 -8.600000e-01 0.000000e+00 8.600000e-13 -1.379200e-20 -8.600000e-13 0.000000e+00 1.379200e-20
-8.700000e-01 -8.700000e-01 0.000000e+00 8.700000e-13 -1.382600e-20 -8.700000e-13 0.000000e+00 1.382600e-20
-8.800000e-01 -8.800000e-01 0.000000e+00 8.800000e-13 -1.386100e-20 -8.800000e-13 0.000000e+00 1.386100e-20
-8.900000e-01 -8.900000e-01 0.000000e+00 8.900000e-13 -1.389500e-20 -8.900000e-13 0.000000e+00 1.389500e-20
-9.000000e-01 -9.000000e-01 0.000000e+00 9.000000e-13 -1.392900e-20 -9.000000e-13 0.000000e+00 1.392900e-20
-9.100000e-01 -9.100000e-01 0.000000e+00 9.100000e-13 -1.396300e-20 -9.100000e-13 0.000000e+00 1.396300e-20
-9.200000e-01 -9.200000e-01 0.000000e+00 9.200000e-13 -1.399800e-20 -9.200000e-13 0.000000e+00 1.399800e-20
-9.300000e-01 -9.300000e-01 0.000000e+00 9.300000e-13 -1.403200e-20 -9.300000e-13 0.000000e+00 1.403200e-20
-9.400000e-01 -9.400000e-01 0.000000e+00 9.400000e-13 -1.406600e-20 -9.400000e-13 0.000000e+00 1.406600e-20
-9.500000e-01 -9.500000e-01 0.000000e+00 9.500000e-13 -1.410100e-20 -9.500000e-13 0.000000e+00 1.410100e-20
-9.600000e-01 -9.600000e-01 0.000000e+00 9.600000e-13 -1.413500e-20 -9.600000e-13 0.000000e+00 1.413500e-20
-9.700000e-01 -9.700000e-01 0.000000e+00 9.700000e-13 -1.416900e-20 -9.700000e-13 0.000000e+00 1.416900e-20
-9.800000e-01 -9.800000e-01 0.000000e+00 9.800000e-13 -1.420300e-20 -9.800000e-13 0.000000e+00 1.420300e-20
-9.900000e-01 -9.900000e-01 0.000000e+00 9.900000e-13 -1.423800e-20 -9.900000e-13 0.000000e+00 1.423800e-20
-1.000000e+00 -1.000000e+00 0.000000e+00 1.000000e-12 -1.427200e-20 -1.000000e-12 0.000000e+00 1.427200e-20
-1.010000e+00 -1.010000e+00 0.000000e+00 1.010000e-12 -1.430600e-20 -1.010000e-12 0.000000e+00 1.430600e-20
-1.020000e+00 -1.020000e+00 0.000000e+00 1.020000e-12 -1.434100e-20 -1.020000e-12 0.000000e+00 1.434100e-20
-1.030000e+00 -1.030000e+00 0.000000e+00 1.030000e-12 -1.437500e-20 -1.030000e-12 0.000000e+00 1.437500e-20
-1.040000e+00 -1.040000e+00 0.000000e+00 1.040000e-12 -1.440900e-20 -1.040000e-12 0.000000e+00 1.440900e-20
-1.050000e+00 -1.050000e+00 0.000000e+00 1.050000e-12 -1.444300e-20 -1.050000e-12 0.000000e+00 1.444300e-20
-1.060000e+00 -1.060000e+00 0.000000e+00 1.060000e-12 -1.447800e-20 -1.060000e-12 0.000000e+00 1.447800e-20
-1.070000e+00 -1.070000e+00 0.000000e+00 1.070000e-12 -1.451200e-20 -1.070000e-12 0.000000e+00 1.451200e-20
-1.080000e+00 -1.080000e+00 0.000000e+00 1.080000e-12 -1.454600e-20 -1.080000e-12 0.000000e+00 1.454600e-20
-1.090000e+00 -1.090000e+00 0.000000e+00 1.090000e-12 -1.458100e-20 -1.090000e-12 0.000000e+00 1.458100e-20
-1.100000e+00 -1.100000e+00 0.000000e+00 1.100000e-12 -1.461500e-20 -1.100000e-12 0.000000e+00 1.461500e-20
-1.110000e+00 -1.110000e+00 0.000000e+00 1.110000e-12 -1.464900e-20 -1.110000e-12 0.000000e+00 1.464900e-20
-1.120000e+00 -1.120000e+00 0.000000e+00 1.120000e-12 -1.468300e-20 -1.120000e-12 0.000000e+00 1.468300e-20
-1.130000e+00 -1.130000e+00 0.000000e+00 1.130000e-12 -1.471800e-20 -1.130000e-12 0.000000e+00 1.471800e-20
-1.140000e+00 -1.140000e+00 0.000000e+00 1.140000e-12 -1.475200e-20 -1.140000e-12 0.000000e+00 1.475200e-20
-1.150000e+00 -1.150000e+00 0.000000e+00 1.150000e-12 -1.478600e-20 -1.150000e-12 0.000000e+00 1.478600e-20
-1.160000e+00 -1.160000e+00 0.000000e+00 1.160000e-12 -1.482100e-20 -1.160000e-12 0.000000e+00 1.482100e-20
-1.170000e+00 -1.170000e+00 0.000000e+00 1.170000e-12 -1.485500e-20 -1.170000e-12 0.000000e+00 1.485500e-20
-1.180000e+00 -1.180000e+00 0.000000e+00 1.180000e-12 -1.488900e-20 -1.180000e-12 0.000000e+00 1.488900e-20
-1.190000e+00 -1.190000e+00 0.000000e+00 1.190000e-12 -1.492400e-20 -1.190000e-12 0.000000e+00 1.492400e-20
-1.200000e+00 -1.200000e+00 0.000000e+00 1.200000e-12 -1.495800e-20 -1.200000e-12 0.000000e+00 1.495800e-20
0.000000e+00 0.000000e+00 -2.000000e-01 0.000000e+00 0.000000e+00 0.000000e+00 0.000000e+00 0.000000e+00
-1.000000e-02 -1.000000e-02 -2.000000e-01 1.000060e-14 -5.706800e-19 -1.000000e-14 0.000000e+00 2.932000e-20
-2.000000e-02 -2.000000e-02 -2.000000e-01 2.000100e-14 -1.011700e-18 -2.000000e-14 0.000000e+00 1.170000e-20
-3.000000e-02 -3.000000e-02 -2.000000e-01 3.000130e-14 -1.335100e-18 -3.000000e-14 0.000000e+00 3.510000e-20
-4.000000e-02 -4.000000e-02 -2.000000e-01 4.000160e-14 -1.559000e-18 -4.000000e-14 0.000000e+00 4.100000e-20
-5.000000e-02 -5.000000e-02 -2.000000e-01 5.000170e-14 -1.706100e-18 -5.000000e-14 0.000000e+00 6.100000e-21
-6.000000e-02 -6.000000e-02 -2.000000e-01 6.000180e-14 -1.800000e-18 -6.000000e-14 0.000000e+00 0.000000e+00
-7.000000e-02 -7.000000e-02 -2.000000e-01 7.000190e-14 -1.859900e-18 -7.000000e-14 0.000000e+00 4.010000e-20
-8.000000e-02 -8.000000e-02 -2.000000e-01 8.000190e-14 -1.899400e-18 -8.000000e-14 0.000000e+00 6.000000e-22
-9.000000e-02 -9.000000e-02 -2.000000e-01 9.000190e-14 -1.926800e-18 -9.000000e-14 0.000000e+00 2.680000e-20
-1.000000e-01 -1.000000e-01 -2.000000e-01 1.000019e-13 -1.946900e-18 -1.000000e-13 0.000000e+00 4.690000e-20
-1.100000e-01 -1.100000e-01 -2.000000e-01 1.100020e-13 -1.962600e-18 -1.100000e-13 0.000000e+00 3.740000e-20
-1.200000e-01 -1.200000e-01 -2.000000e-01 1.200020e-13 -1.975400e-18 -1.200000e-13 0.000000e+00 2.460000e-20
-1.300000e-01 -1.300000e-01 -2.000000e-01 1.300020e-13 -1.986300e-18 -1.300000e-13 0.000000e+00 1.370000e-20
-1.400000e-01 -1.400000e-01 -2.000000e-01 1.400020e-13 -1.996000e-18 -1.400000e-13 0.000000e+00 4.000000e-21
-1.500000e-01 -1.500000e-01 -2.000000e-01 1.500020e-13 -2.004800e-18 -1.500000e-13 0.000000e+00 4.800000e-21
-1.600000e-01 -1.600000e-01 -2.000000e-01 1.600020e-13 -2.013000e-18 -1.600000e-13 0.000000e+00 1.300000e-20
-1.700000e-01 -1.700000e-01 -2.000000e-01 1.700020e-13 -2.020800e-18 -1.700000e-13 0.000000e+00 2.080000e-20
-1.800000e-01 -1.800000e-01 -2.000000e-01 1.800020e-13 -2.028200e-18 -1.800000e-13 0.000000e+00 2.820000e-20
-1.900000e-01 -1.900000e-01 -2.000000e-01 1.900020e-13 -2.035400e-18 -1.900000e-13 0.000000e+00 3.540000e-20
-2.000000e-01 -2.000000e-01 -2.000000e-01 2.000020e-13 -2.042400e-18 -2.000000e-13 0.000000e+00 4.240000e-20
-2.100000e-01 -2.100000e-01 -2.000000e-01 2.100020e-13 -2.049200e-18 -2.100000e-13 0.000000e+00 4.920000e-20
-2.200000e-01 -2.200000e-01 -2.000000e-01 2.200021e-13 -2.055900e-18 -2.200000e-13 0.000000e+00 4.410000e-20
-2.300000e-01 -2.300000e-01 -2.000000e-01 2.300021e-13 -2.062500e-18 -2.300000e-13 0.000000e+00 3.750000e-20
-2.400000e-01 -2.400000e-01 -2.000000e-01 2.400021e-13 -2.069100e-18 -2.400000e-13 0.000000e+00 3.090000e-20
-2.500000e-01 -2.500000e-01 -2.000000e-01 2.500021e-13 -2.075500e-18 -2.500000e-13 0.000000e+00 2.450000e-20
-2.600000e-01 -2.600000e-01 -2.000000e-01 2.600021e-13 -2.082000e-18 -2.600000e-13 0.000000e+00 1.800000e-20
-2.700000e-01 -2.700000e-01 -2.000000e-01 2.700021e-13 -2.088300e-18 -2.700000e-13 0.000000e+00 1.170000e-20
-2.800000e-01 -2.800000e-01 -2.000000e-01 2.800021e-13 -2.094700e-18 -2.800000e-13 0.000000e+00 5.300000e-21
-2.900000e-01 -2.900000e-01 -2.000000e-01 2.900021e-13 -2.101000e-18 -2.900000e-13 0.000000e+00 1.000000e-21
-3.000000e-01 -3.000000e-01 -2.000000e-01 3.000021e-13 -2.107300e-18 -3.000000e-13 0.000000e+00 7.300000e-21
-3.100000e-01 -3.100000e-01 -2.000000e-01 3.100021e-13 -2.113500e-18 -3.100000e-13 0.000000e+00 1.350000e-20
-3.200000e-01 -3.200000e-01 -2.000000e-01 3.200021e-13 -2.119800e-18 -3.200000e-13 0.000000e+00 1.980000e-20
-3.300000e-01 -3.300000e-01 -2.000000e-01 3.300021e-13 -2.126000e-18 -3.300000e-13 0.000000e+00 2.600000e-20
-3.400000e-01 -3.400000e-01 -2.000000e-01 3.400021e-13 -2.132200e-18 -3.400000e-13 0.000000e+00 3.220000e-20
-3.500000e-01 -3.500000e-01 -2.000000e-01 3.500021e-13 -2.138400e-18 -3.500000e-13 0.000000e+00 3.840000e-20
-3.600000e-01 -3.600000e-01 -2.000000e-01 3.600021e-13 -2.144600e-18 -3.600000e-13 0.000000e+00 4.460000e-20
-3.700000e-01 -3.700000e-01 -2.000000e-01 3.700022e-13 -2.150800e-18 -3.700000e-13 0.000000e+00 4.920000e-20
-3.800000e-01 -3.800000e-01 -2.000000e-01 3.800022e-13 -2.156900e-18 -3.800000e-13 0.000000e+00 4.310000e-20
-3.900000e-01 -3.900000e-01 -2.000000e-01 3.900022e-13 -2.163100e-18 -3.900000e-13 0.000000e+00 3.690000e-20
-4.000000e-01 -4.000000e-01 -2.000000e-01 4.000022e-13 -2.169200e-18 -4.000000e-13 0.000000e+00 3.080000e-20
-4.100000e-01 -4.100000e-01 -2.000000e-01 4.100022e-13 -2.175400e-18 -4.100000e-13 0.000000e+00 2.460000e-20
-4.200000e-01 -4.200000e-01 -2.000000e-01 4.200022e-13 -2.181500e-18 -4.200000e-13 0.000000e+00 1.850000e-20
-4.300000e-01 -4.300000e-01 -2.000000e-01 4.300022e-13 -2.187700e-18 -4.300000e-13 0.000000e+00 1.230000e-20
-4.400000e-01 -4.400000e-01 -2.000000e-01 4.400022e-13 -2.193800e-18 -4.400000e-13 0.000000e+00 6.200000e-21
-4.500000e-01 -4.500000e-01 -2.000000e-01 4.500022e-13 -2.200000e-18 -4.500000e-13 0.000000e+00 0.000000e+00
-4.600000e-01 -4.600000e-01 -2.000000e-01 4.600022e-13 -2.206100e-18 -4.600000e-13 0.000000e+00 6.100000e-21
-4.700000e-01 -4.700000e-01 -2.000000e-01 4.700022e-13 -2.212200e-18 -4.700000e-13 0.000000e+00 1.220000e-20
-4.800000e-01 -4.800000e-01 -2.000000e-01 4.800022e-13 -2.218300e-18 -4.800000e-13 0.000000e+00 1.830000e-20
-4.900000e-01 -4.900000e-01 -2.000000e-01 4.900022e-13 -2.224400e-18 -4.900000e-13 0.000000e+00 2.440000e-20
-5.000000e-01 -5.000000e-01 -2.000000e-01 5.000022e-13 -2.230600e-18 -5.000000e-13 0.000000e+00 3.060000e-20
-5.100000e-01 -5.100000e-01 -2.000000e-01 5.100022e-13 -2.236700e-18 -5.100000e-13 0.000000e+00 3.670000e-20
-5.200000e-01 -5.200000e-01 -2.000000e-01 5.200022e-13 -2.242800e-18 -5.200000e-13 0.000000e+00 4.280000e-20
-5.300000e-01 -5.300000e-01 -2.000000e-01 5.300022e-13 -2.248900e-18 -5.300000e-13 0.000000e+00 4.890000e-20
-5.400000e-01 -5.400000e-01 -2.000000e-01 5.400023e-13 -2.255000e-18 -5.400000e-13 0.000000e+00 4.500000e-20
-5.500000e-01 -5.500000e-01 -2.000000e-01 5.500023e-13 -2.261100e-18 -5.500000e-13 0.000000e+00 3.890000e-20
-5.600000e-01 -5.600000e-01 -2.000000e-01 5.600023e-13 -2.267200e-18 -5.600000e-13 0.000000e+00 3.280000e-20
-5.700000e-01 -5.700000e-01 -2.000000e-01 5.700023e-13 -2.273300e-18 -5.700000e-13 0.000000e+00 2.670000e-20
-5.800000e-01 -5.800000e-01 -2.000000e-01 5.800023e-13 -2.279400e-18 -5.800000e-13 0.000000e+00 2.060000e-20
-5.900000e-01 -5.900000e-01 -2.000000e-01 5.900023e-13 -2.285500e-18 -5.900000e-13 0.000000e+00 1.450000e-20
-6.000000e-01 -6.000000e-01 -2.000000e-01 6.000023e-13 -2.291700e-18 -6.000000e-13 0.000000e+00 8.300000e-21
-6.100000e-01 -6.100000e-01 -2.000000e-01 6.100023e-13 -2.297800e-18 -6.100000e-13 0.000000e+00 2.200000e-21
-6.200000e-01 -6.200000e-01 -2.000000e-01 6.200023e-13 -2.303900e-18 -6.200000e-13 0.000000e+00 3.900000e-21
-6.300000e-01 -6.300000e-01 -2.000000e-01 6.300023e-13 -2.310000e-18 -6.300000e-13 0.000000e+00 1.000000e-20
-6.400000e-01 -6.400000e-01 -2.000000e-01 6.400023e-13 -2.316100e-18 -6.400000e-13 0.000000e+00 1.610000e-20
-6.500000e-01 -6.500000e-01 -2.000000e-01 6.500023e-13 -2.322200e-18 -6.500000e-13 0.000000e+00 2.220000e-20
-6.600000e-01 -6.600000e-01 -2.000000e-01 6.600023e-13 -2.328300e-18 -6.600000e-13 0.000000e+00 2.830000e-20
-6.700000e-01 -6.700000e-01 -2.000000e-01 6.700023e-13 -2.334400e-18 -6.700000e-13 0.000000e+00 3.440000e-20
-6.800000e-01 -6.800000e-01 -2.000000e-01 6.800023e-13 -2.340400e-18 -6.800000e-13 0.000000e+00 4.040000e-20
-6.900000e-01 -6.900000e-01 -2.000000e-01 6.900023e-13 -2.346500e-18 -6.900000e-13 0.000000e+00 4.650000e-20
-7.000000e-01 -7.000000e-01 -2.000000e-01 7.000024e-13 -2.352600e-18 -7.000000e-13 0.000000e+00 4.740000e-20
-7.100000e-01 -7.100000e-01 -2.000000e-01 7.100024e-13 -2.358700e-18 -7.100000e-13 0.000000e+00 4.130000e-20
-7.200000e-01 -7.200000e-01 -2.000000e-01 7.200024e-13 -2.364800e-18 -7.200000e-13 0.000000e+00 3.520000e-20
-7.300000e-01 -7.300000e-01 -2.000000e-01 7.300024e-13 -2.370900e-18 -7.300000e-13 0.000000e+00 2.910000e-20
-7.400000e-01 -7.400000e-01 -2.000000e-01 7.400024e-13 -2.377000e-18 -7.400000e-13 0.000000e+00 2.300000e-20
-7.500000e-01 -7.500000e-01 -2.000000e-01 7.500024e-13 -2.383100e-18 -7.500000e-13 0.000000e+00 1.690000e-20
-7.600000e-01 -7.600000e-01 -2.000000e-01 7.600024e-13 -2.389200e-18 -7.600000e-13 0.000000e+00 1.080000e-20
-7.700000e-01 -7.700000e-01 -2.000000e-01 7.700024e-13 -2.395300e-18 -7.700000e-13 0.000000e+00 4.700000e-21
-7.800000e-01 -7.800000e-01 -2.000000e-01 7.800024e-13 -2.401400e-18 -7.800000e-13 0.000000e+00 1.400000e-21
-7.900000e-01 -7.900000e-01 -2.000000e-01 7.900024e-13 -2.407500e-18 -7.900000e-13 0.000000e+00 7.500000e-21
-8.000000e-01 -8.000000e-01 -2.000000e-01 8.000024e-13 -2.413600e-18 -8.000000e-13 0.000000e+00 1.360000e-20
-8.100000e-01 -8.100000e-01 -2.000000e-01 8.100024e-13 -2.419700e-18 -8.100000e-13 0.000000e+00 1.970000e-20
-8.200000e-01 -8.200000e-01 -2.000000e-01 8.200024e-13 -2.425800e-18 -8.200000e-13 0.000000e+00 2.580000e-20
-8.300000e-01 -8.300000e-01 -2.000000e-01 8.300024e-13 -2.431900e-18 -8.300000e-13 0.000000e+00 3.190000e-20
-8.400000e-01 -8.400000e-01 -2.000000e-01 8.400024e-13 -2.438000e-18 -8.400000e-13 0.000000e+00 3.800000e-20
-8.500000e-01 -8.500000e-01 -2.000000e-01 8.500024e-13 -2.444000e-18 -8.500000e-13 0.000000e+00 4.400000e-20
-8.600000e-01 -8.600000e-01 -2.000000e-01 8.600025e-13 -2.450100e-18 -8.600000e-13 0.000000e+00 4.990000e-20
-8.700000e-01 -8.700000e-01 -2.000000e-01 8.700025e-13 -2.456200e-18 -8.700000e-13 0.000000e+00 4.380000e-20
-8.800000e-01 -8.800000e-01 -2.000000e-01 8.800025e-13 -2.462300e-18 -8.800000e-13 0.000000e+00 3.770000e-20
-8.900000e-01 -8.900000e-01 -2.000000e-01 8.900025e-13 -2.468400e-18 -8.900000e-13 0.000000e+00 3.160000e-20
-9.000000e-01 -9.000000e-01 -2.000000e-01 9.000025e-13 -2.474500e-18 -9.000000e-13 0.000000e+00 2.550000e-20
-9.100000e-01 -9.100000e-01 -2.000000e-01 9.100025e-13 -2.480600e-18 -9.100000e-13 0.000000e+00 1.940000e-20
-9.200000e-01 -9.200000e-01 -2.000000e-01 9.200025e-13 -2.486700e-18 -9.200000e-13 0.000000e+00 1.330000e-20
-9.300000e-01 -9.300000e-01 -2.000000e-01 9.300025e-13 -2.492800e-18 -9.300000e-13 0.000000e+00 7.200000e-21
-9.400000e-01 -9.400000e-01 -2.000000e-01 9.400025e-13 -2.498900e-18 -9.400000e-13 0.000000e+00 1.100000e-21
-9.500000e-01 -9.500000e-01 -2.000000e-01 9.500025e-13 -2.505000e-18 -9.500000e-13 0.000000e+00 5.000000e-21
-9.600000e-01 -9.600000e-01 -2.000000e-01 9.600025e-13 -2.511100e-18 -9.600000e-13 0.000000e+00 1.110000e-20
-9.700000e-01 -9.700000e-01 -2.000000e-01 9.700025e-13 -2.517100e-18 -9.700000e-13 0.000000e+00 1.710000e-20
-9.800000e-01 -9.800000e-01 -2.000000e-01 9.800025e-13 -2.523200e-18 -9.800000e-13 0.000000e+00 2.320000e-20
-9.900000e-01 -9.900000e-01 -2.000000e-01 9.900025e-13 -2.529300e-18 -9.900000e-13 0.000000e+00 2.930000e-20
-1.000000e+00 -1.000000e+00 -2.000000e-01 1.000000e-12 -2.535400e-18 -1.000000e-12 0.000000e+00 2.535400e-18
-1.010000e+00 -1.010000e+00 -2.000000e-01 1.010000e-12 -2.541500e-18 -1.010000e-12 0.000000e+00 2.541500e-18
-1.020000e+00 -1.020000e+00 -2.000000e-01 1.020000e-12 -2.547600e-18 -1.020000e-12 0.000000e+00 2.547600e-18
-1.030000e+00 -1.030000e+00 -2.000000e-01 1.030000e-12 -2.553700e-18 -1.030000e-12 0.000000e+00 2.553700e-18
-1.040000e+00 -1.040000e+00 -2.000000e-01 1.040000e-12 -2.559800e-18 -1.040000e-12 0.000000e+00 2.559800e-18
-1.050000e+00 -1.050000e+00 -2.000000e-01 1.050000e-12 -2.565900e-18 -1.050000e-12 0.000000e+00 2.565900e-18
-1.060000e+00 -1.060000e+00 -2.000000e-01 1.060000e-12 -2.572000e-18 -1.060000e-12 0.000000e+00 2.572000e-18
-1.070000e+00 -1.070000e+00 -2.000000e-01 1.070000e-12 -2.578000e-18 -1.070000e-12 0.000000e+00 2.578000e-18
-1.080000e+00 -1.080000e+00 -2.000000e-01 1.080000e-12 -2.584100e-18 -1.080000e-12 0.000000e+00 2.584100e-18
-1.090000e+00 -1.090000e+00 -2.000000e-01 1.090000e-12 -2.590200e-18 -1.090000e-12 0.000000e+00 2.590200e-18
-1.100000e+00 -1.100000e+00 -2.000000e-01 1.100000e-12 -2.596300e-18 -1.100000e-12 0.000000e+00 2.596300e-18
-1.110000e+00 -1.110000e+00 -2.000000e-01 1.110000e-12 -2.602400e-18 -1.110000e-12 0.000000e+00 2.602400e-18
-1.120000e+00 -1.120000e+00 -2.000000e-01 1.120000e-12 -2.608500e-18 -1.120000e-12 0.000000e+00 2.608500e-18
-1.130000e+00 -1.130000e+00 -2.000000e-01 1.130000e-12 -2.614600e-18 -1.130000e-12 0.000000e+00 2.614600e-18
-1.140000e+00 -1.140000e+00 -2.000000e-01 1.140000e-12 -2.620700e-18 -1.140000e-12 0.000000e+00 2.620700e-18
-1.150000e+00 -1.150000e+00 -2.000000e-01 1.150000e-12 -2.626800e-18 -1.150000e-12 0.000000e+00 2.626800e-18
-1.160000e+00 -1.160000e+00 -2.000000e-01 1.160000e-12 -2.632900e-18 -1.160000e-12 0.000000e+00 2.632900e-18
-1.170000e+00 -1.170000e+00 -2.000000e-01 1.170000e-12 -2.639000e-18 -1.170000e-12 0.000000e+00 2.639000e-18
-1.180000e+00 -1.180000e+00 -2.000000e-01 1.180000e-12 -2.645100e-18 -1.180000e-12 0.000000e+00 2.645100e-18
-1.190000e+00 -1.190000e+00 -2.000000e-01 1.190000e-12 -2.651200e-18 -1.190000e-12 0.000000e+00 2.651200e-18
-1.200000e+00 -1.200000e+00 -2.000000e-01 1.200000e-12 -2.657200e-18 -1.200000e-12 0.000000e+00 2.657200e-18
0.000000e+00 0.000000e+00 -4.000000e-01 0.000000e+00 0.000000e+00 0.000000e+00 0.000000e+00 0.000000e+00
-1.000000e-02 -1.000000e-02 -4.000000e-01 1.009430e-14 -9.431750e-17 -1.000000e-14 0.000000e+00 1.750000e-20
-2.000000e-02 -2.000000e-02 -4.000000e-01 2.016730e-14 -1.672932e-16 -2.000000e-14 0.000000e+00 6.800000e-21
-3.000000e-02 -3.000000e-02 -4.000000e-01 3.022090e-14 -2.209009e-16 -3.000000e-14 0.000000e+00 9.000000e-22
-4.000000e-02 -4.000000e-02 -4.000000e-01 4.025810e-14 -2.580805e-16 -4.000000e-14 0.000000e+00 1.950000e-20
-5.000000e-02 -5.000000e-02 -4.000000e-01 5.028260e-14 -2.825634e-16 -5.000000e-14 0.000000e+00 3.660000e-20
-6.000000e-02 -6.000000e-02 -4.000000e-01 6.029820e-14 -2.981988e-16 -6.000000e-14 0.000000e+00 1.200000e-21
-7.000000e-02 -7.000000e-02 -4.000000e-01 7.030820e-14 -3.081917e-16 -7.000000e-14 0.000000e+00 8.300000e-21
-8.000000e-02 -8.000000e-02 -4.000000e-01 8.031480e-14 -3.147755e-16 -8.000000e-14 0.000000e+00 2.450000e-20
-9.000000e-02 -9.000000e-02 -4.000000e-01 9.031930e-14 -3.193346e-16 -9.000000e-14 0.000000e+00 3.460000e-20
-1.000000e-01 -1.000000e-01 -4.000000e-01 1.003227e-13 -3.226794e-16 -1.000000e-13 0.000000e+00 2.060000e-20
-1.100000e-01 -1.100000e-01 -4.000000e-01 1.103253e-13 -3.252779e-16 -1.100000e-13 0.000000e+00 2.210000e-20
-1.200000e-01 -1.200000e-01 -4.000000e-01 1.203274e-13 -3.274032e-16 -1.200000e-13 0.000000e+00 3.200000e-21
-1.300000e-01 -1.300000e-01 -4.000000e-01 1.303292e-13 -3.292189e-16 -1.300000e-13 0.000000e+00 1.890000e-20
-1.400000e-01 -1.400000e-01 -4.000000e-01 1.403308e-13 -3.308257e-16 -1.400000e-13 0.000000e+00 2.570000e-20
-1.500000e-01 -1.500000e-01 -4.000000e-01 1.503323e-13 -3.322875e-16 -1.500000e-13 0.000000e+00 1.250000e-20
-1.600000e-01 -1.600000e-01 -4.000000e-01 1.603336e-13 -3.336463e-16 -1.600000e-13 0.000000e+00 4.630000e-20
-1.700000e-01 -1.700000e-01 -4.000000e-01 1.703349e-13 -3.349299e-16 -1.700000e-13 0.000000e+00 2.990000e-20
-1.800000e-01 -1.800000e-01 -4.000000e-01 1.803362e-13 -3.361579e-16 -1.800000e-13 0.000000e+00 4.210000e-20
-1.900000e-01 -1.900000e-01 -4.000000e-01 1.903373e-13 -3.373436e-16 -1.900000e-13 0.000000e+00 4.360000e-20
-2.000000e-01 -2.000000e-01 -4.000000e-01 2.003385e-13 -3.384969e-16 -2.000000e-13 0.000000e+00 3.100000e-21
-2.100000e-01 -2.100000e-01 -4.000000e-01 2.103396e-13 -3.396250e-16 -2.100000e-13 0.000000e+00 2.500000e-20
-2.200000e-01 -2.200000e-01 -4.000000e-01 2.203407e-13 -3.407330e-16 -2.200000e-13 0.000000e+00 3.300000e-20
-2.300000e-01 -2.300000e-01 -4.000000e-01 2.303418e-13 -3.418251e-16 -2.300000e-13 0.000000e+00 2.510000e-20
-2.400000e-01 -2.400000e-01 -4.000000e-01 2.403429e-13 -3.429043e-16 -2.400000e-13 0.000000e+00 4.300000e-21
-2.500000e-01 -2.500000e-01 -4.000000e-01 2.503440e-13 -3.439729e-16 -2.500000e-13 0.000000e+00 2.710000e-20
-2.600000e-01 -2.600000e-01 -4.000000e-01 2.603450e-13 -3.450328e-16 -2.600000e-13 0.000000e+00 3.280000e-20
-2.700000e-01 -2.700000e-01 -4.000000e-01 2.703461e-13 -3.460855e-16 -2.700000e-13 0.000000e+00 1.450000e-20
-2.800000e-01 -2.800000e-01 -4.000000e-01 2.803471e-13 -3.471321e-16 -2.800000e-13 0.000000e+00 3.210000e-20
-2.900000e-01 -2.900000e-01 -4.000000e-01 2.903482e-13 -3.481737e-16 -2.900000e-13 0.000000e+00 2.630000e-20
-3.000000e-01 -3.000000e-01 -4.000000e-01 3.003492e-13 -3.492109e-16 -3.000000e-13 0.000000e+00 1.090000e-20
-3.100000e-01 -3.100000e-01 -4.000000e-01 3.103502e-13 -3.502445e-16 -3.100000e-13 0.000000e+00 4.450000e-20
-3.200000e-01 -3.200000e-01 -4.000000e-01 3.203513e-13 -3.512749e-16 -3.200000e-13 0.000000e+00 2.510000e-20
-3.300000e-01 -3.300000e-01 -4.000000e-01 3.303523e-13 -3.523026e-16 -3.300000e-13 0.000000e+00 2.600000e-21
-3.400000e-01 -3.400000e-01 -4.000000e-01 3.403533e-13 -3.533279e-16 -3.400000e-13 0.000000e+00 2.790000e-20
-3.500000e-01 -3.500000e-01 -4.000000e-01 3.503544e-13 -3.543511e-16 -3.500000e-13 0.000000e+00 4.890000e-20
-3.600000e-01 -3.600000e-01 -4.000000e-01 3.603554e-13 -3.553726e-16 -3.600000e-13 0.000000e+00 2.740000e-20
-3.700000e-01 -3.700000e-01 -4.000000e-01 3.703564e-13 -3.563925e-16 -3.700000e-13 0.000000e+00 7.500000e-21
-3.800000e-01 -3.800000e-01 -4.000000e-01 3.803574e-13 -3.574110e-16 -3.800000e-13 0.000000e+00 1.100000e-20
-3.900000e-01 -3.900000e-01 -4.000000e-01 3.903584e-13 -3.584283e-16 -3.900000e-13 0.000000e+00 2.830000e-20
-4.000000e-01 -4.000000e-01 -4.000000e-01 4.003594e-13 -3.594444e-16 -4.000000e-13 0.000000e+00 4.440000e-20
-4.100000e-01 -4.100000e-01 -4.000000e-01 4.103605e-13 -3.604596e-16 -4.100000e-13 0.000000e+00 4.040000e-20
-4.200000e-01 -4.200000e-01 -4.000000e-01 4.203615e-13 -3.614740e-16 -4.200000e-13 0.000000e+00 2.600000e-20
-4.300000e-01 -4.300000e-01 -4.000000e-01 4.303625e-13 -3.624875e-16 -4.300000e-13 0.000000e+00 1.250000e-20
-4.400000e-01 -4.400000e-01 -4.000000e-01 4.403635e-13 -3.635004e-16 -4.400000e-13 0.000000e+00 4.000000e-22
-4.500000e-01 -4.500000e-01 -4.000000e-01 4.503645e-13 -3.645127e-16 -4.500000e-13 0.000000e+00 1.270000e-20
-4.600000e-01 -4.600000e-01 -4.000000e-01 4.603655e-13 -3.655244e-16 -4.600000e-13 0.000000e+00 2.440000e-20
-4.700000e-01 -4.700000e-01 -4.000000e-01 4.703665e-13 -3.665355e-16 -4.700000e-13 0.000000e+00 3.550000e-20
-4.800000e-01 -4.800000e-01 -4.000000e-01 4.803675e-13 -3.675462e-16 -4.800000e-13 0.000000e+00 4.620000e-20
-4.900000e-01 -4.900000e-01 -4.000000e-01 4.903686e-13 -3.685565e-16 -4.900000e-13 0.000000e+00 4.350000e-20
-5.000000e-01 -5.000000e-01 -4.000000e-01 5.003696e-13 -3.695664e-16 -5.000000e-13 0.000000e+00 3.360000e-20
-5.100000e-01 -5.100000e-01 -4.000000e-01 5.103706e-13 -3.705760e-16 -5.100000e-13 0.000000e+00 2.400000e-20
-5.200000e-01 -5.200000e-01 -4.000000e-01 5.203716e-13 -3.715853e-16 -5.200000e-13 0.000000e+00 1.470000e-20
-5.300000e-01 -5.300000e-01 -4.000000e-01 5.303726e-13 -3.725942e-16 -5.300000e-13 0.000000e+00 5.800000e-21
-5.400000e-01 -5.400000e-01 -4.000000e-01 5.403736e-13 -3.736029e-16 -5.400000e-13 0.000000e+00 2.900000e-21
-5.500000e-01 -5.500000e-01 -4.000000e-01 5.503746e-13 -3.746114e-16 -5.500000e-13 0.000000e+00 1.140000e-20
-5.600000e-01 -5.600000e-01 -4.000000e-01 5.603756e-13 -3.756196e-16 -5.600000e-13 0.000000e+00 1.960000e-20
-5.700000e-01 -5.700000e-01 -4.000000e-01 5.703766e-13 -3.766276e-16 -5.700000e-13 0.000000e+00 2.760000e-20
-5.800000e-01 -5.800000e-01 -4.000000e-01 5.803776e-13 -3.776354e-16 -5.800000e-13 0.000000e+00 3.540000e-20
-5.900000e-01 -5.900000e-01 -4.000000e-01 5.903786e-13 -3.786431e-16 -5.900000e-13 0.000000e+00 4.310000e-20
-6.000000e-01 -6.000000e-01 -4.000000e-01 6.003797e-13 -3.796506e-16 -6.000000e-13 0.000000e+00 4.940000e-20
-6.100000e-01 -6.100000e-01 -4.000000e-01 6.103807e-13 -3.806579e-16 -6.100000e-13 0.000000e+00 4.210000e-20
-6.200000e-01 -6.200000e-01 -4.000000e-01 6.203817e-13 -3.816651e-16 -6.200000e-13 0.000000e+00 3.490000e-20
-6.300000e-01 -6.300000e-01 -4.000000e-01 6.303827e-13 -3.826722e-16 -6.300000e-13 0.000000e+00 2.780000e-20
-6.400000e-01 -6.400000e-01 -4.000000e-01 6.403837e-13 -3.836791e-16 -6.400000e-13 0.000000e+00 2.090000e-20
-6.500000e-01 -6.500000e-01 -4.000000e-01 6.503847e-13 -3.846860e-16 -6.500000e-13 0.000000e+00 1.400000e-20
-6.600000e-01 -6.600000e-01 -4.000000e-01 6.603857e-13 -3.856927e-16 -6.600000e-13 0.000000e+00 7.300000e-21
-6.700000e-01 -6.700000e-01 -4.000000e-01 6.703867e-13 -3.866994e-16 -6.700000e-13 0.000000e+00 6.000000e-22
-6.800000e-01 -6.800000e-01 -4.000000e-01 6.803877e-13 -3.877059e-16 -6.800000e-13 0.000000e+00 5.900000e-21
-6.900000e-01 -6.900000e-01 -4.000000e-01 6.903887e-13 -3.887124e-16 -6.900000e-13 0.000000e+00 1.240000e-20
-7.000000e-01 -7.000000e-01 -4.000000e-01 7.003897e-13 -3.897188e-16 -7.000000e-13 0.000000e+00 1.880000e-20
-7.100000e-01 -7.100000e-01 -4.000000e-01 7.103907e-13 -3.907251e-16 -7.100000e-13 0.000000e+00 2.510000e-20
-7.200000e-01 -7.200000e-01 -4.000000e-01 7.203917e-13 -3.917313e-16 -7.200000e-13 0.000000e+00 3.130000e-20
-7.300000e-01 -7.300000e-01 -4.000000e-01 7.303927e-13 -3.927375e-16 -7.300000e-13 0.000000e+00 3.750000e-20
-7.400000e-01 -7.400000e-01 -4.000000e-01 7.403937e-13 -3.937436e-16 -7.400000e-13 0.000000e+00 4.360000e-20
-7.500000e-01 -7.500000e-01 -4.000000e-01 7.503947e-13 -3.947497e-16 -7.500000e-13 0.000000e+00 4.970000e-20
-7.600000e-01 -7.600000e-01 -4.000000e-01 7.603958e-13 -3.957557e-16 -7.600000e-13 0.000000e+00 4.430000e-20
-7.700000e-01 -7.700000e-01 -4.000000e-01 7.703968e-13 -3.967617e-16 -7.700000e-13 0.000000e+00 3.830000e-20
-7.800000e-01 -7.800000e-01 -4.000000e-01 7.803978e-13 -3.977676e-16 -7.800000e-13 0.000000e+00 3.240000e-20
-7.900000e-01 -7.900000e-01 -4.000000e-01 7.903988e-13 -3.987735e-16 -7.900000e-13 0.000000e+00 2.650000e-20
-8.000000e-01 -8.000000e-01 -4.000000e-01 8.003998e-13 -3.997793e-16 -8.000000e-13 0.000000e+00 2.070000e-20
-8.100000e-01 -8.100000e-01 -4.000000e-01 8.104008e-13 -4.007851e-16 -8.100000e-13 0.000000e+00 1.490000e-20
-8.200000e-01 -8.200000e-01 -4.000000e-01 8.204018e-13 -4.017909e-16 -8.200000e-13 0.000000e+00 9.100000e-21
-8.300000e-01 -8.300000e-01 -4.000000e-01 8.304028e-13 -4.027966e-16 -8.300000e-13 0.000000e+00 3.400000e-21
-8.400000e-01 -8.400000e-01 -4.000000e-01 8.404038e-13 -4.038023e-16 -8.400000e-13 0.000000e+00 2.300000e-21
-8.500000e-01 -8.500000e-01 -4.000000e-01 8.504048e-13 -4.048079e-16 -8.500000e-13 0.000000e+00 7.900000e-21
-8.600000e-01 -8.600000e-01 -4.000000e-01 8.604058e-13 -4.058135e-16 -8.600000e-13 0.000000e+00 1.350000e-20
-8.700000e-01 -8.700000e-01 -4.000000e-01 8.704068e-13 -4.068191e-16 -8.700000e-13 0.000000e+00 1.910000e-20
-8.800000e-01 -8.800000e-01 -4.000000e-01 8.804078e-13 -4.078247e-16 -8.800000e-13 0.000000e+00 2.470000e-20
-8.900000e-01 -8.900000e-01 -4.000000e-01 8.904088e-13 -4.088303e-16 -8.900000e-13 0.000000e+00 3.030000e-20
-9.000000e-01 -9.000000e-01 -4.000000e-01 9.004098e-13 -4.098358e-16 -9.000000e-13 0.000000e+00 3.580000e-20
-9.100000e-01 -9.100000e-01 -4.000000e-01 9.104108e-13 -4.108413e-16 -9.100000e-13 0.000000e+00 4.130000e-20
-9.200000e-01 -9.200000e-01 -4.000000e-01 9.204118e-13 -4.118468e-16 -9.200000e-13 0.000000e+00 4.680000e-20
-9.300000e-01 -9.300000e-01 -4.000000e-01 9.304129e-13 -4.128523e-16 -9.300000e-13 0.000000e+00 4.770000e-20
-9.400000e-01 -9.400000e-01 -4.000000e-01 9.404139e-13 -4.138577e-16 -9.400000e-13 0.000000e+00 4.230000e-20
-9.500000e-01 -9.500000e-01 -4.000000e-01 9.504149e-13 -4.148632e-16 -9.500000e-13 0.000000e+00 3.680000e-20
-9.600000e-01 -9.600000e-01 -4.000000e-01 9.604159e-13 -4.158686e-16 -9.600000e-13 0.000000e+00 3.140000e-20
-9.700000e-01 -9.700000e-01 -4.000000e-01 9.704169e-13 -4.168740e-16 -9.700000e-13 0.000000e+00 2.600000e-20
-9.800000e-01 -9.800000e-01 -4.000000e-01 9.804179e-13 -4.178794e-16 -9.800000e-13 0.000000e+00 2.060000e-20
-9.900000e-01 -9.900000e-01 -4.000000e-01 9.904189e-13 -4.188848e-16 -9.900000e-13 0.000000e+00 1.520000e-20
-1.000000e+00 -1.000000e+00 -4.000000e-01 1.000400e-12 -4.198902e-16 -1.000000e-12 0.000000e+00 1.989020e-17
-1.010000e+00 -1.010000e+00 -4.000000e-01 1.010400e-12 -4.208956e-16 -1.010000e-12 0.000000e+00 2.089560e-17
-1.020000e+00 -1.020000e+00 -4.000000e-01 1.020400e-12 -4.219010e-16 -1.020000e-12 0.000000e+00 2.190100e-17
-1.030000e+00 -1.030000e+00 -4.000000e-01 1.030400e-12 -4.229064e-16 -1.030000e-12 0.000000e+00 2.290640e-17
-1.040000e+00 -1.040000e+00 -4.000000e-01 1.040400e-12 -4.239118e-16 -1.040000e-12 0.000000e+00 2.391180e-17
-1.050000e+00 -1.050000e+00 -4.000000e-01 1.050400e-12 -4.249171e-16 -1.050000e-12 0.000000e+00 2.491710e-17
-1.060000e+00 -1.060000e+00 -4.000000e-01 1.060400e-12 -4.259225e-16 -1.060000e-12 0.000000e+00 2.592250e-17
-1.070000e+00 -1.070000e+00 -4.000000e-01 1.070400e-12 -4.269280e-16 -1.070000e-12 0.000000e+00 2.692800e-17
-1.080000e+00 -1.080000e+00 -4.000000e-01 1.080400e-12 -4.279334e-16 -1.080000e-12 0.000000e+00 2.793340e-17
-1.090000e+00 -1.090000e+00 -4.000000e-01 1.090400e-12 -4.289388e-16 -1.090000e-12 0.000000e+00 2.893880e-17
-1.100000e+00 -1.100000e+00 -4.000000e-01 1.100400e-12 -4.299443e-16 -1.100000e-12 0.000000e+00 2.994430e-17
-1.110000e+00 -1.110000e+00 -4.000000e-01 1.110400e-12 -4.309498e-16 -1.110000e-12 0.000000e+00 3.094980e-17
-1.120000e+00 -1.120000e+00 -4.000000e-01 1.120400e-12 -4.319553e-16 -1.120000e-12 0.000000e+00 3.195530e-17
-1.130000e+00 -1.130000e+00 -4.000000e-01 1.130400e-12 -4.329608e-16 -1.130000e-12 0.000000e+00 3.296080e-17
-1.140000e+00 -1.140000e+00 -4.000000e-01 1.140400e-12 -4.339664e-16 -1.140000e-12 0.000000e+00 3.396640e-17
-1.150000e+00 -1.150000e+00 -4.000000e-01 1.150400e-12 -4.349721e-16 -1.150000e-12 0.000000e+00 3.497210e-17
-1.160000e+00 -1.160000e+00 -4.000000e-01 1.160400e-12 -4.359777e-16 -1.160000e-12 0.000000e+00 3.597770e-17
-1.170000e+00 -1.170000e+00 -4.000000e-01 1.170400e-12 -4.369835e-16 -1.170000e-12 0.000000e+00 3.698350e-17
-1.180000e+00 -1.180000e+00 -4.000000e-01 1.180400e-12 -4.379893e-16 -1.180000e-12 0.000000e+00 3.798930e-17
-1.190000e+00 -1.190000e+00 -4.000000e-01 1.190400e-12 -4.389952e-16 -1.190000e-12 0.000000e+00 3.899520e-17
-1.200000e+00 -1.200000e+00 -4.000000e-01 1.200400e-12 -4.400011e-16 -1.200000e-12 0.000000e+00 4.000110e-17
0.000000e+00 0.000000e+00 -6.000000e-01 0.000000e+00 0.000000e+00 0.000000e+00 0.000000e+00 0.000000e+00
-1.000000e-02 -1.000000e-02 -6.000000e-01 1.807980e-14 -8.079800e-15 -1.000000e-14 0.000000e+00 1.577722e-30
-2.000000e-02 -2.000000e-02 -6.000000e-01 3.481520e-14 -1.481520e-14 -2.000000e-14 0.000000e+00 3.155444e-30
-3.000000e-02 -3.000000e-02 -6.000000e-01 5.026260e-14 -2.026260e-14 -3.000000e-14 0.000000e+00 0.000000e+00
-4.000000e-02 -4.000000e-02 -6.000000e-01 6.450990e-14 -2.450990e-14 -4.000000e-14 0.000000e+00 6.310887e-30
-5.000000e-02 -5.000000e-02 -6.000000e-01 7.768590e-14 -2.768590e-14 -5.000000e-14 0.000000e+00 1.262177e-29
-6.000000e-02 -6.000000e-02 -6.000000e-01 8.996240e-14 -2.996240e-14 -6.000000e-14 0.000000e+00 0.000000e+00
-7.000000e-02 -7.000000e-02 -6.000000e-01 1.015383e-13 -3.153830e-14 -7.000000e-14 0.000000e+00 1.262177e-29
-8.000000e-02 -8.000000e-02 -6.000000e-01 1.126094e-13 -3.260940e-14 -8.000000e-14 0.000000e+00 1.262177e-29
-9.000000e-02 -9.000000e-02 -6.000000e-01 1.233394e-13 -3.333940e-14 -9.000000e-14 0.000000e+00 1.262177e-29
-1.000000e-01 -1.000000e-01 -6.000000e-01 1.338483e-13 -3.384830e-14 -1.000000e-13 0.000000e+00 0.000000e+00
-1.100000e-01 -1.100000e-01 -6.000000e-01 1.442163e-13 -3.421630e-14 -1.100000e-13 0.000000e+00 1.262177e-29
-1.200000e-01 -1.200000e-01 -6.000000e-01 1.544942e-13 -3.449420e-14 -1.200000e-13 0.000000e+00 2.524355e-29
-1.300000e-01 -1.300000e-01 -6.000000e-01 1.647137e-13 -3.471370e-14 -1.300000e-13 0.000000e+00 0.000000e+00
-1.400000e-01 -1.400000e-01 -6.000000e-01 1.748945e-13 -3.489450e-14 -1.400000e-13 0.000000e+00 0.000000e+00
-1.500000e-01 -1.500000e-01 -6.000000e-01 1.850491e-13 -3.504910e-14 -1.500000e-13 0.000000e+00 0.000000e+00
-1.600000e-01 -1.600000e-01 -6.000000e-01 1.951855e-13 -3.518550e-14 -1.600000e-13 0.000000e+00 2.524355e-29
-1.700000e-01 -1.700000e-01 -6.000000e-01 2.053089e-13 -3.530890e-14 -1.700000e-13 0.000000e+00 0.000000e+00
-1.800000e-01 -1.800000e-01 -6.000000e-01 2.154229e-13 -3.542290e-14 -1.800000e-13 0.000000e+00 0.000000e+00
-1.900000e-01 -1.900000e-01 -6.000000e-01 2.255300e-13 -3.553000e-14 -1.900000e-13 0.000000e+00 0.000000e+00
-2.000000e-01 -2.000000e-01 -6.000000e-01 2.356318e-13 -3.563180e-14 -2.000000e-13 0.000000e+00 0.000000e+00
-2.100000e-01 -2.100000e-01 -6.000000e-01 2.457297e-13 -3.572970e-14 -2.100000e-13 0.000000e+00 0.000000e+00
-2.200000e-01 -2.200000e-01 -6.000000e-01 2.558244e-13 -3.582440e-14 -2.200000e-13 0.000000e+00 0.000000e+00
-2.300000e-01 -2.300000e-01 -6.000000e-01 2.659168e-13 -3.591680e-14 -2.300000e-13 0.000000e+00 5.048710e-29
-2.400000e-01 -2.400000e-01 -6.000000e-01 2.760071e-13 -3.600710e-14 -2.400000e-13 0.000000e+00 5.048710e-29
-2.500000e-01 -2.500000e-01 -6.000000e-01 2.860959e-13 -3.609590e-14 -2.500000e-13 0.000000e+00 0.000000e+00
-2.600000e-01 -2.600000e-01 -6.000000e-01 2.961834e-13 -3.618340e-14 -2.600000e-13 0.000000e+00 5.048710e-29
-2.700000e-01 -2.700000e-01 -6.000000e-01 3.062699e-13 -3.626990e-14 -2.700000e-13 0.000000e+00 0.000000e+00
-2.800000e-01 -2.800000e-01 -6.000000e-01 3.163556e-13 -3.635560e-14 -2.800000e-13 0.000000e+00 0.000000e+00
-2.900000e-01 -2.900000e-01 -6.000000e-01 3.264405e-13 -3.644050e-14 -2.900000e-13 0.000000e+00 5.048710e-29
-3.000000e-01 -3.000000e-01 -6.000000e-01 3.365248e-13 -3.652480e-14 -3.000000e-13 0.000000e+00 0.000000e+00
-3.100000e-01 -3.100000e-01 -6.000000e-01 3.466086e-13 -3.660860e-14 -3.100000e-13 0.000000e+00 5.048710e-29
-3.200000e-01 -3.200000e-01 -6.000000e-01 3.566919e-13 -3.669190e-14 -3.200000e-13 0.000000e+00 5.048710e-29
-3.300000e-01 -3.300000e-01 -6.000000e-01 3.667749e-13 -3.677490e-14 -3.300000e-13 0.000000e+00 0.000000e+00
-3.400000e-01 -3.400000e-01 -6.000000e-01 3.768576e-13 -3.685760e-14 -3.400000e-13 0.000000e+00 0.000000e+00
-3.500000e-01 -3.500000e-01 -6.000000e-01 3.869400e-13 -3.694000e-14 -3.500000e-13 0.000000e+00 0.000000e+00
-3.600000e-01 -3.600000e-01 -6.000000e-01 3.970221e-13 -3.702210e-14 -3.600000e-13 0.000000e+00 5.048710e-29
-3.700000e-01 -3.700000e-01 -6.000000e-01 4.071041e-13 -3.710410e-14 -3.700000e-13 0.000000e+00 0.000000e+00
-3.800000e-01 -3.800000e-01 -6.000000e-01 4.171858e-13 -3.718580e-14 -3.800000e-13 0.000000e+00 5.048710e-29
-3.900000e-01 -3.900000e-01 -6.000000e-01 4.272674e-13 -3.726740e-14 -3.900000e-13 0.000000e+00 5.048710e-29
-4.000000e-01 -4.000000e-01 -6.000000e-01 4.373489e-13 -3.734890e-14 -4.000000e-13 0.000000e+00 5.048710e-29
-4.100000e-01 -4.100000e-01 -6.000000e-01 4.474302e-13 -3.743020e-14 -4.100000e-13 0.000000e+00 5.048710e-29
-4.200000e-01 -4.200000e-01 -6.000000e-01 4.575115e-13 -3.751150e-14 -4.200000e-13 0.000000e+00 5.048710e-29
-4.300000e-01 -4.300000e-01 -6.000000e-01 4.675926e-13 -3.759260e-14 -4.300000e-13 0.000000e+00 0.000000e+00
-4.400000e-01 -4.400000e-01 -6.000000e-01 4.776736e-13 -3.767360e-14 -4.400000e-13 0.000000e+00 5.048710e-29
-4.500000e-01 -4.500000e-01 -6.000000e-01 4.877546e-13 -3.775460e-14 -4.500000e-13 0.000000e+00 0.000000e+00
-4.600000e-01 -4.600000e-01 -6.000000e-01 4.978355e-13 -3.783550e-14 -4.600000e-13 0.000000e+00 0.000000e+00
-4.700000e-01 -4.700000e-01 -6.000000e-01 5.079163e-13 -3.791630e-14 -4.700000e-13 0.000000e+00 0.000000e+00
-4.800000e-01 -4.800000e-01 -6.000000e-01 5.179971e-13 -3.799710e-14 -4.800000e-13 0.000000e+00 0.000000e+00
-4.900000e-01 -4.900000e-01 -6.000000e-01 5.280778e-13 -3.807780e-14 -4.900000e-13 0.000000e+00 0.000000e+00
-5.000000e-01 -5.000000e-01 -6.000000e-01 5.381584e-13 -3.815840e-14 -5.000000e-13 0.000000e+00 1.009742e-28
-5.100000e-01 -5.100000e-01 -6.000000e-01 5.482391e-13 -3.823910e-14 -5.100000e-13 0.000000e+00 0.000000e+00
-5.200000e-01 -5.200000e-01 -6.000000e-01 5.583196e-13 -3.831960e-14 -5.200000e-13 0.000000e+00 0.000000e+00
-5.300000e-01 -5.300000e-01 -6.000000e-01 5.684002e-13 -3.840020e-14 -5.300000e-13 0.000000e+00 0.000000e+00
-5.400000e-01 -5.400000e-01 -6.000000e-01 5.784807e-13 -3.848070e-14 -5.400000e-13 0.000000e+00 1.009742e-28
-5.500000e-01 -5.500000e-01 -6.000000e-01 5.885612e-13 -3.856120e-14 -5.500000e-13 0.000000e+00 0.000000e+00
-5.600000e-01 -5.600000e-01 -6.000000e-01 5.986417e-13 -3.864170e-14 -5.600000e-13 0.000000e+00 0.000000e+00
-5.700000e-01 -5.700000e-01 -6.000000e-01 6.087221e-13 -3.872210e-14 -5.700000e-13 0.000000e+00 0.000000e+00
-5.800000e-01 -5.800000e-01 -6.000000e-01 6.188025e-13 -3.880250e-14 -5.800000e-13 0.000000e+00 0.000000e+00
-5.900000e-01 -5.900000e-01 -6.000000e-01 6.288829e-13 -3.888290e-14 -5.900000e-13 0.000000e+00 0.000000e+00
-6.000000e-01 -6.000000e-01 -6.000000e-01 6.389633e-13 -3.896330e-14 -6.000000e-13 0.000000e+00 0.000000e+00
-6.100000e-01 -6.100000e-01 -6.000000e-01 6.490436e-13 -3.904360e-14 -6.100000e-13 0.000000e+00 0.000000e+00
-6.200000e-01 -6.200000e-01 -6.000000e-01 6.591239e-13 -3.912390e-14 -6.200000e-13 0.000000e+00 0.000000e+00
-6.300000e-01 -6.300000e-01 -6.000000e-01 6.692043e-13 -3.920430e-14 -6.300000e-13 0.000000e+00 0.000000e+00
-6.400000e-01 -6.400000e-01 -6.000000e-01 6.792846e-13 -3.928460e-14 -6.400000e-13 0.000000e+00 1.009742e-28
-6.500000e-01 -6.500000e-01 -6.000000e-01 6.893649e-13 -3.936490e-14 -6.500000e-13 0.000000e+00 0.000000e+00
-6.600000e-01 -6.600000e-01 -6.000000e-01 6.994451e-13 -3.944510e-14 -6.600000e-13 0.000000e+00 1.009742e-28
-6.700000e-01 -6.700000e-01 -6.000000e-01 7.095254e-13 -3.952540e-14 -6.700000e-13 0.000000e+00 0.000000e+00
-6.800000e-01 -6.800000e-01 -6.000000e-01 7.196057e-13 -3.960570e-14 -6.800000e-13 0.000000e+00 0.000000e+00
-6.900000e-01 -6.900000e-01 -6.000000e-01 7.296859e-13 -3.968590e-14 -6.900000e-13 0.000000e+00 0.000000e+00
-7.000000e-01 -7.000000e-01 -6.000000e-01 7.397662e-13 -3.976620e-14 -7.000000e-13 0.000000e+00 1.009742e-28
-7.100000e-01 -7.100000e-01 -6.000000e-01 7.498464e-13 -3.984640e-14 -7.100000e-13 0.000000e+00 0.000000e+00
-7.200000e-01 -7.200000e-01 -6.000000e-01 7.599266e-13 -3.992660e-14 -7.200000e-13 0.000000e+00 0.000000e+00
-7.300000e-01 -7.300000e-01 -6.000000e-01 7.700068e-13 -4.000680e-14 -7.300000e-13 0.000000e+00 0.000000e+00
-7.400000e-01 -7.400000e-01 -6.000000e-01 7.800870e-13 -4.008700e-14 -7.400000e-13 0.000000e+00 0.000000e+00
-7.500000e-01 -7.500000e-01 -6.000000e-01 7.901672e-13 -4.016720e-14 -7.500000e-13 0.000000e+00 0.000000e+00
-7.600000e-01 -7.600000e-01 -6.000000e-01 8.002474e-13 -4.024740e-14 -7.600000e-13 0.000000e+00 0.000000e+00
-7.700000e-01 -7.700000e-01 -6.000000e-01 8.103276e-13 -4.032760e-14 -7.700000e-13 0.000000e+00 0.000000e+00
-7.800000e-01 -7.800000e-01 -6.000000e-01 8.204078e-13 -4.040780e-14 -7.800000e-13 0.000000e+00 1.009742e-28
-7.900000e-01 -7.900000e-01 -6.000000e-01 8.304880e-13 -4.048800e-14 -7.900000e-13 0.000000e+00 0.000000e+00
-8.000000e-01 -8.000000e-01 -6.000000e-01 8.405682e-13 -4.056820e-14 -8.000000e-13 0.000000e+00 1.009742e-28
-8.100000e-01 -8.100000e-01 -6.000000e-01 8.506483e-13 -4.064830e-14 -8.100000e-13 0.000000e+00 0.000000e+00
-8.200000e-01 -8.200000e-01 -6.000000e-01 8.607285e-13 -4.072850e-14 -8.200000e-13 0.000000e+00 1.009742e-28
-8.300000e-01 -8.300000e-01 -6.000000e-01 8.708087e-13 -4.080870e-14 -8.300000e-13 0.000000e+00 1.009742e-28
-8.400000e-01 -8.400000e-01 -6.000000e-01 8.808888e-13 -4.088880e-14 -8.400000e-13 0.000000e+00 0.000000e+00
-8.500000e-01 -8.500000e-01 -6.000000e-01 8.909690e-13 -4.096900e-14 -8.500000e-13 0.000000e+00 0.000000e+00
-8.600000e-01 -8.600000e-01 -6.000000e-01 9.010491e-13 -4.104910e-14 -8.600000e-13 0.000000e+00 0.000000e+00
-8.700000e-01 -8.700000e-01 -6.000000e-01 9.111293e-13 -4.112930e-14 -8.700000e-13 0.000000e+00 1.009742e-28
-8.800000e-01 -8.800000e-01 -6.000000e-01 9.212094e-13 -4.120940e-14 -8.800000e-13 0.000000e+00 0.000000e+00
-8.900000e-01 -8.900000e-01 -6.000000e-01 9.312895e-13 -4.128950e-14 -8.900000e-13 0.000000e+00 0.000000e+00
-9.000000e-01 -9.000000e-01 -6.000000e-01 9.413697e-13 -4.136970e-14 -9.000000e-13 0.000000e+00 0.000000e+00
-9.100000e-01 -9.100000e-01 -6.000000e-01 9.514498e-13 -4.144980e-14 -9.100000e-13 0.000000e+00 2.019484e-28
-9.200000e-01 -9.200000e-01 -6.000000e-01 9.615300e-13 -4.153000e-14 -9.200000e-13 0.000000e+00 0.000000e+00
-9.300000e-01 -9.300000e-01 -6.000000e-01 9.716101e-13 -4.161010e-14 -9.300000e-13 0.000000e+00 0.000000e+00
-9.400000e-01 -9.400000e-01 -6.000000e-01 9.816902e-13 -4.169020e-14 -9.400000e-13 0.000000e+00 2.019484e-28
-9.500000e-01 -9.500000e-01 -6.000000e-01 9.917704e-13 -4.177040e-14 -9.500000e-13 0.000000e+00 2.019484e-28
-9.600000e-01 -9.600000e-01 -6.000000e-01 1.001900e-12 -4.185050e-14 -9.600000e-13 0.000000e+00 4.950000e-17
-9.700000e-01 -9.700000e-01 -6.000000e-01 1.011900e-12 -4.193060e-14 -9.700000e-13 0.000000e+00 3.060000e-17
-9.800000e-01 -9.800000e-01 -6.000000e-01 1.022000e-12 -4.201070e-14 -9.800000e-13 0.000000e+00 1.070000e-17
-9.900000e-01 -9.900000e-01 -6.000000e-01 1.032100e-12 -4.209090e-14 -9.900000e-13 0.000000e+00 9.100000e-18
-1.000000e+00 -1.000000e+00 -6.000000e-01 1.042200e-12 -4.217100e-14 -1.000000e-12 0.000000e+00 2.900000e-17
-1.010000e+00 -1.010000e+00 -6.000000e-01 1.052300e-12 -4.225110e-14 -1.010000e-12 0.000000e+00 4.890000e-17
-1.020000e+00 -1.020000e+00 -6.000000e-01 1.062300e-12 -4.233120e-14 -1.020000e-12 0.000000e+00 3.120000e-17
-1.030000e+00 -1.030000e+00 -6.000000e-01 1.072400e-12 -4.241130e-14 -1.030000e-12 0.000000e+00 1.130000e-17
-1.040000e+00 -1.040000e+00 -6.000000e-01 1.082500e-12 -4.249150e-14 -1.040000e-12 0.000000e+00 8.500000e-18
-1.050000e+00 -1.050000e+00 -6.000000e-01 1.092600e-12 -4.257160e-14 -1.050000e-12 0.000000e+00 2.840000e-17
-1.060000e+00 -1.060000e+00 -6.000000e-01 1.102700e-12 -4.265170e-14 -1.060000e-12 0.000000e+00 4.830000e-17
-1.070000e+00 -1.070000e+00 -6.000000e-01 1.112700e-12 -4.273180e-14 -1.070000e-12 0.000000e+00 3.180000e-17
-1.080000e+00 -1.080000e+00 -6.000000e-01 1.122800e-12 -4.281190e-14 -1.080000e-12 0.000000e+00 1.190000e-17
-1.090000e+00 -1.090000e+00 -6.000000e-01 1.132900e-12 -4.289210e-14 -1.090000e-12 0.000000e+00 7.900000e-18
-1.100000e+00 -1.100000e+00 -6.000000e-01 1.143000e-12 -4.297220e-14 -1.100000e-12 0.000000e+00 2.780000e-17
-1.110000e+00 -1.110000e+00 -6.000000e-01 1.153100e-12 -4.305230e-14 -1.110000e-12 0.000000e+00 4.770000e-17
-1.120000e+00 -1.120000e+00 -6.000000e-01 1.163100e-12 -4.313240e-14 -1.120000e-12 0.000000e+00 3.240000e-17
-1.130000e+00 -1.130000e+00 -6.000000e-01 1.173200e-12 -4.321260e-14 -1.130000e-12 0.000000e+00 1.260000e-17
-1.140000e+00 -1.140000e+00 -6.000000e-01 1.183300e-12 -4.329270e-14 -1.140000e-12 0.000000e+00 7.300000e-18
-1.150000e+00 -1.150000e+00 -6.000000e-01 1.193400e-12 -4.337280e-14 -1.150000e-12 0.000000e+00 2.720000e-17
-1.160000e+00 -1.160000e+00 -6.000000e-01 1.203500e-12 -4.345300e-14 -1.160000e-12 0.000000e+00 4.700000e-17
-1.170000e+00 -1.170000e+00 -6.000000e-01 1.213500e-12 -4.353310e-14 -1.170000e-12 0.000000e+00 3.310000e-17
-1.180000e+00 -1.180000e+00 -6.000000e-01 1.223600e-12 -4.361330e-14 -1.180000e-12 0.000000e+00 1.330000e-17
-1.190000e+00 -1.190000e+00 -6.000000e-01 1.233700e-12 -4.369340e-14 -1.190000e-12 0.000000e+00 6.600000e-18
-1.200000e+00 -1.200000e+00 -6.000000e-01 1.243800e-12 -4.377360e-14 -1.200000e-12 0.000000e+00 2.640000e-17
0.000000e+00 0.000000e+00 -8.000000e-01 0.000000e+00 0.000000e+00 0.000000e+00 0.000000e+00 0.000000e+00
-1.000000e-02 -1.000000e-02 -8.000000e-01 8.140100e-14 -7.140100e-14 -1.000000e-14 0.000000e+00 6.310887e-30
-2.000000e-02 -2.000000e-02 -8.000000e-01 1.591362e-13 -1.391362e-13 -2.000000e-14 0.000000e+00 1.262177e-29
-3.000000e-02 -3.000000e-02 -8.000000e-01 2.332114e-13 -2.032114e-13 -3.000000e-14 0.000000e+00 6.310887e-30
-4.000000e-02 -4.000000e-02 -8.000000e-01 3.036339e-13 -2.636339e-13 -4.000000e-14 0.000000e+00 2.524355e-29
-5.000000e-02 -5.000000e-02 -8.000000e-01 3.704127e-13 -3.204127e-13 -5.000000e-14 0.000000e+00 1.262177e-29
-6.000000e-02 -6.000000e-02 -8.000000e-01 4.335594e-13 -3.735594e-13 -6.000000e-14 0.000000e+00 1.262177e-29
-7.000000e-02 -7.000000e-02 -8.000000e-01 4.930887e-13 -4.230887e-13 -7.000000e-14 0.000000e+00 5.048710e-29
-8.000000e-02 -8.000000e-02 -8.000000e-01 5.490192e-13 -4.690192e-13 -8.000000e-14 0.000000e+00 1.514613e-28
-9.000000e-02 -9.000000e-02 -8.000000e-01 6.013754e-13 -5.113754e-13 -9.000000e-14 0.000000e+00 1.262177e-29
-1.000000e-01 -1.000000e-01 -8.000000e-01 6.501888e-13 -5.501888e-13 -1.000000e-13 0.000000e+00 7.573065e-29
-1.100000e-01 -1.100000e-01 -8.000000e-01 6.955006e-13 -5.855006e-13 -1.100000e-13 0.000000e+00 2.524355e-29
-1.200000e-01 -1.200000e-01 -8.000000e-01 7.373649e-13 -6.173649e-13 -1.200000e-13 0.000000e+00 2.524355e-29
-1.300000e-01 -1.300000e-01 -8.000000e-01 7.758523e-13 -6.458523e-13 -1.300000e-13 0.000000e+00 5.048710e-29
-1.400000e-01 -1.400000e-01 -8.000000e-01 8.110551e-13 -6.710551e-13 -1.400000e-13 0.000000e+00 0.000000e+00
-1.500000e-01 -1.500000e-01 -8.000000e-01 8.430927e-13 -6.930927e-13 -1.500000e-13 0.000000e+00 5.048710e-29
-1.600000e-01 -1.600000e-01 -8.000000e-01 8.721169e-13 -7.121169e-13 -1.600000e-13 0.000000e+00 0.000000e+00
-1.700000e-01 -1.700000e-01 -8.000000e-01 8.983168e-13 -7.283168e-13 -1.700000e-13 0.000000e+00 2.524355e-29
-1.800000e-01 -1.800000e-01 -8.000000e-01 9.219201e-13 -7.419201e-13 -1.800000e-13 0.000000e+00 7.573065e-29
-1.900000e-01 -1.900000e-01 -8.000000e-01 9.431900e-13 -7.531900e-13 -1.900000e-13 0.000000e+00 2.524355e-29
-2.000000e-01 -2.000000e-01 -8.000000e-01 9.624162e-13 -7.624162e-13 -2.000000e-13 0.000000e+00 5.048710e-29
-2.100000e-01 -2.100000e-01 -8.000000e-01 9.799005e-13 -7.699005e-13 -2.100000e-13 0.000000e+00 1.009742e-28
-2.200000e-01 -2.200000e-01 -8.000000e-01 9.959390e-13 -7.759390e-13 -2.200000e-13 0.000000e+00 5.048710e-29
-2.300000e-01 -2.300000e-01 -8.000000e-01 1.010800e-12 -7.808064e-13 -2.300000e-13 0.000000e+00 6.400000e-18
-2.400000e-01 -2.400000e-01 -8.000000e-01 1.024700e-12 -7.847443e-13 -2.400000e-13 0.000000e+00 4.430000e-17
-2.500000e-01 -2.500000e-01 -8.000000e-01 1.038000e-12 -7.879559e-13 -2.500000e-13 0.000000e+00 4.410000e-17
-2.600000e-01 -2.600000e-01 -8.000000e-01 1.050600e-12 -7.906055e-13 -2.600000e-13 0.000000e+00 5.500000e-18
-2.700000e-01 -2.700000e-01 -8.000000e-01 1.062800e-12 -7.928228e-13 -2.700000e-13 0.000000e+00 2.280000e-17
-2.800000e-01 -2.800000e-01 -8.000000e-01 1.074700e-12 -7.947079e-13 -2.800000e-13 0.000000e+00 7.900000e-18
-2.900000e-01 -2.900000e-01 -8.000000e-01 1.086300e-12 -7.963373e-13 -2.900000e-13 0.000000e+00 3.730000e-17
-3.000000e-01 -3.000000e-01 -8.000000e-01 1.097800e-12 -7.977691e-13 -3.000000e-13 0.000000e+00 3.090000e-17
-3.100000e-01 -3.100000e-01 -8.000000e-01 1.109000e-12 -7.990472e-13 -3.100000e-13 0.000000e+00 4.720000e-17
-3.200000e-01 -3.200000e-01 -8.000000e-01 1.120200e-12 -8.002050e-13 -3.200000e-13 0.000000e+00 5.000000e-18
-3.300000e-01 -3.300000e-01 -8.000000e-01 1.131300e-12 -8.012678e-13 -3.300000e-13 0.000000e+00 3.220000e-17
-3.400000e-01 -3.400000e-01 -8.000000e-01 1.142300e-12 -8.022552e-13 -3.400000e-13 0.000000e+00 4.480000e-17
-3.500000e-01 -3.500000e-01 -8.000000e-01 1.153200e-12 -8.031821e-13 -3.500000e-13 0.000000e+00 1.790000e-17
-3.600000e-01 -3.600000e-01 -8.000000e-01 1.164100e-12 -8.040601e-13 -3.600000e-13 0.000000e+00 3.990000e-17
-3.700000e-01 -3.700000e-01 -8.000000e-01 1.174900e-12 -8.048983e-13 -3.700000e-13 0.000000e+00 1.700000e-18
-3.800000e-01 -3.800000e-01 -8.000000e-01 1.185700e-12 -8.057039e-13 -3.800000e-13 0.000000e+00 3.900000e-18
-3.900000e-01 -3.900000e-01 -8.000000e-01 1.196500e-12 -8.064826e-13 -3.900000e-13 0.000000e+00 1.740000e-17
-4.000000e-01 -4.000000e-01 -8.000000e-01 1.207200e-12 -8.072389e-13 -4.000000e-13 0.000000e+00 3.890000e-17
-4.100000e-01 -4.100000e-01 -8.000000e-01 1.218000e-12 -8.079765e-13 -4.100000e-13 0.000000e+00 2.350000e-17
-4.200000e-01 -4.200000e-01 -8.000000e-01 1.228700e-12 -8.086983e-13 -4.200000e-13 0.000000e+00 1.700000e-18
-4.300000e-01 -4.300000e-01 -8.000000e-01 1.239400e-12 -8.094068e-13 -4.300000e-13 0.000000e+00 6.800000e-18
-4.400000e-01 -4.400000e-01 -8.000000e-01 1.250100e-12 -8.101039e-13 -4.400000e-13 0.000000e+00 3.900000e-18
-4.500000e-01 -4.500000e-01 -8.000000e-01 1.260800e-12 -8.107913e-13 -4.500000e-13 0.000000e+00 8.700000e-18
-4.600000e-01 -4.600000e-01 -8.000000e-01 1.271500e-12 -8.114703e-13 -4.600000e-13 0.000000e+00 2.970000e-17
-4.700000e-01 -4.700000e-01 -8.000000e-01 1.282100e-12 -8.121422e-13 -4.700000e-13 0.000000e+00 4.220000e-17
-4.800000e-01 -4.800000e-01 -8.000000e-01 1.292800e-12 -8.128077e-13 -4.800000e-13 0.000000e+00 7.700000e-18
-4.900000e-01 -4.900000e-01 -8.000000e-01 1.303500e-12 -8.134679e-13 -4.900000e-13 0.000000e+00 3.210000e-17
-5.000000e-01 -5.000000e-01 -8.000000e-01 1.314100e-12 -8.141233e-13 -5.000000e-13 0.000000e+00 2.330000e-17
-5.100000e-01 -5.100000e-01 -8.000000e-01 1.324800e-12 -8.147745e-13 -5.100000e-13 0.000000e+00 2.550000e-17
-5.200000e-01 -5.200000e-01 -8.000000e-01 1.335400e-12 -8.154220e-13 -5.200000e-13 0.000000e+00 2.200000e-17
-5.300000e-01 -5.300000e-01 -8.000000e-01 1.346100e-12 -8.160663e-13 -5.300000e-13 0.000000e+00 3.370000e-17
-5.400000e-01 -5.400000e-01 -8.000000e-01 1.356700e-12 -8.167077e-13 -5.400000e-13 0.000000e+00 7.700000e-18
-5.500000e-01 -5.500000e-01 -8.000000e-01 1.367300e-12 -8.173465e-13 -5.500000e-13 0.000000e+00 4.650000e-17
-5.600000e-01 -5.600000e-01 -8.000000e-01 1.378000e-12 -8.179831e-13 -5.600000e-13 0.000000e+00 1.690000e-17
-5.700000e-01 -5.700000e-01 -8.000000e-01 1.388600e-12 -8.186176e-13 -5.700000e-13 0.000000e+00 1.760000e-17
-5.800000e-01 -5.800000e-01 -8.000000e-01 1.399300e-12 -8.192503e-13 -5.800000e-13 0.000000e+00 4.970000e-17
-5.900000e-01 -5.900000e-01 -8.000000e-01 1.409900e-12 -8.198813e-13 -5.900000e-13 0.000000e+00 1.870000e-17
-6.000000e-01 -6.000000e-01 -8.000000e-01 1.420500e-12 -8.205109e-13 -6.000000e-13 0.000000e+00 1.090000e-17
-6.100000e-01 -6.100000e-01 -8.000000e-01 1.431100e-12 -8.211392e-13 -6.100000e-13 0.000000e+00 3.920000e-17
-6.200000e-01 -6.200000e-01 -8.000000e-01 1.441800e-12 -8.217662e-13 -6.200000e-13 0.000000e+00 3.380000e-17
-6.300000e-01 -6.300000e-01 -8.000000e-01 1.452400e-12 -8.223922e-13 -6.300000e-13 0.000000e+00 7.800000e-18
-6.400000e-01 -6.400000e-01 -8.000000e-01 1.463000e-12 -8.230171e-13 -6.400000e-13 0.000000e+00 1.710000e-17
-6.500000e-01 -6.500000e-01 -8.000000e-01 1.473600e-12 -8.236412e-13 -6.500000e-13 0.000000e+00 4.120000e-17
-6.600000e-01 -6.600000e-01 -8.000000e-01 1.484300e-12 -8.242645e-13 -6.600000e-13 0.000000e+00 3.550000e-17
-6.700000e-01 -6.700000e-01 -8.000000e-01 1.494900e-12 -8.248869e-13 -6.700000e-13 0.000000e+00 1.310000e-17
-6.800000e-01 -6.800000e-01 -8.000000e-01 1.505500e-12 -8.255088e-13 -6.800000e-13 0.000000e+00 8.800000e-18
-6.900000e-01 -6.900000e-01 -8.000000e-01 1.516100e-12 -8.261299e-13 -6.900000e-13 0.000000e+00 2.990000e-17
-7.000000e-01 -7.000000e-01 -8.000000e-01 1.526800e-12 -8.267505e-13 -7.000000e-13 0.000000e+00 4.950000e-17
-7.100000e-01 -7.100000e-01 -8.000000e-01 1.537400e-12 -8.273706e-13 -7.100000e-13 0.000000e+00 2.940000e-17
-7.200000e-01 -7.200000e-01 -8.000000e-01 1.548000e-12 -8.279902e-13 -7.200000e-13 0.000000e+00 9.800000e-18
-7.300000e-01 -7.300000e-01 -8.000000e-01 1.558600e-12 -8.286094e-13 -7.300000e-13 0.000000e+00 9.400000e-18
-7.400000e-01 -7.400000e-01 -8.000000e-01 1.569200e-12 -8.292281e-13 -7.400000e-13 0.000000e+00 2.810000e-17
-7.500000e-01 -7.500000e-01 -8.000000e-01 1.579800e-12 -8.298464e-13 -7.500000e-13 0.000000e+00 4.640000e-17
-7.600000e-01 -7.600000e-01 -8.000000e-01 1.590500e-12 -8.304644e-13 -7.600000e-13 0.000000e+00 3.560000e-17
-7.700000e-01 -7.700000e-01 -8.000000e-01 1.601100e-12 -8.310821e-13 -7.700000e-13 0.000000e+00 1.790000e-17
-7.800000e-01 -7.800000e-01 -8.000000e-01 1.611700e-12 -8.316995e-13 -7.800000e-13 0.000000e+00 5.000000e-19
-7.900000e-01 -7.900000e-01 -8.000000e-01 1.622300e-12 -8.323166e-13 -7.900000e-13 0.000000e+00 1.660000e-17
-8.000000e-01 -8.000000e-01 -8.000000e-01 1.632900e-12 -8.329334e-13 -8.000000e-13 0.000000e+00 3.340000e-17
-8.100000e-01 -8.100000e-01 -8.000000e-01 1.643500e-12 -8.335500e-13 -8.100000e-13 0.000000e+00 5.000000e-17
-8.200000e-01 -8.200000e-01 -8.000000e-01 1.654200e-12 -8.341663e-13 -8.200000e-13 0.000000e+00 3.370000e-17
-8.300000e-01 -8.300000e-01 -8.000000e-01 1.664800e-12 -8.347825e-13 -8.300000e-13 0.000000e+00 1.750000e-17
-8.400000e-01 -8.400000e-01 -8.000000e-01 1.675400e-12 -8.353984e-13 -8.400000e-13 0.000000e+00 1.600000e-18
-8.500000e-01 -8.500000e-01 -8.000000e-01 1.686000e-12 -8.360142e-13 -8.500000e-13 0.000000e+00 1.420000e-17
-8.600000e-01 -8.600000e-01 -8.000000e-01 1.696600e-12 -8.366298e-13 -8.600000e-13 0.000000e+00 2.980000e-17
-8.700000e-01 -8.700000e-01 -8.000000e-01 1.707200e-12 -8.372452e-13 -8.700000e-13 0.000000e+00 4.520000e-17
-8.800000e-01 -8.800000e-01 -8.000000e-01 1.717900e-12 -8.378605e-13 -8.800000e-13 0.000000e+00 3.950000e-17
-8.900000e-01 -8.900000e-01 -8.000000e-01 1.728500e-12 -8.384757e-13 -8.900000e-13 0.000000e+00 2.430000e-17
-9.000000e-01 -9.000000e-01 -8.000000e-01 1.739100e-12 -8.390907e-13 -9.000000e-13 0.000000e+00 9.300000e-18
-9.100000e-01 -9.100000e-01 -8.000000e-01 1.749700e-12 -8.397056e-13 -9.100000e-13 0.000000e+00 5.600000e-18
-9.200000e-01 -9.200000e-01 -8.000000e-01 1.760300e-12 -8.403204e-13 -9.200000e-13 0.000000e+00 2.040000e-17
-9.300000e-01 -9.300000e-01 -8.000000e-01 1.770900e-12 -8.409350e-13 -9.300000e-13 0.000000e+00 3.500000e-17
-9.400000e-01 -9.400000e-01 -8.000000e-01 1.781500e-12 -8.415496e-13 -9.400000e-13 0.000000e+00 4.960000e-17
-9.500000e-01 -9.500000e-01 -8.000000e-01 1.792200e-12 -8.421641e-13 -9.500000e-13 0.000000e+00 3.590000e-17
-9.600000e-01 -9.600000e-01 -8.000000e-01 1.802800e-12 -8.427785e-13 -9.600000e-13 0.000000e+00 2.150000e-17
-9.700000e-01 -9.700000e-01 -8.000000e-01 1.813400e-12 -8.433928e-13 -9.700000e-13 0.000000e+00 7.200000e-18
-9.800000e-01 -9.800000e-01 -8.000000e-01 1.824000e-12 -8.440070e-13 -9.800000e-13 0.000000e+00 7.000000e-18
-9.900000e-01 -9.900000e-01 -8.000000e-01 1.834600e-12 -8.446212e-13 -9.900000e-13 0.000000e+00 2.120000e-17
-1.000000e+00 -1.000000e+00 -8.000000e-01 1.845200e-12 -8.452353e-13 -1.000000e-12 0.000000e+00 3.530000e-17
-1.010000e+00 -1.010000e+00 -8.000000e-01 1.855800e-12 -8.458493e-13 -1.010000e-12 0.000000e+00 4.930000e-17
-1.020000e+00 -1.020000e+00 -8.000000e-01 1.866500e-12 -8.464632e-13 -1.020000e-12 0.000000e+00 3.680000e-17
-1.030000e+00 -1.030000e+00 -8.000000e-01 1.877100e-12 -8.470771e-13 -1.030000e-12 0.000000e+00 2.290000e-17
-1.040000e+00 -1.040000e+00 -8.000000e-01 1.887700e-12 -8.476910e-13 -1.040000e-12 0.000000e+00 9.000000e-18
-1.050000e+00 -1.050000e+00 -8.000000e-01 1.898300e-12 -8.483048e-13 -1.050000e-12 0.000000e+00 4.800000e-18
-1.060000e+00 -1.060000e+00 -8.000000e-01 1.908900e-12 -8.489185e-13 -1.060000e-12 0.000000e+00 1.850000e-17
-1.070000e+00 -1.070000e+00 -8.000000e-01 1.919500e-12 -8.495322e-13 -1.070000e-12 0.000000e+00 3.220000e-17
-1.080000e+00 -1.080000e+00 -8.000000e-01 1.930100e-12 -8.501459e-13 -1.080000e-12 0.000000e+00 4.590000e-17
-1.090000e+00 -1.090000e+00 -8.000000e-01 1.940800e-12 -8.507595e-13 -1.090000e-12 0.000000e+00 4.050000e-17
-1.100000e+00 -1.100000e+00 -8.000000e-01 1.951400e-12 -8.513731e-13 -1.100000e-12 0.000000e+00 2.690000e-17
-1.110000e+00 -1.110000e+00 -8.000000e-01 1.962000e-12 -8.519866e-13 -1.110000e-12 0.000000e+00 1.340000e-17
-1.120000e+00 -1.120000e+00 -8.000000e-01 1.972600e-12 -8.526002e-13 -1.120000e-12 0.000000e+00 2.000000e-19
-1.130000e+00 -1.130000e+00 -8.000000e-01 1.983200e-12 -8.532137e-13 -1.130000e-12 0.000000e+00 1.370000e-17
-1.140000e+00 -1.140000e+00 -8.000000e-01 1.993800e-12 -8.538272e-13 -1.140000e-12 0.000000e+00 2.720000e-17
-1.150000e+00 -1.150000e+00 -8.000000e-01 2.004400e-12 -8.544407e-13 -1.150000e-12 0.000000e+00 4.070000e-17
-1.160000e+00 -1.160000e+00 -8.000000e-01 2.015100e-12 -8.550541e-13 -1.160000e-12 0.000000e+00 4.590000e-17
-1.170000e+00 -1.170000e+00 -8.000000e-01 2.025700e-12 -8.556676e-13 -1.170000e-12 0.000000e+00 3.240000e-17
-1.180000e+00 -1.180000e+00 -8.000000e-01 2.036300e-12 -8.562810e-13 -1.180000e-12 0.000000e+00 1.900000e-17
-1.190000e+00 -1.190000e+00 -8.000000e-01 2.046900e-12 -8.568945e-13 -1.190000e-12 0.000000e+00 5.500000e-18
-1.200000e+00 -1.200000e+00 -8.000000e-01 2.057500e-12 -8.575079e-13 -1.200000e-12 0.000000e+00 7.900000e-18
0.000000e+00 0.000000e+00 -1.000000e+00 0.000000e+00 0.000000e+00 0.000000e+00 0.000000e+00 0.000000e+00
-1.000000e-02 -1.000000e-02 -1.000000e+00 1.449771e-13 -1.349771e-13 -1.000000e-14 0.000000e+00 6.310887e-30
-2.000000e-02 -2.000000e-02 -1.000000e+00 2.862868e-13 -2.662868e-13 -2.000000e-14 0.000000e+00 1.262177e-29
-3.000000e-02 -3.000000e-02 -1.000000e+00 4.239301e-13 -3.939301e-13 -3.000000e-14 0.000000e+00 3.155444e-29
-4.000000e-02 -4.000000e-02 -1.000000e+00 5.579081e-13 -5.179081e-13 -4.000000e-14 0.000000e+00 7.573065e-29
-5.000000e-02 -5.000000e-02 -1.000000e+00 6.882219e-13 -6.382219e-13 -5.000000e-14 0.000000e+00 1.262177e-29
-6.000000e-02 -6.000000e-02 -1.000000e+00 8.148730e-13 -7.548730e-13 -6.000000e-14 0.000000e+00 3.786532e-29
-7.000000e-02 -7.000000e-02 -1.000000e+00 9.378629e-13 -8.678629e-13 -7.000000e-14 0.000000e+00 0.000000e+00
-8.000000e-02 -8.000000e-02 -1.000000e+00 1.057200e-12 -9.771936e-13 -8.000000e-14 0.000000e+00 6.400000e-18
-9.000000e-02 -9.000000e-02 -1.000000e+00 1.172900e-12 -1.082900e-12 -9.000000e-14 0.000000e+00 1.262177e-29
-1.000000e-01 -1.000000e-01 -1.000000e+00 1.284900e-12 -1.184900e-12 -1.000000e-13 0.000000e+00 2.271919e-28
-1.100000e-01 -1.100000e-01 -1.000000e+00 1.393300e-12 -1.283300e-12 -1.100000e-13 0.000000e+00 7.573065e-29
-1.200000e-01 -1.200000e-01 -1.000000e+00 1.498000e-12 -1.378000e-12 -1.200000e-13 0.000000e+00 7.573065e-29
-1.300000e-01 -1.300000e-01 -1.000000e+00 1.599000e-12 -1.469000e-12 -1.300000e-13 0.000000e+00 1.514613e-28
-1.400000e-01 -1.400000e-01 -1.000000e+00 1.696500e-12 -1.556500e-12 -1.400000e-13 0.000000e+00 0.000000e+00
-1.500000e-01 -1.500000e-01 -1.000000e+00 1.790300e-12 -1.640300e-12 -1.500000e-13 0.000000e+00 5.048710e-29
-1.600000e-01 -1.600000e-01 -1.000000e+00 1.880400e-12 -1.720400e-12 -1.600000e-13 0.000000e+00 1.009742e-28
-1.700000e-01 -1.700000e-01 -1.000000e+00 1.967000e-12 -1.797000e-12 -1.700000e-13 0.000000e+00 7.573065e-29
-1.800000e-01 -1.800000e-01 -1.000000e+00 2.049900e-12 -1.869900e-12 -1.800000e-13 0.000000e+00 2.524355e-29
-1.900000e-01 -1.900000e-01 -1.000000e+00 2.129200e-12 -1.939200e-12 -1.900000e-13 0.000000e+00 2.271919e-28
-2.000000e-01 -2.000000e-01 -1.000000e+00 2.205000e-12 -2.005000e-12 -2.000000e-13 0.000000e+00 5.048710e-29
-2.100000e-01 -2.100000e-01 -1.000000e+00 2.277100e-12 -2.067100e-12 -2.100000e-13 0.000000e+00 3.029226e-28
-2.200000e-01 -2.200000e-01 -1.000000e+00 2.345800e-12 -2.125800e-12 -2.200000e-13 0.000000e+00 2.524355e-28
-2.300000e-01 -2.300000e-01 -1.000000e+00 2.410800e-12 -2.180800e-12 -2.300000e-13 0.000000e+00 0.000000e+00
-2.400000e-01 -2.400000e-01 -1.000000e+00 2.472400e-12 -2.232400e-12 -2.400000e-13 0.000000e+00 2.524355e-28
-2.500000e-01 -2.500000e-01 -1.000000e+00 2.530500e-12 -2.280500e-12 -2.500000e-13 0.000000e+00 5.048710e-29
-2.600000e-01 -2.600000e-01 -1.000000e+00 2.585100e-12 -2.325100e-12 -2.600000e-13 0.000000e+00 1.009742e-28
-2.700000e-01 -2.700000e-01 -1.000000e+00 2.636300e-12 -2.366300e-12 -2.700000e-13 0.000000e+00 2.524355e-28
-2.800000e-01 -2.800000e-01 -1.000000e+00 2.684300e-12 -2.404300e-12 -2.800000e-13 0.000000e+00 4.038968e-28
-2.900000e-01 -2.900000e-01 -1.000000e+00 2.728900e-12 -2.438900e-12 -2.900000e-13 0.000000e+00 1.514613e-28
-3.000000e-01 -3.000000e-01 -1.000000e+00 2.770400e-12 -2.470400e-12 -3.000000e-13 0.000000e+00 1.009742e-28
-3.100000e-01 -3.100000e-01 -1.000000e+00 2.808800e-12 -2.498800e-12 -3.100000e-13 0.000000e+00 5.048710e-29
-3.200000e-01 -3.200000e-01 -1.000000e+00 2.844200e-12 -2.524200e-12 -3.200000e-13 0.000000e+00 2.019484e-28
-3.300000e-01 -3.300000e-01 -1.000000e+00 2.876900e-12 -2.546900e-12 -3.300000e-13 0.000000e+00 0.000000e+00
-3.400000e-01 -3.400000e-01 -1.000000e+00 2.906800e-12 -2.566800e-12 -3.400000e-13 0.000000e+00 2.524355e-28
-3.500000e-01 -3.500000e-01 -1.000000e+00 2.934400e-12 -2.584400e-12 -3.500000e-13 0.000000e+00 1.009742e-28
-3.600000e-01 -3.600000e-01 -1.000000e+00 2.959600e-12 -2.599600e-12 -3.600000e-13 0.000000e+00 5.048710e-29
-3.700000e-01 -3.700000e-01 -1.000000e+00 2.982800e-12 -2.612800e-12 -3.700000e-13 0.000000e+00 2.019484e-28
-3.800000e-01 -3.800000e-01 -1.000000e+00 3.004200e-12 -2.624200e-12 -3.800000e-13 0.000000e+00 5.048710e-29
-3.900000e-01 -3.900000e-01 -1.000000e+00 3.023900e-12 -2.633900e-12 -3.900000e-13 0.000000e+00 3.029226e-28
-4.000000e-01 -4.000000e-01 -1.000000e+00 3.042300e-12 -2.642300e-12 -4.000000e-13 0.000000e+00 1.009742e-28
-4.100000e-01 -4.100000e-01 -1.000000e+00 3.059400e-12 -2.649400e-12 -4.100000e-13 0.000000e+00 5.048710e-29
-4.200000e-01 -4.200000e-01 -1.000000e+00 3.075600e-12 -2.655600e-12 -4.200000e-13 0.000000e+00 2.019484e-28
-4.300000e-01 -4.300000e-01 -1.000000e+00 3.090900e-12 -2.660900e-12 -4.300000e-13 0.000000e+00 3.534097e-28
-4.400000e-01 -4.400000e-01 -1.000000e+00 3.105500e-12 -2.665500e-12 -4.400000e-13 0.000000e+00 3.029226e-28
-4.500000e-01 -4.500000e-01 -1.000000e+00 3.119500e-12 -2.669500e-12 -4.500000e-13 0.000000e+00 5.553581e-28
-4.600000e-01 -4.600000e-01 -1.000000e+00 3.133100e-12 -2.673100e-12 -4.600000e-13 0.000000e+00 4.038968e-28
-4.700000e-01 -4.700000e-01 -1.000000e+00 3.146200e-12 -2.676200e-12 -4.700000e-13 0.000000e+00 6.058452e-28
-4.800000e-01 -4.800000e-01 -1.000000e+00 3.159100e-12 -2.679100e-12 -4.800000e-13 0.000000e+00 1.009742e-28
-4.900000e-01 -4.900000e-01 -1.000000e+00 3.171600e-12 -2.681600e-12 -4.900000e-13 0.000000e+00 1.009742e-28
-5.000000e-01 -5.000000e-01 -1.000000e+00 3.184000e-12 -2.684000e-12 -5.000000e-13 0.000000e+00 1.009742e-28
-5.100000e-01 -5.100000e-01 -1.000000e+00 3.196100e-12 -2.686100e-12 -5.100000e-13 0.000000e+00 4.038968e-28
-5.200000e-01 -5.200000e-01 -1.000000e+00 3.208100e-12 -2.688100e-12 -5.200000e-13 0.000000e+00 2.019484e-28
-5.300000e-01 -5.300000e-01 -1.000000e+00 3.220000e-12 -2.690000e-12 -5.300000e-13 0.000000e+00 1.009742e-28
-5.400000e-01 -5.400000e-01 -1.000000e+00 3.231800e-12 -2.691800e-12 -5.400000e-13 0.000000e+00 7.068194e-28
-5.500000e-01 -5.500000e-01 -1.000000e+00 3.243500e-12 -2.693500e-12 -5.500000e-13 0.000000e+00 2.019484e-28
-5.600000e-01 -5.600000e-01 -1.000000e+00 3.255100e-12 -2.695100e-12 -5.600000e-13 0.000000e+00 0.000000e+00
-5.700000e-01 -5.700000e-01 -1.000000e+00 3.266700e-12 -2.696700e-12 -5.700000e-13 0.000000e+00 2.019484e-28
-5.800000e-01 -5.800000e-01 -1.000000e+00 3.278200e-12 -2.698200e-12 -5.800000e-13 0.000000e+00 1.009742e-28
-5.900000e-01 -5.900000e-01 -1.000000e+00 3.289600e-12 -2.699600e-12 -5.900000e-13 0.000000e+00 3.029226e-28
-6.000000e-01 -6.000000e-01 -1.000000e+00 3.301100e-12 -2.701100e-12 -6.000000e-13 0.000000e+00 2.019484e-28
-6.100000e-01 -6.100000e-01 -1.000000e+00 3.312500e-12 -2.702500e-12 -6.100000e-13 0.000000e+00 4.038968e-28
-6.200000e-01 -6.200000e-01 -1.000000e+00 3.323800e-12 -2.703800e-12 -6.200000e-13 0.000000e+00 7.068194e-28
-6.300000e-01 -6.300000e-01 -1.000000e+00 3.335100e-12 -2.705100e-12 -6.300000e-13 0.000000e+00 3.029226e-28
-6.400000e-01 -6.400000e-01 -1.000000e+00 3.346400e-12 -2.706400e-12 -6.400000e-13 0.000000e+00 0.000000e+00
-6.500000e-01 -6.500000e-01 -1.000000e+00 3.357700e-12 -2.707700e-12 -6.500000e-13 0.000000e+00 2.019484e-28
-6.600000e-01 -6.600000e-01 -1.000000e+00 3.369000e-12 -2.709000e-12 -6.600000e-13 0.000000e+00 4.038968e-28
-6.700000e-01 -6.700000e-01 -1.000000e+00 3.380300e-12 -2.710300e-12 -6.700000e-13 0.000000e+00 3.029226e-28
-6.800000e-01 -6.800000e-01 -1.000000e+00 3.391500e-12 -2.711500e-12 -6.800000e-13 0.000000e+00 3.029226e-28
-6.900000e-01 -6.900000e-01 -1.000000e+00 3.402700e-12 -2.712700e-12 -6.900000e-13 0.000000e+00 4.038968e-28
-7.000000e-01 -7.000000e-01 -1.000000e+00 3.414000e-12 -2.714000e-12 -7.000000e-13 0.000000e+00 2.019484e-28
-7.100000e-01 -7.100000e-01 -1.000000e+00 3.425200e-12 -2.715200e-12 -7.100000e-13 0.000000e+00 5.048710e-28
-7.200000e-01 -7.200000e-01 -1.000000e+00 3.436400e-12 -2.716400e-12 -7.200000e-13 0.000000e+00 3.029226e-28
-7.300000e-01 -7.300000e-01 -1.000000e+00 3.447600e-12 -2.717600e-12 -7.300000e-13 0.000000e+00 1.009742e-28
-7.400000e-01 -7.400000e-01 -1.000000e+00 3.458800e-12 -2.718800e-12 -7.400000e-13 0.000000e+00 4.038968e-28
-7.500000e-01 -7.500000e-01 -1.000000e+00 3.470000e-12 -2.720000e-12 -7.500000e-13 0.000000e+00 2.019484e-28
-7.600000e-01 -7.600000e-01 -1.000000e+00 3.481100e-12 -2.721100e-12 -7.600000e-13 0.000000e+00 3.029226e-28
-7.700000e-01 -7.700000e-01 -1.000000e+00 3.492300e-12 -2.722300e-12 -7.700000e-13 0.000000e+00 3.029226e-28
-7.800000e-01 -7.800000e-01 -1.000000e+00 3.503500e-12 -2.723500e-12 -7.800000e-13 0.000000e+00 2.019484e-28
-7.900000e-01 -7.900000e-01 -1.000000e+00 3.514700e-12 -2.724700e-12 -7.900000e-13 0.000000e+00 0.000000e+00
-8.000000e-01 -8.000000e-01 -1.000000e+00 3.525800e-12 -2.725800e-12 -8.000000e-13 0.000000e+00 2.019484e-28
-8.100000e-01 -8.100000e-01 -1.000000e+00 3.537000e-12 -2.727000e-12 -8.100000e-13 0.000000e+00 1.009742e-28
-8.200000e-01 -8.200000e-01 -1.000000e+00 3.548100e-12 -2.728100e-12 -8.200000e-13 0.000000e+00 3.029226e-28
-8.300000e-01 -8.300000e-01 -1.000000e+00 3.559300e-12 -2.729300e-12 -8.300000e-13 0.000000e+00 2.019484e-28
-8.400000e-01 -8.400000e-01 -1.000000e+00 3.570500e-12 -2.730500e-12 -8.400000e-13 0.000000e+00 4.038968e-28
-8.500000e-01 -8.500000e-01 -1.000000e+00 3.581600e-12 -2.731600e-12 -8.500000e-13 0.000000e+00 1.009742e-28
-8.600000e-01 -8.600000e-01 -1.000000e+00 3.592800e-12 -2.732800e-12 -8.600000e-13 0.000000e+00 5.048710e-28
-8.700000e-01 -8.700000e-01 -1.000000e+00 3.603900e-12 -2.733900e-12 -8.700000e-13 0.000000e+00 7.068194e-28
-8.800000e-01 -8.800000e-01 -1.000000e+00 3.615000e-12 -2.735000e-12 -8.800000e-13 0.000000e+00 2.019484e-28
-8.900000e-01 -8.900000e-01 -1.000000e+00 3.626200e-12 -2.736200e-12 -8.900000e-13 0.000000e+00 4.038968e-28
-9.000000e-01 -9.000000e-01 -1.000000e+00 3.637300e-12 -2.737300e-12 -9.000000e-13 0.000000e+00 5.048710e-28
-9.100000e-01 -9.100000e-01 -1.000000e+00 3.648500e-12 -2.738500e-12 -9.100000e-13 0.000000e+00 2.019484e-28
-9.200000e-01 -9.200000e-01 -1.000000e+00 3.659600e-12 -2.739600e-12 -9.200000e-13 0.000000e+00 4.038968e-28
-9.300000e-01 -9.300000e-01 -1.000000e+00 3.670700e-12 -2.740700e-12 -9.300000e-13 0.000000e+00 2.019484e-28
-9.400000e-01 -9.400000e-01 -1.000000e+00 3.681900e-12 -2.741900e-12 -9.400000e-13 0.000000e+00 4.038968e-28
-9.500000e-01 -9.500000e-01 -1.000000e+00 3.693000e-12 -2.743000e-12 -9.500000e-13 0.000000e+00 2.019484e-28
-9.600000e-01 -9.600000e-01 -1.000000e+00 3.704200e-12 -2.744200e-12 -9.600000e-13 0.000000e+00 2.019484e-28
-9.700000e-01 -9.700000e-01 -1.000000e+00 3.715300e-12 -2.745300e-12 -9.700000e-13 0.000000e+00 0.000000e+00
-9.800000e-01 -9.800000e-01 -1.000000e+00 3.726400e-12 -2.746400e-12 -9.800000e-13 0.000000e+00 2.019484e-28
-9.900000e-01 -9.900000e-01 -1.000000e+00 3.737600e-12 -2.747600e-12 -9.900000e-13 0.000000e+00 0.000000e+00
-1.000000e+00 -1.000000e+00 -1.000000e+00 3.748700e-12 -2.748700e-12 -1.000000e-12 0.000000e+00 2.019484e-28
-1.010000e+00 -1.010000e+00 -1.000000e+00 3.759800e-12 -2.749800e-12 -1.010000e-12 0.000000e+00 4.038968e-28
-1.020000e+00 -1.020000e+00 -1.000000e+00 3.770900e-12 -2.750900e-12 -1.020000e-12 0.000000e+00 4.038968e-28
-1.030000e+00 -1.030000e+00 -1.000000e+00 3.782100e-12 -2.752100e-12 -1.030000e-12 0.000000e+00 6.058452e-28
-1.040000e+00 -1.040000e+00 -1.000000e+00 3.793200e-12 -2.753200e-12 -1.040000e-12 0.000000e+00 4.038968e-28
-1.050000e+00 -1.050000e+00 -1.000000e+00 3.804300e-12 -2.754300e-12 -1.050000e-12 0.000000e+00 2.019484e-28
-1.060000e+00 -1.060000e+00 -1.000000e+00 3.815500e-12 -2.755500e-12 -1.060000e-12 0.000000e+00 6.058452e-28
-1.070000e+00 -1.070000e+00 -1.000000e+00 3.826600e-12 -2.756600e-12 -1.070000e-12 0.000000e+00 4.038968e-28
-1.080000e+00 -1.080000e+00 -1.000000e+00 3.837700e-12 -2.757700e-12 -1.080000e-12 0.000000e+00 2.019484e-28
-1.090000e+00 -1.090000e+00 -1.000000e+00 3.848800e-12 -2.758800e-12 -1.090000e-12 0.000000e+00 4.038968e-28
-1.100000e+00 -1.100000e+00 -1.000000e+00 3.860000e-12 -2.760000e-12 -1.100000e-12 0.000000e+00 4.038968e-28
-1.110000e+00 -1.110000e+00 -1.000000e+00 3.871100e-12 -2.761100e-12 -1.110000e-12 0.000000e+00 2.019484e-28
-1.120000e+00 -1.120000e+00 -1.000000e+00 3.882200e-12 -2.762200e-12 -1.120000e-12 0.000000e+00 4.038968e-28
-1.130000e+00 -1.130000e+00 -1.000000e+00 3.893400e-12 -2.763400e-12 -1.130000e-12 0.000000e+00 8.077936e-28
-1.140000e+00 -1.140000e+00 -1.000000e+00 3.904500e-12 -2.764500e-12 -1.140000e-12 0.000000e+00 2.019484e-28
-1.150000e+00 -1.150000e+00 -1.000000e+00 3.915600e-12 -2.765600e-12 -1.150000e-12 0.000000e+00 2.019484e-28
-1.160000e+00 -1.160000e+00 -1.000000e+00 3.926700e-12 -2.766700e-12 -1.160000e-12 0.000000e+00 4.038968e-28
-1.170000e+00 -1.170000e+00 -1.000000e+00 3.937900e-12 -2.767900e-12 -1.170000e-12 0.000000e+00 2.019484e-28
-1.180000e+00 -1.180000e+00 -1.000000e+00 3.949000e-12 -2.769000e-12 -1.180000e-12 0.000000e+00 4.038968e-28
-1.190000e+00 -1.190000e+00 -1.000000e+00 3.960100e-12 -2.770100e-12 -1.190000e-12 0.000000e+00 8.077936e-28
-1.200000e+00 -1.200000e+00 -1.000000e+00 3.971200e-12 -2.771200e-12 -1.200000e-12 0.000000e+00 2.019484e-28
0.000000e+00 0.000000e+00 -1.200000e+00 0.000000e+00 0.000000e+00 0.000000e+00 0.000000e+00 0.000000e+00
-1.000000e-02 -1.000000e-02 -1.200000e+00 1.909710e-13 -1.809710e-13 -1.000000e-14 0.000000e+00 6.310887e-30
-2.000000e-02 -2.000000e-02 -1.200000e+00 3.785282e-13 -3.585282e-13 -2.000000e-14 0.000000e+00 1.262177e-29
-3.000000e-02 -3.000000e-02 -1.200000e+00 5.626719e-13 -5.326719e-13 -3.000000e-14 0.000000e+00 3.155444e-29
-4.000000e-02 -4.000000e-02 -1.200000e+00 7.434026e-13 -7.034026e-13 -4.000000e-14 0.000000e+00 7.573065e-29
-5.000000e-02 -5.000000e-02 -1.200000e+00 9.207206e-13 -8.707206e-13 -5.000000e-14 0.000000e+00 1.262177e-29
-6.000000e-02 -6.000000e-02 -1.200000e+00 1.094600e-12 -1.034600e-12 -6.000000e-14 0.000000e+00 1.388395e-28
-7.000000e-02 -7.000000e-02 -1.200000e+00 1.265100e-12 -1.195100e-12 -7.000000e-14 0.000000e+00 1.009742e-28
-8.000000e-02 -8.000000e-02 -1.200000e+00 1.432200e-12 -1.352200e-12 -8.000000e-14 0.000000e+00 1.514613e-28
-9.000000e-02 -9.000000e-02 -1.200000e+00 1.595900e-12 -1.505900e-12 -9.000000e-14 0.000000e+00 1.262177e-29
-1.000000e-01 -1.000000e-01 -1.200000e+00 1.756100e-12 -1.656100e-12 -1.000000e-13 0.000000e+00 1.767048e-28
-1.100000e-01 -1.100000e-01 -1.200000e+00 1.913000e-12 -1.803000e-12 -1.100000e-13 0.000000e+00 1.262177e-28
-1.200000e-01 -1.200000e-01 -1.200000e+00 2.066400e-12 -1.946400e-12 -1.200000e-13 0.000000e+00 1.262177e-28
-1.300000e-01 -1.300000e-01 -1.200000e+00 2.216500e-12 -2.086500e-12 -1.300000e-13 0.000000e+00 3.534097e-28
-1.400000e-01 -1.400000e-01 -1.200000e+00 2.363100e-12 -2.223100e-12 -1.400000e-13 0.000000e+00 2.019484e-28
-1.500000e-01 -1.500000e-01 -1.200000e+00 2.506300e-12 -2.356300e-12 -1.500000e-13 0.000000e+00 5.048710e-29
-1.600000e-01 -1.600000e-01 -1.200000e+00 2.646100e-12 -2.486100e-12 -1.600000e-13 0.000000e+00 1.009742e-28
-1.700000e-01 -1.700000e-01 -1.200000e+00 2.782500e-12 -2.612500e-12 -1.700000e-13 0.000000e+00 6.815758e-28
-1.800000e-01 -1.800000e-01 -1.200000e+00 2.915600e-12 -2.735600e-12 -1.800000e-13 0.000000e+00 2.524355e-29
-1.900000e-01 -1.900000e-01 -1.200000e+00 3.045200e-12 -2.855200e-12 -1.900000e-13 0.000000e+00 1.767048e-28
-2.000000e-01 -2.000000e-01 -1.200000e+00 3.171400e-12 -2.971400e-12 -2.000000e-13 0.000000e+00 5.048710e-29
-2.100000e-01 -2.100000e-01 -1.200000e+00 3.294200e-12 -3.084200e-12 -2.100000e-13 0.000000e+00 3.029226e-28
-2.200000e-01 -2.200000e-01 -1.200000e+00 3.413600e-12 -3.193600e-12 -2.200000e-13 0.000000e+00 2.524355e-28
-2.300000e-01 -2.300000e-01 -1.200000e+00 3.529600e-12 -3.299600e-12 -2.300000e-13 0.000000e+00 0.000000e+00
-2.400000e-01 -2.400000e-01 -1.200000e+00 3.642300e-12 -3.402300e-12 -2.400000e-13 0.000000e+00 5.553581e-28
-2.500000e-01 -2.500000e-01 -1.200000e+00 3.751500e-12 -3.501500e-12 -2.500000e-13 0.000000e+00 5.048710e-29
-2.600000e-01 -2.600000e-01 -1.200000e+00 3.857400e-12 -3.597400e-12 -2.600000e-13 0.000000e+00 1.009742e-28
-2.700000e-01 -2.700000e-01 -1.200000e+00 3.959900e-12 -3.689900e-12 -2.700000e-13 0.000000e+00 5.553581e-28
-2.800000e-01 -2.800000e-01 -1.200000e+00 4.059000e-12 -3.779000e-12 -2.800000e-13 0.000000e+00 4.038968e-28
-2.900000e-01 -2.900000e-01 -1.200000e+00 4.154800e-12 -3.864800e-12 -2.900000e-13 0.000000e+00 5.553581e-28
-3.000000e-01 -3.000000e-01 -1.200000e+00 4.247200e-12 -3.947200e-12 -3.000000e-13 0.000000e+00 1.009742e-28
-3.100000e-01 -3.100000e-01 -1.200000e+00 4.336200e-12 -4.026200e-12 -3.100000e-13 0.000000e+00 5.048710e-29
-3.200000e-01 -3.200000e-01 -1.200000e+00 4.421900e-12 -4.101900e-12 -3.200000e-13 0.000000e+00 2.019484e-28
-3.300000e-01 -3.300000e-01 -1.200000e+00 4.504300e-12 -4.174300e-12 -3.300000e-13 0.000000e+00 4.038968e-28
-3.400000e-01 -3.400000e-01 -1.200000e+00 4.583300e-12 -4.243300e-12 -3.400000e-13 0.000000e+00 5.553581e-28
-3.500000e-01 -3.500000e-01 -1.200000e+00 4.659000e-12 -4.309000e-12 -3.500000e-13 0.000000e+00 9.087678e-28
-3.600000e-01 -3.600000e-01 -1.200000e+00 4.731500e-12 -4.371500e-12 -3.600000e-13 0.000000e+00 7.573065e-28
-3.700000e-01 -3.700000e-01 -1.200000e+00 4.800600e-12 -4.430600e-12 -3.700000e-13 0.000000e+00 2.019484e-28
-3.800000e-01 -3.800000e-01 -1.200000e+00 4.866600e-12 -4.486600e-12 -3.800000e-13 0.000000e+00 3.534097e-28
-3.900000e-01 -3.900000e-01 -1.200000e+00 4.929300e-12 -4.539300e-12 -3.900000e-13 0.000000e+00 3.029226e-28
-4.000000e-01 -4.000000e-01 -1.200000e+00 4.988800e-12 -4.588800e-12 -4.000000e-13 0.000000e+00 1.009742e-28
-4.100000e-01 -4.100000e-01 -1.200000e+00 5.045100e-12 -4.635100e-12 -4.100000e-13 0.000000e+00 7.573065e-28
-4.200000e-01 -4.200000e-01 -1.200000e+00 5.098400e-12 -4.678400e-12 -4.200000e-13 0.000000e+00 6.058452e-28
-4.300000e-01 -4.300000e-01 -1.200000e+00 5.148600e-12 -4.718600e-12 -4.300000e-13 0.000000e+00 4.543839e-28
-4.400000e-01 -4.400000e-01 -1.200000e+00 5.195700e-12 -4.755700e-12 -4.400000e-13 0.000000e+00 5.048710e-28
-4.500000e-01 -4.500000e-01 -1.200000e+00 5.240000e-12 -4.790000e-12 -4.500000e-13 0.000000e+00 6.563323e-28
-4.600000e-01 -4.600000e-01 -1.200000e+00 5.281400e-12 -4.821400e-12 -4.600000e-13 0.000000e+00 0.000000e+00
-4.700000e-01 -4.700000e-01 -1.200000e+00 5.320100e-12 -4.850100e-12 -4.700000e-13 0.000000e+00 2.019484e-28
-4.800000e-01 -4.800000e-01 -1.200000e+00 5.356200e-12 -4.876200e-12 -4.800000e-13 0.000000e+00 3.029226e-28
-4.900000e-01 -4.900000e-01 -1.200000e+00 5.389700e-12 -4.899700e-12 -4.900000e-13 0.000000e+00 3.029226e-28
-5.000000e-01 -5.000000e-01 -1.200000e+00 5.420800e-12 -4.920800e-12 -5.000000e-13 0.000000e+00 1.009742e-28
-5.100000e-01 -5.100000e-01 -1.200000e+00 5.449800e-12 -4.939800e-12 -5.100000e-13 0.000000e+00 0.000000e+00
-5.200000e-01 -5.200000e-01 -1.200000e+00 5.476600e-12 -4.956600e-12 -5.200000e-13 0.000000e+00 2.019484e-28
-5.300000e-01 -5.300000e-01 -1.200000e+00 5.501600e-12 -4.971600e-12 -5.300000e-13 0.000000e+00 3.029226e-28
-5.400000e-01 -5.400000e-01 -1.200000e+00 5.524800e-12 -4.984800e-12 -5.400000e-13 0.000000e+00 5.048710e-28
-5.500000e-01 -5.500000e-01 -1.200000e+00 5.546400e-12 -4.996400e-12 -5.500000e-13 0.000000e+00 2.019484e-28
-5.600000e-01 -5.600000e-01 -1.200000e+00 5.566700e-12 -5.006700e-12 -5.600000e-13 0.000000e+00 8.077936e-28
-5.700000e-01 -5.700000e-01 -1.200000e+00 5.585800e-12 -5.015800e-12 -5.700000e-13 0.000000e+00 2.019484e-28
-5.800000e-01 -5.800000e-01 -1.200000e+00 5.603800e-12 -5.023800e-12 -5.800000e-13 0.000000e+00 5.048710e-28
-5.900000e-01 -5.900000e-01 -1.200000e+00 5.620800e-12 -5.030800e-12 -5.900000e-13 0.000000e+00 3.029226e-28
-6.000000e-01 -6.000000e-01 -1.200000e+00 5.637100e-12 -5.037100e-12 -6.000000e-13 0.000000e+00 6.058452e-28
-6.100000e-01 -6.100000e-01 -1.200000e+00 5.652600e-12 -5.042600e-12 -6.100000e-13 0.000000e+00 8.077936e-28
-6.200000e-01 -6.200000e-01 -1.200000e+00 5.667600e-12 -5.047600e-12 -6.200000e-13 0.000000e+00 1.009742e-28
-6.300000e-01 -6.300000e-01 -1.200000e+00 5.682100e-12 -5.052100e-12 -6.300000e-13 0.000000e+00 5.048710e-28
-6.400000e-01 -6.400000e-01 -1.200000e+00 5.696200e-12 -5.056200e-12 -6.400000e-13 0.000000e+00 4.038968e-28
-6.500000e-01 -6.500000e-01 -1.200000e+00 5.709900e-12 -5.059900e-12 -6.500000e-13 0.000000e+00 6.058452e-28
-6.600000e-01 -6.600000e-01 -1.200000e+00 5.723300e-12 -5.063300e-12 -6.600000e-13 0.000000e+00 0.000000e+00
-6.700000e-01 -6.700000e-01 -1.200000e+00 5.736400e-12 -5.066400e-12 -6.700000e-13 0.000000e+00 1.009742e-28
-6.800000e-01 -6.800000e-01 -1.200000e+00 5.749400e-12 -5.069400e-12 -6.800000e-13 0.000000e+00 5.048710e-28
-6.900000e-01 -6.900000e-01 -1.200000e+00 5.762100e-12 -5.072100e-12 -6.900000e-13 0.000000e+00 4.038968e-28
-7.000000e-01 -7.000000e-01 -1.200000e+00 5.774700e-12 -5.074700e-12 -7.000000e-13 0.000000e+00 6.058452e-28
-7.100000e-01 -7.100000e-01 -1.200000e+00 5.787100e-12 -5.077100e-12 -7.100000e-13 0.000000e+00 1.009742e-28
-7.200000e-01 -7.200000e-01 -1.200000e+00 5.799500e-12 -5.079500e-12 -7.200000e-13 0.000000e+00 1.009742e-28
-7.300000e-01 -7.300000e-01 -1.200000e+00 5.811700e-12 -5.081700e-12 -7.300000e-13 0.000000e+00 1.110716e-27
-7.400000e-01 -7.400000e-01 -1.200000e+00 5.823800e-12 -5.083800e-12 -7.400000e-13 0.000000e+00 4.038968e-28
-7.500000e-01 -7.500000e-01 -1.200000e+00 5.835900e-12 -5.085900e-12 -7.500000e-13 0.000000e+00 2.019484e-28
-7.600000e-01 -7.600000e-01 -1.200000e+00 5.847900e-12 -5.087900e-12 -7.600000e-13 0.000000e+00 9.087678e-28
-7.700000e-01 -7.700000e-01 -1.200000e+00 5.859900e-12 -5.089900e-12 -7.700000e-13 0.000000e+00 7.068194e-28
-7.800000e-01 -7.800000e-01 -1.200000e+00 5.871800e-12 -5.091800e-12 -7.800000e-13 0.000000e+00 2.019484e-28
-7.900000e-01 -7.900000e-01 -1.200000e+00 5.883600e-12 -5.093600e-12 -7.900000e-13 0.000000e+00 4.038968e-28
-8.000000e-01 -8.000000e-01 -1.200000e+00 5.895400e-12 -5.095400e-12 -8.000000e-13 0.000000e+00 6.058452e-28
-8.100000e-01 -8.100000e-01 -1.200000e+00 5.907200e-12 -5.097200e-12 -8.100000e-13 0.000000e+00 1.009742e-28
-8.200000e-01 -8.200000e-01 -1.200000e+00 5.919000e-12 -5.099000e-12 -8.200000e-13 0.000000e+00 7.068194e-28
-8.300000e-01 -8.300000e-01 -1.200000e+00 5.930700e-12 -5.100700e-12 -8.300000e-13 0.000000e+00 6.058452e-28
-8.400000e-01 -8.400000e-01 -1.200000e+00 5.942400e-12 -5.102400e-12 -8.400000e-13 0.000000e+00 4.038968e-28
-8.500000e-01 -8.500000e-01 -1.200000e+00 5.954100e-12 -5.104100e-12 -8.500000e-13 0.000000e+00 5.048710e-28
-8.600000e-01 -8.600000e-01 -1.200000e+00 5.965800e-12 -5.105800e-12 -8.600000e-13 0.000000e+00 9.087678e-28
-8.700000e-01 -8.700000e-01 -1.200000e+00 5.977400e-12 -5.107400e-12 -8.700000e-13 0.000000e+00 1.009742e-28
-8.800000e-01 -8.800000e-01 -1.200000e+00 5.989100e-12 -5.109100e-12 -8.800000e-13 0.000000e+00 6.058452e-28
-8.900000e-01 -8.900000e-01 -1.200000e+00 6.000700e-12 -5.110700e-12 -8.900000e-13 0.000000e+00 4.038968e-28
-9.000000e-01 -9.000000e-01 -1.200000e+00 6.012300e-12 -5.112300e-12 -9.000000e-13 0.000000e+00 1.110716e-27
-9.100000e-01 -9.100000e-01 -1.200000e+00 6.023900e-12 -5.113900e-12 -9.100000e-13 0.000000e+00 2.019484e-28
-9.200000e-01 -9.200000e-01 -1.200000e+00 6.035500e-12 -5.115500e-12 -9.200000e-13 0.000000e+00 8.077936e-28
-9.300000e-01 -9.300000e-01 -1.200000e+00 6.047100e-12 -5.117100e-12 -9.300000e-13 0.000000e+00 2.019484e-28
-9.400000e-01 -9.400000e-01 -1.200000e+00 6.058700e-12 -5.118700e-12 -9.400000e-13 0.000000e+00 4.038968e-28
-9.500000e-01 -9.500000e-01 -1.200000e+00 6.070300e-12 -5.120300e-12 -9.500000e-13 0.000000e+00 1.009742e-27
-9.600000e-01 -9.600000e-01 -1.200000e+00 6.081800e-12 -5.121800e-12 -9.600000e-13 0.000000e+00 2.019484e-28
-9.700000e-01 -9.700000e-01 -1.200000e+00 6.093400e-12 -5.123400e-12 -9.700000e-13 0.000000e+00 0.000000e+00
-9.800000e-01 -9.800000e-01 -1.200000e+00 6.104900e-12 -5.124900e-12 -9.800000e-13 0.000000e+00 6.058452e-28
-9.900000e-01 -9.900000e-01 -1.200000e+00 6.116500e-12 -5.126500e-12 -9.900000e-13 0.000000e+00 4.038968e-28
-1.000000e+00 -1.000000e+00 -1.200000e+00 6.128000e-12 -5.128000e-12 -1.000000e-12 0.000000e+00 2.019484e-28
-1.010000e+00 -1.010000e+00 -1.200000e+00 6.139600e-12 -5.129600e-12 -1.010000e-12 0.000000e+00 0.000000e+00
-1.020000e+00 -1.020000e+00 -1.200000e+00 6.151100e-12 -5.131100e-12 -1.020000e-12 0.000000e+00 8.077936e-28
-1.030000e+00 -1.030000e+00 -1.200000e+00 6.162600e-12 -5.132600e-12 -1.030000e-12 0.000000e+00 2.019484e-28
-1.040000e+00 -1.040000e+00 -1.200000e+00 6.174200e-12 -5.134200e-12 -1.040000e-12 0.000000e+00 4.038968e-28
-1.050000e+00 -1.050000e+00 -1.200000e+00 6.185700e-12 -5.135700e-12 -1.050000e-12 0.000000e+00 2.019484e-28
-1.060000e+00 -1.060000e+00 -1.200000e+00 6.197200e-12 -5.137200e-12 -1.060000e-12 0.000000e+00 2.019484e-28
-1.070000e+00 -1.070000e+00 -1.200000e+00 6.208700e-12 -5.138700e-12 -1.070000e-12 0.000000e+00 0.000000e+00
-1.080000e+00 -1.080000e+00 -1.200000e+00 6.220300e-12 -5.140300e-12 -1.080000e-12 0.000000e+00 2.019484e-28
-1.090000e+00 -1.090000e+00 -1.200000e+00 6.231800e-12 -5.141800e-12 -1.090000e-12 0.000000e+00 4.038968e-28
-1.100000e+00 -1.100000e+00 -1.200000e+00 6.243300e-12 -5.143300e-12 -1.100000e-12 0.000000e+00 4.038968e-28
-1.110000e+00 -1.110000e+00 -1.200000e+00 6.254800e-12 -5.144800e-12 -1.110000e-12 0.000000e+00 6.058452e-28
-1.120000e+00 -1.120000e+00 -1.200000e+00 6.266300e-12 -5.146300e-12 -1.120000e-12 0.000000e+00 0.000000e+00
-1.130000e+00 -1.130000e+00 -1.200000e+00 6.277800e-12 -5.147800e-12 -1.130000e-12 0.000000e+00 4.038968e-28
-1.140000e+00 -1.140000e+00 -1.200000e+00 6.289300e-12 -5.149300e-12 -1.140000e-12 0.000000e+00 2.019484e-28
-1.150000e+00 -1.150000e+00 -1.200000e+00 6.300800e-12 -5.150800e-12 -1.150000e-12 0.000000e+00 2.019484e-28
-1.160000e+00 -1.160000e+00 -1.200000e+00 6.312400e-12 -5.152400e-12 -1.160000e-12 0.000000e+00 8.077936e-28
-1.170000e+00 -1.170000e+00 -1.200000e+00 6.323900e-12 -5.153900e-12 -1.170000e-12 0.000000e+00 2.019484e-28
-1.180000e+00 -1.180000e+00 -1.200000e+00 6.335400e-12 -5.155400e-12 -1.180000e-12 0.000000e+00 4.038968e-28
-1.190000e+00 -1.190000e+00 -1.200000e+00 6.346900e-12 -5.156900e-12 -1.190000e-12 0.000000e+00 4.038968e-28
-1.200000e+00 -1.200000e+00 -1.200000e+00 6.358400e-12 -5.158400e-12 -1.200000e-12 0.000000e+00 1.009742e-27