v-sweep v(drain_iv) v(gate_iv) id is ib ig kcl
0.000000e+00 0.000000e+00 0.000000e+00 0.000000e+00 0.000000e+00 0.000000e+00 0.000000e+00 0.000000e+00
-1.000000e-02 -1.000000e-02 0.000000e+00 3.309208e-16 -3.209208e-16 -1.000000e-17 0.000000e+00 1.386670e-32
-2.000000e-02 -2.000000e-02 0.000000e+00 5.385755e-16 -5.185755e-16 -2.000000e-17 0.000000e+00 2.773339e-32
-3.000000e-02 -3.000000e-02 0.000000e+00 6.595807e-16 -6.295807e-16 -3.000000e-17 0.000000e+00 6.162976e-33
-4.000000e-02 -4.000000e-02 0.000000e+00 7.302489e-16 -6.902489e-16 -4.000000e-17 0.000000e+00 4.314083e-32
-5.000000e-02 -5.000000e-02 0.000000e+00 7.758123e-16 -7.258123e-16 -5.000000e-17 0.000000e+00 8.011869e-32
-6.000000e-02 -6.000000e-02 0.000000e+00 8.092281e-16 -7.492281e-16 -6.000000e-17 0.000000e+00 1.232595e-32
-7.000000e-02 -7.000000e-02 0.000000e+00 8.364365e-16 -7.664365e-16 -7.000000e-17 0.000000e+00 4.930381e-32
-8.000000e-02 -8.000000e-02 0.000000e+00 8.601843e-16 -7.801843e-16 -8.000000e-17 0.000000e+00 8.628166e-32
-9.000000e-02 -9.000000e-02 0.000000e+00 8.818198e-16 -7.918198e-16 -9.000000e-17 0.000000e+00 2.465190e-32
-1.000000e-01 -1.000000e-01 0.000000e+00 9.020538e-16 -8.020538e-16 -1.000000e-16 0.000000e+00 6.162976e-32
-1.100000e-01 -1.100000e-01 0.000000e+00 9.212898e-16 -8.112898e-16 -1.100000e-16 0.000000e+00 0.000000e+00
-1.200000e-01 -1.200000e-01 0.000000e+00 9.397713e-16 -8.197713e-16 -1.200000e-16 0.000000e+00 2.465190e-32
-1.300000e-01 -1.300000e-01 0.000000e+00 9.576572e-16 -8.276572e-16 -1.300000e-16 0.000000e+00 7.395571e-32
-1.400000e-01 -1.400000e-01 0.000000e+00 9.750537e-16 -8.350537e-16 -1.400000e-16 0.000000e+00 9.860761e-32
-1.500000e-01 -1.500000e-01 0.000000e+00 9.920377e-16 -8.420377e-16 -1.500000e-16 0.000000e+00 4.930381e-32
-1.600000e-01 -1.600000e-01 0.000000e+00 1.008700e-15 -8.486659e-16 -1.600000e-16 0.000000e+00 3.410000e-20
-1.700000e-01 -1.700000e-01 0.000000e+00 1.025000e-15 -8.549818e-16 -1.700000e-16 0.000000e+00 1.820000e-20
-1.800000e-01 -1.800000e-01 0.000000e+00 1.041000e-15 -8.610202e-16 -1.800000e-16 0.000000e+00 2.020000e-20
-1.900000e-01 -1.900000e-01 0.000000e+00 1.056800e-15 -8.668089e-16 -1.900000e-16 0.000000e+00 8.900000e-21
-2.000000e-01 -2.000000e-01 0.000000e+00 1.072400e-15 -8.723716e-16 -2.000000e-16 0.000000e+00 2.840000e-20
-2.100000e-01 -2.100000e-01 0.000000e+00 1.087700e-15 -8.777274e-16 -2.100000e-16 0.000000e+00 2.740000e-20
-2.200000e-01 -2.200000e-01 0.000000e+00 1.102900e-15 -8.828935e-16 -2.200000e-16 0.000000e+00 6.500000e-21
-2.300000e-01 -2.300000e-01 0.000000e+00 1.117900e-15 -8.878837e-16 -2.300000e-16 0.000000e+00 1.630000e-20
-2.400000e-01 -2.400000e-01 0.000000e+00 1.132700e-15 -8.927115e-16 -2.400000e-16 0.000000e+00 1.150000e-20
-2.500000e-01 -2.500000e-01 0.000000e+00 1.147400e-15 -8.973878e-16 -2.500000e-16 0.000000e+00 1.220000e-20
-2.600000e-01 -2.600000e-01 0.000000e+00 1.161900e-15 -9.019231e-16 -2.600000e-16 0.000000e+00 2.310000e-20
-2.700000e-01 -2.700000e-01 0.000000e+00 1.176300e-15 -9.063256e-16 -2.700000e-16 0.000000e+00 2.560000e-20
-2.800000e-01 -2.800000e-01 0.000000e+00 1.190600e-15 -9.106036e-16 -2.800000e-16 0.000000e+00 3.600000e-21
-2.900000e-01 -2.900000e-01 0.000000e+00 1.204800e-15 -9.147648e-16 -2.900000e-16 0.000000e+00 3.520000e-20
-3.000000e-01 -3.000000e-01 0.000000e+00 1.218800e-15 -9.188154e-16 -3.000000e-16 0.000000e+00 1.540000e-20
-3.100000e-01 -3.100000e-01 0.000000e+00 1.232800e-15 -9.227610e-16 -3.100000e-16 0.000000e+00 3.900000e-20
-3.200000e-01 -3.200000e-01 0.000000e+00 1.246600e-15 -9.266083e-16 -3.200000e-16 0.000000e+00 8.300000e-21
-3.300000e-01 -3.300000e-01 0.000000e+00 1.260400e-15 -9.303615e-16 -3.300000e-16 0.000000e+00 3.850000e-20
-3.400000e-01 -3.400000e-01 0.000000e+00 1.274000e-15 -9.340258e-16 -3.400000e-16 0.000000e+00 2.580000e-20
-3.500000e-01 -3.500000e-01 0.000000e+00 1.287600e-15 -9.376050e-16 -3.500000e-16 0.000000e+00 5.000000e-21
-3.600000e-01 -3.600000e-01 0.000000e+00 1.301100e-15 -9.411036e-16 -3.600000e-16 0.000000e+00 3.600000e-21
-3.700000e-01 -3.700000e-01 0.000000e+00 1.314500e-15 -9.445257e-16 -3.700000e-16 0.000000e+00 2.570000e-20
-3.800000e-01 -3.800000e-01 0.000000e+00 1.327900e-15 -9.478731e-16 -3.800000e-16 0.000000e+00 2.690000e-20
-3.900000e-01 -3.900000e-01 0.000000e+00 1.341200e-15 -9.511507e-16 -3.900000e-16 0.000000e+00 4.930000e-20
-4.000000e-01 -4.000000e-01 0.000000e+00 1.354400e-15 -9.543611e-16 -4.000000e-16 0.000000e+00 3.890000e-20
-4.100000e-01 -4.100000e-01 0.000000e+00 1.367500e-15 -9.575069e-16 -4.100000e-16 0.000000e+00 6.900000e-21
-4.200000e-01 -4.200000e-01 0.000000e+00 1.380600e-15 -9.605911e-16 -4.200000e-16 0.000000e+00 8.900000e-21
-4.300000e-01 -4.300000e-01 0.000000e+00 1.393600e-15 -9.636153e-16 -4.300000e-16 0.000000e+00 1.530000e-20
-4.400000e-01 -4.400000e-01 0.000000e+00 1.406600e-15 -9.665830e-16 -4.400000e-16 0.000000e+00 1.700000e-20
-4.500000e-01 -4.500000e-01 0.000000e+00 1.419500e-15 -9.694959e-16 -4.500000e-16 0.000000e+00 4.100000e-21
-4.600000e-01 -4.600000e-01 0.000000e+00 1.432400e-15 -9.723557e-16 -4.600000e-16 0.000000e+00 4.430000e-20
-4.700000e-01 -4.700000e-01 0.000000e+00 1.445200e-15 -9.751651e-16 -4.700000e-16 0.000000e+00 3.490000e-20
-4.800000e-01 -4.800000e-01 0.000000e+00 1.457900e-15 -9.779254e-16 -4.800000e-16 0.000000e+00 2.540000e-20
-4.900000e-01 -4.900000e-01 0.000000e+00 1.470600e-15 -9.806390e-16 -4.900000e-16 0.000000e+00 3.900000e-20
-5.000000e-01 -5.000000e-01 0.000000e+00 1.483300e-15 -9.833063e-16 -5.000000e-16 0.000000e+00 6.300000e-21
-5.100000e-01 -5.100000e-01 0.000000e+00 1.495900e-15 -9.859296e-16 -5.100000e-16 0.000000e+00 2.960000e-20
-5.200000e-01 -5.200000e-01 0.000000e+00 1.508500e-15 -9.885115e-16 -5.200000e-16 0.000000e+00 1.150000e-20
-5.300000e-01 -5.300000e-01 0.000000e+00 1.521100e-15 -9.910517e-16 -5.300000e-16 0.000000e+00 4.830000e-20
-5.400000e-01 -5.400000e-01 0.000000e+00 1.533600e-15 -9.935524e-16 -5.400000e-16 0.000000e+00 4.760000e-20
-5.500000e-01 -5.500000e-01 0.000000e+00 1.546000e-15 -9.960144e-16 -5.500000e-16 0.000000e+00 1.440000e-20
-5.600000e-01 -5.600000e-01 0.000000e+00 1.558400e-15 -9.984393e-16 -5.600000e-16 0.000000e+00 3.930000e-20
-5.700000e-01 -5.700000e-01 0.000000e+00 1.570800e-15 -1.000800e-15 -5.700000e-16 0.000000e+00 0.000000e+00
-5.800000e-01 -5.800000e-01 0.000000e+00 1.583200e-15 -1.003200e-15 -5.800000e-16 0.000000e+00 2.958228e-31
-5.900000e-01 -5.900000e-01 0.000000e+00 1.595500e-15 -1.005500e-15 -5.900000e-16 0.000000e+00 9.860761e-32
-6.000000e-01 -6.000000e-01 0.000000e+00 1.607800e-15 -1.007800e-15 -6.000000e-16 0.000000e+00 1.972152e-31
-6.100000e-01 -6.100000e-01 0.000000e+00 1.620000e-15 -1.010000e-15 -6.100000e-16 0.000000e+00 1.972152e-31
-6.200000e-01 -6.200000e-01 0.000000e+00 1.632300e-15 -1.012300e-15 -6.200000e-16 0.000000e+00 0.000000e+00
-6.300000e-01 -6.300000e-01 0.000000e+00 1.644500e-15 -1.014500e-15 -6.300000e-16 0.000000e+00 9.860761e-32
-6.400000e-01 -6.400000e-01 0.000000e+00 1.656600e-15 -1.016600e-15 -6.400000e-16 0.000000e+00 9.860761e-32
-6.500000e-01 -6.500000e-01 0.000000e+00 1.668800e-15 -1.018800e-15 -6.500000e-16 0.000000e+00 2.958228e-31
-6.600000e-01 -6.600000e-01 0.000000e+00 1.680900e-15 -1.020900e-15 -6.600000e-16 0.000000e+00 0.000000e+00
-6.700000e-01 -6.700000e-01 0.000000e+00 1.693000e-15 -1.023000e-15 -6.700000e-16 0.000000e+00 0.000000e+00
-6.800000e-01 -6.800000e-01 0.000000e+00 1.705000e-15 -1.025000e-15 -6.800000e-16 0.000000e+00 3.944305e-31
-6.900000e-01 -6.900000e-01 0.000000e+00 1.717000e-15 -1.027000e-15 -6.900000e-16 0.000000e+00 2.958228e-31
-7.000000e-01 -7.000000e-01 0.000000e+00 1.729000e-15 -1.029000e-15 -7.000000e-16 0.000000e+00 2.958228e-31
-7.100000e-01 -7.100000e-01 0.000000e+00 1.741000e-15 -1.031000e-15 -7.100000e-16 0.000000e+00 1.972152e-31
-7.200000e-01 -7.200000e-01 0.000000e+00 1.753000e-15 -1.033000e-15 -7.200000e-16 0.000000e+00 0.000000e+00
-7.300000e-01 -7.300000e-01 0.000000e+00 1.764900e-15 -1.034900e-15 -7.300000e-16 0.000000e+00 1.972152e-31
-7.400000e-01 -7.400000e-01 0.000000e+00 1.776800e-15 -1.036800e-15 -7.400000e-16 0.000000e+00 9.860761e-32
-7.500000e-01 -7.500000e-01 0.000000e+00 1.788700e-15 -1.038700e-15 -7.500000e-16 0.000000e+00 9.860761e-32
-7.600000e-01 -7.600000e-01 0.000000e+00 1.800600e-15 -1.040600e-15 -7.600000e-16 0.000000e+00 9.860761e-32
-7.700000e-01 -7.700000e-01 0.000000e+00 1.812400e-15 -1.042400e-15 -7.700000e-16 0.000000e+00 1.972152e-31
-7.800000e-01 -7.800000e-01 0.000000e+00 1.824300e-15 -1.044300e-15 -7.800000e-16 0.000000e+00 0.000000e+00
-7.900000e-01 -7.900000e-01 0.000000e+00 1.836100e-15 -1.046100e-15 -7.900000e-16 0.000000e+00 1.972152e-31
-8.000000e-01 -8.000000e-01 0.000000e+00 1.847900e-15 -1.047900e-15 -8.000000e-16 0.000000e+00 9.860761e-32
-8.100000e-01 -8.100000e-01 0.000000e+00 1.859600e-15 -1.049600e-15 -8.100000e-16 0.000000e+00 9.860761e-32
-8.200000e-01 -8.200000e-01 0.000000e+00 1.871400e-15 -1.051400e-15 -8.200000e-16 0.000000e+00 9.860761e-32
-8.300000e-01 -8.300000e-01 0.000000e+00 1.883100e-15 -1.053100e-15 -8.300000e-16 0.000000e+00 0.000000e+00
-8.400000e-01 -8.400000e-01 0.000000e+00 1.894800e-15 -1.054800e-15 -8.400000e-16 0.000000e+00 1.972152e-31
-8.500000e-01 -8.500000e-01 0.000000e+00 1.906500e-15 -1.056500e-15 -8.500000e-16 0.000000e+00 9.860761e-32
-8.600000e-01 -8.600000e-01 0.000000e+00 1.918200e-15 -1.058200e-15 -8.600000e-16 0.000000e+00 2.958228e-31
-8.700000e-01 -8.700000e-01 0.000000e+00 1.929900e-15 -1.059900e-15 -8.700000e-16 0.000000e+00 9.860761e-32
-8.800000e-01 -8.800000e-01 0.000000e+00 1.941500e-15 -1.061500e-15 -8.800000e-16 0.000000e+00 1.972152e-31
-8.900000e-01 -8.900000e-01 0.000000e+00 1.953100e-15 -1.063100e-15 -8.900000e-16 0.000000e+00 0.000000e+00
-9.000000e-01 -9.000000e-01 0.000000e+00 1.964800e-15 -1.064800e-15 -9.000000e-16 0.000000e+00 1.972152e-31
-9.100000e-01 -9.100000e-01 0.000000e+00 1.976400e-15 -1.066400e-15 -9.100000e-16 0.000000e+00 1.972152e-31
-9.200000e-01 -9.200000e-01 0.000000e+00 1.987900e-15 -1.067900e-15 -9.200000e-16 0.000000e+00 0.000000e+00
-9.300000e-01 -9.300000e-01 0.000000e+00 1.999500e-15 -1.069500e-15 -9.300000e-16 0.000000e+00 1.972152e-31
-9.400000e-01 -9.400000e-01 0.000000e+00 2.011100e-15 -1.071100e-15 -9.400000e-16 0.000000e+00 1.972152e-31
-9.500000e-01 -9.500000e-01 0.000000e+00 2.022600e-15 -1.072600e-15 -9.500000e-16 0.000000e+00 0.000000e+00
-9.600000e-01 -9.600000e-01 0.000000e+00 2.034100e-15 -1.074100e-15 -9.600000e-16 0.000000e+00 1.972152e-31
-9.700000e-01 -9.700000e-01 0.000000e+00 2.045700e-15 -1.075700e-15 -9.700000e-16 0.000000e+00 0.000000e+00
-9.800000e-01 -9.800000e-01 0.000000e+00 2.057200e-15 -1.077200e-15 -9.800000e-16 0.000000e+00 1.972152e-31
-9.900000e-01 -9.900000e-01 0.000000e+00 2.068600e-15 -1.078600e-15 -9.900000e-16 0.000000e+00 0.000000e+00
-1.000000e+00 -1.000000e+00 0.000000e+00 2.080100e-15 -1.080100e-15 -1.000000e-15 0.000000e+00 1.972152e-31
-1.010000e+00 -1.010000e+00 0.000000e+00 2.091600e-15 -1.081600e-15 -1.010000e-15 0.000000e+00 1.972152e-31
-1.020000e+00 -1.020000e+00 0.000000e+00 2.103000e-15 -1.083000e-15 -1.020000e-15 0.000000e+00 3.944305e-31
-1.030000e+00 -1.030000e+00 0.000000e+00 2.114500e-15 -1.084500e-15 -1.030000e-15 0.000000e+00 0.000000e+00
-1.040000e+00 -1.040000e+00 0.000000e+00 2.125900e-15 -1.085900e-15 -1.040000e-15 0.000000e+00 1.972152e-31
-1.050000e+00 -1.050000e+00 0.000000e+00 2.137300e-15 -1.087300e-15 -1.050000e-15 0.000000e+00 1.972152e-31
-1.060000e+00 -1.060000e+00 0.000000e+00 2.148700e-15 -1.088700e-15 -1.060000e-15 0.000000e+00 1.972152e-31
-1.070000e+00 -1.070000e+00 0.000000e+00 2.160100e-15 -1.090100e-15 -1.070000e-15 0.000000e+00 1.972152e-31
-1.080000e+00 -1.080000e+00 0.000000e+00 2.171500e-15 -1.091500e-15 -1.080000e-15 0.000000e+00 0.000000e+00
-1.090000e+00 -1.090000e+00 0.000000e+00 2.182900e-15 -1.092900e-15 -1.090000e-15 0.000000e+00 1.972152e-31
-1.100000e+00 -1.100000e+00 0.000000e+00 2.194200e-15 -1.094200e-15 -1.100000e-15 0.000000e+00 1.972152e-31
-1.110000e+00 -1.110000e+00 0.000000e+00 2.205600e-15 -1.095600e-15 -1.110000e-15 0.000000e+00 1.972152e-31
-1.120000e+00 -1.120000e+00 0.000000e+00 2.216900e-15 -1.096900e-15 -1.120000e-15 0.000000e+00 1.972152e-31
-1.130000e+00 -1.130000e+00 0.000000e+00 2.228200e-15 -1.098200e-15 -1.130000e-15 0.000000e+00 0.000000e+00
-1.140000e+00 -1.140000e+00 0.000000e+00 2.239500e-15 -1.099500e-15 -1.140000e-15 0.000000e+00 1.972152e-31
-1.150000e+00 -1.150000e+00 0.000000e+00 2.250900e-15 -1.100900e-15 -1.150000e-15 0.000000e+00 3.944305e-31
-1.160000e+00 -1.160000e+00 0.000000e+00 2.262100e-15 -1.102100e-15 -1.160000e-15 0.000000e+00 1.972152e-31
-1.170000e+00 -1.170000e+00 0.000000e+00 2.273400e-15 -1.103400e-15 -1.170000e-15 0.000000e+00 1.972152e-31
-1.180000e+00 -1.180000e+00 0.000000e+00 2.284700e-15 -1.104700e-15 -1.180000e-15 0.000000e+00 0.000000e+00
-1.190000e+00 -1.190000e+00 0.000000e+00 2.296000e-15 -1.106000e-15 -1.190000e-15 0.000000e+00 3.944305e-31
-1.200000e+00 -1.200000e+00 0.000000e+00 2.307200e-15 -1.107200e-15 -1.200000e-15 0.000000e+00 0.000000e+00
0.000000e+00 0.000000e+00 -2.000000e-01 -3.073700e-25 -3.073700e-25 -3.607940e-14 3.607940e-14 6.147372e-25
-1.000000e-02 -1.000000e-02 -2.000000e-01 1.564147e-13 -1.564047e-13 -3.608940e-14 3.607940e-14 1.893266e-29
-2.000000e-02 -2.000000e-02 -2.000000e-01 2.527541e-13 -2.527341e-13 -3.609940e-14 3.607940e-14 1.893266e-29
-3.000000e-02 -3.000000e-02 -2.000000e-01 3.068639e-13 -3.068339e-13 -3.610940e-14 3.607940e-14 0.000000e+00
-4.000000e-02 -4.000000e-02 -2.000000e-01 3.364417e-13 -3.364017e-13 -3.611940e-14 3.607940e-14 1.893266e-29
-5.000000e-02 -5.000000e-02 -2.000000e-01 3.537840e-13 -3.537340e-13 -3.612940e-14 3.607940e-14 3.786532e-29
-6.000000e-02 -6.000000e-02 -2.000000e-01 3.652060e-13 -3.651460e-13 -3.613940e-14 3.607940e-14 0.000000e+00
-7.000000e-02 -7.000000e-02 -2.000000e-01 3.736028e-13 -3.735328e-13 -3.614940e-14 3.607940e-14 1.893266e-29
-8.000000e-02 -8.000000e-02 -2.000000e-01 3.803131e-13 -3.802331e-13 -3.615940e-14 3.607940e-14 3.786532e-29
-9.000000e-02 -9.000000e-02 -2.000000e-01 3.859938e-13 -3.859038e-13 -3.616940e-14 3.607940e-14 0.000000e+00
-1.000000e-01 -1.000000e-01 -2.000000e-01 3.909915e-13 -3.908915e-13 -3.617940e-14 3.607940e-14 3.155444e-29
-1.100000e-01 -1.100000e-01 -2.000000e-01 3.955027e-13 -3.953927e-13 -3.618940e-14 3.607940e-14 1.262177e-29
-1.200000e-01 -1.200000e-01 -2.000000e-01 3.996464e-13 -3.995264e-13 -3.619940e-14 3.607940e-14 6.310887e-30
-1.300000e-01 -1.300000e-01 -2.000000e-01 4.034996e-13 -4.033696e-13 -3.620940e-14 3.607940e-14 1.893266e-29
-1.400000e-01 -1.400000e-01 -2.000000e-01 4.071145e-13 -4.069745e-13 -3.621940e-14 3.607940e-14 3.786532e-29
-1.500000e-01 -1.500000e-01 -2.000000e-01 4.105282e-13 -4.103782e-13 -3.622940e-14 3.607940e-14 6.310887e-30
-1.600000e-01 -1.600000e-01 -2.000000e-01 4.137686e-13 -4.136086e-13 -3.623940e-14 3.607940e-14 3.155444e-29
-1.700000e-01 -1.700000e-01 -2.000000e-01 4.168568e-13 -4.166868e-13 -3.624940e-14 3.607940e-14 3.786532e-29
-1.800000e-01 -1.800000e-01 -2.000000e-01 4.198096e-13 -4.196296e-13 -3.625940e-14 3.607940e-14 6.310887e-30
-1.900000e-01 -1.900000e-01 -2.000000e-01 4.226409e-13 -4.224509e-13 -3.626940e-14 3.607940e-14 2.524355e-29
-2.000000e-01 -2.000000e-01 -2.000000e-01 4.253618e-13 -4.251618e-13 -3.627940e-14 3.607940e-14 1.262177e-29
-2.100000e-01 -2.100000e-01 -2.000000e-01 4.279820e-13 -4.277720e-13 -3.628940e-14 3.607940e-14 6.310887e-30
-2.200000e-01 -2.200000e-01 -2.000000e-01 4.305097e-13 -4.302897e-13 -3.629940e-14 3.607940e-14 2.524355e-29
-2.300000e-01 -2.300000e-01 -2.000000e-01 4.329519e-13 -4.327219e-13 -3.630940e-14 3.607940e-14 4.417621e-29
-2.400000e-01 -2.400000e-01 -2.000000e-01 4.353148e-13 -4.350748e-13 -3.631940e-14 3.607940e-14 6.310887e-30
-2.500000e-01 -2.500000e-01 -2.000000e-01 4.376040e-13 -4.373540e-13 -3.632940e-14 3.607940e-14 2.524355e-29
-2.600000e-01 -2.600000e-01 -2.000000e-01 4.398242e-13 -4.395642e-13 -3.633940e-14 3.607940e-14 6.310887e-30
-2.700000e-01 -2.700000e-01 -2.000000e-01 4.419798e-13 -4.417098e-13 -3.634940e-14 3.607940e-14 6.310887e-30
-2.800000e-01 -2.800000e-01 -2.000000e-01 4.440748e-13 -4.437948e-13 -3.635940e-14 3.607940e-14 2.524355e-29
-2.900000e-01 -2.900000e-01 -2.000000e-01 4.461127e-13 -4.458227e-13 -3.636940e-14 3.607940e-14 6.310887e-30
-3.000000e-01 -3.000000e-01 -2.000000e-01 4.480967e-13 -4.477967e-13 -3.637940e-14 3.607940e-14 1.262177e-29
-3.100000e-01 -3.100000e-01 -2.000000e-01 4.500299e-13 -4.497199e-13 -3.638940e-14 3.607940e-14 2.524355e-29
-3.200000e-01 -3.200000e-01 -2.000000e-01 4.519148e-13 -4.515948e-13 -3.639940e-14 3.607940e-14 6.310887e-30
-3.300000e-01 -3.300000e-01 -2.000000e-01 4.537540e-13 -4.534240e-13 -3.640940e-14 3.607940e-14 1.262177e-29
-3.400000e-01 -3.400000e-01 -2.000000e-01 4.555498e-13 -4.552098e-13 -3.641940e-14 3.607940e-14 2.524355e-29
-3.500000e-01 -3.500000e-01 -2.000000e-01 4.573042e-13 -4.569542e-13 -3.642940e-14 3.607940e-14 1.072851e-28
-3.600000e-01 -3.600000e-01 -2.000000e-01 4.590193e-13 -4.586593e-13 -3.643940e-14 3.607940e-14 1.262177e-29
-3.700000e-01 -3.700000e-01 -2.000000e-01 4.606968e-13 -4.603268e-13 -3.644940e-14 3.607940e-14 3.155444e-29
-3.800000e-01 -3.800000e-01 -2.000000e-01 4.623385e-13 -4.619585e-13 -3.645940e-14 3.607940e-14 4.417621e-29
-3.900000e-01 -3.900000e-01 -2.000000e-01 4.639459e-13 -4.635559e-13 -3.646940e-14 3.607940e-14 3.786532e-29
-4.000000e-01 -4.000000e-01 -2.000000e-01 4.655204e-13 -4.651204e-13 -3.647940e-14 3.607940e-14 1.893266e-29
-4.100000e-01 -4.100000e-01 -2.000000e-01 4.670636e-13 -4.666536e-13 -3.648940e-14 3.607940e-14 9.466331e-29
-4.200000e-01 -4.200000e-01 -2.000000e-01 4.685766e-13 -4.681566e-13 -3.649940e-14 3.607940e-14 1.262177e-29
-4.300000e-01 -4.300000e-01 -2.000000e-01 4.700607e-13 -4.696307e-13 -3.650940e-14 3.607940e-14 3.155444e-29
-4.400000e-01 -4.400000e-01 -2.000000e-01 4.715170e-13 -4.710770e-13 -3.651940e-14 3.607940e-14 5.048710e-29
-4.500000e-01 -4.500000e-01 -2.000000e-01 4.729466e-13 -4.724966e-13 -3.652940e-14 3.607940e-14 6.310887e-29
-4.600000e-01 -4.600000e-01 -2.000000e-01 4.743505e-13 -4.738905e-13 -3.653940e-14 3.607940e-14 8.204153e-29
-4.700000e-01 -4.700000e-01 -2.000000e-01 4.757297e-13 -4.752597e-13 -3.654940e-14 3.607940e-14 0.000000e+00
-4.800000e-01 -4.800000e-01 -2.000000e-01 4.770850e-13 -4.766050e-13 -3.655940e-14 3.607940e-14 8.204153e-29
-4.900000e-01 -4.900000e-01 -2.000000e-01 4.784173e-13 -4.779273e-13 -3.656940e-14 3.607940e-14 3.155444e-29
-5.000000e-01 -5.000000e-01 -2.000000e-01 4.797274e-13 -4.792274e-13 -3.657940e-14 3.607940e-14 5.048710e-29
-5.100000e-01 -5.100000e-01 -2.000000e-01 4.810161e-13 -4.805061e-13 -3.658940e-14 3.607940e-14 6.941976e-29
-5.200000e-01 -5.200000e-01 -2.000000e-01 4.822841e-13 -4.817641e-13 -3.659940e-14 3.607940e-14 8.204153e-29
-5.300000e-01 -5.300000e-01 -2.000000e-01 4.835321e-13 -4.830021e-13 -3.660940e-14 3.607940e-14 0.000000e+00
-5.400000e-01 -5.400000e-01 -2.000000e-01 4.847608e-13 -4.842208e-13 -3.661940e-14 3.607940e-14 1.199069e-28
-5.500000e-01 -5.500000e-01 -2.000000e-01 4.859707e-13 -4.854207e-13 -3.662940e-14 3.607940e-14 3.786532e-29
-5.600000e-01 -5.600000e-01 -2.000000e-01 4.871625e-13 -4.866025e-13 -3.663940e-14 3.607940e-14 5.048710e-29
-5.700000e-01 -5.700000e-01 -2.000000e-01 4.883367e-13 -4.877667e-13 -3.664940e-14 3.607940e-14 3.155444e-29
-5.800000e-01 -5.800000e-01 -2.000000e-01 4.894939e-13 -4.889139e-13 -3.665940e-14 3.607940e-14 1.262177e-29
-5.900000e-01 -5.900000e-01 -2.000000e-01 4.906346e-13 -4.900446e-13 -3.666940e-14 3.607940e-14 0.000000e+00
-6.000000e-01 -6.000000e-01 -2.000000e-01 4.917593e-13 -4.911593e-13 -3.667940e-14 3.607940e-14 1.893266e-29
-6.100000e-01 -6.100000e-01 -2.000000e-01 4.928684e-13 -4.922584e-13 -3.668940e-14 3.607940e-14 3.786532e-29
-6.200000e-01 -6.200000e-01 -2.000000e-01 4.939624e-13 -4.933424e-13 -3.669940e-14 3.607940e-14 4.417621e-29
-6.300000e-01 -6.300000e-01 -2.000000e-01 4.950418e-13 -4.944118e-13 -3.670940e-14 3.607940e-14 6.941976e-29
-6.400000e-01 -6.400000e-01 -2.000000e-01 4.961068e-13 -4.954668e-13 -3.671940e-14 3.607940e-14 8.835242e-29
-6.500000e-01 -6.500000e-01 -2.000000e-01 4.971580e-13 -4.965080e-13 -3.672940e-14 3.607940e-14 6.310887e-30
-6.600000e-01 -6.600000e-01 -2.000000e-01 4.981958e-13 -4.975358e-13 -3.673940e-14 3.607940e-14 1.893266e-29
-6.700000e-01 -6.700000e-01 -2.000000e-01 4.992204e-13 -4.985504e-13 -3.674940e-14 3.607940e-14 6.310887e-29
-6.800000e-01 -6.800000e-01 -2.000000e-01 5.002322e-13 -4.995522e-13 -3.675940e-14 3.607940e-14 4.417621e-29
-6.900000e-01 -6.900000e-01 -2.000000e-01 5.012316e-13 -5.005416e-13 -3.676940e-14 3.607940e-14 7.573065e-29
-7.000000e-01 -7.000000e-01 -2.000000e-01 5.022189e-13 -5.015189e-13 -3.677940e-14 3.607940e-14 1.262177e-29
-7.100000e-01 -7.100000e-01 -2.000000e-01 5.031944e-13 -5.024844e-13 -3.678940e-14 3.607940e-14 6.310887e-30
-7.200000e-01 -7.200000e-01 -2.000000e-01 5.041583e-13 -5.034383e-13 -3.679940e-14 3.607940e-14 2.524355e-29
-7.300000e-01 -7.300000e-01 -2.000000e-01 5.051111e-13 -5.043811e-13 -3.680940e-14 3.607940e-14 4.417621e-29
-7.400000e-01 -7.400000e-01 -2.000000e-01 5.060529e-13 -5.053129e-13 -3.681940e-14 3.607940e-14 5.679799e-29
-7.500000e-01 -7.500000e-01 -2.000000e-01 5.069840e-13 -5.062340e-13 -3.682940e-14 3.607940e-14 2.524355e-29
-7.600000e-01 -7.600000e-01 -2.000000e-01 5.079047e-13 -5.071447e-13 -3.683940e-14 3.607940e-14 6.310887e-30
-7.700000e-01 -7.700000e-01 -2.000000e-01 5.088152e-13 -5.080452e-13 -3.684940e-14 3.607940e-14 9.466331e-29
-7.800000e-01 -7.800000e-01 -2.000000e-01 5.097158e-13 -5.089358e-13 -3.685940e-14 3.607940e-14 2.524355e-29
-7.900000e-01 -7.900000e-01 -2.000000e-01 5.106067e-13 -5.098167e-13 -3.686940e-14 3.607940e-14 5.679799e-29
-8.000000e-01 -8.000000e-01 -2.000000e-01 5.114881e-13 -5.106881e-13 -3.687940e-14 3.607940e-14 3.786532e-29
-8.100000e-01 -8.100000e-01 -2.000000e-01 5.123603e-13 -5.115503e-13 -3.688940e-14 3.607940e-14 7.573065e-29
-8.200000e-01 -8.200000e-01 -2.000000e-01 5.132233e-13 -5.124033e-13 -3.689940e-14 3.607940e-14 6.310887e-30
-8.300000e-01 -8.300000e-01 -2.000000e-01 5.140775e-13 -5.132475e-13 -3.690940e-14 3.607940e-14 1.262177e-29
-8.400000e-01 -8.400000e-01 -2.000000e-01 5.149231e-13 -5.140831e-13 -3.691940e-14 3.607940e-14 1.199069e-28
-8.500000e-01 -8.500000e-01 -2.000000e-01 5.157602e-13 -5.149102e-13 -3.692940e-14 3.607940e-14 4.417621e-29
-8.600000e-01 -8.600000e-01 -2.000000e-01 5.165889e-13 -5.157289e-13 -3.693940e-14 3.607940e-14 3.786532e-29
-8.700000e-01 -8.700000e-01 -2.000000e-01 5.174096e-13 -5.165396e-13 -3.694940e-14 3.607940e-14 1.893266e-29
-8.800000e-01 -8.800000e-01 -2.000000e-01 5.182223e-13 -5.173423e-13 -3.695940e-14 3.607940e-14 1.262177e-29
-8.900000e-01 -8.900000e-01 -2.000000e-01 5.190272e-13 -5.181372e-13 -3.696940e-14 3.607940e-14 6.310887e-30
-9.000000e-01 -9.000000e-01 -2.000000e-01 5.198246e-13 -5.189246e-13 -3.697940e-14 3.607940e-14 6.941976e-29
-9.100000e-01 -9.100000e-01 -2.000000e-01 5.206144e-13 -5.197044e-13 -3.698940e-14 3.607940e-14 3.786532e-29
-9.200000e-01 -9.200000e-01 -2.000000e-01 5.213969e-13 -5.204769e-13 -3.699940e-14 3.607940e-14 4.417621e-29
-9.300000e-01 -9.300000e-01 -2.000000e-01 5.221723e-13 -5.212423e-13 -3.700940e-14 3.607940e-14 2.524355e-29
-9.400000e-01 -9.400000e-01 -2.000000e-01 5.229406e-13 -5.220006e-13 -3.701940e-14 3.607940e-14 0.000000e+00
-9.500000e-01 -9.500000e-01 -2.000000e-01 5.237020e-13 -5.227520e-13 -3.702940e-14 3.607940e-14 6.310887e-30
-9.600000e-01 -9.600000e-01 -2.000000e-01 5.244567e-13 -5.234967e-13 -3.703940e-14 3.607940e-14 7.573065e-29
-9.700000e-01 -9.700000e-01 -2.000000e-01 5.252047e-13 -5.242347e-13 -3.704940e-14 3.607940e-14 5.679799e-29
-9.800000e-01 -9.800000e-01 -2.000000e-01 5.259463e-13 -5.249663e-13 -3.705940e-14 3.607940e-14 1.325286e-28
-9.900000e-01 -9.900000e-01 -2.000000e-01 5.266814e-13 -5.256914e-13 -3.706940e-14 3.607940e-14 7.573065e-29
-1.000000e+00 -1.000000e+00 -2.000000e-01 5.274103e-13 -5.264103e-13 -3.707940e-14 3.607940e-14 6.310887e-30
-1.010000e+00 -1.010000e+00 -2.000000e-01 5.281331e-13 -5.271231e-13 -3.708940e-14 3.607940e-14 1.262177e-29
-1.020000e+00 -1.020000e+00 -2.000000e-01 5.288498e-13 -5.278298e-13 -3.709940e-14 3.607940e-14 2.524355e-29
-1.030000e+00 -1.030000e+00 -2.000000e-01 5.295606e-13 -5.285306e-13 -3.710940e-14 3.607940e-14 5.679799e-29
-1.040000e+00 -1.040000e+00 -2.000000e-01 5.302656e-13 -5.292256e-13 -3.711940e-14 3.607940e-14 3.786532e-29
-1.050000e+00 -1.050000e+00 -2.000000e-01 5.309648e-13 -5.299148e-13 -3.712940e-14 3.607940e-14 1.893266e-29
-1.060000e+00 -1.060000e+00 -2.000000e-01 5.316585e-13 -5.305985e-13 -3.713940e-14 3.607940e-14 6.310887e-30
-1.070000e+00 -1.070000e+00 -2.000000e-01 5.323466e-13 -5.312766e-13 -3.714940e-14 3.607940e-14 8.835242e-29
-1.080000e+00 -1.080000e+00 -2.000000e-01 5.330294e-13 -5.319494e-13 -3.715940e-14 3.607940e-14 3.155444e-29
-1.090000e+00 -1.090000e+00 -2.000000e-01 5.337068e-13 -5.326168e-13 -3.716940e-14 3.607940e-14 4.417621e-29
-1.100000e+00 -1.100000e+00 -2.000000e-01 5.343789e-13 -5.332789e-13 -3.717940e-14 3.607940e-14 3.786532e-29
-1.110000e+00 -1.110000e+00 -2.000000e-01 5.350459e-13 -5.339359e-13 -3.718940e-14 3.607940e-14 1.893266e-29
-1.120000e+00 -1.120000e+00 -2.000000e-01 5.357079e-13 -5.345879e-13 -3.719940e-14 3.607940e-14 0.000000e+00
-1.130000e+00 -1.130000e+00 -2.000000e-01 5.363649e-13 -5.352349e-13 -3.720940e-14 3.607940e-14 1.262177e-29
-1.140000e+00 -1.140000e+00 -2.000000e-01 5.370170e-13 -5.358770e-13 -3.721940e-14 3.607940e-14 3.155444e-29
-1.150000e+00 -1.150000e+00 -2.000000e-01 5.376643e-13 -5.365143e-13 -3.722940e-14 3.607940e-14 5.048710e-29
-1.160000e+00 -1.160000e+00 -2.000000e-01 5.383068e-13 -5.371468e-13 -3.723940e-14 3.607940e-14 3.786532e-29
-1.170000e+00 -1.170000e+00 -2.000000e-01 5.389447e-13 -5.377747e-13 -3.724940e-14 3.607940e-14 1.199069e-28
-1.180000e+00 -1.180000e+00 -2.000000e-01 5.395781e-13 -5.383981e-13 -3.725940e-14 3.607940e-14 0.000000e+00
-1.190000e+00 -1.190000e+00 -2.000000e-01 5.402069e-13 -5.390169e-13 -3.726940e-14 3.607940e-14 1.199069e-28
-1.200000e+00 -1.200000e+00 -2.000000e-01 5.408312e-13 -5.396312e-13 -3.727940e-14 3.607940e-14 6.941976e-29
0.000000e+00 0.000000e+00 -4.000000e-01 -6.671500e-18 -6.671500e-18 -4.251000e-15 4.264400e-15 5.700000e-20
-1.000000e-02 -1.000000e-02 -4.000000e-01 7.361363e-10 -7.361363e-10 -4.261000e-15 4.260300e-15 7.000000e-19
-2.000000e-02 -2.000000e-02 -4.000000e-01 1.196700e-09 -1.196700e-09 -4.271000e-15 4.258100e-15 1.290000e-17
-3.000000e-02 -3.000000e-02 -4.000000e-01 1.458700e-09 -1.458700e-09 -4.281000e-15 4.257000e-15 2.400000e-17
-4.000000e-02 -4.000000e-02 -4.000000e-01 1.603100e-09 -1.603100e-09 -4.291000e-15 4.256400e-15 3.460000e-17
-5.000000e-02 -5.000000e-02 -4.000000e-01 1.688000e-09 -1.688000e-09 -4.301000e-15 4.256200e-15 4.480000e-17
-6.000000e-02 -6.000000e-02 -4.000000e-01 1.743700e-09 -1.743700e-09 -4.311000e-15 4.256100e-15 5.490000e-17
-7.000000e-02 -7.000000e-02 -4.000000e-01 1.784600e-09 -1.784600e-09 -4.321000e-15 4.256000e-15 6.500000e-17
-8.000000e-02 -8.000000e-02 -4.000000e-01 1.817100e-09 -1.817100e-09 -4.331000e-15 4.255900e-15 7.510000e-17
-9.000000e-02 -9.000000e-02 -4.000000e-01 1.844600e-09 -1.844600e-09 -4.341000e-15 4.255900e-15 8.510000e-17
-1.000000e-01 -1.000000e-01 -4.000000e-01 1.868700e-09 -1.868700e-09 -4.351000e-15 4.255900e-15 9.510000e-17
-1.100000e-01 -1.100000e-01 -4.000000e-01 1.890400e-09 -1.890400e-09 -4.361000e-15 4.255900e-15 1.051000e-16
-1.200000e-01 -1.200000e-01 -4.000000e-01 1.910300e-09 -1.910300e-09 -4.371000e-15 4.255900e-15 1.151000e-16
-1.300000e-01 -1.300000e-01 -4.000000e-01 1.928800e-09 -1.928800e-09 -4.381000e-15 4.255900e-15 1.251000e-16
-1.400000e-01 -1.400000e-01 -4.000000e-01 1.946100e-09 -1.946100e-09 -4.391000e-15 4.255900e-15 1.351000e-16
-1.500000e-01 -1.500000e-01 -4.000000e-01 1.962500e-09 -1.962500e-09 -4.401000e-15 4.255900e-15 1.451000e-16
-1.600000e-01 -1.600000e-01 -4.000000e-01 1.978000e-09 -1.978000e-09 -4.411000e-15 4.255900e-15 1.551000e-16
-1.700000e-01 -1.700000e-01 -4.000000e-01 1.992800e-09 -1.992800e-09 -4.421000e-15 4.255900e-15 1.651000e-16
-1.800000e-01 -1.800000e-01 -4.000000e-01 2.006900e-09 -2.006900e-09 -4.431000e-15 4.255900e-15 1.751000e-16
-1.900000e-01 -1.900000e-01 -4.000000e-01 2.020400e-09 -2.020400e-09 -4.441000e-15 4.255900e-15 1.851000e-16
-2.000000e-01 -2.000000e-01 -4.000000e-01 2.033400e-09 -2.033400e-09 -4.451000e-15 4.255800e-15 1.952000e-16
-2.100000e-01 -2.100000e-01 -4.000000e-01 2.046000e-09 -2.046000e-09 -4.461000e-15 4.255800e-15 2.052000e-16
-2.200000e-01 -2.200000e-01 -4.000000e-01 2.058000e-09 -2.058000e-09 -4.471000e-15 4.255800e-15 2.152000e-16
-2.300000e-01 -2.300000e-01 -4.000000e-01 2.069700e-09 -2.069700e-09 -4.481000e-15 4.255800e-15 2.252000e-16
-2.400000e-01 -2.400000e-01 -4.000000e-01 2.081000e-09 -2.081000e-09 -4.491000e-15 4.255800e-15 2.352000e-16
-2.500000e-01 -2.500000e-01 -4.000000e-01 2.091900e-09 -2.091900e-09 -4.501000e-15 4.255800e-15 2.452000e-16
-2.600000e-01 -2.600000e-01 -4.000000e-01 2.102500e-09 -2.102500e-09 -4.511000e-15 4.255800e-15 2.552000e-16
-2.700000e-01 -2.700000e-01 -4.000000e-01 2.112800e-09 -2.112800e-09 -4.521000e-15 4.255800e-15 2.652000e-16
-2.800000e-01 -2.800000e-01 -4.000000e-01 2.122800e-09 -2.122800e-09 -4.531000e-15 4.255800e-15 2.752000e-16
-2.900000e-01 -2.900000e-01 -4.000000e-01 2.132500e-09 -2.132500e-09 -4.541000e-15 4.255800e-15 2.852000e-16
-3.000000e-01 -3.000000e-01 -4.000000e-01 2.141900e-09 -2.141900e-09 -4.551000e-15 4.255800e-15 2.952000e-16
-3.100000e-01 -3.100000e-01 -4.000000e-01 2.151100e-09 -2.151100e-09 -4.561000e-15 4.255800e-15 3.052000e-16
-3.200000e-01 -3.200000e-01 -4.000000e-01 2.160100e-09 -2.160100e-09 -4.571000e-15 4.255800e-15 3.152000e-16
-3.300000e-01 -3.300000e-01 -4.000000e-01 2.168900e-09 -2.168900e-09 -4.581000e-15 4.255800e-15 3.252000e-16
-3.400000e-01 -3.400000e-01 -4.000000e-01 2.177400e-09 -2.177400e-09 -4.591000e-15 4.255800e-15 3.352000e-16
-3.500000e-01 -3.500000e-01 -4.000000e-01 2.185800e-09 -2.185800e-09 -4.601000e-15 4.255800e-15 3.452000e-16
-3.600000e-01 -3.600000e-01 -4.000000e-01 2.194000e-09 -2.194000e-09 -4.611000e-15 4.255800e-15 3.552000e-16
-3.700000e-01 -3.700000e-01 -4.000000e-01 2.201900e-09 -2.201900e-09 -4.621000e-15 4.255800e-15 3.652000e-16
-3.800000e-01 -3.800000e-01 -4.000000e-01 2.209800e-09 -2.209800e-09 -4.631000e-15 4.255800e-15 3.752000e-16
-3.900000e-01 -3.900000e-01 -4.000000e-01 2.217400e-09 -2.217400e-09 -4.641000e-15 4.255800e-15 3.852000e-16
-4.000000e-01 -4.000000e-01 -4.000000e-01 2.224900e-09 -2.224900e-09 -4.651000e-15 4.255800e-15 3.952000e-16
-4.100000e-01 -4.100000e-01 -4.000000e-01 2.232200e-09 -2.232200e-09 -4.661000e-15 4.255800e-15 4.052000e-16
-4.200000e-01 -4.200000e-01 -4.000000e-01 2.239400e-09 -2.239400e-09 -4.671000e-15 4.255800e-15 4.152000e-16
-4.300000e-01 -4.300000e-01 -4.000000e-01 2.246500e-09 -2.246500e-09 -4.681000e-15 4.255800e-15 4.252000e-16
-4.400000e-01 -4.400000e-01 -4.000000e-01 2.253400e-09 -2.253400e-09 -4.691000e-15 4.255800e-15 4.352000e-16
-4.500000e-01 -4.500000e-01 -4.000000e-01 2.260200e-09 -2.260200e-09 -4.701000e-15 4.255800e-15 4.452000e-16
-4.600000e-01 -4.600000e-01 -4.000000e-01 2.266900e-09 -2.266900e-09 -4.711000e-15 4.255800e-15 4.552000e-16
-4.700000e-01 -4.700000e-01 -4.000000e-01 2.273400e-09 -2.273400e-09 -4.721000e-15 4.255800e-15 4.652000e-16
-4.800000e-01 -4.800000e-01 -4.000000e-01 2.279900e-09 -2.279900e-09 -4.731000e-15 4.255800e-15 4.752000e-16
-4.900000e-01 -4.900000e-01 -4.000000e-01 2.286200e-09 -2.286200e-09 -4.741000e-15 4.255800e-15 4.852000e-16
-5.000000e-01 -5.000000e-01 -4.000000e-01 2.292400e-09 -2.292400e-09 -4.751000e-15 4.255800e-15 4.952000e-16
-5.100000e-01 -5.100000e-01 -4.000000e-01 2.298600e-09 -2.298600e-09 -4.761000e-15 4.255800e-15 5.052000e-16
-5.200000e-01 -5.200000e-01 -4.000000e-01 2.304600e-09 -2.304600e-09 -4.771000e-15 4.255800e-15 5.152000e-16
-5.300000e-01 -5.300000e-01 -4.000000e-01 2.310500e-09 -2.310500e-09 -4.781000e-15 4.255800e-15 5.252000e-16
-5.400000e-01 -5.400000e-01 -4.000000e-01 2.316300e-09 -2.316300e-09 -4.791000e-15 4.255800e-15 5.352000e-16
-5.500000e-01 -5.500000e-01 -4.000000e-01 2.322100e-09 -2.322100e-09 -4.801000e-15 4.255800e-15 5.452000e-16
-5.600000e-01 -5.600000e-01 -4.000000e-01 2.327700e-09 -2.327700e-09 -4.811000e-15 4.255800e-15 5.552000e-16
-5.700000e-01 -5.700000e-01 -4.000000e-01 2.333300e-09 -2.333300e-09 -4.821000e-15 4.255800e-15 5.652000e-16
-5.800000e-01 -5.800000e-01 -4.000000e-01 2.338800e-09 -2.338800e-09 -4.831000e-15 4.255800e-15 5.752000e-16
-5.900000e-01 -5.900000e-01 -4.000000e-01 2.344200e-09 -2.344200e-09 -4.841000e-15 4.255800e-15 5.852000e-16
-6.000000e-01 -6.000000e-01 -4.000000e-01 2.349500e-09 -2.349500e-09 -4.851000e-15 4.255800e-15 5.952000e-16
-6.100000e-01 -6.100000e-01 -4.000000e-01 2.354800e-09 -2.354800e-09 -4.861000e-15 4.255800e-15 6.052000e-16
-6.200000e-01 -6.200000e-01 -4.000000e-01 2.360000e-09 -2.360000e-09 -4.871000e-15 4.255800e-15 6.152000e-16
-6.300000e-01 -6.300000e-01 -4.000000e-01 2.365100e-09 -2.365100e-09 -4.881000e-15 4.255800e-15 6.252000e-16
-6.400000e-01 -6.400000e-01 -4.000000e-01 2.370200e-09 -2.370200e-09 -4.891000e-15 4.255800e-15 6.352000e-16
-6.500000e-01 -6.500000e-01 -4.000000e-01 2.375100e-09 -2.375100e-09 -4.901000e-15 4.255800e-15 6.452000e-16
-6.600000e-01 -6.600000e-01 -4.000000e-01 2.380100e-09 -2.380100e-09 -4.911000e-15 4.255800e-15 6.552000e-16
-6.700000e-01 -6.700000e-01 -4.000000e-01 2.384900e-09 -2.384900e-09 -4.921000e-15 4.255800e-15 6.652000e-16
-6.800000e-01 -6.800000e-01 -4.000000e-01 2.389700e-09 -2.389700e-09 -4.931000e-15 4.255800e-15 6.752000e-16
-6.900000e-01 -6.900000e-01 -4.000000e-01 2.394400e-09 -2.394400e-09 -4.941000e-15 4.255800e-15 6.852000e-16
-7.000000e-01 -7.000000e-01 -4.000000e-01 2.399100e-09 -2.399100e-09 -4.951000e-15 4.255800e-15 6.952000e-16
-7.100000e-01 -7.100000e-01 -4.000000e-01 2.403700e-09 -2.403700e-09 -4.961000e-15 4.255800e-15 7.052000e-16
-7.200000e-01 -7.200000e-01 -4.000000e-01 2.408300e-09 -2.408300e-09 -4.971000e-15 4.255800e-15 7.152000e-16
-7.300000e-01 -7.300000e-01 -4.000000e-01 2.412800e-09 -2.412800e-09 -4.981000e-15 4.255800e-15 7.252000e-16
-7.400000e-01 -7.400000e-01 -4.000000e-01 2.417300e-09 -2.417300e-09 -4.991000e-15 4.255800e-15 7.352000e-16
-7.500000e-01 -7.500000e-01 -4.000000e-01 2.421700e-09 -2.421700e-09 -5.001000e-15 4.255800e-15 7.452000e-16
-7.600000e-01 -7.600000e-01 -4.000000e-01 2.426000e-09 -2.426000e-09 -5.011000e-15 4.255800e-15 7.552000e-16
-7.700000e-01 -7.700000e-01 -4.000000e-01 2.430300e-09 -2.430300e-09 -5.021000e-15 4.255800e-15 7.652000e-16
-7.800000e-01 -7.800000e-01 -4.000000e-01 2.434600e-09 -2.434600e-09 -5.031000e-15 4.255800e-15 7.752000e-16
-7.900000e-01 -7.900000e-01 -4.000000e-01 2.438800e-09 -2.438800e-09 -5.041000e-15 4.255800e-15 7.852000e-16
-8.000000e-01 -8.000000e-01 -4.000000e-01 2.443000e-09 -2.443000e-09 -5.051000e-15 4.255800e-15 7.952000e-16
-8.100000e-01 -8.100000e-01 -4.000000e-01 2.447100e-09 -2.447100e-09 -5.061000e-15 4.255800e-15 8.052000e-16
-8.200000e-01 -8.200000e-01 -4.000000e-01 2.451200e-09 -2.451200e-09 -5.071000e-15 4.255800e-15 8.152000e-16
-8.300000e-01 -8.300000e-01 -4.000000e-01 2.455200e-09 -2.455200e-09 -5.081000e-15 4.255800e-15 8.252000e-16
-8.400000e-01 -8.400000e-01 -4.000000e-01 2.459200e-09 -2.459200e-09 -5.091000e-15 4.255800e-15 8.352000e-16
-8.500000e-01 -8.500000e-01 -4.000000e-01 2.463200e-09 -2.463200e-09 -5.101000e-15 4.255800e-15 8.452000e-16
-8.600000e-01 -8.600000e-01 -4.000000e-01 2.467100e-09 -2.467100e-09 -5.111000e-15 4.255800e-15 8.552000e-16
-8.700000e-01 -8.700000e-01 -4.000000e-01 2.471000e-09 -2.471000e-09 -5.121000e-15 4.255800e-15 8.652000e-16
-8.800000e-01 -8.800000e-01 -4.000000e-01 2.474800e-09 -2.474800e-09 -5.131000e-15 4.255800e-15 8.752000e-16
-8.900000e-01 -8.900000e-01 -4.000000e-01 2.478600e-09 -2.478600e-09 -5.141000e-15 4.255800e-15 8.852000e-16
-9.000000e-01 -9.000000e-01 -4.000000e-01 2.482400e-09 -2.482400e-09 -5.151000e-15 4.255800e-15 8.952000e-16
-9.100000e-01 -9.100000e-01 -4.000000e-01 2.486100e-09 -2.486100e-09 -5.161000e-15 4.255800e-15 9.052000e-16
-9.200000e-01 -9.200000e-01 -4.000000e-01 2.489800e-09 -2.489800e-09 -5.171000e-15 4.255800e-15 9.152000e-16
-9.300000e-01 -9.300000e-01 -4.000000e-01 2.493500e-09 -2.493500e-09 -5.181000e-15 4.255800e-15 9.252000e-16
-9.400000e-01 -9.400000e-01 -4.000000e-01 2.497100e-09 -2.497100e-09 -5.191000e-15 4.255800e-15 9.352000e-16
-9.500000e-01 -9.500000e-01 -4.000000e-01 2.500700e-09 -2.500700e-09 -5.201000e-15 4.255800e-15 9.452000e-16
-9.600000e-01 -9.600000e-01 -4.000000e-01 2.504300e-09 -2.504300e-09 -5.211000e-15 4.255800e-15 9.552000e-16
-9.700000e-01 -9.700000e-01 -4.000000e-01 2.507800e-09 -2.507800e-09 -5.221000e-15 4.255800e-15 9.652000e-16
-9.800000e-01 -9.800000e-01 -4.000000e-01 2.511300e-09 -2.511300e-09 -5.231000e-15 4.255800e-15 9.752000e-16
-9.900000e-01 -9.900000e-01 -4.000000e-01 2.514800e-09 -2.514800e-09 -5.241000e-15 4.255800e-15 9.852000e-16
-1.000000e+00 -1.000000e+00 -4.000000e-01 2.518200e-09 -2.518200e-09 -5.251000e-15 4.255800e-15 9.952000e-16
-1.010000e+00 -1.010000e+00 -4.000000e-01 2.521600e-09 -2.521600e-09 -5.261000e-15 4.255800e-15 1.005200e-15
-1.020000e+00 -1.020000e+00 -4.000000e-01 2.525000e-09 -2.525000e-09 -5.271000e-15 4.255800e-15 1.015200e-15
-1.030000e+00 -1.030000e+00 -4.000000e-01 2.528300e-09 -2.528300e-09 -5.281000e-15 4.255800e-15 1.025200e-15
-1.040000e+00 -1.040000e+00 -4.000000e-01 2.531700e-09 -2.531700e-09 -5.291000e-15 4.255800e-15 1.035200e-15
-1.050000e+00 -1.050000e+00 -4.000000e-01 2.535000e-09 -2.535000e-09 -5.301000e-15 4.255800e-15 1.045200e-15
-1.060000e+00 -1.060000e+00 -4.000000e-01 2.538200e-09 -2.538200e-09 -5.311000e-15 4.255800e-15 1.055200e-15
-1.070000e+00 -1.070000e+00 -4.000000e-01 2.541500e-09 -2.541500e-09 -5.321000e-15 4.255800e-15 1.065200e-15
-1.080000e+00 -1.080000e+00 -4.000000e-01 2.544700e-09 -2.544700e-09 -5.331000e-15 4.255800e-15 1.075200e-15
-1.090000e+00 -1.090000e+00 -4.000000e-01 2.547900e-09 -2.547900e-09 -5.341000e-15 4.255800e-15 1.085200e-15
-1.100000e+00 -1.100000e+00 -4.000000e-01 2.551100e-09 -2.551100e-09 -5.351000e-15 4.255800e-15 1.095200e-15
-1.110000e+00 -1.110000e+00 -4.000000e-01 2.554200e-09 -2.554200e-09 -5.361000e-15 4.255800e-15 1.105200e-15
-1.120000e+00 -1.120000e+00 -4.000000e-01 2.557300e-09 -2.557300e-09 -5.371000e-15 4.255800e-15 1.115200e-15
-1.130000e+00 -1.130000e+00 -4.000000e-01 2.560400e-09 -2.560400e-09 -5.381000e-15 4.255800e-15 1.125200e-15
-1.140000e+00 -1.140000e+00 -4.000000e-01 2.563500e-09 -2.563500e-09 -5.391000e-15 4.255800e-15 1.135200e-15
-1.150000e+00 -1.150000e+00 -4.000000e-01 2.566500e-09 -2.566500e-09 -5.401000e-15 4.255800e-15 1.145200e-15
-1.160000e+00 -1.160000e+00 -4.000000e-01 2.569600e-09 -2.569600e-09 -5.411000e-15 4.255800e-15 1.155200e-15
-1.170000e+00 -1.170000e+00 -4.000000e-01 2.572600e-09 -2.572600e-09 -5.421000e-15 4.255800e-15 1.165200e-15
-1.180000e+00 -1.180000e+00 -4.000000e-01 2.575500e-09 -2.575500e-09 -5.431000e-15 4.255800e-15 1.175200e-15
-1.190000e+00 -1.190000e+00 -4.000000e-01 2.578500e-09 -2.578500e-09 -5.441000e-15 4.255800e-15 1.185200e-15
-1.200000e+00 -1.200000e+00 -4.000000e-01 2.581400e-09 -2.581400e-09 -5.451000e-15 4.255800e-15 1.195200e-15
0.000000e+00 0.000000e+00 -6.000000e-01 -6.429800e-14 -6.429800e-14 -3.755192e-16 1.289714e-13 1.192000e-19
-1.000000e-02 -1.000000e-02 -6.000000e-01 7.662160e-08 -7.662170e-08 -3.855192e-16 1.169460e-13 1.656048e-14
-2.000000e-02 -2.000000e-02 -6.000000e-01 1.457756e-07 -1.457757e-07 -3.955192e-16 1.059962e-13 5.600681e-15
-3.000000e-02 -3.000000e-02 -6.000000e-01 2.069515e-07 -2.069516e-07 -4.055192e-16 9.621730e-14 4.188219e-15
-4.000000e-02 -4.000000e-02 -6.000000e-01 2.596789e-07 -2.596790e-07 -4.155192e-16 8.772350e-14 1.269202e-14
-5.000000e-02 -5.000000e-02 -6.000000e-01 3.039059e-07 -3.039060e-07 -4.255192e-16 8.058410e-14 1.984142e-14
-6.000000e-02 -6.000000e-02 -6.000000e-01 3.401678e-07 -3.401678e-07 -4.355192e-16 7.478030e-14 7.434478e-14
-7.000000e-02 -7.000000e-02 -6.000000e-01 3.694882e-07 -3.694882e-07 -4.455192e-16 7.019910e-14 6.975358e-14
-8.000000e-02 -8.000000e-02 -6.000000e-01 3.931172e-07 -3.931172e-07 -4.555192e-16 6.666240e-14 6.620688e-14
-9.000000e-02 -9.000000e-02 -6.000000e-01 4.122759e-07 -4.122760e-07 -4.655192e-16 6.396940e-14 3.649612e-14
-1.000000e-01 -1.000000e-01 -6.000000e-01 4.280075e-07 -4.280076e-07 -4.755192e-16 6.193080e-14 3.854472e-14
-1.100000e-01 -1.100000e-01 -6.000000e-01 4.411343e-07 -4.411343e-07 -4.855192e-16 6.038690e-14 5.990138e-14
-1.200000e-01 -1.200000e-01 -6.000000e-01 4.522764e-07 -4.522765e-07 -4.955192e-16 5.921160e-14 4.128392e-14
-1.300000e-01 -1.300000e-01 -6.000000e-01 4.618925e-07 -4.618925e-07 -5.055192e-16 5.830990e-14 5.780438e-14
-1.400000e-01 -1.400000e-01 -6.000000e-01 4.703197e-07 -4.703198e-07 -5.155192e-16 5.761110e-14 4.290442e-14
-1.500000e-01 -1.500000e-01 -6.000000e-01 4.778070e-07 -4.778071e-07 -5.255192e-16 5.706390e-14 4.346162e-14
-1.600000e-01 -1.600000e-01 -6.000000e-01 4.845399e-07 -4.845399e-07 -5.355192e-16 5.663070e-14 5.609518e-14
-1.700000e-01 -1.700000e-01 -6.000000e-01 4.906581e-07 -4.906581e-07 -5.455192e-16 5.628390e-14 5.573838e-14
-1.800000e-01 -1.800000e-01 -6.000000e-01 4.962683e-07 -4.962683e-07 -5.555192e-16 5.600340e-14 5.544788e-14
-1.900000e-01 -1.900000e-01 -6.000000e-01 5.014530e-07 -5.014531e-07 -5.655192e-16 5.577430e-14 4.479122e-14
-2.000000e-01 -2.000000e-01 -6.000000e-01 5.062770e-07 -5.062771e-07 -5.755192e-16 5.558530e-14 4.499022e-14
-2.100000e-01 -2.100000e-01 -6.000000e-01 5.107916e-07 -5.107916e-07 -5.855192e-16 5.542790e-14 5.484238e-14
-2.200000e-01 -2.200000e-01 -6.000000e-01 5.150379e-07 -5.150380e-07 -5.955192e-16 5.529570e-14 4.529982e-14
-2.300000e-01 -2.300000e-01 -6.000000e-01 5.190496e-07 -5.190496e-07 -6.055192e-16 5.518380e-14 5.457828e-14
-2.400000e-01 -2.400000e-01 -6.000000e-01 5.228542e-07 -5.228542e-07 -6.155192e-16 5.508840e-14 5.447288e-14
-2.500000e-01 -2.500000e-01 -6.000000e-01 5.264745e-07 -5.264746e-07 -6.255192e-16 5.500630e-14 4.561922e-14
-2.600000e-01 -2.600000e-01 -6.000000e-01 5.299299e-07 -5.299299e-07 -6.355192e-16 5.493530e-14 5.429978e-14
-2.700000e-01 -2.700000e-01 -6.000000e-01 5.332365e-07 -5.332365e-07 -6.455192e-16 5.487350e-14 5.422798e-14
-2.800000e-01 -2.800000e-01 -6.000000e-01 5.364081e-07 -5.364081e-07 -6.555192e-16 5.481940e-14 5.416388e-14
-2.900000e-01 -2.900000e-01 -6.000000e-01 5.394567e-07 -5.394568e-07 -6.655192e-16 5.477160e-14 4.589392e-14
-3.000000e-01 -3.000000e-01 -6.000000e-01 5.423926e-07 -5.423927e-07 -6.755192e-16 5.472930e-14 4.594622e-14
-3.100000e-01 -3.100000e-01 -6.000000e-01 5.452249e-07 -5.452249e-07 -6.855192e-16 5.469160e-14 5.400608e-14
-3.200000e-01 -3.200000e-01 -6.000000e-01 5.479613e-07 -5.479614e-07 -6.955192e-16 5.465780e-14 4.603772e-14
-3.300000e-01 -3.300000e-01 -6.000000e-01 5.506090e-07 -5.506091e-07 -7.055192e-16 5.462750e-14 4.607802e-14
-3.400000e-01 -3.400000e-01 -6.000000e-01 5.531741e-07 -5.531741e-07 -7.155192e-16 5.460000e-14 5.388448e-14
-3.500000e-01 -3.500000e-01 -6.000000e-01 5.556621e-07 -5.556621e-07 -7.255192e-16 5.457510e-14 5.384958e-14
-3.600000e-01 -3.600000e-01 -6.000000e-01 5.580779e-07 -5.580780e-07 -7.355192e-16 5.455240e-14 4.618312e-14
-3.700000e-01 -3.700000e-01 -6.000000e-01 5.604262e-07 -5.604262e-07 -7.455192e-16 5.453160e-14 5.378608e-14
-3.800000e-01 -3.800000e-01 -6.000000e-01 5.627108e-07 -5.627108e-07 -7.555192e-16 5.451260e-14 5.375708e-14
-3.900000e-01 -3.900000e-01 -6.000000e-01 5.649354e-07 -5.649355e-07 -7.655192e-16 5.449500e-14 4.627052e-14
-4.000000e-01 -4.000000e-01 -6.000000e-01 5.671034e-07 -5.671035e-07 -7.755192e-16 5.447880e-14 4.629672e-14
-4.100000e-01 -4.100000e-01 -6.000000e-01 5.692179e-07 -5.692179e-07 -7.855192e-16 5.446370e-14 5.367818e-14
-4.200000e-01 -4.200000e-01 -6.000000e-01 5.712815e-07 -5.712816e-07 -7.955192e-16 5.444970e-14 4.634582e-14
-4.300000e-01 -4.300000e-01 -6.000000e-01 5.732970e-07 -5.732970e-07 -8.055192e-16 5.443660e-14 5.363108e-14
-4.400000e-01 -4.400000e-01 -6.000000e-01 5.752666e-07 -5.752667e-07 -8.155192e-16 5.442440e-14 4.639112e-14
-4.500000e-01 -4.500000e-01 -6.000000e-01 5.771926e-07 -5.771926e-07 -8.255192e-16 5.441290e-14 5.358738e-14
-4.600000e-01 -4.600000e-01 -6.000000e-01 5.790769e-07 -5.790769e-07 -8.355192e-16 5.440210e-14 5.356658e-14
-4.700000e-01 -4.700000e-01 -6.000000e-01 5.809214e-07 -5.809215e-07 -8.455192e-16 5.439190e-14 4.645362e-14
-4.800000e-01 -4.800000e-01 -6.000000e-01 5.827280e-07 -5.827281e-07 -8.555192e-16 5.438230e-14 4.647322e-14
-4.900000e-01 -4.900000e-01 -6.000000e-01 5.844982e-07 -5.844983e-07 -8.655192e-16 5.437320e-14 4.649232e-14
-5.000000e-01 -5.000000e-01 -6.000000e-01 5.862336e-07 -5.862336e-07 -8.755192e-16 5.436450e-14 5.348898e-14
-5.100000e-01 -5.100000e-01 -6.000000e-01 5.879355e-07 -5.879356e-07 -8.855192e-16 5.435630e-14 4.652922e-14
-5.200000e-01 -5.200000e-01 -6.000000e-01 5.896054e-07 -5.896054e-07 -8.955192e-16 5.434840e-14 5.345288e-14
-5.300000e-01 -5.300000e-01 -6.000000e-01 5.912444e-07 -5.912444e-07 -9.055192e-16 5.434100e-14 5.343548e-14
-5.400000e-01 -5.400000e-01 -6.000000e-01 5.928538e-07 -5.928538e-07 -9.155192e-16 5.433380e-14 5.341828e-14
-5.500000e-01 -5.500000e-01 -6.000000e-01 5.944346e-07 -5.944347e-07 -9.255192e-16 5.432700e-14 4.659852e-14
-5.600000e-01 -5.600000e-01 -6.000000e-01 5.959880e-07 -5.959880e-07 -9.355192e-16 5.432040e-14 5.338488e-14
-5.700000e-01 -5.700000e-01 -6.000000e-01 5.975148e-07 -5.975149e-07 -9.455192e-16 5.431410e-14 4.663142e-14
-5.800000e-01 -5.800000e-01 -6.000000e-01 5.990161e-07 -5.990162e-07 -9.555192e-16 5.430800e-14 4.664752e-14
-5.900000e-01 -5.900000e-01 -6.000000e-01 6.004927e-07 -6.004928e-07 -9.655192e-16 5.430220e-14 4.666332e-14
-6.000000e-01 -6.000000e-01 -6.000000e-01 6.019455e-07 -6.019455e-07 -9.755192e-16 5.429650e-14 5.332098e-14
-6.100000e-01 -6.100000e-01 -6.000000e-01 6.033752e-07 -6.033752e-07 -9.855192e-16 5.429110e-14 5.330558e-14
-6.200000e-01 -6.200000e-01 -6.000000e-01 6.047826e-07 -6.047826e-07 -9.955192e-16 5.428580e-14 5.329028e-14
-6.300000e-01 -6.300000e-01 -6.000000e-01 6.061684e-07 -6.061685e-07 -1.005500e-15 5.428070e-14 4.672480e-14
-6.400000e-01 -6.400000e-01 -6.000000e-01 6.075333e-07 -6.075334e-07 -1.015500e-15 5.427580e-14 4.673970e-14
-6.500000e-01 -6.500000e-01 -6.000000e-01 6.088780e-07 -6.088781e-07 -1.025500e-15 5.427100e-14 4.675450e-14
-6.600000e-01 -6.600000e-01 -6.000000e-01 6.102031e-07 -6.102031e-07 -1.035500e-15 5.426640e-14 5.323090e-14
-6.700000e-01 -6.700000e-01 -6.000000e-01 6.115091e-07 -6.115091e-07 -1.045500e-15 5.426180e-14 5.321630e-14
-6.800000e-01 -6.800000e-01 -6.000000e-01 6.127966e-07 -6.127967e-07 -1.055500e-15 5.425740e-14 4.679810e-14
-6.900000e-01 -6.900000e-01 -6.000000e-01 6.140662e-07 -6.140663e-07 -1.065500e-15 5.425320e-14 4.681230e-14
-7.000000e-01 -7.000000e-01 -6.000000e-01 6.153184e-07 -6.153184e-07 -1.075500e-15 5.424900e-14 5.317350e-14
-7.100000e-01 -7.100000e-01 -6.000000e-01 6.165536e-07 -6.165537e-07 -1.085500e-15 5.424490e-14 4.684060e-14
-7.200000e-01 -7.200000e-01 -6.000000e-01 6.177724e-07 -6.177725e-07 -1.095500e-15 5.424100e-14 4.685450e-14
-7.300000e-01 -7.300000e-01 -6.000000e-01 6.189752e-07 -6.189752e-07 -1.105500e-15 5.423710e-14 5.313160e-14
-7.400000e-01 -7.400000e-01 -6.000000e-01 6.201624e-07 -6.201624e-07 -1.115500e-15 5.423330e-14 5.311780e-14
-7.500000e-01 -7.500000e-01 -6.000000e-01 6.213344e-07 -6.213345e-07 -1.125500e-15 5.422960e-14 4.689590e-14
-7.600000e-01 -7.600000e-01 -6.000000e-01 6.224917e-07 -6.224917e-07 -1.135500e-15 5.422600e-14 5.309050e-14
-7.700000e-01 -7.700000e-01 -6.000000e-01 6.236346e-07 -6.236346e-07 -1.145500e-15 5.422250e-14 5.307700e-14
-7.800000e-01 -7.800000e-01 -6.000000e-01 6.247635e-07 -6.247635e-07 -1.155500e-15 5.421900e-14 5.306350e-14
-7.900000e-01 -7.900000e-01 -6.000000e-01 6.258787e-07 -6.258787e-07 -1.165500e-15 5.421560e-14 5.305010e-14
-8.000000e-01 -8.000000e-01 -6.000000e-01 6.269806e-07 -6.269806e-07 -1.175500e-15 5.421230e-14 5.303680e-14
-8.100000e-01 -8.100000e-01 -6.000000e-01 6.280695e-07 -6.280696e-07 -1.185500e-15 5.420910e-14 4.697640e-14
-8.200000e-01 -8.200000e-01 -6.000000e-01 6.291457e-07 -6.291458e-07 -1.195500e-15 5.420580e-14 4.698970e-14
-8.300000e-01 -8.300000e-01 -6.000000e-01 6.302096e-07 -6.302097e-07 -1.205500e-15 5.420270e-14 4.700280e-14
-8.400000e-01 -8.400000e-01 -6.000000e-01 6.312614e-07 -6.312615e-07 -1.215500e-15 5.419960e-14 4.701590e-14
-8.500000e-01 -8.500000e-01 -6.000000e-01 6.323014e-07 -6.323015e-07 -1.225500e-15 5.419660e-14 4.702890e-14
-8.600000e-01 -8.600000e-01 -6.000000e-01 6.333299e-07 -6.333299e-07 -1.235500e-15 5.419360e-14 5.295810e-14
-8.700000e-01 -8.700000e-01 -6.000000e-01 6.343471e-07 -6.343471e-07 -1.245500e-15 5.419070e-14 5.294520e-14
-8.800000e-01 -8.800000e-01 -6.000000e-01 6.353533e-07 -6.353534e-07 -1.255500e-15 5.418780e-14 4.706770e-14
-8.900000e-01 -8.900000e-01 -6.000000e-01 6.363488e-07 -6.363488e-07 -1.265500e-15 5.418500e-14 5.291950e-14
-9.000000e-01 -9.000000e-01 -6.000000e-01 6.373337e-07 -6.373337e-07 -1.275500e-15 5.418220e-14 5.290670e-14
-9.100000e-01 -9.100000e-01 -6.000000e-01 6.383083e-07 -6.383084e-07 -1.285500e-15 5.417940e-14 4.710610e-14
-9.200000e-01 -9.200000e-01 -6.000000e-01 6.392729e-07 -6.392730e-07 -1.295500e-15 5.417670e-14 4.711880e-14
-9.300000e-01 -9.300000e-01 -6.000000e-01 6.402276e-07 -6.402277e-07 -1.305500e-15 5.417410e-14 4.713140e-14
-9.400000e-01 -9.400000e-01 -6.000000e-01 6.411727e-07 -6.411728e-07 -1.315500e-15 5.417140e-14 4.714410e-14
-9.500000e-01 -9.500000e-01 -6.000000e-01 6.421083e-07 -6.421084e-07 -1.325500e-15 5.416880e-14 4.715670e-14
-9.600000e-01 -9.600000e-01 -6.000000e-01 6.430347e-07 -6.430348e-07 -1.335500e-15 5.416630e-14 4.716920e-14
-9.700000e-01 -9.700000e-01 -6.000000e-01 6.439520e-07 -6.439521e-07 -1.345500e-15 5.416380e-14 4.718170e-14
-9.800000e-01 -9.800000e-01 -6.000000e-01 6.448605e-07 -6.448605e-07 -1.355500e-15 5.416130e-14 5.280580e-14
-9.900000e-01 -9.900000e-01 -6.000000e-01 6.457602e-07 -6.457603e-07 -1.365500e-15 5.415880e-14 4.720670e-14
-1.000000e+00 -1.000000e+00 -6.000000e-01 6.466514e-07 -6.466515e-07 -1.375500e-15 5.415640e-14 4.721910e-14
-1.010000e+00 -1.010000e+00 -6.000000e-01 6.475343e-07 -6.475343e-07 -1.385500e-15 5.415400e-14 5.276850e-14
-1.020000e+00 -1.020000e+00 -6.000000e-01 6.484089e-07 -6.484090e-07 -1.395500e-15 5.415170e-14 4.724380e-14
-1.030000e+00 -1.030000e+00 -6.000000e-01 6.492755e-07 -6.492756e-07 -1.405500e-15 5.414930e-14 4.725620e-14
-1.040000e+00 -1.040000e+00 -6.000000e-01 6.501343e-07 -6.501343e-07 -1.415500e-15 5.414700e-14 5.273150e-14
-1.050000e+00 -1.050000e+00 -6.000000e-01 6.509853e-07 -6.509853e-07 -1.425500e-15 5.414470e-14 5.271920e-14
-1.060000e+00 -1.060000e+00 -6.000000e-01 6.518287e-07 -6.518287e-07 -1.435500e-15 5.414250e-14 5.270700e-14
-1.070000e+00 -1.070000e+00 -6.000000e-01 6.526646e-07 -6.526647e-07 -1.445500e-15 5.414030e-14 4.730520e-14
-1.080000e+00 -1.080000e+00 -6.000000e-01 6.534933e-07 -6.534933e-07 -1.455500e-15 5.413810e-14 5.268260e-14
-1.090000e+00 -1.090000e+00 -6.000000e-01 6.543147e-07 -6.543148e-07 -1.465500e-15 5.413590e-14 4.732960e-14
-1.100000e+00 -1.100000e+00 -6.000000e-01 6.551291e-07 -6.551292e-07 -1.475500e-15 5.413380e-14 4.734170e-14
-1.110000e+00 -1.110000e+00 -6.000000e-01 6.559366e-07 -6.559367e-07 -1.485500e-15 5.413160e-14 4.735390e-14
-1.120000e+00 -1.120000e+00 -6.000000e-01 6.567373e-07 -6.567373e-07 -1.495500e-15 5.412950e-14 5.263400e-14
-1.130000e+00 -1.130000e+00 -6.000000e-01 6.575313e-07 -6.575313e-07 -1.505500e-15 5.412740e-14 5.262190e-14
-1.140000e+00 -1.140000e+00 -6.000000e-01 6.583187e-07 -6.583187e-07 -1.515500e-15 5.412540e-14 5.260990e-14
-1.150000e+00 -1.150000e+00 -6.000000e-01 6.590996e-07 -6.590997e-07 -1.525500e-15 5.412330e-14 4.740220e-14
-1.160000e+00 -1.160000e+00 -6.000000e-01 6.598743e-07 -6.598743e-07 -1.535500e-15 5.412130e-14 5.258580e-14
-1.170000e+00 -1.170000e+00 -6.000000e-01 6.606426e-07 -6.606427e-07 -1.545500e-15 5.411930e-14 4.742620e-14
-1.180000e+00 -1.180000e+00 -6.000000e-01 6.614049e-07 -6.614049e-07 -1.555500e-15 5.411740e-14 5.256190e-14
-1.190000e+00 -1.190000e+00 -6.000000e-01 6.621611e-07 -6.621612e-07 -1.565500e-15 5.411540e-14 4.745010e-14
-1.200000e+00 -1.200000e+00 -6.000000e-01 6.629114e-07 -6.629115e-07 -1.575500e-15 5.411350e-14 4.746200e-14
0.000000e+00 0.000000e+00 -8.000000e-01 -8.193172e-13 -8.193172e-13 -2.948810e-17 1.638700e-12 3.611190e-17
-1.000000e-02 -1.000000e-02 -8.000000e-01 2.349240e-07 -2.349256e-07 -3.948690e-17 1.568800e-12 3.123949e-14
-2.000000e-02 -2.000000e-02 -8.000000e-01 4.620365e-07 -4.620380e-07 -4.948600e-17 1.501100e-12 1.050514e-15
-3.000000e-02 -3.000000e-02 -8.000000e-01 6.810720e-07 -6.810735e-07 -5.948540e-17 1.435800e-12 6.425949e-14
-4.000000e-02 -4.000000e-02 -8.000000e-01 8.916666e-07 -8.916680e-07 -6.948480e-17 1.372900e-12 2.716948e-14
-5.000000e-02 -5.000000e-02 -8.000000e-01 1.093400e-06 -1.093400e-06 -7.948450e-17 1.312500e-12 1.312421e-12
-6.000000e-02 -6.000000e-02 -8.000000e-01 1.285800e-06 -1.285800e-06 -8.948420e-17 1.254800e-12 1.254711e-12
-7.000000e-02 -7.000000e-02 -8.000000e-01 1.468500e-06 -1.468500e-06 -9.948400e-17 1.199800e-12 1.199701e-12
-8.000000e-02 -8.000000e-02 -8.000000e-01 1.641200e-06 -1.641200e-06 -1.094838e-16 1.147800e-12 1.147691e-12
-9.000000e-02 -9.000000e-02 -8.000000e-01 1.803600e-06 -1.803600e-06 -1.194837e-16 1.098800e-12 1.098681e-12
-1.000000e-01 -1.000000e-01 -8.000000e-01 1.955700e-06 -1.955700e-06 -1.294836e-16 1.053100e-12 1.052971e-12
-1.100000e-01 -1.100000e-01 -8.000000e-01 2.097500e-06 -2.097500e-06 -1.394836e-16 1.010600e-12 1.010461e-12
-1.200000e-01 -1.200000e-01 -8.000000e-01 2.229300e-06 -2.229300e-06 -1.494835e-16 9.714153e-13 9.712658e-13
-1.300000e-01 -1.300000e-01 -8.000000e-01 2.351500e-06 -2.351500e-06 -1.594835e-16 9.355345e-13 9.353750e-13
-1.400000e-01 -1.400000e-01 -8.000000e-01 2.464600e-06 -2.464600e-06 -1.694834e-16 9.028734e-13 9.027039e-13
-1.500000e-01 -1.500000e-01 -8.000000e-01 2.569100e-06 -2.569100e-06 -1.794834e-16 8.733169e-13 8.731374e-13
-1.600000e-01 -1.600000e-01 -8.000000e-01 2.665800e-06 -2.665800e-06 -1.894834e-16 8.467099e-13 8.465204e-13
-1.700000e-01 -1.700000e-01 -8.000000e-01 2.755100e-06 -2.755100e-06 -1.994834e-16 8.228664e-13 8.226669e-13
-1.800000e-01 -1.800000e-01 -8.000000e-01 2.837800e-06 -2.837800e-06 -2.094834e-16 8.015801e-13 8.013706e-13
-1.900000e-01 -1.900000e-01 -8.000000e-01 2.914300e-06 -2.914300e-06 -2.194834e-16 7.826336e-13 7.824141e-13
-2.000000e-01 -2.000000e-01 -8.000000e-01 2.985400e-06 -2.985400e-06 -2.294834e-16 7.658073e-13 7.655778e-13
-2.100000e-01 -2.100000e-01 -8.000000e-01 3.051500e-06 -3.051500e-06 -2.394834e-16 7.508867e-13 7.506472e-13
-2.200000e-01 -2.200000e-01 -8.000000e-01 3.112900e-06 -3.112900e-06 -2.494833e-16 7.376674e-13 7.374179e-13
-2.300000e-01 -2.300000e-01 -8.000000e-01 3.170300e-06 -3.170300e-06 -2.594833e-16 7.259583e-13 7.256988e-13
-2.400000e-01 -2.400000e-01 -8.000000e-01 3.223900e-06 -3.223900e-06 -2.694833e-16 7.155845e-13 7.153150e-13
-2.500000e-01 -2.500000e-01 -8.000000e-01 3.274000e-06 -3.274000e-06 -2.794833e-16 7.063872e-13 7.061077e-13
-2.600000e-01 -2.600000e-01 -8.000000e-01 3.321100e-06 -3.321100e-06 -2.894833e-16 6.982242e-13 6.979347e-13
-2.700000e-01 -2.700000e-01 -8.000000e-01 3.365300e-06 -3.365300e-06 -2.994833e-16 6.909693e-13 6.906698e-13
-2.800000e-01 -2.800000e-01 -8.000000e-01 3.406900e-06 -3.406900e-06 -3.094833e-16 6.845107e-13 6.842012e-13
-2.900000e-01 -2.900000e-01 -8.000000e-01 3.446200e-06 -3.446200e-06 -3.194833e-16 6.787506e-13 6.784311e-13
-3.000000e-01 -3.000000e-01 -8.000000e-01 3.483300e-06 -3.483300e-06 -3.294833e-16 6.736032e-13 6.732737e-13
-3.100000e-01 -3.100000e-01 -8.000000e-01 3.518400e-06 -3.518400e-06 -3.394833e-16 6.689934e-13 6.686539e-13
-3.200000e-01 -3.200000e-01 -8.000000e-01 3.551700e-06 -3.551700e-06 -3.494833e-16 6.648561e-13 6.645066e-13
-3.300000e-01 -3.300000e-01 -8.000000e-01 3.583300e-06 -3.583300e-06 -3.594833e-16 6.611344e-13 6.607749e-13
-3.400000e-01 -3.400000e-01 -8.000000e-01 3.613400e-06 -3.613400e-06 -3.694833e-16 6.577788e-13 6.574093e-13
-3.500000e-01 -3.500000e-01 -8.000000e-01 3.642100e-06 -3.642100e-06 -3.794833e-16 6.547463e-13 6.543668e-13
-3.600000e-01 -3.600000e-01 -8.000000e-01 3.669500e-06 -3.669500e-06 -3.894833e-16 6.519994e-13 6.516099e-13
-3.700000e-01 -3.700000e-01 -8.000000e-01 3.695700e-06 -3.695700e-06 -3.994833e-16 6.495053e-13 6.491058e-13
-3.800000e-01 -3.800000e-01 -8.000000e-01 3.720800e-06 -3.720800e-06 -4.094833e-16 6.472357e-13 6.468262e-13
-3.900000e-01 -3.900000e-01 -8.000000e-01 3.744800e-06 -3.744800e-06 -4.194833e-16 6.451655e-13 6.447460e-13
-4.000000e-01 -4.000000e-01 -8.000000e-01 3.767900e-06 -3.767900e-06 -4.294833e-16 6.432730e-13 6.428435e-13
-4.100000e-01 -4.100000e-01 -8.000000e-01 3.790100e-06 -3.790100e-06 -4.394833e-16 6.415391e-13 6.410996e-13
-4.200000e-01 -4.200000e-01 -8.000000e-01 3.811500e-06 -3.811500e-06 -4.494833e-16 6.399471e-13 6.394976e-13
-4.300000e-01 -4.300000e-01 -8.000000e-01 3.832100e-06 -3.832100e-06 -4.594833e-16 6.384822e-13 6.380227e-13
-4.400000e-01 -4.400000e-01 -8.000000e-01 3.852000e-06 -3.852000e-06 -4.694833e-16 6.371314e-13 6.366619e-13
-4.500000e-01 -4.500000e-01 -8.000000e-01 3.871200e-06 -3.871200e-06 -4.794833e-16 6.358834e-13 6.354039e-13
-4.600000e-01 -4.600000e-01 -8.000000e-01 3.889800e-06 -3.889800e-06 -4.894833e-16 6.347279e-13 6.342384e-13
-4.700000e-01 -4.700000e-01 -8.000000e-01 3.907800e-06 -3.907800e-06 -4.994833e-16 6.336561e-13 6.331566e-13
-4.800000e-01 -4.800000e-01 -8.000000e-01 3.925200e-06 -3.925200e-06 -5.094833e-16 6.326600e-13 6.321505e-13
-4.900000e-01 -4.900000e-01 -8.000000e-01 3.942200e-06 -3.942200e-06 -5.194833e-16 6.317325e-13 6.312130e-13
-5.000000e-01 -5.000000e-01 -8.000000e-01 3.958600e-06 -3.958600e-06 -5.294833e-16 6.308674e-13 6.303379e-13
-5.100000e-01 -5.100000e-01 -8.000000e-01 3.974500e-06 -3.974500e-06 -5.394833e-16 6.300589e-13 6.295194e-13
-5.200000e-01 -5.200000e-01 -8.000000e-01 3.990000e-06 -3.990000e-06 -5.494833e-16 6.293022e-13 6.287527e-13
-5.300000e-01 -5.300000e-01 -8.000000e-01 4.005100e-06 -4.005100e-06 -5.594833e-16 6.285926e-13 6.280331e-13
-5.400000e-01 -5.400000e-01 -8.000000e-01 4.019800e-06 -4.019800e-06 -5.694833e-16 6.279263e-13 6.273568e-13
-5.500000e-01 -5.500000e-01 -8.000000e-01 4.034100e-06 -4.034100e-06 -5.794833e-16 6.272995e-13 6.267200e-13
-5.600000e-01 -5.600000e-01 -8.000000e-01 4.048100e-06 -4.048100e-06 -5.894833e-16 6.267090e-13 6.261195e-13
-5.700000e-01 -5.700000e-01 -8.000000e-01 4.061700e-06 -4.061700e-06 -5.994833e-16 6.261518e-13 6.255523e-13
-5.800000e-01 -5.800000e-01 -8.000000e-01 4.075000e-06 -4.075000e-06 -6.094833e-16 6.256254e-13 6.250159e-13
-5.900000e-01 -5.900000e-01 -8.000000e-01 4.088000e-06 -4.088000e-06 -6.194833e-16 6.251272e-13 6.245077e-13
-6.000000e-01 -6.000000e-01 -8.000000e-01 4.100700e-06 -4.100700e-06 -6.294833e-16 6.246552e-13 6.240257e-13
-6.100000e-01 -6.100000e-01 -8.000000e-01 4.113200e-06 -4.113200e-06 -6.394833e-16 6.242074e-13 6.235679e-13
-6.200000e-01 -6.200000e-01 -8.000000e-01 4.125300e-06 -4.125300e-06 -6.494833e-16 6.237819e-13 6.231324e-13
-6.300000e-01 -6.300000e-01 -8.000000e-01 4.137200e-06 -4.137200e-06 -6.594833e-16 6.233771e-13 6.227176e-13
-6.400000e-01 -6.400000e-01 -8.000000e-01 4.148800e-06 -4.148800e-06 -6.694833e-16 6.229916e-13 6.223221e-13
-6.500000e-01 -6.500000e-01 -8.000000e-01 4.160300e-06 -4.160300e-06 -6.794833e-16 6.226240e-13 6.219445e-13
-6.600000e-01 -6.600000e-01 -8.000000e-01 4.171400e-06 -4.171400e-06 -6.894833e-16 6.222730e-13 6.215835e-13
-6.700000e-01 -6.700000e-01 -8.000000e-01 4.182400e-06 -4.182400e-06 -6.994833e-16 6.219375e-13 6.212380e-13
-6.800000e-01 -6.800000e-01 -8.000000e-01 4.193200e-06 -4.193200e-06 -7.094833e-16 6.216165e-13 6.209070e-13
-6.900000e-01 -6.900000e-01 -8.000000e-01 4.203700e-06 -4.203700e-06 -7.194833e-16 6.213091e-13 6.205896e-13
-7.000000e-01 -7.000000e-01 -8.000000e-01 4.214100e-06 -4.214100e-06 -7.294833e-16 6.210143e-13 6.202848e-13
-7.100000e-01 -7.100000e-01 -8.000000e-01 4.224300e-06 -4.224300e-06 -7.394833e-16 6.207313e-13 6.199918e-13
-7.200000e-01 -7.200000e-01 -8.000000e-01 4.234300e-06 -4.234300e-06 -7.494833e-16 6.204594e-13 6.197099e-13
-7.300000e-01 -7.300000e-01 -8.000000e-01 4.244100e-06 -4.244100e-06 -7.594833e-16 6.201979e-13 6.194384e-13
-7.400000e-01 -7.400000e-01 -8.000000e-01 4.253800e-06 -4.253800e-06 -7.694833e-16 6.199462e-13 6.191767e-13
-7.500000e-01 -7.500000e-01 -8.000000e-01 4.263300e-06 -4.263300e-06 -7.794833e-16 6.197036e-13 6.189241e-13
-7.600000e-01 -7.600000e-01 -8.000000e-01 4.272600e-06 -4.272600e-06 -7.894833e-16 6.194698e-13 6.186803e-13
-7.700000e-01 -7.700000e-01 -8.000000e-01 4.281800e-06 -4.281800e-06 -7.994833e-16 6.192440e-13 6.184445e-13
-7.800000e-01 -7.800000e-01 -8.000000e-01 4.290900e-06 -4.290900e-06 -8.094833e-16 6.190260e-13 6.182165e-13
-7.900000e-01 -7.900000e-01 -8.000000e-01 4.299800e-06 -4.299800e-06 -8.194833e-16 6.188152e-13 6.179957e-13
-8.000000e-01 -8.000000e-01 -8.000000e-01 4.308600e-06 -4.308600e-06 -8.294833e-16 6.186113e-13 6.177818e-13
-8.100000e-01 -8.100000e-01 -8.000000e-01 4.317200e-06 -4.317200e-06 -8.394833e-16 6.184139e-13 6.175744e-13
-8.200000e-01 -8.200000e-01 -8.000000e-01 4.325700e-06 -4.325700e-06 -8.494833e-16 6.182226e-13 6.173731e-13
-8.300000e-01 -8.300000e-01 -8.000000e-01 4.334100e-06 -4.334100e-06 -8.594833e-16 6.180371e-13 6.171776e-13
-8.400000e-01 -8.400000e-01 -8.000000e-01 4.342400e-06 -4.342400e-06 -8.694833e-16 6.178571e-13 6.169876e-13
-8.500000e-01 -8.500000e-01 -8.000000e-01 4.350600e-06 -4.350600e-06 -8.794833e-16 6.176824e-13 6.168029e-13
-8.600000e-01 -8.600000e-01 -8.000000e-01 4.358600e-06 -4.358600e-06 -8.894833e-16 6.175126e-13 6.166231e-13
-8.700000e-01 -8.700000e-01 -8.000000e-01 4.366500e-06 -4.366500e-06 -8.994833e-16 6.173475e-13 6.164480e-13
-8.800000e-01 -8.800000e-01 -8.000000e-01 4.374300e-06 -4.374300e-06 -9.094833e-16 6.171870e-13 6.162775e-13
-8.900000e-01 -8.900000e-01 -8.000000e-01 4.382100e-06 -4.382100e-06 -9.194833e-16 6.170307e-13 6.161112e-13
-9.000000e-01 -9.000000e-01 -8.000000e-01 4.389700e-06 -4.389700e-06 -9.294833e-16 6.168785e-13 6.159490e-13
-9.100000e-01 -9.100000e-01 -8.000000e-01 4.397200e-06 -4.397200e-06 -9.394833e-16 6.167301e-13 6.157906e-13
-9.200000e-01 -9.200000e-01 -8.000000e-01 4.404600e-06 -4.404600e-06 -9.494833e-16 6.165855e-13 6.156360e-13
-9.300000e-01 -9.300000e-01 -8.000000e-01 4.411900e-06 -4.411900e-06 -9.594833e-16 6.164444e-13 6.154849e-13
-9.400000e-01 -9.400000e-01 -8.000000e-01 4.419200e-06 -4.419200e-06 -9.694833e-16 6.163067e-13 6.153372e-13
-9.500000e-01 -9.500000e-01 -8.000000e-01 4.426300e-06 -4.426300e-06 -9.794833e-16 6.161723e-13 6.151928e-13
-9.600000e-01 -9.600000e-01 -8.000000e-01 4.433400e-06 -4.433400e-06 -9.894833e-16 6.160409e-13 6.150514e-13
-9.700000e-01 -9.700000e-01 -8.000000e-01 4.440400e-06 -4.440400e-06 -9.994833e-16 6.159125e-13 6.149130e-13
-9.800000e-01 -9.800000e-01 -8.000000e-01 4.447300e-06 -4.447300e-06 -1.009500e-15 6.157869e-13 6.147774e-13
-9.900000e-01 -9.900000e-01 -8.000000e-01 4.454100e-06 -4.454100e-06 -1.019500e-15 6.156640e-13 6.146445e-13
-1.000000e+00 -1.000000e+00 -8.000000e-01 4.460800e-06 -4.460800e-06 -1.029500e-15 6.155437e-13 6.145142e-13
-1.010000e+00 -1.010000e+00 -8.000000e-01 4.467500e-06 -4.467500e-06 -1.039500e-15 6.154260e-13 6.143865e-13
-1.020000e+00 -1.020000e+00 -8.000000e-01 4.474100e-06 -4.474100e-06 -1.049500e-15 6.153106e-13 6.142611e-13
-1.030000e+00 -1.030000e+00 -8.000000e-01 4.480600e-06 -4.480600e-06 -1.059500e-15 6.151976e-13 6.141381e-13
-1.040000e+00 -1.040000e+00 -8.000000e-01 4.487000e-06 -4.487000e-06 -1.069500e-15 6.150868e-13 6.140173e-13
-1.050000e+00 -1.050000e+00 -8.000000e-01 4.493400e-06 -4.493400e-06 -1.079500e-15 6.149781e-13 6.138986e-13
-1.060000e+00 -1.060000e+00 -8.000000e-01 4.499700e-06 -4.499700e-06 -1.089500e-15 6.148715e-13 6.137820e-13
-1.070000e+00 -1.070000e+00 -8.000000e-01 4.505900e-06 -4.505900e-06 -1.099500e-15 6.147668e-13 6.136673e-13
-1.080000e+00 -1.080000e+00 -8.000000e-01 4.512100e-06 -4.512100e-06 -1.109500e-15 6.146641e-13 6.135546e-13
-1.090000e+00 -1.090000e+00 -8.000000e-01 4.518200e-06 -4.518200e-06 -1.119500e-15 6.145632e-13 6.134437e-13
-1.100000e+00 -1.100000e+00 -8.000000e-01 4.524200e-06 -4.524200e-06 -1.129500e-15 6.144640e-13 6.133345e-13
-1.110000e+00 -1.110000e+00 -8.000000e-01 4.530200e-06 -4.530200e-06 -1.139500e-15 6.143666e-13 6.132271e-13
-1.120000e+00 -1.120000e+00 -8.000000e-01 4.536100e-06 -4.536100e-06 -1.149500e-15 6.142708e-13 6.131213e-13
-1.130000e+00 -1.130000e+00 -8.000000e-01 4.542000e-06 -4.542000e-06 -1.159500e-15 6.141767e-13 6.130172e-13
-1.140000e+00 -1.140000e+00 -8.000000e-01 4.547800e-06 -4.547800e-06 -1.169500e-15 6.140841e-13 6.129146e-13
-1.150000e+00 -1.150000e+00 -8.000000e-01 4.553600e-06 -4.553600e-06 -1.179500e-15 6.139929e-13 6.128134e-13
-1.160000e+00 -1.160000e+00 -8.000000e-01 4.559200e-06 -4.559300e-06 -1.189500e-15 6.139032e-13 9.938729e-11
-1.170000e+00 -1.170000e+00 -8.000000e-01 4.564900e-06 -4.564900e-06 -1.199500e-15 6.138149e-13 6.126154e-13
-1.180000e+00 -1.180000e+00 -8.000000e-01 4.570500e-06 -4.570500e-06 -1.209500e-15 6.137280e-13 6.125185e-13
-1.190000e+00 -1.190000e+00 -8.000000e-01 4.576000e-06 -4.576000e-06 -1.219500e-15 6.136424e-13 6.124229e-13
-1.200000e+00 -1.200000e+00 -8.000000e-01 4.581500e-06 -4.581500e-06 -1.229500e-15 6.135580e-13 6.123285e-13
0.000000e+00 0.000000e+00 -1.000000e+00 -3.267100e-12 -3.267100e-12 -1.193500e-15 6.535500e-12 1.065000e-16
-1.000000e-02 -1.000000e-02 -1.000000e+00 3.691031e-07 -3.691094e-07 -8.813479e-16 6.352500e-12 5.161865e-14
-2.000000e-02 -2.000000e-02 -1.000000e+00 7.325438e-07 -7.325499e-07 -6.567836e-16 6.173400e-12 7.274322e-14
-3.000000e-02 -3.000000e-02 -1.000000e+00 1.090200e-06 -1.090200e-06 -4.959160e-16 5.998300e-12 5.997804e-12
-4.000000e-02 -4.000000e-02 -1.000000e+00 1.441800e-06 -1.441800e-06 -3.813667e-16 5.827000e-12 5.826619e-12
-5.000000e-02 -5.000000e-02 -1.000000e+00 1.787200e-06 -1.787200e-06 -3.005602e-16 5.659600e-12 5.659299e-12
-6.000000e-02 -6.000000e-02 -1.000000e+00 2.126100e-06 -2.126100e-06 -2.443098e-16 5.496200e-12 5.495956e-12
-7.000000e-02 -7.000000e-02 -1.000000e+00 2.458200e-06 -2.458200e-06 -2.059566e-16 5.336700e-12 5.336494e-12
-8.000000e-02 -8.000000e-02 -1.000000e+00 2.783300e-06 -2.783300e-06 -1.806336e-16 5.181300e-12 5.181119e-12
-9.000000e-02 -9.000000e-02 -1.000000e+00 3.101100e-06 -3.101100e-06 -1.648033e-16 5.030100e-12 5.029935e-12
-1.000000e-01 -1.000000e-01 -1.000000e+00 3.411400e-06 -3.411400e-06 -1.559078e-16 4.883200e-12 4.883044e-12
-1.100000e-01 -1.100000e-01 -1.000000e+00 3.713700e-06 -3.713700e-06 -1.520529e-16 4.740600e-12 4.740448e-12
-1.200000e-01 -1.200000e-01 -1.000000e+00 4.008000e-06 -4.008000e-06 -1.518853e-16 4.602500e-12 4.602348e-12
-1.300000e-01 -1.300000e-01 -1.000000e+00 4.294000e-06 -4.294000e-06 -1.544029e-16 4.469000e-12 4.468846e-12
-1.400000e-01 -1.400000e-01 -1.000000e+00 4.571500e-06 -4.571500e-06 -1.588850e-16 4.340200e-12 4.340041e-12
-1.500000e-01 -1.500000e-01 -1.000000e+00 4.840400e-06 -4.840400e-06 -1.648085e-16 4.216100e-12 4.215935e-12
-1.600000e-01 -1.600000e-01 -1.000000e+00 5.100700e-06 -5.100700e-06 -1.717808e-16 4.097000e-12 4.096828e-12
-1.700000e-01 -1.700000e-01 -1.000000e+00 5.352300e-06 -5.352300e-06 -1.795281e-16 3.982900e-12 3.982720e-12
-1.800000e-01 -1.800000e-01 -1.000000e+00 5.595200e-06 -5.595200e-06 -1.878432e-16 3.873700e-12 3.873512e-12
-1.900000e-01 -1.900000e-01 -1.000000e+00 5.829500e-06 -5.829500e-06 -1.965773e-16 3.769600e-12 3.769403e-12
-2.000000e-01 -2.000000e-01 -1.000000e+00 6.055300e-06 -6.055300e-06 -2.056226e-16 3.670500e-12 3.670294e-12
-2.100000e-01 -2.100000e-01 -1.000000e+00 6.272800e-06 -6.272800e-06 -2.148964e-16 3.576500e-12 3.576285e-12
-2.200000e-01 -2.200000e-01 -1.000000e+00 6.482200e-06 -6.482200e-06 -2.243432e-16 3.487400e-12 3.487176e-12
-2.300000e-01 -2.300000e-01 -1.000000e+00 6.683600e-06 -6.683600e-06 -2.339177e-16 3.403300e-12 3.403066e-12
-2.400000e-01 -2.400000e-01 -1.000000e+00 6.877300e-06 -6.877300e-06 -2.435885e-16 3.323900e-12 3.323656e-12
-2.500000e-01 -2.500000e-01 -1.000000e+00 7.063600e-06 -7.063600e-06 -2.533328e-16 3.249300e-12 3.249047e-12
-2.600000e-01 -2.600000e-01 -1.000000e+00 7.242600e-06 -7.242600e-06 -2.631314e-16 3.179100e-12 3.178837e-12
-2.700000e-01 -2.700000e-01 -1.000000e+00 7.414700e-06 -7.414700e-06 -2.729735e-16 3.113400e-12 3.113127e-12
-2.800000e-01 -2.800000e-01 -1.000000e+00 7.580000e-06 -7.580000e-06 -2.828472e-16 3.051900e-12 3.051617e-12
-2.900000e-01 -2.900000e-01 -1.000000e+00 7.738800e-06 -7.738800e-06 -2.927459e-16 2.994400e-12 2.994107e-12
-3.000000e-01 -3.000000e-01 -1.000000e+00 7.891300e-06 -7.891300e-06 -3.026643e-16 2.940700e-12 2.940397e-12
-3.100000e-01 -3.100000e-01 -1.000000e+00 8.037800e-06 -8.037800e-06 -3.125985e-16 2.890700e-12 2.890387e-12
-3.200000e-01 -3.200000e-01 -1.000000e+00 8.178500e-06 -8.178500e-06 -3.225441e-16 2.844100e-12 2.843777e-12
-3.300000e-01 -3.300000e-01 -1.000000e+00 8.313600e-06 -8.313600e-06 -3.324992e-16 2.800700e-12 2.800368e-12
-3.400000e-01 -3.400000e-01 -1.000000e+00 8.443300e-06 -8.443300e-06 -3.424623e-16 2.760400e-12 2.760058e-12
-3.500000e-01 -3.500000e-01 -1.000000e+00 8.567900e-06 -8.567900e-06 -3.524312e-16 2.722900e-12 2.722548e-12
-3.600000e-01 -3.600000e-01 -1.000000e+00 8.687400e-06 -8.687400e-06 -3.624051e-16 2.688000e-12 2.687638e-12
-3.700000e-01 -3.700000e-01 -1.000000e+00 8.802300e-06 -8.802300e-06 -3.723833e-16 2.655600e-12 2.655228e-12
-3.800000e-01 -3.800000e-01 -1.000000e+00 8.912500e-06 -8.912500e-06 -3.823644e-16 2.625600e-12 2.625218e-12
-3.900000e-01 -3.900000e-01 -1.000000e+00 9.018400e-06 -9.018400e-06 -3.923484e-16 2.597600e-12 2.597208e-12
-4.000000e-01 -4.000000e-01 -1.000000e+00 9.120200e-06 -9.120200e-06 -4.023348e-16 2.571600e-12 2.571198e-12
-4.100000e-01 -4.100000e-01 -1.000000e+00 9.217900e-06 -9.217900e-06 -4.123228e-16 2.547500e-12 2.547088e-12
-4.200000e-01 -4.200000e-01 -1.000000e+00 9.311900e-06 -9.311900e-06 -4.223124e-16 2.525000e-12 2.524578e-12
-4.300000e-01 -4.300000e-01 -1.000000e+00 9.402200e-06 -9.402200e-06 -4.323035e-16 2.504100e-12 2.503668e-12
-4.400000e-01 -4.400000e-01 -1.000000e+00 9.489100e-06 -9.489100e-06 -4.422955e-16 2.484700e-12 2.484258e-12
-4.500000e-01 -4.500000e-01 -1.000000e+00 9.572700e-06 -9.572700e-06 -4.522885e-16 2.466600e-12 2.466148e-12
-4.600000e-01 -4.600000e-01 -1.000000e+00 9.653200e-06 -9.653200e-06 -4.622822e-16 2.449700e-12 2.449238e-12
-4.700000e-01 -4.700000e-01 -1.000000e+00 9.730800e-06 -9.730800e-06 -4.722767e-16 2.434000e-12 2.433528e-12
-4.800000e-01 -4.800000e-01 -1.000000e+00 9.805500e-06 -9.805500e-06 -4.822717e-16 2.419300e-12 2.418818e-12
-4.900000e-01 -4.900000e-01 -1.000000e+00 9.877500e-06 -9.877500e-06 -4.922674e-16 2.405600e-12 2.405108e-12
-5.000000e-01 -5.000000e-01 -1.000000e+00 9.947000e-06 -9.947000e-06 -5.022633e-16 2.392700e-12 2.392198e-12
-5.100000e-01 -5.100000e-01 -1.000000e+00 1.001410e-05 -1.001410e-05 -5.122598e-16 2.380800e-12 2.380288e-12
-5.200000e-01 -5.200000e-01 -1.000000e+00 1.007880e-05 -1.007880e-05 -5.222566e-16 2.369500e-12 2.368978e-12
-5.300000e-01 -5.300000e-01 -1.000000e+00 1.014140e-05 -1.014140e-05 -5.322537e-16 2.359000e-12 2.358468e-12
-5.400000e-01 -5.400000e-01 -1.000000e+00 1.020190e-05 -1.020190e-05 -5.422509e-16 2.349100e-12 2.348558e-12
-5.500000e-01 -5.500000e-01 -1.000000e+00 1.026050e-05 -1.026050e-05 -5.522485e-16 2.339900e-12 2.339348e-12
-5.600000e-01 -5.600000e-01 -1.000000e+00 1.031710e-05 -1.031710e-05 -5.622462e-16 2.331200e-12 2.330638e-12
-5.700000e-01 -5.700000e-01 -1.000000e+00 1.037200e-05 -1.037200e-05 -5.722443e-16 2.323000e-12 2.322428e-12
-5.800000e-01 -5.800000e-01 -1.000000e+00 1.042520e-05 -1.042520e-05 -5.822424e-16 2.315300e-12 2.314718e-12
-5.900000e-01 -5.900000e-01 -1.000000e+00 1.047680e-05 -1.047680e-05 -5.922407e-16 2.308000e-12 2.307408e-12
-6.000000e-01 -6.000000e-01 -1.000000e+00 1.052690e-05 -1.052690e-05 -6.022392e-16 2.301100e-12 2.300498e-12
-6.100000e-01 -6.100000e-01 -1.000000e+00 1.057550e-05 -1.057550e-05 -6.122376e-16 2.294700e-12 2.294088e-12
-6.200000e-01 -6.200000e-01 -1.000000e+00 1.062270e-05 -1.062270e-05 -6.222362e-16 2.288600e-12 2.287978e-12
-6.300000e-01 -6.300000e-01 -1.000000e+00 1.066860e-05 -1.066860e-05 -6.322349e-16 2.282800e-12 2.282168e-12
-6.400000e-01 -6.400000e-01 -1.000000e+00 1.071330e-05 -1.071330e-05 -6.422339e-16 2.277300e-12 2.276658e-12
-6.500000e-01 -6.500000e-01 -1.000000e+00 1.075670e-05 -1.075670e-05 -6.522327e-16 2.272100e-12 2.271448e-12
-6.600000e-01 -6.600000e-01 -1.000000e+00 1.079900e-05 -1.079900e-05 -6.622316e-16 2.267200e-12 2.266538e-12
-6.700000e-01 -6.700000e-01 -1.000000e+00 1.084020e-05 -1.084020e-05 -6.722307e-16 2.262500e-12 2.261828e-12
-6.800000e-01 -6.800000e-01 -1.000000e+00 1.088030e-05 -1.088030e-05 -6.822298e-16 2.258100e-12 2.257418e-12
-6.900000e-01 -6.900000e-01 -1.000000e+00 1.091940e-05 -1.091940e-05 -6.922290e-16 2.253900e-12 2.253208e-12
-7.000000e-01 -7.000000e-01 -1.000000e+00 1.095760e-05 -1.095760e-05 -7.022282e-16 2.249900e-12 2.249198e-12
-7.100000e-01 -7.100000e-01 -1.000000e+00 1.099490e-05 -1.099490e-05 -7.122274e-16 2.246100e-12 2.245388e-12
-7.200000e-01 -7.200000e-01 -1.000000e+00 1.103130e-05 -1.103130e-05 -7.222267e-16 2.242400e-12 2.241678e-12
-7.300000e-01 -7.300000e-01 -1.000000e+00 1.106680e-05 -1.106680e-05 -7.322261e-16 2.238900e-12 2.238168e-12
-7.400000e-01 -7.400000e-01 -1.000000e+00 1.110150e-05 -1.110150e-05 -7.422254e-16 2.235600e-12 2.234858e-12
-7.500000e-01 -7.500000e-01 -1.000000e+00 1.113550e-05 -1.113550e-05 -7.522249e-16 2.232400e-12 2.231648e-12
-7.600000e-01 -7.600000e-01 -1.000000e+00 1.116870e-05 -1.116870e-05 -7.622242e-16 2.229400e-12 2.228638e-12
-7.700000e-01 -7.700000e-01 -1.000000e+00 1.120120e-05 -1.120120e-05 -7.722238e-16 2.226500e-12 2.225728e-12
-7.800000e-01 -7.800000e-01 -1.000000e+00 1.123310e-05 -1.123310e-05 -7.822233e-16 2.223700e-12 2.222918e-12
-7.900000e-01 -7.900000e-01 -1.000000e+00 1.126420e-05 -1.126420e-05 -7.922227e-16 2.221100e-12 2.220308e-12
-8.000000e-01 -8.000000e-01 -1.000000e+00 1.129480e-05 -1.129480e-05 -8.022223e-16 2.218500e-12 2.217698e-12
-8.100000e-01 -8.100000e-01 -1.000000e+00 1.132470e-05 -1.132470e-05 -8.122219e-16 2.216100e-12 2.215288e-12
-8.200000e-01 -8.200000e-01 -1.000000e+00 1.135400e-05 -1.135400e-05 -8.222215e-16 2.213700e-12 2.212878e-12
-8.300000e-01 -8.300000e-01 -1.000000e+00 1.138280e-05 -1.138280e-05 -8.322211e-16 2.211400e-12 2.210568e-12
-8.400000e-01 -8.400000e-01 -1.000000e+00 1.141100e-05 -1.141100e-05 -8.422207e-16 2.209300e-12 2.208458e-12
-8.500000e-01 -8.500000e-01 -1.000000e+00 1.143870e-05 -1.143870e-05 -8.522203e-16 2.207200e-12 2.206348e-12
-8.600000e-01 -8.600000e-01 -1.000000e+00 1.146590e-05 -1.146590e-05 -8.622200e-16 2.205100e-12 2.204238e-12
-8.700000e-01 -8.700000e-01 -1.000000e+00 1.149260e-05 -1.149260e-05 -8.722196e-16 2.203200e-12 2.202328e-12
-8.800000e-01 -8.800000e-01 -1.000000e+00 1.151880e-05 -1.151880e-05 -8.822195e-16 2.201300e-12 2.200418e-12
-8.900000e-01 -8.900000e-01 -1.000000e+00 1.154460e-05 -1.154460e-05 -8.922191e-16 2.199500e-12 2.198608e-12
-9.000000e-01 -9.000000e-01 -1.000000e+00 1.157000e-05 -1.157000e-05 -9.022188e-16 2.197800e-12 2.196898e-12
-9.100000e-01 -9.100000e-01 -1.000000e+00 1.159490e-05 -1.159490e-05 -9.122185e-16 2.196100e-12 2.195188e-12
-9.200000e-01 -9.200000e-01 -1.000000e+00 1.161930e-05 -1.161930e-05 -9.222181e-16 2.194400e-12 2.193478e-12
-9.300000e-01 -9.300000e-01 -1.000000e+00 1.164340e-05 -1.164340e-05 -9.322180e-16 2.192800e-12 2.191868e-12
-9.400000e-01 -9.400000e-01 -1.000000e+00 1.166710e-05 -1.166710e-05 -9.422177e-16 2.191300e-12 2.190358e-12
-9.500000e-01 -9.500000e-01 -1.000000e+00 1.169050e-05 -1.169050e-05 -9.522174e-16 2.189800e-12 2.188848e-12
-9.600000e-01 -9.600000e-01 -1.000000e+00 1.171340e-05 -1.171340e-05 -9.622173e-16 2.188400e-12 2.187438e-12
-9.700000e-01 -9.700000e-01 -1.000000e+00 1.173600e-05 -1.173600e-05 -9.722170e-16 2.187000e-12 2.186028e-12
-9.800000e-01 -9.800000e-01 -1.000000e+00 1.175830e-05 -1.175830e-05 -9.822169e-16 2.185700e-12 2.184718e-12
-9.900000e-01 -9.900000e-01 -1.000000e+00 1.178020e-05 -1.178020e-05 -9.922166e-16 2.184300e-12 2.183308e-12
-1.000000e+00 -1.000000e+00 -1.000000e+00 1.180190e-05 -1.180190e-05 -1.002200e-15 2.183100e-12 2.182098e-12
-1.010000e+00 -1.010000e+00 -1.000000e+00 1.182320e-05 -1.182320e-05 -1.012200e-15 2.181800e-12 2.180788e-12
-1.020000e+00 -1.020000e+00 -1.000000e+00 1.184420e-05 -1.184420e-05 -1.022200e-15 2.180600e-12 2.179578e-12
-1.030000e+00 -1.030000e+00 -1.000000e+00 1.186490e-05 -1.186490e-05 -1.032200e-15 2.179500e-12 2.178468e-12
-1.040000e+00 -1.040000e+00 -1.000000e+00 1.188530e-05 -1.188530e-05 -1.042200e-15 2.178300e-12 2.177258e-12
-1.050000e+00 -1.050000e+00 -1.000000e+00 1.190540e-05 -1.190540e-05 -1.052200e-15 2.177200e-12 2.176148e-12
-1.060000e+00 -1.060000e+00 -1.000000e+00 1.192530e-05 -1.192530e-05 -1.062200e-15 2.176100e-12 2.175038e-12
-1.070000e+00 -1.070000e+00 -1.000000e+00 1.194490e-05 -1.194490e-05 -1.072200e-15 2.175100e-12 2.174028e-12
-1.080000e+00 -1.080000e+00 -1.000000e+00 1.196420e-05 -1.196420e-05 -1.082200e-15 2.174100e-12 2.173018e-12
-1.090000e+00 -1.090000e+00 -1.000000e+00 1.198330e-05 -1.198330e-05 -1.092200e-15 2.173100e-12 2.172008e-12
-1.100000e+00 -1.100000e+00 -1.000000e+00 1.200210e-05 -1.200210e-05 -1.102200e-15 2.172100e-12 2.170998e-12
-1.110000e+00 -1.110000e+00 -1.000000e+00 1.202070e-05 -1.202070e-05 -1.112200e-15 2.171200e-12 2.170088e-12
-1.120000e+00 -1.120000e+00 -1.000000e+00 1.203910e-05 -1.203910e-05 -1.122200e-15 2.170200e-12 2.169078e-12
-1.130000e+00 -1.130000e+00 -1.000000e+00 1.205720e-05 -1.205720e-05 -1.132200e-15 2.169300e-12 2.168168e-12
-1.140000e+00 -1.140000e+00 -1.000000e+00 1.207510e-05 -1.207520e-05 -1.142200e-15 2.168400e-12 9.783274e-11
-1.150000e+00 -1.150000e+00 -1.000000e+00 1.209290e-05 -1.209290e-05 -1.152200e-15 2.167600e-12 2.166448e-12
-1.160000e+00 -1.160000e+00 -1.000000e+00 1.211030e-05 -1.211040e-05 -1.162200e-15 2.166700e-12 9.783446e-11
-1.170000e+00 -1.170000e+00 -1.000000e+00 1.212760e-05 -1.212760e-05 -1.172200e-15 2.165900e-12 2.164728e-12
-1.180000e+00 -1.180000e+00 -1.000000e+00 1.214470e-05 -1.214470e-05 -1.182200e-15 2.165100e-12 2.163918e-12
-1.190000e+00 -1.190000e+00 -1.000000e+00 1.216160e-05 -1.216160e-05 -1.192200e-15 2.164300e-12 2.163108e-12
-1.200000e+00 -1.200000e+00 -1.000000e+00 1.217830e-05 -1.217830e-05 -1.202200e-15 2.163500e-12 2.162298e-12
0.000000e+00 0.000000e+00 -1.200000e+00 -8.750500e-12 -8.750500e-12 -5.636040e-10 5.811050e-10 0.000000e+00
-1.000000e-02 -1.000000e-02 -1.200000e+00 4.598849e-07 -4.599021e-07 -4.063205e-10 4.234436e-10 7.690000e-14
-2.000000e-02 -2.000000e-02 -1.200000e+00 9.161988e-07 -9.162156e-07 -2.930348e-10 3.097865e-10 4.830000e-14
-3.000000e-02 -3.000000e-02 -1.200000e+00 1.368800e-06 -1.368900e-06 -2.114163e-10 2.278029e-10 8.361340e-11
-4.000000e-02 -4.000000e-02 -1.200000e+00 1.817700e-06 -1.817700e-06 -1.525969e-10 1.686247e-10 1.602780e-11
-5.000000e-02 -5.000000e-02 -1.200000e+00 2.262600e-06 -2.262600e-06 -1.101963e-10 1.258716e-10 1.567530e-11
-6.000000e-02 -6.000000e-02 -1.200000e+00 2.703500e-06 -2.703500e-06 -7.962230e-11 9.495120e-11 1.532890e-11
-7.000000e-02 -7.000000e-02 -1.200000e+00 3.140100e-06 -3.140100e-06 -5.756890e-11 7.255780e-11 1.498890e-11
-8.000000e-02 -8.000000e-02 -1.200000e+00 3.572400e-06 -3.572400e-06 -4.165560e-11 5.631060e-11 1.465500e-11
-9.000000e-02 -9.000000e-02 -1.200000e+00 4.000100e-06 -4.000100e-06 -3.016780e-11 4.449530e-11 1.432750e-11
-1.000000e-01 -1.000000e-01 -1.200000e+00 4.423000e-06 -4.423100e-06 -2.187060e-11 3.587690e-11 8.599370e-11
-1.100000e-01 -1.100000e-01 -1.200000e+00 4.841100e-06 -4.841100e-06 -1.587420e-11 2.956560e-11 1.369140e-11
-1.200000e-01 -1.200000e-01 -1.200000e+00 5.254000e-06 -5.254100e-06 -1.153760e-11 2.492050e-11 8.661710e-11
-1.300000e-01 -1.300000e-01 -1.200000e+00 5.661700e-06 -5.661700e-06 -8.398600e-12 2.147960e-11 1.308100e-11
-1.400000e-01 -1.400000e-01 -1.200000e+00 6.063900e-06 -6.063900e-06 -6.124400e-12 1.890980e-11 1.278540e-11
-1.500000e-01 -1.500000e-01 -1.200000e+00 6.460500e-06 -6.460500e-06 -4.474900e-12 1.697140e-11 1.249650e-11
-1.600000e-01 -1.600000e-01 -1.200000e+00 6.851300e-06 -6.851300e-06 -3.276900e-12 1.549110e-11 1.221420e-11
-1.700000e-01 -1.700000e-01 -1.200000e+00 7.236100e-06 -7.236100e-06 -2.405500e-12 1.434410e-11 1.193860e-11
-1.800000e-01 -1.800000e-01 -1.200000e+00 7.614800e-06 -7.614800e-06 -1.770700e-12 1.344050e-11 1.166980e-11
-1.900000e-01 -1.900000e-01 -1.200000e+00 7.987300e-06 -7.987300e-06 -1.307400e-12 1.271520e-11 1.140780e-11
-2.000000e-01 -2.000000e-01 -1.200000e+00 8.353500e-06 -8.353500e-06 -9.684497e-13 1.212130e-11 1.115285e-11
-2.100000e-01 -2.100000e-01 -1.200000e+00 8.713300e-06 -8.713300e-06 -7.199685e-13 1.162470e-11 1.090473e-11
-2.200000e-01 -2.200000e-01 -1.200000e+00 9.066600e-06 -9.066600e-06 -5.373269e-13 1.120110e-11 1.066377e-11
-2.300000e-01 -2.300000e-01 -1.200000e+00 9.413300e-06 -9.413300e-06 -4.027032e-13 1.083250e-11 1.042980e-11
-2.400000e-01 -2.400000e-01 -1.200000e+00 9.753500e-06 -9.753500e-06 -3.031684e-13 1.050620e-11 1.020303e-11
-2.500000e-01 -2.500000e-01 -1.200000e+00 1.008710e-05 -1.008710e-05 -2.293345e-13 1.021270e-11 9.983365e-12
-2.600000e-01 -2.600000e-01 -1.200000e+00 1.041400e-05 -1.041410e-05 -1.743697e-13 9.945200e-12 9.022917e-11
-2.700000e-01 -2.700000e-01 -1.200000e+00 1.073440e-05 -1.073440e-05 -1.332964e-13 9.698700e-12 9.565404e-12
-2.800000e-01 -2.800000e-01 -1.200000e+00 1.104830e-05 -1.104830e-05 -1.024802e-13 9.469600e-12 9.367120e-12
-2.900000e-01 -2.900000e-01 -1.200000e+00 1.135560e-05 -1.135560e-05 -7.926070e-14 9.255200e-12 9.175939e-12
-3.000000e-01 -3.000000e-01 -1.200000e+00 1.165640e-05 -1.165640e-05 -6.168710e-14 9.053500e-12 8.991813e-12
-3.100000e-01 -3.100000e-01 -1.200000e+00 1.195080e-05 -1.195080e-05 -4.832410e-14 8.863000e-12 8.814676e-12
-3.200000e-01 -3.200000e-01 -1.200000e+00 1.223880e-05 -1.223880e-05 -3.811370e-14 8.682500e-12 8.644386e-12
-3.300000e-01 -3.300000e-01 -1.200000e+00 1.252040e-05 -1.252050e-05 -3.027280e-14 8.511200e-12 9.151907e-11
-3.400000e-01 -3.400000e-01 -1.200000e+00 1.279590e-05 -1.279590e-05 -2.422040e-14 8.348400e-12 8.324180e-12
-3.500000e-01 -3.500000e-01 -1.200000e+00 1.306510e-05 -1.306510e-05 -1.952390e-14 8.193500e-12 8.173976e-12
-3.600000e-01 -3.600000e-01 -1.200000e+00 1.332810e-05 -1.332810e-05 -1.585990e-14 8.046000e-12 8.030140e-12
-3.700000e-01 -3.700000e-01 -1.200000e+00 1.358500e-05 -1.358510e-05 -1.298590e-14 7.905600e-12 9.210739e-11
-3.800000e-01 -3.800000e-01 -1.200000e+00 1.383600e-05 -1.383600e-05 -1.071930e-14 7.771900e-12 7.761181e-12
-3.900000e-01 -3.900000e-01 -1.200000e+00 1.408090e-05 -1.408090e-05 -8.921800e-15 7.644600e-12 7.635678e-12
-4.000000e-01 -4.000000e-01 -1.200000e+00 1.431990e-05 -1.431990e-05 -7.488500e-15 7.523400e-12 7.515912e-12
-4.100000e-01 -4.100000e-01 -1.200000e+00 1.455300e-05 -1.455300e-05 -6.339400e-15 7.408100e-12 7.401761e-12
-4.200000e-01 -4.200000e-01 -1.200000e+00 1.478020e-05 -1.478030e-05 -5.413100e-15 7.298500e-12 9.270691e-11
-4.300000e-01 -4.300000e-01 -1.200000e+00 1.500180e-05 -1.500180e-05 -4.662600e-15 7.194200e-12 7.189537e-12
-4.400000e-01 -4.400000e-01 -1.200000e+00 1.521760e-05 -1.521760e-05 -4.051300e-15 7.095000e-12 7.090949e-12
-4.500000e-01 -4.500000e-01 -1.200000e+00 1.542780e-05 -1.542780e-05 -3.550900e-15 7.000800e-12 6.997249e-12
-4.600000e-01 -4.600000e-01 -1.200000e+00 1.563250e-05 -1.563250e-05 -3.139300e-15 6.911300e-12 6.908161e-12
-4.700000e-01 -4.700000e-01 -1.200000e+00 1.583170e-05 -1.583170e-05 -2.799100e-15 6.826200e-12 6.823401e-12
-4.800000e-01 -4.800000e-01 -1.200000e+00 1.602550e-05 -1.602550e-05 -2.516700e-15 6.745500e-12 6.742983e-12
-4.900000e-01 -4.900000e-01 -1.200000e+00 1.621400e-05 -1.621400e-05 -2.281300e-15 6.668800e-12 6.666519e-12
-5.000000e-01 -5.000000e-01 -1.200000e+00 1.639730e-05 -1.639730e-05 -2.084200e-15 6.596100e-12 6.594016e-12
-5.100000e-01 -5.100000e-01 -1.200000e+00 1.657550e-05 -1.657550e-05 -1.918700e-15 6.527000e-12 6.525081e-12
-5.200000e-01 -5.200000e-01 -1.200000e+00 1.674870e-05 -1.674870e-05 -1.779100e-15 6.461500e-12 6.459721e-12
-5.300000e-01 -5.300000e-01 -1.200000e+00 1.691700e-05 -1.691700e-05 -1.661000e-15 6.399300e-12 6.397639e-12
-5.400000e-01 -5.400000e-01 -1.200000e+00 1.708060e-05 -1.708060e-05 -1.560900e-15 6.340200e-12 6.338639e-12
-5.500000e-01 -5.500000e-01 -1.200000e+00 1.723950e-05 -1.723950e-05 -1.475700e-15 6.284200e-12 6.282724e-12
-5.600000e-01 -5.600000e-01 -1.200000e+00 1.739380e-05 -1.739380e-05 -1.403200e-15 6.231100e-12 6.229697e-12
-5.700000e-01 -5.700000e-01 -1.200000e+00 1.754370e-05 -1.754380e-05 -1.341300e-15 6.180600e-12 9.382074e-11
-5.800000e-01 -5.800000e-01 -1.200000e+00 1.768940e-05 -1.768940e-05 -1.288400e-15 6.132700e-12 6.131412e-12
-5.900000e-01 -5.900000e-01 -1.200000e+00 1.783090e-05 -1.783090e-05 -1.243200e-15 6.087300e-12 6.086057e-12
-6.000000e-01 -6.000000e-01 -1.200000e+00 1.796830e-05 -1.796830e-05 -1.204500e-15 6.044100e-12 6.042896e-12
-6.100000e-01 -6.100000e-01 -1.200000e+00 1.810180e-05 -1.810180e-05 -1.171400e-15 6.003100e-12 6.001929e-12
-6.200000e-01 -6.200000e-01 -1.200000e+00 1.823150e-05 -1.823150e-05 -1.143200e-15 5.964100e-12 5.962957e-12
-6.300000e-01 -6.300000e-01 -1.200000e+00 1.835750e-05 -1.835750e-05 -1.119100e-15 5.927100e-12 5.925981e-12
-6.400000e-01 -6.400000e-01 -1.200000e+00 1.848000e-05 -1.848000e-05 -1.098600e-15 5.891900e-12 5.890801e-12
-6.500000e-01 -6.500000e-01 -1.200000e+00 1.859910e-05 -1.859910e-05 -1.081400e-15 5.858400e-12 5.857319e-12
-6.600000e-01 -6.600000e-01 -1.200000e+00 1.871480e-05 -1.871480e-05 -1.066800e-15 5.826600e-12 5.825533e-12
-6.700000e-01 -6.700000e-01 -1.200000e+00 1.882730e-05 -1.882730e-05 -1.054700e-15 5.796300e-12 5.795245e-12
-6.800000e-01 -6.800000e-01 -1.200000e+00 1.893680e-05 -1.893680e-05 -1.044700e-15 5.767400e-12 5.766355e-12
-6.900000e-01 -6.900000e-01 -1.200000e+00 1.904320e-05 -1.904320e-05 -1.036500e-15 5.739900e-12 5.738864e-12
-7.000000e-01 -7.000000e-01 -1.200000e+00 1.914680e-05 -1.914680e-05 -1.030000e-15 5.713800e-12 5.712770e-12
-7.100000e-01 -7.100000e-01 -1.200000e+00 1.924760e-05 -1.924770e-05 -1.025000e-15 5.688800e-12 9.431223e-11
-7.200000e-01 -7.200000e-01 -1.200000e+00 1.934580e-05 -1.934580e-05 -1.021200e-15 5.665000e-12 5.663979e-12
-7.300000e-01 -7.300000e-01 -1.200000e+00 1.944140e-05 -1.944140e-05 -1.018700e-15 5.642300e-12 5.641281e-12
-7.400000e-01 -7.400000e-01 -1.200000e+00 1.953450e-05 -1.953450e-05 -1.017100e-15 5.620700e-12 5.619683e-12
-7.500000e-01 -7.500000e-01 -1.200000e+00 1.962520e-05 -1.962520e-05 -1.016500e-15 5.600000e-12 5.598983e-12
-7.600000e-01 -7.600000e-01 -1.200000e+00 1.971360e-05 -1.971360e-05 -1.016700e-15 5.580200e-12 5.579183e-12
-7.700000e-01 -7.700000e-01 -1.200000e+00 1.979980e-05 -1.979980e-05 -1.017600e-15 5.561300e-12 5.560282e-12
-7.800000e-01 -7.800000e-01 -1.200000e+00 1.988390e-05 -1.988390e-05 -1.019300e-15 5.543300e-12 5.542281e-12
-7.900000e-01 -7.900000e-01 -1.200000e+00 1.996590e-05 -1.996590e-05 -1.021500e-15 5.526000e-12 5.524978e-12
-8.000000e-01 -8.000000e-01 -1.200000e+00 2.004590e-05 -2.004590e-05 -1.024300e-15 5.509400e-12 5.508376e-12
-8.100000e-01 -8.100000e-01 -1.200000e+00 2.012410e-05 -2.012410e-05 -1.027600e-15 5.493600e-12 5.492572e-12
-8.200000e-01 -8.200000e-01 -1.200000e+00 2.020030e-05 -2.020040e-05 -1.031400e-15 5.478400e-12 9.452263e-11
-8.300000e-01 -8.300000e-01 -1.200000e+00 2.027490e-05 -2.027490e-05 -1.035600e-15 5.463900e-12 5.462864e-12
-8.400000e-01 -8.400000e-01 -1.200000e+00 2.034770e-05 -2.034770e-05 -1.040100e-15 5.449900e-12 5.448860e-12
-8.500000e-01 -8.500000e-01 -1.200000e+00 2.041880e-05 -2.041880e-05 -1.045000e-15 5.436500e-12 5.435455e-12
-8.600000e-01 -8.600000e-01 -1.200000e+00 2.048840e-05 -2.048840e-05 -1.050200e-15 5.423700e-12 5.422650e-12
-8.700000e-01 -8.700000e-01 -1.200000e+00 2.055640e-05 -2.055640e-05 -1.055700e-15 5.411300e-12 5.410244e-12
-8.800000e-01 -8.800000e-01 -1.200000e+00 2.062300e-05 -2.062300e-05 -1.061500e-15 5.399500e-12 5.398438e-12
-8.900000e-01 -8.900000e-01 -1.200000e+00 2.068810e-05 -2.068810e-05 -1.067600e-15 5.388000e-12 5.386932e-12
-9.000000e-01 -9.000000e-01 -1.200000e+00 2.075190e-05 -2.075190e-05 -1.073800e-15 5.377100e-12 5.376026e-12
-9.100000e-01 -9.100000e-01 -1.200000e+00 2.081430e-05 -2.081430e-05 -1.080300e-15 5.366500e-12 5.365420e-12
-9.200000e-01 -9.200000e-01 -1.200000e+00 2.087550e-05 -2.087550e-05 -1.087000e-15 5.356300e-12 5.355213e-12
-9.300000e-01 -9.300000e-01 -1.200000e+00 2.093540e-05 -2.093540e-05 -1.093800e-15 5.346600e-12 5.345506e-12
-9.400000e-01 -9.400000e-01 -1.200000e+00 2.099410e-05 -2.099410e-05 -1.100800e-15 5.337100e-12 5.335999e-12
-9.500000e-01 -9.500000e-01 -1.200000e+00 2.105170e-05 -2.105170e-05 -1.108000e-15 5.328000e-12 5.326892e-12
-9.600000e-01 -9.600000e-01 -1.200000e+00 2.110810e-05 -2.110810e-05 -1.115300e-15 5.319200e-12 5.318085e-12
-9.700000e-01 -9.700000e-01 -1.200000e+00 2.116350e-05 -2.116350e-05 -1.122700e-15 5.310800e-12 5.309677e-12
-9.800000e-01 -9.800000e-01 -1.200000e+00 2.121780e-05 -2.121780e-05 -1.130300e-15 5.302600e-12 5.301470e-12
-9.900000e-01 -9.900000e-01 -1.200000e+00 2.127110e-05 -2.127110e-05 -1.138000e-15 5.294700e-12 5.293562e-12
-1.000000e+00 -1.000000e+00 -1.200000e+00 2.132340e-05 -2.132340e-05 -1.145800e-15 5.287000e-12 5.285854e-12
-1.010000e+00 -1.010000e+00 -1.200000e+00 2.137480e-05 -2.137480e-05 -1.153700e-15 5.279700e-12 5.278546e-12
-1.020000e+00 -1.020000e+00 -1.200000e+00 2.142530e-05 -2.142530e-05 -1.161700e-15 5.272500e-12 5.271338e-12
-1.030000e+00 -1.030000e+00 -1.200000e+00 2.147480e-05 -2.147480e-05 -1.169800e-15 5.265600e-12 5.264430e-12
-1.040000e+00 -1.040000e+00 -1.200000e+00 2.152350e-05 -2.152350e-05 -1.177900e-15 5.258900e-12 5.257722e-12
-1.050000e+00 -1.050000e+00 -1.200000e+00 2.157140e-05 -2.157140e-05 -1.186200e-15 5.252400e-12 5.251214e-12
-1.060000e+00 -1.060000e+00 -1.200000e+00 2.161850e-05 -2.161850e-05 -1.194500e-15 5.246100e-12 5.244906e-12
-1.070000e+00 -1.070000e+00 -1.200000e+00 2.166480e-05 -2.166480e-05 -1.202900e-15 5.240100e-12 5.238897e-12
-1.080000e+00 -1.080000e+00 -1.200000e+00 2.171030e-05 -2.171030e-05 -1.211400e-15 5.234200e-12 5.232989e-12
-1.090000e+00 -1.090000e+00 -1.200000e+00 2.175500e-05 -2.175510e-05 -1.219900e-15 5.228400e-12 9.477282e-11
-1.100000e+00 -1.100000e+00 -1.200000e+00 2.179910e-05 -2.179910e-05 -1.228500e-15 5.222900e-12 5.221672e-12
-1.110000e+00 -1.110000e+00 -1.200000e+00 2.184250e-05 -2.184250e-05 -1.237100e-15 5.217500e-12 5.216263e-12
-1.120000e+00 -1.120000e+00 -1.200000e+00 2.188520e-05 -2.188520e-05 -1.245800e-15 5.212200e-12 5.210954e-12
-1.130000e+00 -1.130000e+00 -1.200000e+00 2.192720e-05 -2.192720e-05 -1.254500e-15 5.207200e-12 5.205945e-12
-1.140000e+00 -1.140000e+00 -1.200000e+00 2.196860e-05 -2.196860e-05 -1.263300e-15 5.202200e-12 5.200937e-12
-1.150000e+00 -1.150000e+00 -1.200000e+00 2.200930e-05 -2.200940e-05 -1.272100e-15 5.197400e-12 9.480387e-11
-1.160000e+00 -1.160000e+00 -1.200000e+00 2.204950e-05 -2.204950e-05 -1.281000e-15 5.192700e-12 5.191419e-12
-1.170000e+00 -1.170000e+00 -1.200000e+00 2.208910e-05 -2.208910e-05 -1.289900e-15 5.188200e-12 5.186910e-12
-1.180000e+00 -1.180000e+00 -1.200000e+00 2.212810e-05 -2.212810e-05 -1.298900e-15 5.183700e-12 5.182401e-12
-1.190000e+00 -1.190000e+00 -1.200000e+00 2.216650e-05 -2.216650e-05 -1.307800e-15 5.179400e-12 5.178092e-12
-1.200000e+00 -1.200000e+00 -1.200000e+00 2.220450e-05 -2.220450e-05 -1.316900e-15 5.175200e-12 5.173883e-12