Title: * mosfet noise analysis simulation
Date: Tue Jul 28 20:53:38  2026
Command: ngspice-46+, Build Wed Apr  8 07:34:31 UTC 2026
Plotname: Noise Spectral Density Curves
Flags: real
No. Variables: 3
No. Points: 181
Variables:
	0	frequency	frequency grid=3
	1	freq	frequency
	2	temp_noise	voltage-density
Values:
 0	1.000000000000000e+00
	1.000000000000000e+00
	1.610540502306611e-08

 1	1.122018454301963e+00
	1.122018454301963e+00
	1.610532271249910e-08

 2	1.258925411794167e+00
	1.258925411794167e+00
	1.610521909142906e-08

 3	1.412537544622754e+00
	1.412537544622754e+00
	1.610508864307468e-08

 4	1.584893192461113e+00
	1.584893192461113e+00
	1.610492442283349e-08

 5	1.778279410038922e+00
	1.778279410038922e+00
	1.610471768894162e-08

 6	1.995262314968879e+00
	1.995262314968879e+00
	1.610445743771159e-08

 7	2.238721138568339e+00
	2.238721138568339e+00
	1.610412981876408e-08

 8	2.511886431509579e+00
	2.511886431509579e+00
	1.610371739937482e-08

 9	2.818382931264452e+00
	2.818382931264452e+00
	1.610319823917661e-08

 10	3.162277660168377e+00
	3.162277660168377e+00
	1.610254472660004e-08

 11	3.548133892335751e+00
	3.548133892335751e+00
	1.610172211613220e-08

 12	3.981071705534969e+00
	3.981071705534969e+00
	1.610068669014949e-08

 13	4.466835921509626e+00
	4.466835921509626e+00
	1.609938345004997e-08

 14	5.011872336272718e+00
	5.011872336272718e+00
	1.609774321786704e-08

 15	5.623413251903484e+00
	5.623413251903484e+00
	1.609567900055827e-08

 16	6.309573444801925e+00
	6.309573444801925e+00
	1.609308143369795e-08

 17	7.079457843841370e+00
	7.079457843841370e+00
	1.608981307827229e-08

 18	7.943282347242804e+00
	7.943282347242804e+00
	1.608570129264811e-08

 19	8.912509381337442e+00
	8.912509381337442e+00
	1.608052934077683e-08

 20	9.999999999999984e+00
	9.999999999999984e+00
	1.607402532712124e-08

 21	1.122018454301961e+01
	1.122018454301961e+01
	1.606584846965038e-08

 22	1.258925411794165e+01
	1.258925411794165e+01
	1.605557213765702e-08

 23	1.412537544622752e+01
	1.412537544622752e+01
	1.604266299783955e-08

 24	1.584893192461110e+01
	1.584893192461110e+01
	1.602645554264325e-08

 25	1.778279410038919e+01
	1.778279410038919e+01
	1.600612124107018e-08

 26	1.995262314968875e+01
	1.995262314968875e+01
	1.598063158976271e-08

 27	2.238721138568335e+01
	2.238721138568335e+01
	1.594871450713050e-08

 28	2.511886431509575e+01
	2.511886431509575e+01
	1.590880388964152e-08

 29	2.818382931264447e+01
	2.818382931264447e+01
	1.585898285728365e-08

 30	3.162277660168372e+01
	3.162277660168372e+01
	1.579692241628336e-08

 31	3.548133892335746e+01
	3.548133892335746e+01
	1.571981916063910e-08

 32	3.981071705534962e+01
	3.981071705534962e+01
	1.562433843096873e-08

 33	4.466835921509619e+01
	4.466835921509619e+01
	1.550657320521714e-08

 34	5.011872336272709e+01
	5.011872336272709e+01
	1.536203387530575e-08

 35	5.623413251903474e+01
	5.623413251903474e+01
	1.518568951100524e-08

 36	6.309573444801914e+01
	6.309573444801914e+01
	1.497208603256296e-08

 37	7.079457843841358e+01
	7.079457843841358e+01
	1.471556864893307e-08

 38	7.943282347242791e+01
	7.943282347242791e+01
	1.441063155170348e-08

 39	8.912509381337428e+01
	8.912509381337428e+01
	1.405240316751106e-08

 40	9.999999999999969e+01
	9.999999999999969e+01
	1.363724734901873e-08

 41	1.122018454301960e+02
	1.122018454301960e+02
	1.316342088491990e-08

 42	1.258925411794163e+02
	1.258925411794163e+02
	1.263168409137179e-08

 43	1.412537544622750e+02
	1.412537544622750e+02
	1.204573064602339e-08

 44	1.584893192461108e+02
	1.584893192461108e+02
	1.141230538265160e-08

 45	1.778279410038917e+02
	1.778279410038917e+02
	1.074092727197071e-08

 46	1.995262314968873e+02
	1.995262314968873e+02
	1.004322289376392e-08

 47	2.238721138568332e+02
	2.238721138568332e+02
	9.331974763774828e-09

 48	2.511886431509571e+02
	2.511886431509571e+02
	8.620060037732285e-09

 49	2.818382931264443e+02
	2.818382931264443e+02
	7.919470483415541e-09

 50	3.162277660168368e+02
	3.162277660168368e+02
	7.240562765612149e-09

 51	3.548133892335741e+02
	3.548133892335741e+02
	6.591612434852519e-09

 52	3.981071705534957e+02
	3.981071705534957e+02
	5.978667882955407e-09

 53	4.466835921509614e+02
	4.466835921509614e+02
	5.405646048284465e-09

 54	5.011872336272703e+02
	5.011872336272703e+02
	4.874587990507657e-09

 55	5.623413251903468e+02
	5.623413251903468e+02
	4.385994521240063e-09

 56	6.309573444801906e+02
	6.309573444801906e+02
	3.939178980907760e-09

 57	7.079457843841349e+02
	7.079457843841349e+02
	3.532595714203782e-09

 58	7.943282347242780e+02
	7.943282347242780e+02
	3.164122160730902e-09

 59	8.912509381337416e+02
	8.912509381337416e+02
	2.831286861086839e-09

 60	9.999999999999955e+02
	9.999999999999955e+02
	2.531444791253711e-09

 61	1.122018454301958e+03
	1.122018454301958e+03
	2.261906261751884e-09

 62	1.258925411794161e+03
	1.258925411794161e+03
	2.020027474929222e-09

 63	1.412537544622747e+03
	1.412537544622747e+03
	1.803270902172199e-09

 64	1.584893192461106e+03
	1.584893192461106e+03
	1.609242790603667e-09

 65	1.778279410038914e+03
	1.778279410038914e+03
	1.435713896760037e-09

 66	1.995262314968869e+03
	1.995262314968869e+03
	1.280628294725713e-09

 67	2.238721138568328e+03
	2.238721138568328e+03
	1.142103978346847e-09

 68	2.511886431509567e+03
	2.511886431509567e+03
	1.018428032973141e-09

 69	2.818382931264438e+03
	2.818382931264438e+03
	9.080483990730280e-10

 70	3.162277660168362e+03
	3.162277660168362e+03
	8.095636694413623e-10

 71	3.548133892335735e+03
	3.548133892335735e+03
	7.217119253335386e-10

 72	3.981071705534950e+03
	3.981071705534950e+03
	6.433592954642052e-10

 73	4.466835921509605e+03
	4.466835921509605e+03
	5.734886891313312e-10

 74	5.011872336272693e+03
	5.011872336272693e+03
	5.111889888887651e-10

 75	5.623413251903457e+03
	5.623413251903457e+03
	4.556448718016330e-10

 76	6.309573444801895e+03
	6.309573444801895e+03
	4.061273479818286e-10

 77	7.079457843841336e+03
	7.079457843841336e+03
	3.619850507234181e-10

 78	7.943282347242766e+03
	7.943282347242766e+03
	3.226362766638469e-10

 79	8.912509381337401e+03
	8.912509381337401e+03
	2.875617515195018e-10

 80	9.999999999999938e+03
	9.999999999999938e+03
	2.562980831279695e-10

 81	1.122018454301956e+04
	1.122018454301956e+04
	2.284318559379553e-10

 82	1.258925411794159e+04
	1.258925411794159e+04
	2.035943177040848e-10

 83	1.412537544622745e+04
	1.412537544622745e+04
	1.814566085443729e-10

 84	1.584893192461103e+04
	1.584893192461103e+04
	1.617254837069188e-10

 85	1.778279410038911e+04
	1.778279410038911e+04
	1.441394836786958e-10

 86	1.995262314968866e+04
	1.995262314968866e+04
	1.284655081794288e-10

 87	2.238721138568325e+04
	2.238721138568325e+04
	1.144957537970878e-10

 88	2.511886431509563e+04
	2.511886431509563e+04
	1.020449783256656e-10

 89	2.818382931264435e+04
	2.818382931264435e+04
	9.094805812299627e-11

 90	3.162277660168357e+04
	3.162277660168357e+04
	8.105780793071423e-11

 91	3.548133892335730e+04
	3.548133892335730e+04
	7.224303554002719e-11

 92	3.981071705534944e+04
	3.981071705534944e+04
	6.438680641993944e-11

 93	4.466835921509599e+04
	4.466835921509599e+04
	5.738489593916199e-11

 94	5.011872336272686e+04
	5.011872336272686e+04
	5.114440910994781e-11

 95	5.623413251903449e+04
	5.623413251903449e+04
	4.558254986886252e-11

 96	6.309573444801885e+04
	6.309573444801885e+04
	4.062552379736507e-11

 97	7.079457843841326e+04
	7.079457843841326e+04
	3.620755988747755e-11

 98	7.943282347242754e+04
	7.943282347242754e+04
	3.227003848915126e-11

 99	8.912509381337385e+04
	8.912509381337385e+04
	2.876071395068288e-11

 100	9.999999999999920e+04
	9.999999999999920e+04
	2.563302169582727e-11

 101	1.122018454301954e+05
	1.122018454301954e+05
	2.284546058452472e-11

 102	1.258925411794157e+05
	1.258925411794157e+05
	2.036104239098404e-11

 103	1.412537544622743e+05
	1.412537544622743e+05
	1.814680111487240e-11

 104	1.584893192461100e+05
	1.584893192461100e+05
	1.617335562922483e-11

 105	1.778279410038908e+05
	1.778279410038908e+05
	1.441451987212297e-11

 106	1.995262314968862e+05
	1.995262314968862e+05
	1.284695541701878e-11

 107	2.238721138568320e+05
	2.238721138568320e+05
	1.144986181675831e-11

 108	2.511886431509558e+05
	2.511886431509558e+05
	1.020470061606507e-11

 109	2.818382931264429e+05
	2.818382931264429e+05
	9.094949372920593e-12

 110	3.162277660168351e+05
	3.162277660168351e+05
	8.105882426712948e-12

 111	3.548133892335723e+05
	3.548133892335723e+05
	7.224375505394940e-12

 112	3.981071705534937e+05
	3.981071705534937e+05
	6.438731579838657e-12

 113	4.466835921509591e+05
	4.466835921509591e+05
	5.738525655238691e-12

 114	5.011872336272677e+05
	5.011872336272677e+05
	5.114466440506810e-12

 115	5.623413251903439e+05
	5.623413251903439e+05
	4.558273060425400e-12

 116	6.309573444801874e+05
	6.309573444801874e+05
	4.062565174838698e-12

 117	7.079457843841313e+05
	7.079457843841313e+05
	3.620765046995813e-12

 118	7.943282347242740e+05
	7.943282347242740e+05
	3.227010261669174e-12

 119	8.912509381337371e+05
	8.912509381337371e+05
	2.876075934953851e-12

 120	9.999999999999905e+05
	9.999999999999905e+05
	2.563305383577764e-12

 121	1.122018454301953e+06
	1.122018454301953e+06
	2.284548333788274e-12

 122	1.258925411794155e+06
	1.258925411794155e+06
	2.036105849914045e-12

 123	1.412537544622740e+06
	1.412537544622740e+06
	1.814681251858504e-12

 124	1.584893192461098e+06
	1.584893192461098e+06
	1.617336370244613e-12

 125	1.778279410038905e+06
	1.778279410038905e+06
	1.441452558753739e-12

 126	1.995262314968860e+06
	1.995262314968860e+06
	1.284695946323467e-12

 127	2.238721138568317e+06
	2.238721138568317e+06
	1.144986468127337e-12

 128	2.511886431509554e+06
	2.511886431509554e+06
	1.020470264400149e-12

 129	2.818382931264425e+06
	2.818382931264425e+06
	9.094950808606440e-13

 130	3.162277660168346e+06
	3.162277660168346e+06
	8.105883443119501e-13

 131	3.548133892335718e+06
	3.548133892335718e+06
	7.224376224976750e-13

 132	3.981071705534931e+06
	3.981071705534931e+06
	6.438732089287196e-13

 133	4.466835921509584e+06
	4.466835921509584e+06
	5.738526015927140e-13

 134	5.011872336272670e+06
	5.011872336272670e+06
	5.114466695884411e-13

 135	5.623413251903431e+06
	5.623413251903431e+06
	4.558273241252255e-13

 136	6.309573444801864e+06
	6.309573444801864e+06
	4.062565302891733e-13

 137	7.079457843841302e+06
	7.079457843841302e+06
	3.620765137692410e-13

 138	7.943282347242728e+06
	7.943282347242728e+06
	3.227010325924564e-13

 139	8.912509381337358e+06
	8.912509381337358e+06
	2.876075980496046e-13

 140	9.999999999999890e+06
	9.999999999999890e+06
	2.563305415878482e-13

 141	1.122018454301951e+07
	1.122018454301951e+07
	2.284548356721981e-13

 142	1.258925411794153e+07
	1.258925411794153e+07
	2.036105866224536e-13

 143	1.412537544622738e+07
	1.412537544622738e+07
	1.814681263489229e-13

 144	1.584893192461096e+07
	1.584893192461096e+07
	1.617336378572540e-13

 145	1.778279410038903e+07
	1.778279410038903e+07
	1.441452564754935e-13

 146	1.995262314968857e+07
	1.995262314968857e+07
	1.284695950690332e-13

 147	2.238721138568314e+07
	2.238721138568314e+07
	1.144986471351624e-13

 148	2.511886431509551e+07
	2.511886431509551e+07
	1.020470266831755e-13

 149	2.818382931264421e+07
	2.818382931264421e+07
	9.094950827492542e-14

 150	3.162277660168342e+07
	3.162277660168342e+07
	8.105883458365457e-14

 151	3.548133892335713e+07
	3.548133892335713e+07
	7.224376237874541e-14

 152	3.981071705534925e+07
	3.981071705534925e+07
	6.438732100779398e-14

 153	4.466835921509578e+07
	4.466835921509578e+07
	5.738526026712377e-14

 154	5.011872336272663e+07
	5.011872336272663e+07
	5.114466706492426e-14

 155	5.623413251903423e+07
	5.623413251903423e+07
	4.558273252097528e-14

 156	6.309573444801856e+07
	6.309573444801856e+07
	4.062565314311950e-14

 157	7.079457843841292e+07
	7.079457843841292e+07
	3.620765149976291e-14

 158	7.943282347242716e+07
	7.943282347242716e+07
	3.227010339332225e-14

 159	8.912509381337343e+07
	8.912509381337343e+07
	2.876075995274153e-14

 160	9.999999999999873e+07
	9.999999999999873e+07
	2.563305432271804e-14

 161	1.122018454301949e+08
	1.122018454301949e+08
	2.284548374982506e-14

 162	1.258925411794151e+08
	1.258925411794151e+08
	2.036105886618967e-14

 163	1.412537544622736e+08
	1.412537544622736e+08
	1.814681286305458e-14

 164	1.584893192461093e+08
	1.584893192461093e+08
	1.617336404125548e-14

 165	1.778279410038899e+08
	1.778279410038899e+08
	1.441452593392451e-14

 166	1.995262314968853e+08
	1.995262314968853e+08
	1.284695982798488e-14

 167	2.238721138568310e+08
	2.238721138568310e+08
	1.144986507360812e-14

 168	2.511886431509547e+08
	2.511886431509547e+08
	1.020470307222867e-14

 169	2.818382931264416e+08
	2.818382931264416e+08
	9.094951280604295e-15

 170	3.162277660168337e+08
	3.162277660168337e+08
	8.105883966705752e-15

 171	3.548133892335706e+08
	3.548133892335706e+08
	7.224376808199632e-15

 172	3.981071705534918e+08
	3.981071705534918e+08
	6.438732740664867e-15

 173	4.466835921509570e+08
	4.466835921509570e+08
	5.738526744654570e-15

 174	5.011872336272654e+08
	5.011872336272654e+08
	5.114467512021857e-15

 175	5.623413251903414e+08
	5.623413251903414e+08
	4.558274155905806e-15

 176	6.309573444801846e+08
	6.309573444801846e+08
	4.062566328393980e-15

 177	7.079457843841281e+08
	7.079457843841281e+08
	3.620766287789671e-15

 178	7.943282347242705e+08
	7.943282347242705e+08
	3.227011615975983e-15

 179	8.912509381337330e+08
	8.912509381337330e+08
	2.876077427689211e-15

 180	9.999999999999859e+08
	9.999999999999859e+08
	2.563307039465853e-15

