Title: Spectre charge conservation analysis
Plotname: Transient Analysis
Flags: real
No. Variables: 6
No. Points: 162
Variables:
	0	time	time
	1	v(gate_3)	voltage
	2	i(vgq)	current
	3	i(vdq)	current
	4	i(vsq)	current
	5	i(vbq)	current
Values:
 0	0.0000000000e+00
	0.0000000000e+00
	0.0000000000e+00
	2.0000416784e-12
	-1.0000000489e-12
	-1.0000416321e-12

 1	5.0000000000e-12
	0.0000000000e+00
	4.2871772379e-18
	2.0000335162e-12
	-1.0000000310e-12
	-1.0000377737e-12

 2	1.5000000000e-11
	0.0000000000e+00
	-2.5375115390e-19
	2.0000421915e-12
	-1.0000000577e-12
	-1.0000419330e-12

 3	3.5000000000e-11
	0.0000000000e+00
	1.2605787218e-18
	2.0000423267e-12
	-1.0000000496e-12
	-1.0000434875e-12

 4	7.5000000000e-11
	0.0000000000e+00
	-3.1731386024e-20
	2.0000417121e-12
	-1.0000000430e-12
	-1.0000416376e-12

 5	1.2500000000e-10
	0.0000000000e+00
	-1.6596228906e-19
	2.0000415990e-12
	-1.0000000496e-12
	-1.0000414241e-12

 6	1.7500000000e-10
	0.0000000000e+00
	-3.3880832058e-21
	2.0000416347e-12
	-1.0000000492e-12
	-1.0000415956e-12

 7	2.2500000000e-10
	0.0000000000e+00
	5.0915565326e-21
	2.0000416591e-12
	-1.0000000488e-12
	-1.0000416289e-12

 8	2.7500000000e-10
	0.0000000000e+00
	-3.7756877966e-21
	2.0000416851e-12
	-1.0000000489e-12
	-1.0000416595e-12

 9	3.2500000000e-10
	0.0000000000e+00
	-1.2046319054e-20
	2.0000416263e-12
	-1.0000000488e-12
	-1.0000415790e-12

 10	3.7500000000e-10
	0.0000000000e+00
	-1.5670134372e-20
	2.0000416257e-12
	-1.0000000489e-12
	-1.0000415747e-12

 11	4.2500000000e-10
	0.0000000000e+00
	-1.2449529528e-20
	2.0000416262e-12
	-1.0000000489e-12
	-1.0000415784e-12

 12	4.7500000000e-10
	0.0000000000e+00
	-1.3116157980e-20
	2.0000416260e-12
	-1.0000000489e-12
	-1.0000415776e-12

 13	5.2500000000e-10
	0.0000000000e+00
	1.3215582404e-20
	2.0000416259e-12
	-1.0000000489e-12
	-1.0000416173e-12

 14	5.7500000000e-10
	0.0000000000e+00
	1.5340246829e-20
	2.0000416262e-12
	-1.0000000488e-12
	-1.0000415792e-12

 15	6.2500000000e-10
	0.0000000000e+00
	1.2358744887e-20
	2.0000416258e-12
	-1.0000000489e-12
	-1.0000415757e-12

 16	6.7500000000e-10
	0.0000000000e+00
	1.4168026781e-20
	2.0000416261e-12
	-1.0000000489e-12
	-1.0000415778e-12

 17	7.2500000000e-10
	0.0000000000e+00
	1.3922357516e-20
	2.0000416260e-12
	-1.0000000489e-12
	-1.0000415775e-12

 18	7.7500000000e-10
	0.0000000000e+00
	1.3771037397e-20
	2.0000416260e-12
	-1.0000000489e-12
	-1.0000415774e-12

 19	8.2500000000e-10
	0.0000000000e+00
	1.3805771946e-20
	2.0000416260e-12
	-1.0000000489e-12
	-1.0000415774e-12

 20	8.7500000000e-10
	0.0000000000e+00
	1.3810721992e-20
	2.0000416260e-12
	-1.0000000489e-12
	-1.0000415774e-12

 21	9.2500000000e-10
	0.0000000000e+00
	1.3806832432e-20
	2.0000416260e-12
	-1.0000000489e-12
	-1.0000415774e-12

 22	9.7500000000e-10
	0.0000000000e+00
	1.3806966278e-20
	2.0000416260e-12
	-1.0000000489e-12
	-1.0000415774e-12

 23	1.0000000000e-09
	0.0000000000e+00
	5.2345201668e-20
	2.0000416316e-12
	-1.0000000488e-12
	-1.0000415538e-12

 24	1.0005308770e-09
	-5.3087700241e-04
	1.7146135769e-05
	-3.8739753112e-06
	-3.7542080282e-06
	-9.5170080074e-06

 25	1.0011191679e-09
	-1.1191679425e-03
	2.3739052057e-05
	-3.6329655319e-06
	-3.8361893814e-06
	-1.6269517070e-05

 26	1.0016092805e-09
	-1.6092805433e-03
	2.5959883094e-05
	-3.3724750677e-06
	-3.4875284949e-06
	-1.9099727537e-05

 27	1.0021099677e-09
	-2.1099677207e-03
	2.6891364756e-05
	-3.2569778246e-06
	-3.2964847622e-06
	-2.0337863323e-05

 28	1.0025645334e-09
	-2.5645333665e-03
	2.7183248597e-05
	-3.2250844694e-06
	-3.2375572268e-06
	-2.0720603661e-05

 29	1.0030689475e-09
	-3.0689475379e-03
	2.7262598851e-05
	-3.2171382574e-06
	-3.2233512640e-06
	-2.0822115955e-05

 30	1.0036923365e-09
	-3.6923364533e-03
	2.7251476079e-05
	-3.2170915610e-06
	-3.2239125573e-06
	-2.0810478862e-05

 31	1.0045396225e-09
	-4.5396224838e-03
	2.7205261063e-05
	-3.2193714108e-06
	-3.2276972258e-06
	-2.0758196709e-05

 32	1.0058417104e-09
	-5.8417104069e-03
	2.7148867846e-05
	-3.2214476239e-06
	-3.2306909647e-06
	-2.0696731172e-05

 33	1.0082878638e-09
	-8.2878637758e-03
	2.7076654039e-05
	-3.2222910105e-06
	-3.2318508119e-06
	-2.0622513188e-05

 34	1.0131801705e-09
	-1.3180170514e-02
	2.6952869545e-05
	-3.2221965590e-06
	-3.2317523750e-06
	-2.0498921707e-05

 35	1.0210098590e-09
	-2.1009858963e-02
	2.6758192171e-05
	-3.2221018621e-06
	-3.2316856353e-06
	-2.0304405903e-05

 36	1.0366692359e-09
	-3.6669235860e-02
	2.6379443987e-05
	-3.2221853271e-06
	-3.2319212218e-06
	-1.9925338627e-05

 37	1.0582002189e-09
	-5.8200218926e-02
	2.5889103079e-05
	-3.2223321411e-06
	-3.2322630514e-06
	-1.9434508986e-05

 38	1.0796146477e-09
	-7.9614647746e-02
	2.5438173554e-05
	-3.2224789654e-06
	-3.2325695807e-06
	-1.8983126019e-05

 39	1.1014700750e-09
	-1.0147007499e-01
	2.5009120466e-05
	-3.2226110330e-06
	-3.2328289764e-06
	-1.8553681403e-05

 40	1.1256642103e-09
	-1.2566421026e-01
	2.4564325374e-05
	-3.2227500099e-06
	-3.2330745961e-06
	-1.8108501655e-05

 41	1.1521954108e-09
	-1.5219541085e-01
	2.4110373274e-05
	-3.2229058894e-06
	-3.2333108093e-06
	-1.7654157398e-05

 42	1.1800349297e-09
	-1.8003492968e-01
	2.3668958840e-05
	-3.2230695514e-06
	-3.2335200913e-06
	-1.7212369959e-05

 43	1.2092319914e-09
	-2.0923199144e-01
	2.3239587408e-05
	-3.2232389893e-06
	-3.2337001803e-06
	-1.6782648945e-05

 44	1.2404044746e-09
	-2.4040447459e-01
	2.2814190620e-05
	-3.2234205554e-06
	-3.2338580383e-06
	-1.6356912681e-05

 45	1.2737426366e-09
	-2.7374263658e-01
	2.2392773369e-05
	-3.2236188461e-06
	-3.2339970090e-06
	-1.5935158120e-05

 46	1.3091397317e-09
	-3.0913973167e-01
	2.1979014338e-05
	-3.2238353715e-06
	-3.2341173419e-06
	-1.5521062185e-05

 47	1.3467202251e-09
	-3.4672022510e-01
	2.1573060054e-05
	-3.2240736135e-06
	-3.2342208139e-06
	-1.5114766145e-05

 48	1.3867940081e-09
	-3.8679400814e-01
	2.1173263741e-05
	-3.2243401997e-06
	-3.2343106527e-06
	-1.4714613366e-05

 49	1.4295909380e-09
	-4.2959093804e-01
	2.0779384359e-05
	-3.2246435613e-06
	-3.2343904090e-06
	-1.4320350829e-05

 50	1.4752682890e-09
	-4.7526828902e-01
	2.0392031395e-05
	-3.2249958410e-06
	-3.2344664833e-06
	-1.3932569476e-05

 51	1.5240507125e-09
	-5.2405071249e-01
	2.0011246396e-05
	-3.2254227500e-06
	-3.2345606611e-06
	-1.3551263359e-05

 52	1.5740507125e-09
	-5.7405071249e-01
	1.9652447675e-05
	-3.2259777032e-06
	-3.2347576257e-06
	-1.3191712690e-05

 53	1.6240507125e-09
	-6.2405071249e-01
	1.9321828077e-05
	-3.2268854213e-06
	-3.2354016866e-06
	-1.2859541288e-05

 54	1.6740507125e-09
	-6.7405071249e-01
	1.9017036664e-05
	-3.2290773917e-06
	-3.2379002291e-06
	-1.2550059341e-05

 55	1.7240507125e-09
	-7.2405071249e-01
	1.8740967880e-05
	-3.2362827772e-06
	-3.2479270863e-06
	-1.2256758300e-05

 56	1.7549136113e-09
	-7.5491361128e-01
	1.8599293000e-05
	-3.2512342867e-06
	-3.2699802772e-06
	-1.2078078718e-05

 57	1.7823847742e-09
	-7.8238477419e-01
	1.8499759377e-05
	-3.2799608879e-06
	-3.3130508709e-06
	-1.1906747927e-05

 58	1.7964915128e-09
	-7.9649151285e-01
	1.8472147286e-05
	-3.3092790161e-06
	-3.3572095875e-06
	-1.1805659032e-05

 59	1.8084860463e-09
	-8.0848604630e-01
	1.8459525225e-05
	-3.3419895377e-06
	-3.4066661778e-06
	-1.1710869892e-05

 60	1.8204383932e-09
	-8.2043839320e-01
	1.8460917045e-05
	-3.3843477401e-06
	-3.4708567616e-06
	-1.1605712966e-05

 61	1.8303105755e-09
	-8.3031057549e-01
	1.8479529163e-05
	-3.4315187874e-06
	-3.5424079291e-06
	-1.1505602931e-05

 62	1.8380814865e-09
	-8.3808148647e-01
	1.8508546279e-05
	-3.4788325044e-06
	-3.6142302973e-06
	-1.1415484023e-05

 63	1.8448069779e-09
	-8.4480697795e-01
	1.8544863199e-05
	-3.5277726347e-06
	-3.6885890062e-06
	-1.1328502158e-05

 64	1.8510076838e-09
	-8.5100768380e-01
	1.8589251552e-05
	-3.5806027912e-06
	-3.7689079955e-06
	-1.1239741423e-05

 65	1.8566382200e-09
	-8.5663821996e-01
	1.8640671388e-05
	-3.6363884940e-06
	-3.8537528967e-06
	-1.1150530720e-05

 66	1.8617158003e-09
	-8.6171580034e-01
	1.8697542855e-05
	-3.6940723424e-06
	-3.9415161212e-06
	-1.1061955182e-05

 67	1.8664340298e-09
	-8.6643402977e-01
	1.8760260967e-05
	-3.7545929890e-06
	-4.0336306186e-06
	-1.0972038216e-05

 68	1.8717561509e-09
	-8.7175615090e-01
	1.8842728020e-05
	-3.8310671947e-06
	-4.1500968676e-06
	-1.0861564889e-05

 69	1.8763553046e-09
	-8.7635530461e-01
	1.8927575656e-05
	-3.9064881186e-06
	-4.2649500170e-06
	-1.0756138543e-05

 70	1.8813396435e-09
	-8.8133964348e-01
	1.9032853059e-05
	-3.9975479843e-06
	-4.4037129612e-06
	-1.0631593224e-05

 71	1.8859810356e-09
	-8.8598103561e-01
	1.9146268233e-05
	-4.0928697018e-06
	-4.5489914850e-06
	-1.0504408258e-05

 72	1.8906251815e-09
	-8.9062518149e-01
	1.9275200920e-05
	-4.1988786660e-06
	-4.7106324592e-06
	-1.0365691110e-05

 73	1.8951401781e-09
	-8.9514017809e-01
	1.9416861322e-05
	-4.3130690426e-06
	-4.8848131255e-06
	-1.0218980578e-05

 74	1.8996082567e-09
	-8.9960825672e-01
	1.9573949899e-05
	-4.4375645419e-06
	-5.0747981894e-06
	-1.0061588705e-05

 75	1.9040265458e-09
	-9.0402654578e-01
	1.9746932800e-05
	-4.5726072099e-06
	-5.2809781667e-06
	-9.8933490782e-06

 76	1.9084281426e-09
	-9.0842814265e-01
	1.9937666316e-05
	-4.7195247328e-06
	-5.5054107818e-06
	-9.7127325781e-06

 77	1.9128341482e-09
	-9.1283414819e-01
	2.0147837490e-05
	-4.8794655738e-06
	-5.7498883259e-06
	-9.5184854914e-06

 78	1.9172732644e-09
	-9.1727326436e-01
	2.0379749387e-05
	-5.0540081162e-06
	-6.0168732488e-06
	-9.3088700510e-06

 79	1.9217761995e-09
	-9.2177619955e-01
	2.0636162436e-05
	-5.2450209086e-06
	-6.3092895722e-06
	-9.0818541147e-06

 80	1.9263805289e-09
	-9.2638052892e-01
	2.0920624456e-05
	-5.4548933536e-06
	-6.6308843715e-06
	-8.8348490204e-06

 81	1.9311334026e-09
	-9.3113340256e-01
	2.1237767644e-05
	-5.6867271636e-06
	-6.9865346830e-06
	-8.5645082160e-06

 82	1.9360981075e-09
	-9.3609810752e-01
	2.1593921403e-05
	-5.9447425327e-06
	-7.3828937800e-06
	-8.2662876342e-06

 83	1.9413656810e-09
	-9.4136568095e-01
	2.1998224671e-05
	-6.2350123313e-06
	-7.8295620550e-06
	-7.9336529476e-06

 84	1.9457724680e-09
	-9.4577246802e-01
	2.2358579381e-05
	-6.4913076123e-06
	-8.2245980129e-06
	-7.6426765200e-06

 85	1.9545860422e-09
	-9.5458604216e-01
	2.3111585404e-05
	-7.0225578899e-06
	-9.0465469085e-06
	-7.0424834524e-06

 86	1.9611273919e-09
	-9.6112739191e-01
	2.3711800580e-05
	-7.4392309889e-06
	-9.6937304865e-06
	-6.5788420430e-06

 87	1.9664589734e-09
	-9.6645897341e-01
	2.4214426910e-05
	-7.7845606808e-06
	-1.0232595999e-05
	-6.1972731551e-06

 88	1.9735943592e-09
	-9.7359435919e-01
	2.4888886083e-05
	-8.2436001406e-06
	-1.0953430086e-05
	-5.6918587155e-06

 89	1.9856546779e-09
	-9.8565467793e-01
	2.6021341987e-05
	-9.0004478973e-06
	-1.2156342032e-05
	-4.8645547692e-06

 90	1.9961587934e-09
	-9.9615879336e-01
	2.6959741732e-05
	-9.6092982194e-06
	-1.3144932603e-05
	-4.2055133121e-06

 91	2.0000000000e-09
	-1.0000000000e+00
	2.7266054559e-05
	-9.8016161375e-06
	-1.3465660182e-05
	-3.9987802850e-06

 92	2.0009603017e-09
	-1.0000000000e+00
	2.0011186167e-06
	-2.4214125101e-07
	-1.2700216019e-06
	-4.8922289127e-07

 93	2.0016839931e-09
	-1.0000000000e+00
	-3.9412134861e-07
	2.8935729099e-07
	9.2704398388e-08
	1.2107696357e-08

 94	2.0023335981e-09
	-1.0000000000e+00
	-1.8003331850e-07
	1.9075888371e-07
	-3.8425610005e-08
	2.7722331892e-08

 95	2.0029657250e-09
	-1.0000000000e+00
	-2.4925787509e-08
	1.5429197335e-07
	-1.4013658723e-07
	1.0773869898e-08

 96	2.0038180257e-09
	-1.0000000000e+00
	6.0801347243e-09
	1.5193749964e-07
	-1.6139576943e-07
	3.3777033098e-09

 97	2.0055226271e-09
	-1.0000000000e+00
	2.7984082357e-09
	1.5433021553e-07
	-1.5748616722e-07
	3.5727324579e-10

 98	2.0086118924e-09
	-1.0000000000e+00
	1.3679569176e-10
	1.5493999816e-07
	-1.5475318501e-07
	-3.2364730844e-10

 99	2.0147904231e-09
	-1.0000000000e+00
	-3.1624868114e-11
	1.5487390576e-07
	-1.5471735384e-07
	-1.2493341931e-10

 100	2.0237244078e-09
	-1.0000000000e+00
	-2.2109918688e-12
	1.5483224670e-07
	-1.5482635637e-07
	-3.6793191055e-12

 101	2.0415923773e-09
	-1.0000000000e+00
	-5.8210610967e-13
	1.5483019759e-07
	-1.5483258813e-07
	2.9730228844e-12

 102	2.0773283162e-09
	-1.0000000000e+00
	-3.4695407863e-14
	1.5483130203e-07
	-1.5483046363e-07
	-8.0368551996e-13

 103	2.1273283162e-09
	-1.0000000000e+00
	5.8300902719e-15
	1.5483136498e-07
	-1.5483034633e-07
	-1.0244878665e-12

 104	2.1773283162e-09
	-1.0000000000e+00
	3.2570796887e-16
	1.5483135845e-07
	-1.5483035744e-07
	-1.0013320608e-12

 105	2.2273283162e-09
	-1.0000000000e+00
	-2.2735500255e-17
	1.5483135806e-07
	-1.5483035808e-07
	-9.9995728238e-13

 106	2.2773283162e-09
	-1.0000000000e+00
	-6.1192387423e-19
	1.5483135809e-07
	-1.5483035805e-07
	-1.0000378301e-12

 107	2.3273283162e-09
	-1.0000000000e+00
	6.8316222963e-19
	1.5483135809e-07
	-1.5483035805e-07
	-1.0000434678e-12

 108	2.3773283162e-09
	-1.0000000000e+00
	-4.6019553638e-19
	1.5483135809e-07
	-1.5483035805e-07
	-1.0000415596e-12

 109	2.4273283162e-09
	-1.0000000000e+00
	-2.5242505291e-19
	1.5483135809e-07
	-1.5483035805e-07
	-1.0000421390e-12

 110	2.4773283162e-09
	-1.0000000000e+00
	1.6558816864e-20
	1.5483135809e-07
	-1.5483035805e-07
	-1.0000425106e-12

 111	2.5273283162e-09
	-1.0000000000e+00
	6.5716549095e-21
	1.5483135809e-07
	-1.5483035805e-07
	-1.0000424764e-12

 112	2.5773283162e-09
	-1.0000000000e+00
	2.3148166266e-21
	1.5483135809e-07
	-1.5483035805e-07
	-1.0000424686e-12

 113	2.6273283162e-09
	-1.0000000000e+00
	4.6106092208e-21
	1.5483135809e-07
	-1.5483035805e-07
	-1.0000424743e-12

 114	2.6773283162e-09
	-1.0000000000e+00
	4.6552664083e-21
	1.5483135809e-07
	-1.5483035805e-07
	-1.0000424744e-12

 115	2.7273283162e-09
	-1.0000000000e+00
	4.5540025617e-21
	1.5483135809e-07
	-1.5483035805e-07
	-1.0000424741e-12

 116	2.7773283162e-09
	-1.0000000000e+00
	4.5724200076e-21
	1.5483135809e-07
	-1.5483035805e-07
	-1.0000424741e-12

 117	2.8273283162e-09
	-1.0000000000e+00
	4.5766682602e-21
	1.5483135809e-07
	-1.5483035805e-07
	-1.0000424742e-12

 118	2.8773283162e-09
	-1.0000000000e+00
	4.5753423652e-21
	1.5483135809e-07
	-1.5483035805e-07
	-1.0000424742e-12

 119	2.9273283162e-09
	-1.0000000000e+00
	4.5753117330e-21
	1.5483135809e-07
	-1.5483035805e-07
	-1.0000424742e-12

 120	2.9773283162e-09
	-1.0000000000e+00
	4.5754769247e-21
	1.5483135809e-07
	-1.5483035805e-07
	-1.0000424742e-12

 121	3.0273283162e-09
	-1.0000000000e+00
	4.5754541831e-21
	1.5483135809e-07
	-1.5483035805e-07
	-1.0000424742e-12

 122	3.0773283162e-09
	-1.0000000000e+00
	4.5754471176e-21
	1.5483135809e-07
	-1.5483035805e-07
	-1.0000424742e-12

 123	3.1273283162e-09
	-1.0000000000e+00
	4.5754496379e-21
	1.5483135809e-07
	-1.5483035805e-07
	-1.0000424742e-12

 124	3.1773283162e-09
	-1.0000000000e+00
	4.5754497099e-21
	1.5483135809e-07
	-1.5483035805e-07
	-1.0000424742e-12

 125	3.2273283162e-09
	-1.0000000000e+00
	4.5754495403e-21
	1.5483135809e-07
	-1.5483035805e-07
	-1.0000424742e-12

 126	3.2773283162e-09
	-1.0000000000e+00
	4.5754495596e-21
	1.5483135809e-07
	-1.5483035805e-07
	-1.0000424742e-12

 127	3.3273283162e-09
	-1.0000000000e+00
	4.5754495675e-21
	1.5483135809e-07
	-1.5483035805e-07
	-1.0000424742e-12

 128	3.3773283162e-09
	-1.0000000000e+00
	4.5754495668e-21
	1.5483135809e-07
	-1.5483035805e-07
	-1.0000424742e-12

 129	3.4273283162e-09
	-1.0000000000e+00
	4.5754495650e-21
	1.5483135809e-07
	-1.5483035805e-07
	-1.0000424742e-12

 130	3.4773283162e-09
	-1.0000000000e+00
	4.5754495649e-21
	1.5483135809e-07
	-1.5483035805e-07
	-1.0000424742e-12

 131	3.5273283162e-09
	-1.0000000000e+00
	4.5754495648e-21
	1.5483135809e-07
	-1.5483035805e-07
	-1.0000424742e-12

 132	3.5773283162e-09
	-1.0000000000e+00
	4.5754495663e-21
	1.5483135809e-07
	-1.5483035805e-07
	-1.0000424742e-12

 133	3.6273283162e-09
	-1.0000000000e+00
	4.5754495646e-21
	1.5483135809e-07
	-1.5483035805e-07
	-1.0000424742e-12

 134	3.6773283162e-09
	-1.0000000000e+00
	4.5754495673e-21
	1.5483135809e-07
	-1.5483035805e-07
	-1.0000424742e-12

 135	3.7273283162e-09
	-1.0000000000e+00
	2.5886901144e-20
	1.5483135809e-07
	-1.5483035805e-07
	-1.0000424662e-12

 136	3.7773283162e-09
	-1.0000000000e+00
	2.6230903413e-20
	1.5483135809e-07
	-1.5483035805e-07
	-1.0000424791e-12

 137	3.8273283162e-09
	-1.0000000000e+00
	4.7268174229e-20
	1.5483135809e-07
	-1.5483035805e-07
	-1.0000424587e-12

 138	3.8773283162e-09
	-1.0000000000e+00
	4.7327405550e-20
	1.5483135809e-07
	-1.5483035805e-07
	-1.0000424574e-12

 139	3.9273283162e-09
	-1.0000000000e+00
	4.7447650567e-20
	1.5483135809e-07
	-1.5483035805e-07
	-1.0000424581e-12

 140	3.9773283162e-09
	-1.0000000000e+00
	4.7406566915e-20
	1.5483135809e-07
	-1.5483035805e-07
	-1.0000424580e-12

 141	4.0273283162e-09
	-1.0000000000e+00
	4.7394955348e-20
	1.5483135809e-07
	-1.5483035805e-07
	-1.0000424580e-12

 142	4.0773283162e-09
	-1.0000000000e+00
	4.7398291503e-20
	1.5483135809e-07
	-1.5483035805e-07
	-1.0000424580e-12

 143	4.1273283162e-09
	-1.0000000000e+00
	4.7398450394e-20
	1.5483135809e-07
	-1.5483035805e-07
	-1.0000424580e-12

 144	4.1773283162e-09
	-1.0000000000e+00
	4.7397882332e-20
	1.5483135809e-07
	-1.5483035805e-07
	-1.0000424580e-12

 145	4.2273283162e-09
	-1.0000000000e+00
	4.7398307054e-20
	1.5483135809e-07
	-1.5483035805e-07
	-1.0000424580e-12

 146	4.2773283162e-09
	-1.0000000000e+00
	4.7398155637e-20
	1.5483135809e-07
	-1.5483035805e-07
	-1.0000424580e-12

 147	4.3273283162e-09
	-1.0000000000e+00
	4.7397918118e-20
	1.5483135809e-07
	-1.5483035805e-07
	-1.0000424580e-12

 148	4.3773283162e-09
	-1.0000000000e+00
	4.7398318871e-20
	1.5483135809e-07
	-1.5483035805e-07
	-1.0000424580e-12

 149	4.4273283162e-09
	-1.0000000000e+00
	4.7398151256e-20
	1.5483135809e-07
	-1.5483035805e-07
	-1.0000424580e-12

 150	4.4773283162e-09
	-1.0000000000e+00
	4.7397917969e-20
	1.5483135809e-07
	-1.5483035805e-07
	-1.0000424580e-12

 151	4.5273283162e-09
	-1.0000000000e+00
	4.7398319161e-20
	1.5483135809e-07
	-1.5483035805e-07
	-1.0000424580e-12

 152	4.5773283162e-09
	-1.0000000000e+00
	4.7398151222e-20
	1.5483135809e-07
	-1.5483035805e-07
	-1.0000424580e-12

 153	4.6273283162e-09
	-1.0000000000e+00
	4.7397917955e-20
	1.5483135809e-07
	-1.5483035805e-07
	-1.0000424580e-12

 154	4.6773283162e-09
	-1.0000000000e+00
	4.7398319167e-20
	1.5483135809e-07
	-1.5483035805e-07
	-1.0000424580e-12

 155	4.7273283162e-09
	-1.0000000000e+00
	4.7398151220e-20
	1.5483135809e-07
	-1.5483035805e-07
	-1.0000424580e-12

 156	4.7773283162e-09
	-1.0000000000e+00
	4.7397917957e-20
	1.5483135809e-07
	-1.5483035805e-07
	-1.0000424580e-12

 157	4.8273283162e-09
	-1.0000000000e+00
	4.7398319166e-20
	1.5483135809e-07
	-1.5483035805e-07
	-1.0000424580e-12

 158	4.8773283162e-09
	-1.0000000000e+00
	4.7398151221e-20
	1.5483135809e-07
	-1.5483035805e-07
	-1.0000424580e-12

 159	4.9273283162e-09
	-1.0000000000e+00
	4.7397917956e-20
	1.5483135809e-07
	-1.5483035805e-07
	-1.0000424580e-12

 160	4.9636641581e-09
	-1.0000000000e+00
	-1.8306755515e-19
	1.5483135809e-07
	-1.5483035805e-07
	-1.0000424849e-12

 161	5.0000000000e-09
	-1.0000000000e+00
	1.9288838160e-19
	1.5483135809e-07
	-1.5483035805e-07
	-1.0000425958e-12

