v-sweep v(drain_iv) v(gate_iv) id is ib ig kcl
0.000000e+00 0.000000e+00 0.000000e+00 -1.627400e-20 -1.627400e-20 0.000000e+00 3.254900e-20 1.000000e-24
-1.000000e-02 -1.000000e-02 0.000000e+00 2.414310e-11 -2.414300e-11 -1.000000e-17 2.445300e-20 9.002445e-17
-2.000000e-02 -2.000000e-02 0.000000e+00 4.137540e-11 -4.137540e-11 -2.000000e-17 1.938700e-20 1.998061e-17
-3.000000e-02 -3.000000e-02 0.000000e+00 5.307070e-11 -5.307060e-11 -3.000000e-17 1.631000e-20 7.001631e-17
-4.000000e-02 -4.000000e-02 0.000000e+00 6.068930e-11 -6.068930e-11 -4.000000e-17 1.450600e-20 3.998549e-17
-5.000000e-02 -5.000000e-02 0.000000e+00 6.564430e-11 -6.564430e-11 -5.000000e-17 1.346600e-20 4.998653e-17
-6.000000e-02 -6.000000e-02 0.000000e+00 6.899710e-11 -6.899700e-11 -6.000000e-17 1.286000e-20 4.001286e-17
-7.000000e-02 -7.000000e-02 0.000000e+00 7.140920e-11 -7.140910e-11 -7.000000e-17 1.249900e-20 3.001250e-17
-8.000000e-02 -8.000000e-02 0.000000e+00 7.325730e-11 -7.325720e-11 -8.000000e-17 1.227500e-20 2.001227e-17
-9.000000e-02 -9.000000e-02 0.000000e+00 7.475190e-11 -7.475190e-11 -9.000000e-17 1.213100e-20 8.998787e-17
-1.000000e-01 -1.000000e-01 0.000000e+00 7.601320e-11 -7.601310e-11 -1.000000e-16 1.203500e-20 1.203499e-20
-1.100000e-01 -1.100000e-01 0.000000e+00 7.711230e-11 -7.711210e-11 -1.100000e-16 1.197000e-20 9.001197e-17
-1.200000e-01 -1.200000e-01 0.000000e+00 7.809300e-11 -7.809290e-11 -1.200000e-16 1.192300e-20 1.998808e-17
-1.300000e-01 -1.300000e-01 0.000000e+00 7.898380e-11 -7.898360e-11 -1.300000e-16 1.188900e-20 7.001189e-17
-1.400000e-01 -1.400000e-01 0.000000e+00 7.980370e-11 -7.980360e-11 -1.400000e-16 1.186400e-20 3.998814e-17
-1.500000e-01 -1.500000e-01 0.000000e+00 8.056610e-11 -8.056600e-11 -1.500000e-16 1.184500e-20 4.998815e-17
-1.600000e-01 -1.600000e-01 0.000000e+00 8.128070e-11 -8.128050e-11 -1.600000e-16 1.183100e-20 4.001183e-17
-1.700000e-01 -1.700000e-01 0.000000e+00 8.195450e-11 -8.195430e-11 -1.700000e-16 1.181900e-20 3.001182e-17
-1.800000e-01 -1.800000e-01 0.000000e+00 8.259300e-11 -8.259290e-11 -1.800000e-16 1.181000e-20 7.998819e-17
-1.900000e-01 -1.900000e-01 0.000000e+00 8.320070e-11 -8.320050e-11 -1.900000e-16 1.180300e-20 1.001180e-17
-2.000000e-01 -2.000000e-01 0.000000e+00 8.378100e-11 -8.378080e-11 -2.000000e-16 1.179700e-20 1.179700e-20
-2.100000e-01 -2.100000e-01 0.000000e+00 8.433670e-11 -8.433640e-11 -2.100000e-16 1.179200e-20 9.001179e-17
-2.200000e-01 -2.200000e-01 0.000000e+00 8.487010e-11 -8.486990e-11 -2.200000e-16 1.178800e-20 1.998821e-17
-2.300000e-01 -2.300000e-01 0.000000e+00 8.538330e-11 -8.538300e-11 -2.300000e-16 1.178500e-20 7.001179e-17
-2.400000e-01 -2.400000e-01 0.000000e+00 8.587790e-11 -8.587770e-11 -2.400000e-16 1.178200e-20 3.998822e-17
-2.500000e-01 -2.500000e-01 0.000000e+00 8.635540e-11 -8.635520e-11 -2.500000e-16 1.178000e-20 4.998822e-17
-2.600000e-01 -2.600000e-01 0.000000e+00 8.681720e-11 -8.681690e-11 -2.600000e-16 1.177800e-20 4.001178e-17
-2.700000e-01 -2.700000e-01 0.000000e+00 8.726420e-11 -8.726400e-11 -2.700000e-16 1.177600e-20 6.998822e-17
-2.800000e-01 -2.800000e-01 0.000000e+00 8.769760e-11 -8.769730e-11 -2.800000e-16 1.177500e-20 2.001177e-17
-2.900000e-01 -2.900000e-01 0.000000e+00 8.811820e-11 -8.811790e-11 -2.900000e-16 1.177300e-20 1.001177e-17
-3.000000e-01 -3.000000e-01 0.000000e+00 8.852680e-11 -8.852650e-11 -3.000000e-16 1.177200e-20 1.177199e-20
-3.100000e-01 -3.100000e-01 0.000000e+00 8.892410e-11 -8.892380e-11 -3.100000e-16 1.177100e-20 9.988229e-18
-3.200000e-01 -3.200000e-01 0.000000e+00 8.931070e-11 -8.931040e-11 -3.200000e-16 1.177000e-20 1.998823e-17
-3.300000e-01 -3.300000e-01 0.000000e+00 8.968740e-11 -8.968700e-11 -3.300000e-16 1.177000e-20 7.001177e-17
-3.400000e-01 -3.400000e-01 0.000000e+00 9.005450e-11 -9.005420e-11 -3.400000e-16 1.176900e-20 3.998823e-17
-3.500000e-01 -3.500000e-01 0.000000e+00 9.041260e-11 -9.041230e-11 -3.500000e-16 1.176800e-20 4.998823e-17
-3.600000e-01 -3.600000e-01 0.000000e+00 9.076220e-11 -9.076190e-11 -3.600000e-16 1.176800e-20 5.998823e-17
-3.700000e-01 -3.700000e-01 0.000000e+00 9.110370e-11 -9.110330e-11 -3.700000e-16 1.176700e-20 3.001177e-17
-3.800000e-01 -3.800000e-01 0.000000e+00 9.143740e-11 -9.143700e-11 -3.800000e-16 1.176700e-20 2.001177e-17
-3.900000e-01 -3.900000e-01 0.000000e+00 9.176380e-11 -9.176340e-11 -3.900000e-16 1.176600e-20 1.001177e-17
-4.000000e-01 -4.000000e-01 0.000000e+00 9.208310e-11 -9.208270e-11 -4.000000e-16 1.176600e-20 1.176600e-20
-4.100000e-01 -4.100000e-01 0.000000e+00 9.239560e-11 -9.239520e-11 -4.100000e-16 1.176600e-20 9.988234e-18
-4.200000e-01 -4.200000e-01 0.000000e+00 9.270180e-11 -9.270140e-11 -4.200000e-16 1.176500e-20 1.998824e-17
-4.300000e-01 -4.300000e-01 0.000000e+00 9.300180e-11 -9.300130e-11 -4.300000e-16 1.176500e-20 7.001177e-17
-4.400000e-01 -4.400000e-01 0.000000e+00 9.329580e-11 -9.329540e-11 -4.400000e-16 1.176500e-20 3.998824e-17
-4.500000e-01 -4.500000e-01 0.000000e+00 9.358420e-11 -9.358370e-11 -4.500000e-16 1.176500e-20 5.001177e-17
-4.600000e-01 -4.600000e-01 0.000000e+00 9.386710e-11 -9.386670e-11 -4.600000e-16 1.176500e-20 5.998824e-17
-4.700000e-01 -4.700000e-01 0.000000e+00 9.414480e-11 -9.414440e-11 -4.700000e-16 1.176400e-20 6.998824e-17
-4.800000e-01 -4.800000e-01 0.000000e+00 9.441750e-11 -9.441700e-11 -4.800000e-16 1.176400e-20 2.001176e-17
-4.900000e-01 -4.900000e-01 0.000000e+00 9.468530e-11 -9.468480e-11 -4.900000e-16 1.176400e-20 1.001176e-17
-5.000000e-01 -5.000000e-01 0.000000e+00 9.494840e-11 -9.494790e-11 -5.000000e-16 1.176400e-20 1.176399e-20
-5.100000e-01 -5.100000e-01 0.000000e+00 9.520700e-11 -9.520650e-11 -5.100000e-16 1.176400e-20 9.988236e-18
-5.200000e-01 -5.200000e-01 0.000000e+00 9.546120e-11 -9.546070e-11 -5.200000e-16 1.176400e-20 1.998824e-17
-5.300000e-01 -5.300000e-01 0.000000e+00 9.571130e-11 -9.571080e-11 -5.300000e-16 1.176400e-20 2.998824e-17
-5.400000e-01 -5.400000e-01 0.000000e+00 9.595730e-11 -9.595670e-11 -5.400000e-16 1.176300e-20 6.001176e-17
-5.500000e-01 -5.500000e-01 0.000000e+00 9.619930e-11 -9.619880e-11 -5.500000e-16 1.176300e-20 4.998824e-17
-5.600000e-01 -5.600000e-01 0.000000e+00 9.643760e-11 -9.643700e-11 -5.600000e-16 1.176300e-20 4.001176e-17
-5.700000e-01 -5.700000e-01 0.000000e+00 9.667220e-11 -9.667160e-11 -5.700000e-16 1.176300e-20 3.001176e-17
-5.800000e-01 -5.800000e-01 0.000000e+00 9.690320e-11 -9.690260e-11 -5.800000e-16 1.176300e-20 2.001176e-17
-5.900000e-01 -5.900000e-01 0.000000e+00 9.713080e-11 -9.713020e-11 -5.900000e-16 1.176300e-20 1.001176e-17
-6.000000e-01 -6.000000e-01 0.000000e+00 9.735500e-11 -9.735440e-11 -6.000000e-16 1.176300e-20 1.176300e-20
-6.100000e-01 -6.100000e-01 0.000000e+00 9.757600e-11 -9.757540e-11 -6.100000e-16 1.176300e-20 9.988237e-18
-6.200000e-01 -6.200000e-01 0.000000e+00 9.779390e-11 -9.779330e-11 -6.200000e-16 1.176300e-20 1.998824e-17
-6.300000e-01 -6.300000e-01 0.000000e+00 9.800870e-11 -9.800800e-11 -6.300000e-16 1.176300e-20 7.001176e-17
-6.400000e-01 -6.400000e-01 0.000000e+00 9.822050e-11 -9.821990e-11 -6.400000e-16 1.176300e-20 3.998824e-17
-6.500000e-01 -6.500000e-01 0.000000e+00 9.842940e-11 -9.842880e-11 -6.500000e-16 1.176300e-20 4.998824e-17
-6.600000e-01 -6.600000e-01 0.000000e+00 9.863560e-11 -9.863490e-11 -6.600000e-16 1.176300e-20 4.001176e-17
-6.700000e-01 -6.700000e-01 0.000000e+00 9.883900e-11 -9.883830e-11 -6.700000e-16 1.176300e-20 3.001176e-17
-6.800000e-01 -6.800000e-01 0.000000e+00 9.903980e-11 -9.903910e-11 -6.800000e-16 1.176200e-20 2.001176e-17
-6.900000e-01 -6.900000e-01 0.000000e+00 9.923800e-11 -9.923730e-11 -6.900000e-16 1.176200e-20 1.001176e-17
-7.000000e-01 -7.000000e-01 0.000000e+00 9.943360e-11 -9.943290e-11 -7.000000e-16 1.176200e-20 1.176199e-20
-7.100000e-01 -7.100000e-01 0.000000e+00 9.962690e-11 -9.962620e-11 -7.100000e-16 1.176200e-20 9.988238e-18
-7.200000e-01 -7.200000e-01 0.000000e+00 9.981770e-11 -9.981700e-11 -7.200000e-16 1.176200e-20 1.998824e-17
-7.300000e-01 -7.300000e-01 0.000000e+00 1.000062e-10 -1.000055e-10 -7.300000e-16 1.176200e-20 2.998824e-17
-7.400000e-01 -7.400000e-01 0.000000e+00 1.001925e-10 -1.001918e-10 -7.400000e-16 1.176200e-20 3.998824e-17
-7.500000e-01 -7.500000e-01 0.000000e+00 1.003766e-10 -1.003758e-10 -7.500000e-16 1.176200e-20 5.001176e-17
-7.600000e-01 -7.600000e-01 0.000000e+00 1.005585e-10 -1.005577e-10 -7.600000e-16 1.176200e-20 4.001176e-17
-7.700000e-01 -7.700000e-01 0.000000e+00 1.007383e-10 -1.007375e-10 -7.700000e-16 1.176200e-20 3.001176e-17
-7.800000e-01 -7.800000e-01 0.000000e+00 1.009160e-10 -1.009152e-10 -7.800000e-16 1.176200e-20 2.001176e-17
-7.900000e-01 -7.900000e-01 0.000000e+00 1.010918e-10 -1.010910e-10 -7.900000e-16 1.176200e-20 1.001176e-17
-8.000000e-01 -8.000000e-01 0.000000e+00 1.012656e-10 -1.012648e-10 -8.000000e-16 1.176200e-20 1.176202e-20
-8.100000e-01 -8.100000e-01 0.000000e+00 1.014374e-10 -1.014366e-10 -8.100000e-16 1.176200e-20 9.988238e-18
-8.200000e-01 -8.200000e-01 0.000000e+00 1.016074e-10 -1.016066e-10 -8.200000e-16 1.176200e-20 1.998824e-17
-8.300000e-01 -8.300000e-01 0.000000e+00 1.017756e-10 -1.017748e-10 -8.300000e-16 1.176200e-20 2.998824e-17
-8.400000e-01 -8.400000e-01 0.000000e+00 1.019420e-10 -1.019412e-10 -8.400000e-16 1.176200e-20 3.998824e-17
-8.500000e-01 -8.500000e-01 0.000000e+00 1.021067e-10 -1.021058e-10 -8.500000e-16 1.176200e-20 5.001176e-17
-8.600000e-01 -8.600000e-01 0.000000e+00 1.022696e-10 -1.022688e-10 -8.600000e-16 1.176200e-20 5.998824e-17
-8.700000e-01 -8.700000e-01 0.000000e+00 1.024309e-10 -1.024301e-10 -8.700000e-16 1.176200e-20 6.998824e-17
-8.800000e-01 -8.800000e-01 0.000000e+00 1.025906e-10 -1.025897e-10 -8.800000e-16 1.176200e-20 2.001176e-17
-8.900000e-01 -8.900000e-01 0.000000e+00 1.027486e-10 -1.027477e-10 -8.900000e-16 1.176200e-20 1.001176e-17
-9.000000e-01 -9.000000e-01 0.000000e+00 1.029051e-10 -1.029042e-10 -9.000000e-16 1.176200e-20 1.176200e-20
-9.100000e-01 -9.100000e-01 0.000000e+00 1.030600e-10 -1.030591e-10 -9.100000e-16 1.176200e-20 9.988238e-18
-9.200000e-01 -9.200000e-01 0.000000e+00 1.032135e-10 -1.032126e-10 -9.200000e-16 1.176200e-20 1.998824e-17
-9.300000e-01 -9.300000e-01 0.000000e+00 1.033655e-10 -1.033645e-10 -9.300000e-16 1.176200e-20 7.001176e-17
-9.400000e-01 -9.400000e-01 0.000000e+00 1.035160e-10 -1.035150e-10 -9.400000e-16 1.176200e-20 6.001176e-17
-9.500000e-01 -9.500000e-01 0.000000e+00 1.036651e-10 -1.036641e-10 -9.500000e-16 1.176200e-20 5.001176e-17
-9.600000e-01 -9.600000e-01 0.000000e+00 1.038128e-10 -1.038119e-10 -9.600000e-16 1.176200e-20 5.998824e-17
-9.700000e-01 -9.700000e-01 0.000000e+00 1.039592e-10 -1.039582e-10 -9.700000e-16 1.176200e-20 3.001176e-17
-9.800000e-01 -9.800000e-01 0.000000e+00 1.041042e-10 -1.041032e-10 -9.800000e-16 1.176200e-20 2.001176e-17
-9.900000e-01 -9.900000e-01 0.000000e+00 1.042479e-10 -1.042470e-10 -9.900000e-16 1.176200e-20 8.998824e-17
-1.000000e+00 -1.000000e+00 0.000000e+00 1.043904e-10 -1.043894e-10 -1.000000e-15 1.176200e-20 1.176201e-20
-1.010000e+00 -1.010000e+00 0.000000e+00 1.045316e-10 -1.045306e-10 -1.010000e-15 1.176200e-20 9.988238e-18
-1.020000e+00 -1.020000e+00 0.000000e+00 1.046715e-10 -1.046705e-10 -1.020000e-15 1.176200e-20 1.998824e-17
-1.030000e+00 -1.030000e+00 0.000000e+00 1.048102e-10 -1.048092e-10 -1.030000e-15 1.176200e-20 2.998824e-17
-1.040000e+00 -1.040000e+00 0.000000e+00 1.049478e-10 -1.049467e-10 -1.040000e-15 1.176200e-20 6.001176e-17
-1.050000e+00 -1.050000e+00 0.000000e+00 1.050842e-10 -1.050831e-10 -1.050000e-15 1.176200e-20 5.001176e-17
-1.060000e+00 -1.060000e+00 0.000000e+00 1.052194e-10 -1.052183e-10 -1.060000e-15 1.176200e-20 4.001176e-17
-1.070000e+00 -1.070000e+00 0.000000e+00 1.053535e-10 -1.053524e-10 -1.070000e-15 1.176200e-20 3.001176e-17
-1.080000e+00 -1.080000e+00 0.000000e+00 1.054865e-10 -1.054854e-10 -1.080000e-15 1.176200e-20 2.001176e-17
-1.090000e+00 -1.090000e+00 0.000000e+00 1.056184e-10 -1.056173e-10 -1.090000e-15 1.176200e-20 1.001176e-17
-1.100000e+00 -1.100000e+00 0.000000e+00 1.057492e-10 -1.057481e-10 -1.100000e-15 1.176200e-20 1.176201e-20
-1.110000e+00 -1.110000e+00 0.000000e+00 1.058790e-10 -1.058779e-10 -1.110000e-15 1.176200e-20 9.988238e-18
-1.120000e+00 -1.120000e+00 0.000000e+00 1.060077e-10 -1.060066e-10 -1.120000e-15 1.176200e-20 1.998824e-17
-1.130000e+00 -1.130000e+00 0.000000e+00 1.061355e-10 -1.061343e-10 -1.130000e-15 1.176200e-20 7.001176e-17
-1.140000e+00 -1.140000e+00 0.000000e+00 1.062622e-10 -1.062610e-10 -1.140000e-15 1.176200e-20 6.001176e-17
-1.150000e+00 -1.150000e+00 0.000000e+00 1.063879e-10 -1.063868e-10 -1.150000e-15 1.176200e-20 4.998824e-17
-1.160000e+00 -1.160000e+00 0.000000e+00 1.065127e-10 -1.065115e-10 -1.160000e-15 1.176200e-20 4.001176e-17
-1.170000e+00 -1.170000e+00 0.000000e+00 1.066365e-10 -1.066354e-10 -1.170000e-15 1.176200e-20 6.998824e-17
-1.180000e+00 -1.180000e+00 0.000000e+00 1.067594e-10 -1.067582e-10 -1.180000e-15 1.176200e-20 2.001176e-17
-1.190000e+00 -1.190000e+00 0.000000e+00 1.068814e-10 -1.068802e-10 -1.190000e-15 1.176200e-20 1.001176e-17
-1.200000e+00 -1.200000e+00 0.000000e+00 1.070025e-10 -1.070013e-10 -1.200000e-15 1.176200e-20 1.176201e-20
0.000000e+00 0.000000e+00 -2.000000e-01 -1.834400e-15 -1.834400e-15 -2.804722e-13 2.841410e-13 5.048710e-29
-1.000000e-02 -1.000000e-02 -2.000000e-01 8.435900e-09 -8.435900e-09 -2.804822e-13 2.834272e-13 2.945000e-15
-2.000000e-02 -2.000000e-02 -2.000000e-01 1.498260e-08 -1.498260e-08 -2.804922e-13 2.829012e-13 2.409000e-15
-3.000000e-02 -3.000000e-02 -2.000000e-01 1.980040e-08 -1.980050e-08 -2.805022e-13 2.825337e-13 9.796850e-14
-4.000000e-02 -4.000000e-02 -2.000000e-01 2.317240e-08 -2.317240e-08 -2.805122e-13 2.822913e-13 1.779100e-15
-5.000000e-02 -5.000000e-02 -2.000000e-01 2.547960e-08 -2.547960e-08 -2.805222e-13 2.821379e-13 1.615700e-15
-6.000000e-02 -6.000000e-02 -2.000000e-01 2.707990e-08 -2.707990e-08 -2.805322e-13 2.820425e-13 1.510300e-15
-7.000000e-02 -7.000000e-02 -2.000000e-01 2.823500e-08 -2.823500e-08 -2.805422e-13 2.819827e-13 1.440500e-15
-8.000000e-02 -8.000000e-02 -2.000000e-01 2.911150e-08 -2.911150e-08 -2.805522e-13 2.819445e-13 1.392300e-15
-9.000000e-02 -9.000000e-02 -2.000000e-01 2.980940e-08 -2.980940e-08 -2.805622e-13 2.819194e-13 1.357200e-15
-1.000000e-01 -1.000000e-01 -2.000000e-01 3.038850e-08 -3.038850e-08 -2.805722e-13 2.819025e-13 1.330300e-15
-1.100000e-01 -1.100000e-01 -2.000000e-01 3.088500e-08 -3.088500e-08 -2.805822e-13 2.818907e-13 1.308500e-15
-1.200000e-01 -1.200000e-01 -2.000000e-01 3.132180e-08 -3.132180e-08 -2.805922e-13 2.818823e-13 1.290100e-15
-1.300000e-01 -1.300000e-01 -2.000000e-01 3.171380e-08 -3.171380e-08 -2.806022e-13 2.818761e-13 1.273900e-15
-1.400000e-01 -1.400000e-01 -2.000000e-01 3.207090e-08 -3.207090e-08 -2.806122e-13 2.818715e-13 1.259300e-15
-1.500000e-01 -1.500000e-01 -2.000000e-01 3.240010e-08 -3.240010e-08 -2.806222e-13 2.818680e-13 1.245800e-15
-1.600000e-01 -1.600000e-01 -2.000000e-01 3.270640e-08 -3.270640e-08 -2.806322e-13 2.818653e-13 1.233100e-15
-1.700000e-01 -1.700000e-01 -2.000000e-01 3.299350e-08 -3.299350e-08 -2.806422e-13 2.818632e-13 1.221000e-15
-1.800000e-01 -1.800000e-01 -2.000000e-01 3.326420e-08 -3.326430e-08 -2.806522e-13 2.818615e-13 9.879070e-14
-1.900000e-01 -1.900000e-01 -2.000000e-01 3.352080e-08 -3.352080e-08 -2.806622e-13 2.818602e-13 1.198000e-15
-2.000000e-01 -2.000000e-01 -2.000000e-01 3.376480e-08 -3.376480e-08 -2.806722e-13 2.818590e-13 1.186800e-15
-2.100000e-01 -2.100000e-01 -2.000000e-01 3.399770e-08 -3.399780e-08 -2.806822e-13 2.818581e-13 9.882410e-14
-2.200000e-01 -2.200000e-01 -2.000000e-01 3.422080e-08 -3.422080e-08 -2.806922e-13 2.818574e-13 1.165200e-15
-2.300000e-01 -2.300000e-01 -2.000000e-01 3.443480e-08 -3.443480e-08 -2.807022e-13 2.818567e-13 1.154500e-15
-2.400000e-01 -2.400000e-01 -2.000000e-01 3.464060e-08 -3.464060e-08 -2.807122e-13 2.818562e-13 1.144000e-15
-2.500000e-01 -2.500000e-01 -2.000000e-01 3.483900e-08 -3.483900e-08 -2.807222e-13 2.818557e-13 1.133500e-15
-2.600000e-01 -2.600000e-01 -2.000000e-01 3.503050e-08 -3.503050e-08 -2.807322e-13 2.818553e-13 1.123100e-15
-2.700000e-01 -2.700000e-01 -2.000000e-01 3.521560e-08 -3.521560e-08 -2.807422e-13 2.818550e-13 1.112800e-15
-2.800000e-01 -2.800000e-01 -2.000000e-01 3.539480e-08 -3.539480e-08 -2.807522e-13 2.818546e-13 1.102400e-15
-2.900000e-01 -2.900000e-01 -2.000000e-01 3.556850e-08 -3.556850e-08 -2.807622e-13 2.818544e-13 1.092200e-15
-3.000000e-01 -3.000000e-01 -2.000000e-01 3.573710e-08 -3.573710e-08 -2.807722e-13 2.818541e-13 1.081900e-15
-3.100000e-01 -3.100000e-01 -2.000000e-01 3.590090e-08 -3.590090e-08 -2.807822e-13 2.818539e-13 1.071700e-15
-3.200000e-01 -3.200000e-01 -2.000000e-01 3.606010e-08 -3.606010e-08 -2.807922e-13 2.818538e-13 1.061600e-15
-3.300000e-01 -3.300000e-01 -2.000000e-01 3.621500e-08 -3.621500e-08 -2.808022e-13 2.818536e-13 1.051400e-15
-3.400000e-01 -3.400000e-01 -2.000000e-01 3.636600e-08 -3.636600e-08 -2.808122e-13 2.818534e-13 1.041200e-15
-3.500000e-01 -3.500000e-01 -2.000000e-01 3.651310e-08 -3.651310e-08 -2.808222e-13 2.818533e-13 1.031100e-15
-3.600000e-01 -3.600000e-01 -2.000000e-01 3.665660e-08 -3.665660e-08 -2.808322e-13 2.818532e-13 1.021000e-15
-3.700000e-01 -3.700000e-01 -2.000000e-01 3.679670e-08 -3.679670e-08 -2.808422e-13 2.818531e-13 1.010900e-15
-3.800000e-01 -3.800000e-01 -2.000000e-01 3.693360e-08 -3.693360e-08 -2.808522e-13 2.818530e-13 1.000800e-15
-3.900000e-01 -3.900000e-01 -2.000000e-01 3.706730e-08 -3.706730e-08 -2.808622e-13 2.818529e-13 9.907000e-16
-4.000000e-01 -4.000000e-01 -2.000000e-01 3.719810e-08 -3.719810e-08 -2.808722e-13 2.818528e-13 9.806000e-16
-4.100000e-01 -4.100000e-01 -2.000000e-01 3.732610e-08 -3.732610e-08 -2.808822e-13 2.818527e-13 9.705000e-16
-4.200000e-01 -4.200000e-01 -2.000000e-01 3.745130e-08 -3.745130e-08 -2.808922e-13 2.818526e-13 9.604000e-16
-4.300000e-01 -4.300000e-01 -2.000000e-01 3.757400e-08 -3.757400e-08 -2.809022e-13 2.818526e-13 9.504000e-16
-4.400000e-01 -4.400000e-01 -2.000000e-01 3.769430e-08 -3.769430e-08 -2.809122e-13 2.818525e-13 9.403000e-16
-4.500000e-01 -4.500000e-01 -2.000000e-01 3.781210e-08 -3.781210e-08 -2.809222e-13 2.818524e-13 9.302000e-16
-4.600000e-01 -4.600000e-01 -2.000000e-01 3.792770e-08 -3.792770e-08 -2.809322e-13 2.818524e-13 9.202000e-16
-4.700000e-01 -4.700000e-01 -2.000000e-01 3.804110e-08 -3.804110e-08 -2.809422e-13 2.818523e-13 9.101000e-16
-4.800000e-01 -4.800000e-01 -2.000000e-01 3.815250e-08 -3.815250e-08 -2.809522e-13 2.818523e-13 9.001000e-16
-4.900000e-01 -4.900000e-01 -2.000000e-01 3.826180e-08 -3.826180e-08 -2.809622e-13 2.818522e-13 8.900000e-16
-5.000000e-01 -5.000000e-01 -2.000000e-01 3.836910e-08 -3.836910e-08 -2.809722e-13 2.818522e-13 8.800000e-16
-5.100000e-01 -5.100000e-01 -2.000000e-01 3.847460e-08 -3.847460e-08 -2.809822e-13 2.818522e-13 8.700000e-16
-5.200000e-01 -5.200000e-01 -2.000000e-01 3.857830e-08 -3.857830e-08 -2.809922e-13 2.818521e-13 8.599000e-16
-5.300000e-01 -5.300000e-01 -2.000000e-01 3.868020e-08 -3.868020e-08 -2.810022e-13 2.818521e-13 8.499000e-16
-5.400000e-01 -5.400000e-01 -2.000000e-01 3.878050e-08 -3.878050e-08 -2.810122e-13 2.818520e-13 8.398000e-16
-5.500000e-01 -5.500000e-01 -2.000000e-01 3.887910e-08 -3.887910e-08 -2.810222e-13 2.818520e-13 8.298000e-16
-5.600000e-01 -5.600000e-01 -2.000000e-01 3.897620e-08 -3.897620e-08 -2.810322e-13 2.818520e-13 8.198000e-16
-5.700000e-01 -5.700000e-01 -2.000000e-01 3.907170e-08 -3.907170e-08 -2.810422e-13 2.818519e-13 8.097000e-16
-5.800000e-01 -5.800000e-01 -2.000000e-01 3.916580e-08 -3.916580e-08 -2.810522e-13 2.818519e-13 7.997000e-16
-5.900000e-01 -5.900000e-01 -2.000000e-01 3.925840e-08 -3.925840e-08 -2.810622e-13 2.818519e-13 7.897000e-16
-6.000000e-01 -6.000000e-01 -2.000000e-01 3.934970e-08 -3.934970e-08 -2.810722e-13 2.818519e-13 7.797000e-16
-6.100000e-01 -6.100000e-01 -2.000000e-01 3.943960e-08 -3.943960e-08 -2.810822e-13 2.818518e-13 7.696000e-16
-6.200000e-01 -6.200000e-01 -2.000000e-01 3.952830e-08 -3.952830e-08 -2.810922e-13 2.818518e-13 7.596000e-16
-6.300000e-01 -6.300000e-01 -2.000000e-01 3.961560e-08 -3.961560e-08 -2.811022e-13 2.818518e-13 7.496000e-16
-6.400000e-01 -6.400000e-01 -2.000000e-01 3.970180e-08 -3.970180e-08 -2.811122e-13 2.818518e-13 7.396000e-16
-6.500000e-01 -6.500000e-01 -2.000000e-01 3.978670e-08 -3.978670e-08 -2.811222e-13 2.818517e-13 7.295000e-16
-6.600000e-01 -6.600000e-01 -2.000000e-01 3.987050e-08 -3.987050e-08 -2.811322e-13 2.818517e-13 7.195000e-16
-6.700000e-01 -6.700000e-01 -2.000000e-01 3.995320e-08 -3.995320e-08 -2.811422e-13 2.818517e-13 7.095000e-16
-6.800000e-01 -6.800000e-01 -2.000000e-01 4.003480e-08 -4.003480e-08 -2.811522e-13 2.818517e-13 6.995000e-16
-6.900000e-01 -6.900000e-01 -2.000000e-01 4.011530e-08 -4.011530e-08 -2.811622e-13 2.818517e-13 6.895000e-16
-7.000000e-01 -7.000000e-01 -2.000000e-01 4.019480e-08 -4.019480e-08 -2.811722e-13 2.818516e-13 6.794000e-16
-7.100000e-01 -7.100000e-01 -2.000000e-01 4.027330e-08 -4.027330e-08 -2.811822e-13 2.818516e-13 6.694000e-16
-7.200000e-01 -7.200000e-01 -2.000000e-01 4.035080e-08 -4.035080e-08 -2.811922e-13 2.818516e-13 6.594000e-16
-7.300000e-01 -7.300000e-01 -2.000000e-01 4.042740e-08 -4.042740e-08 -2.812022e-13 2.818516e-13 6.494000e-16
-7.400000e-01 -7.400000e-01 -2.000000e-01 4.050300e-08 -4.050300e-08 -2.812122e-13 2.818516e-13 6.394000e-16
-7.500000e-01 -7.500000e-01 -2.000000e-01 4.057770e-08 -4.057770e-08 -2.812222e-13 2.818515e-13 6.293000e-16
-7.600000e-01 -7.600000e-01 -2.000000e-01 4.065160e-08 -4.065160e-08 -2.812322e-13 2.818515e-13 6.193000e-16
-7.700000e-01 -7.700000e-01 -2.000000e-01 4.072450e-08 -4.072450e-08 -2.812422e-13 2.818515e-13 6.093000e-16
-7.800000e-01 -7.800000e-01 -2.000000e-01 4.079670e-08 -4.079670e-08 -2.812522e-13 2.818515e-13 5.993000e-16
-7.900000e-01 -7.900000e-01 -2.000000e-01 4.086800e-08 -4.086800e-08 -2.812622e-13 2.818515e-13 5.893000e-16
-8.000000e-01 -8.000000e-01 -2.000000e-01 4.093850e-08 -4.093850e-08 -2.812722e-13 2.818515e-13 5.793000e-16
-8.100000e-01 -8.100000e-01 -2.000000e-01 4.100820e-08 -4.100820e-08 -2.812822e-13 2.818514e-13 5.692000e-16
-8.200000e-01 -8.200000e-01 -2.000000e-01 4.107720e-08 -4.107720e-08 -2.812922e-13 2.818514e-13 5.592000e-16
-8.300000e-01 -8.300000e-01 -2.000000e-01 4.114540e-08 -4.114540e-08 -2.813022e-13 2.818514e-13 5.492000e-16
-8.400000e-01 -8.400000e-01 -2.000000e-01 4.121280e-08 -4.121280e-08 -2.813122e-13 2.818514e-13 5.392000e-16
-8.500000e-01 -8.500000e-01 -2.000000e-01 4.127960e-08 -4.127960e-08 -2.813222e-13 2.818514e-13 5.292000e-16
-8.600000e-01 -8.600000e-01 -2.000000e-01 4.134570e-08 -4.134570e-08 -2.813322e-13 2.818514e-13 5.192000e-16
-8.700000e-01 -8.700000e-01 -2.000000e-01 4.141100e-08 -4.141100e-08 -2.813422e-13 2.818514e-13 5.092000e-16
-8.800000e-01 -8.800000e-01 -2.000000e-01 4.147570e-08 -4.147570e-08 -2.813522e-13 2.818513e-13 4.991000e-16
-8.900000e-01 -8.900000e-01 -2.000000e-01 4.153980e-08 -4.153980e-08 -2.813622e-13 2.818513e-13 4.891000e-16
-9.000000e-01 -9.000000e-01 -2.000000e-01 4.160320e-08 -4.160320e-08 -2.813722e-13 2.818513e-13 4.791000e-16
-9.100000e-01 -9.100000e-01 -2.000000e-01 4.166600e-08 -4.166600e-08 -2.813822e-13 2.818513e-13 4.691000e-16
-9.200000e-01 -9.200000e-01 -2.000000e-01 4.172820e-08 -4.172820e-08 -2.813922e-13 2.818513e-13 4.591000e-16
-9.300000e-01 -9.300000e-01 -2.000000e-01 4.178970e-08 -4.178970e-08 -2.814022e-13 2.818513e-13 4.491000e-16
-9.400000e-01 -9.400000e-01 -2.000000e-01 4.185070e-08 -4.185070e-08 -2.814122e-13 2.818513e-13 4.391000e-16
-9.500000e-01 -9.500000e-01 -2.000000e-01 4.191110e-08 -4.191110e-08 -2.814222e-13 2.818513e-13 4.291000e-16
-9.600000e-01 -9.600000e-01 -2.000000e-01 4.197090e-08 -4.197090e-08 -2.814322e-13 2.818512e-13 4.190000e-16
-9.700000e-01 -9.700000e-01 -2.000000e-01 4.203020e-08 -4.203020e-08 -2.814422e-13 2.818512e-13 4.090000e-16
-9.800000e-01 -9.800000e-01 -2.000000e-01 4.208890e-08 -4.208890e-08 -2.814522e-13 2.818512e-13 3.990000e-16
-9.900000e-01 -9.900000e-01 -2.000000e-01 4.214710e-08 -4.214710e-08 -2.814622e-13 2.818512e-13 3.890000e-16
-1.000000e+00 -1.000000e+00 -2.000000e-01 4.220480e-08 -4.220480e-08 -2.814722e-13 2.818512e-13 3.790000e-16
-1.010000e+00 -1.010000e+00 -2.000000e-01 4.226190e-08 -4.226190e-08 -2.814822e-13 2.818512e-13 3.690000e-16
-1.020000e+00 -1.020000e+00 -2.000000e-01 4.231860e-08 -4.231860e-08 -2.814922e-13 2.818512e-13 3.590000e-16
-1.030000e+00 -1.030000e+00 -2.000000e-01 4.237470e-08 -4.237470e-08 -2.815022e-13 2.818512e-13 3.490000e-16
-1.040000e+00 -1.040000e+00 -2.000000e-01 4.243040e-08 -4.243040e-08 -2.815122e-13 2.818512e-13 3.390000e-16
-1.050000e+00 -1.050000e+00 -2.000000e-01 4.248560e-08 -4.248560e-08 -2.815222e-13 2.818512e-13 3.290000e-16
-1.060000e+00 -1.060000e+00 -2.000000e-01 4.254030e-08 -4.254030e-08 -2.815322e-13 2.818511e-13 3.189000e-16
-1.070000e+00 -1.070000e+00 -2.000000e-01 4.259450e-08 -4.259450e-08 -2.815422e-13 2.818511e-13 3.089000e-16
-1.080000e+00 -1.080000e+00 -2.000000e-01 4.264830e-08 -4.264830e-08 -2.815522e-13 2.818511e-13 2.989000e-16
-1.090000e+00 -1.090000e+00 -2.000000e-01 4.270170e-08 -4.270170e-08 -2.815622e-13 2.818511e-13 2.889000e-16
-1.100000e+00 -1.100000e+00 -2.000000e-01 4.275460e-08 -4.275460e-08 -2.815722e-13 2.818511e-13 2.789000e-16
-1.110000e+00 -1.110000e+00 -2.000000e-01 4.280710e-08 -4.280710e-08 -2.815822e-13 2.818511e-13 2.689000e-16
-1.120000e+00 -1.120000e+00 -2.000000e-01 4.285920e-08 -4.285920e-08 -2.815922e-13 2.818511e-13 2.589000e-16
-1.130000e+00 -1.130000e+00 -2.000000e-01 4.291080e-08 -4.291080e-08 -2.816022e-13 2.818511e-13 2.489000e-16
-1.140000e+00 -1.140000e+00 -2.000000e-01 4.296210e-08 -4.296210e-08 -2.816122e-13 2.818511e-13 2.389000e-16
-1.150000e+00 -1.150000e+00 -2.000000e-01 4.301290e-08 -4.301290e-08 -2.816222e-13 2.818511e-13 2.289000e-16
-1.160000e+00 -1.160000e+00 -2.000000e-01 4.306340e-08 -4.306340e-08 -2.816322e-13 2.818510e-13 2.188000e-16
-1.170000e+00 -1.170000e+00 -2.000000e-01 4.311340e-08 -4.311340e-08 -2.816422e-13 2.818510e-13 2.088000e-16
-1.180000e+00 -1.180000e+00 -2.000000e-01 4.316310e-08 -4.316310e-08 -2.816522e-13 2.818510e-13 1.988000e-16
-1.190000e+00 -1.190000e+00 -2.000000e-01 4.321240e-08 -4.321240e-08 -2.816622e-13 2.818510e-13 1.888000e-16
-1.200000e+00 -1.200000e+00 -2.000000e-01 4.326130e-08 -4.326130e-08 -2.816722e-13 2.818510e-13 1.788000e-16
0.000000e+00 0.000000e+00 -4.000000e-01 -2.907136e-13 -2.907136e-13 -7.061140e-14 6.520386e-13 0.000000e+00
-1.000000e-02 -1.000000e-02 -4.000000e-01 1.009086e-07 -1.009091e-07 -7.062130e-14 6.122757e-13 4.165440e-14
-2.000000e-02 -2.000000e-02 -4.000000e-01 1.951926e-07 -1.951931e-07 -7.063130e-14 5.749928e-13 4.361500e-15
-3.000000e-02 -3.000000e-02 -4.000000e-01 2.825706e-07 -2.825711e-07 -7.064130e-14 5.402966e-13 3.034470e-14
-4.000000e-02 -4.000000e-02 -4.000000e-01 3.626695e-07 -3.626699e-07 -7.065130e-14 5.083596e-13 3.770830e-14
-5.000000e-02 -5.000000e-02 -4.000000e-01 4.351711e-07 -4.351715e-07 -7.066130e-14 4.793688e-13 8.707500e-15
-6.000000e-02 -6.000000e-02 -4.000000e-01 4.999408e-07 -4.999412e-07 -7.067130e-14 4.534722e-13 1.719910e-14
-7.000000e-02 -7.000000e-02 -4.000000e-01 5.571086e-07 -5.571090e-07 -7.068130e-14 4.307328e-13 3.994850e-14
-8.000000e-02 -8.000000e-02 -4.000000e-01 6.070825e-07 -6.070829e-07 -7.069130e-14 4.111019e-13 5.958940e-14
-9.000000e-02 -9.000000e-02 -4.000000e-01 6.504960e-07 -6.504963e-07 -7.070130e-14 3.944170e-13 2.371570e-14
-1.000000e-01 -1.000000e-01 -4.000000e-01 6.881165e-07 -6.881168e-07 -7.071130e-14 3.804226e-13 9.711300e-15
-1.100000e-01 -1.100000e-01 -4.000000e-01 7.207490e-07 -7.207493e-07 -7.072130e-14 3.688051e-13 1.916200e-15
-1.200000e-01 -1.200000e-01 -4.000000e-01 7.491607e-07 -7.491610e-07 -7.073130e-14 3.592295e-13 1.150180e-14
-1.300000e-01 -1.300000e-01 -4.000000e-01 7.740373e-07 -7.740376e-07 -7.074130e-14 3.513697e-13 1.937160e-14
-1.400000e-01 -1.400000e-01 -4.000000e-01 7.959658e-07 -7.959661e-07 -7.075130e-14 3.449279e-13 2.582340e-14
-1.500000e-01 -1.500000e-01 -4.000000e-01 8.154359e-07 -8.154362e-07 -7.076130e-14 3.396446e-13 3.111670e-14
-1.600000e-01 -1.600000e-01 -4.000000e-01 8.328501e-07 -8.328503e-07 -7.077130e-14 3.353011e-13 6.452980e-14
-1.700000e-01 -1.700000e-01 -4.000000e-01 8.485369e-07 -8.485371e-07 -7.078130e-14 3.317171e-13 6.093580e-14
-1.800000e-01 -1.800000e-01 -4.000000e-01 8.627642e-07 -8.627644e-07 -7.079130e-14 3.287465e-13 5.795520e-14
-1.900000e-01 -1.900000e-01 -4.000000e-01 8.757506e-07 -8.757508e-07 -7.080130e-14 3.262714e-13 5.547010e-14
-2.000000e-01 -2.000000e-01 -4.000000e-01 8.876752e-07 -8.876755e-07 -7.081130e-14 3.241979e-13 4.661340e-14
-2.100000e-01 -2.100000e-01 -4.000000e-01 8.986855e-07 -8.986857e-07 -7.082130e-14 3.224508e-13 5.162950e-14
-2.200000e-01 -2.200000e-01 -4.000000e-01 9.089032e-07 -9.089034e-07 -7.083130e-14 3.209703e-13 5.013900e-14
-2.300000e-01 -2.300000e-01 -4.000000e-01 9.184298e-07 -9.184300e-07 -7.084130e-14 3.197084e-13 4.886710e-14
-2.400000e-01 -2.400000e-01 -4.000000e-01 9.273499e-07 -9.273502e-07 -7.085130e-14 3.186267e-13 5.222460e-14
-2.500000e-01 -2.500000e-01 -4.000000e-01 9.357350e-07 -9.357352e-07 -7.086130e-14 3.176945e-13 4.683320e-14
-2.600000e-01 -2.600000e-01 -4.000000e-01 9.436451e-07 -9.436454e-07 -7.087130e-14 3.168866e-13 5.398470e-14
-2.700000e-01 -2.700000e-01 -4.000000e-01 9.511317e-07 -9.511319e-07 -7.088130e-14 3.161829e-13 4.530160e-14
-2.800000e-01 -2.800000e-01 -4.000000e-01 9.582384e-07 -9.582386e-07 -7.089130e-14 3.155669e-13 4.467560e-14
-2.900000e-01 -2.900000e-01 -4.000000e-01 9.650029e-07 -9.650031e-07 -7.090130e-14 3.150250e-13 4.412370e-14
-3.000000e-01 -3.000000e-01 -4.000000e-01 9.714578e-07 -9.714580e-07 -7.091130e-14 3.145461e-13 4.363480e-14
-3.100000e-01 -3.100000e-01 -4.000000e-01 9.776312e-07 -9.776315e-07 -7.092130e-14 3.141209e-13 5.680040e-14
-3.200000e-01 -3.200000e-01 -4.000000e-01 9.835479e-07 -9.835481e-07 -7.093130e-14 3.137419e-13 4.281060e-14
-3.300000e-01 -3.300000e-01 -4.000000e-01 9.892294e-07 -9.892296e-07 -7.094130e-14 3.134026e-13 4.246130e-14
-3.400000e-01 -3.400000e-01 -4.000000e-01 9.946947e-07 -9.946950e-07 -7.095130e-14 3.130976e-13 5.785370e-14
-3.500000e-01 -3.500000e-01 -4.000000e-01 9.999607e-07 -9.999609e-07 -7.096130e-14 3.128225e-13 4.186120e-14
-3.600000e-01 -3.600000e-01 -4.000000e-01 1.005000e-06 -1.005000e-06 -7.097130e-14 3.125734e-13 2.416021e-13
-3.700000e-01 -3.700000e-01 -4.000000e-01 1.010000e-06 -1.010000e-06 -7.098130e-14 3.123471e-13 2.413658e-13
-3.800000e-01 -3.800000e-01 -4.000000e-01 1.014700e-06 -1.014700e-06 -7.099130e-14 3.121407e-13 2.411494e-13
-3.900000e-01 -3.900000e-01 -4.000000e-01 1.019300e-06 -1.019300e-06 -7.100130e-14 3.119520e-13 2.409507e-13
-4.000000e-01 -4.000000e-01 -4.000000e-01 1.023800e-06 -1.023800e-06 -7.101130e-14 3.117788e-13 2.407675e-13
-4.100000e-01 -4.100000e-01 -4.000000e-01 1.028100e-06 -1.028100e-06 -7.102130e-14 3.116195e-13 2.405982e-13
-4.200000e-01 -4.200000e-01 -4.000000e-01 1.032300e-06 -1.032300e-06 -7.103130e-14 3.114724e-13 2.404411e-13
-4.300000e-01 -4.300000e-01 -4.000000e-01 1.036400e-06 -1.036400e-06 -7.104130e-14 3.113363e-13 2.402950e-13
-4.400000e-01 -4.400000e-01 -4.000000e-01 1.040400e-06 -1.040400e-06 -7.105130e-14 3.112101e-13 2.401588e-13
-4.500000e-01 -4.500000e-01 -4.000000e-01 1.044300e-06 -1.044300e-06 -7.106130e-14 3.110926e-13 2.400313e-13
-4.600000e-01 -4.600000e-01 -4.000000e-01 1.048100e-06 -1.048100e-06 -7.107130e-14 3.109831e-13 2.399118e-13
-4.700000e-01 -4.700000e-01 -4.000000e-01 1.051800e-06 -1.051800e-06 -7.108130e-14 3.108807e-13 2.397994e-13
-4.800000e-01 -4.800000e-01 -4.000000e-01 1.055400e-06 -1.055400e-06 -7.109130e-14 3.107848e-13 2.396935e-13
-4.900000e-01 -4.900000e-01 -4.000000e-01 1.058900e-06 -1.058900e-06 -7.110130e-14 3.106948e-13 2.395935e-13
-5.000000e-01 -5.000000e-01 -4.000000e-01 1.062300e-06 -1.062300e-06 -7.111130e-14 3.106101e-13 2.394988e-13
-5.100000e-01 -5.100000e-01 -4.000000e-01 1.065700e-06 -1.065700e-06 -7.112130e-14 3.105302e-13 2.394089e-13
-5.200000e-01 -5.200000e-01 -4.000000e-01 1.069000e-06 -1.069000e-06 -7.113130e-14 3.104548e-13 2.393235e-13
-5.300000e-01 -5.300000e-01 -4.000000e-01 1.072200e-06 -1.072200e-06 -7.114130e-14 3.103834e-13 2.392421e-13
-5.400000e-01 -5.400000e-01 -4.000000e-01 1.075400e-06 -1.075400e-06 -7.115130e-14 3.103157e-13 2.391644e-13
-5.500000e-01 -5.500000e-01 -4.000000e-01 1.078500e-06 -1.078500e-06 -7.116130e-14 3.102514e-13 2.390901e-13
-5.600000e-01 -5.600000e-01 -4.000000e-01 1.081600e-06 -1.081600e-06 -7.117130e-14 3.101903e-13 2.390190e-13
-5.700000e-01 -5.700000e-01 -4.000000e-01 1.084500e-06 -1.084500e-06 -7.118130e-14 3.101320e-13 2.389507e-13
-5.800000e-01 -5.800000e-01 -4.000000e-01 1.087500e-06 -1.087500e-06 -7.119130e-14 3.100764e-13 2.388851e-13
-5.900000e-01 -5.900000e-01 -4.000000e-01 1.090300e-06 -1.090300e-06 -7.120130e-14 3.100233e-13 2.388220e-13
-6.000000e-01 -6.000000e-01 -4.000000e-01 1.093200e-06 -1.093200e-06 -7.121130e-14 3.099725e-13 2.387612e-13
-6.100000e-01 -6.100000e-01 -4.000000e-01 1.095900e-06 -1.095900e-06 -7.122130e-14 3.099237e-13 2.387024e-13
-6.200000e-01 -6.200000e-01 -4.000000e-01 1.098700e-06 -1.098700e-06 -7.123130e-14 3.098770e-13 2.386457e-13
-6.300000e-01 -6.300000e-01 -4.000000e-01 1.101300e-06 -1.101300e-06 -7.124130e-14 3.098321e-13 2.385908e-13
-6.400000e-01 -6.400000e-01 -4.000000e-01 1.104000e-06 -1.104000e-06 -7.125130e-14 3.097889e-13 2.385376e-13
-6.500000e-01 -6.500000e-01 -4.000000e-01 1.106600e-06 -1.106600e-06 -7.126130e-14 3.097473e-13 2.384860e-13
-6.600000e-01 -6.600000e-01 -4.000000e-01 1.109100e-06 -1.109100e-06 -7.127130e-14 3.097071e-13 2.384358e-13
-6.700000e-01 -6.700000e-01 -4.000000e-01 1.111600e-06 -1.111600e-06 -7.128130e-14 3.096684e-13 2.383871e-13
-6.800000e-01 -6.800000e-01 -4.000000e-01 1.114100e-06 -1.114100e-06 -7.129130e-14 3.096310e-13 2.383397e-13
-6.900000e-01 -6.900000e-01 -4.000000e-01 1.116500e-06 -1.116500e-06 -7.130130e-14 3.095948e-13 2.382935e-13
-7.000000e-01 -7.000000e-01 -4.000000e-01 1.118900e-06 -1.118900e-06 -7.131130e-14 3.095598e-13 2.382485e-13
-7.100000e-01 -7.100000e-01 -4.000000e-01 1.121300e-06 -1.121300e-06 -7.132130e-14 3.095259e-13 2.382046e-13
-7.200000e-01 -7.200000e-01 -4.000000e-01 1.123600e-06 -1.123600e-06 -7.133130e-14 3.094930e-13 2.381617e-13
-7.300000e-01 -7.300000e-01 -4.000000e-01 1.125900e-06 -1.125900e-06 -7.134130e-14 3.094610e-13 2.381197e-13
-7.400000e-01 -7.400000e-01 -4.000000e-01 1.128200e-06 -1.128200e-06 -7.135130e-14 3.094300e-13 2.380787e-13
-7.500000e-01 -7.500000e-01 -4.000000e-01 1.130400e-06 -1.130400e-06 -7.136130e-14 3.093998e-13 2.380385e-13
-7.600000e-01 -7.600000e-01 -4.000000e-01 1.132600e-06 -1.132600e-06 -7.137130e-14 3.093705e-13 2.379992e-13
-7.700000e-01 -7.700000e-01 -4.000000e-01 1.134800e-06 -1.134800e-06 -7.138130e-14 3.093419e-13 2.379606e-13
-7.800000e-01 -7.800000e-01 -4.000000e-01 1.136900e-06 -1.136900e-06 -7.139130e-14 3.093141e-13 2.379228e-13
-7.900000e-01 -7.900000e-01 -4.000000e-01 1.139000e-06 -1.139000e-06 -7.140130e-14 3.092869e-13 2.378856e-13
-8.000000e-01 -8.000000e-01 -4.000000e-01 1.141100e-06 -1.141100e-06 -7.141130e-14 3.092605e-13 2.378492e-13
-8.100000e-01 -8.100000e-01 -4.000000e-01 1.143200e-06 -1.143200e-06 -7.142130e-14 3.092346e-13 2.378133e-13
-8.200000e-01 -8.200000e-01 -4.000000e-01 1.145200e-06 -1.145200e-06 -7.143130e-14 3.092094e-13 2.377781e-13
-8.300000e-01 -8.300000e-01 -4.000000e-01 1.147200e-06 -1.147200e-06 -7.144130e-14 3.091847e-13 2.377434e-13
-8.400000e-01 -8.400000e-01 -4.000000e-01 1.149200e-06 -1.149200e-06 -7.145130e-14 3.091606e-13 2.377093e-13
-8.500000e-01 -8.500000e-01 -4.000000e-01 1.151200e-06 -1.151200e-06 -7.146130e-14 3.091370e-13 2.376757e-13
-8.600000e-01 -8.600000e-01 -4.000000e-01 1.153100e-06 -1.153100e-06 -7.147130e-14 3.091138e-13 2.376425e-13
-8.700000e-01 -8.700000e-01 -4.000000e-01 1.155000e-06 -1.155000e-06 -7.148130e-14 3.090912e-13 2.376099e-13
-8.800000e-01 -8.800000e-01 -4.000000e-01 1.156900e-06 -1.156900e-06 -7.149130e-14 3.090690e-13 2.375777e-13
-8.900000e-01 -8.900000e-01 -4.000000e-01 1.158800e-06 -1.158800e-06 -7.150130e-14 3.090473e-13 2.375460e-13
-9.000000e-01 -9.000000e-01 -4.000000e-01 1.160600e-06 -1.160600e-06 -7.151130e-14 3.090260e-13 2.375147e-13
-9.100000e-01 -9.100000e-01 -4.000000e-01 1.162500e-06 -1.162500e-06 -7.152130e-14 3.090051e-13 2.374838e-13
-9.200000e-01 -9.200000e-01 -4.000000e-01 1.164300e-06 -1.164300e-06 -7.153130e-14 3.089845e-13 2.374532e-13
-9.300000e-01 -9.300000e-01 -4.000000e-01 1.166100e-06 -1.166100e-06 -7.154130e-14 3.089644e-13 2.374231e-13
-9.400000e-01 -9.400000e-01 -4.000000e-01 1.167800e-06 -1.167800e-06 -7.155130e-14 3.089446e-13 2.373933e-13
-9.500000e-01 -9.500000e-01 -4.000000e-01 1.169600e-06 -1.169600e-06 -7.156130e-14 3.089251e-13 2.373638e-13
-9.600000e-01 -9.600000e-01 -4.000000e-01 1.171300e-06 -1.171300e-06 -7.157130e-14 3.089060e-13 2.373347e-13
-9.700000e-01 -9.700000e-01 -4.000000e-01 1.173100e-06 -1.173100e-06 -7.158130e-14 3.088872e-13 2.373059e-13
-9.800000e-01 -9.800000e-01 -4.000000e-01 1.174700e-06 -1.174700e-06 -7.159130e-14 3.088687e-13 2.372774e-13
-9.900000e-01 -9.900000e-01 -4.000000e-01 1.176400e-06 -1.176400e-06 -7.160130e-14 3.088505e-13 2.372492e-13
-1.000000e+00 -1.000000e+00 -4.000000e-01 1.178100e-06 -1.178100e-06 -7.161130e-14 3.088325e-13 2.372212e-13
-1.010000e+00 -1.010000e+00 -4.000000e-01 1.179700e-06 -1.179700e-06 -7.162130e-14 3.088149e-13 2.371936e-13
-1.020000e+00 -1.020000e+00 -4.000000e-01 1.181400e-06 -1.181400e-06 -7.163130e-14 3.087975e-13 2.371662e-13
-1.030000e+00 -1.030000e+00 -4.000000e-01 1.183000e-06 -1.183000e-06 -7.164130e-14 3.087804e-13 2.371391e-13
-1.040000e+00 -1.040000e+00 -4.000000e-01 1.184600e-06 -1.184600e-06 -7.165130e-14 3.087635e-13 2.371122e-13
-1.050000e+00 -1.050000e+00 -4.000000e-01 1.186200e-06 -1.186200e-06 -7.166130e-14 3.087469e-13 2.370856e-13
-1.060000e+00 -1.060000e+00 -4.000000e-01 1.187700e-06 -1.187700e-06 -7.167130e-14 3.087305e-13 2.370592e-13
-1.070000e+00 -1.070000e+00 -4.000000e-01 1.189300e-06 -1.189300e-06 -7.168130e-14 3.087143e-13 2.370330e-13
-1.080000e+00 -1.080000e+00 -4.000000e-01 1.190800e-06 -1.190800e-06 -7.169130e-14 3.086983e-13 2.370070e-13
-1.090000e+00 -1.090000e+00 -4.000000e-01 1.192400e-06 -1.192400e-06 -7.170130e-14 3.086826e-13 2.369813e-13
-1.100000e+00 -1.100000e+00 -4.000000e-01 1.193900e-06 -1.193900e-06 -7.171130e-14 3.086671e-13 2.369558e-13
-1.110000e+00 -1.110000e+00 -4.000000e-01 1.195400e-06 -1.195400e-06 -7.172130e-14 3.086517e-13 2.369304e-13
-1.120000e+00 -1.120000e+00 -4.000000e-01 1.196900e-06 -1.196900e-06 -7.173130e-14 3.086366e-13 2.369053e-13
-1.130000e+00 -1.130000e+00 -4.000000e-01 1.198300e-06 -1.198300e-06 -7.174130e-14 3.086216e-13 2.368803e-13
-1.140000e+00 -1.140000e+00 -4.000000e-01 1.199800e-06 -1.199800e-06 -7.175130e-14 3.086069e-13 2.368556e-13
-1.150000e+00 -1.150000e+00 -4.000000e-01 1.201200e-06 -1.201200e-06 -7.176130e-14 3.085923e-13 2.368310e-13
-1.160000e+00 -1.160000e+00 -4.000000e-01 1.202700e-06 -1.202700e-06 -7.177130e-14 3.085778e-13 2.368065e-13
-1.170000e+00 -1.170000e+00 -4.000000e-01 1.204100e-06 -1.204100e-06 -7.178130e-14 3.085636e-13 2.367823e-13
-1.180000e+00 -1.180000e+00 -4.000000e-01 1.205500e-06 -1.205500e-06 -7.179130e-14 3.085495e-13 2.367582e-13
-1.190000e+00 -1.190000e+00 -4.000000e-01 1.206900e-06 -1.206900e-06 -7.180130e-14 3.085356e-13 2.367343e-13
-1.200000e+00 -1.200000e+00 -4.000000e-01 1.208300e-06 -1.208300e-06 -7.181130e-14 3.085218e-13 2.367105e-13
0.000000e+00 0.000000e+00 -6.000000e-01 -2.242300e-12 -2.242300e-12 -1.352570e-14 4.498100e-12 2.570000e-17
-1.000000e-02 -1.000000e-02 -6.000000e-01 2.351876e-07 -2.351919e-07 -1.349290e-14 4.329900e-12 1.640710e-14
-2.000000e-02 -2.000000e-02 -6.000000e-01 4.639518e-07 -4.639560e-07 -1.346940e-14 4.166700e-12 4.676940e-14
-3.000000e-02 -3.000000e-02 -6.000000e-01 6.861142e-07 -6.861182e-07 -1.345330e-14 4.008500e-12 4.953300e-15
-4.000000e-02 -4.000000e-02 -6.000000e-01 9.014348e-07 -9.014386e-07 -1.344280e-14 3.855300e-12 4.185720e-14
-5.000000e-02 -5.000000e-02 -6.000000e-01 1.109600e-06 -1.109600e-06 -1.343680e-14 3.707400e-12 3.693963e-12
-6.000000e-02 -6.000000e-02 -6.000000e-01 1.310400e-06 -1.310400e-06 -1.343420e-14 3.564900e-12 3.551466e-12
-7.000000e-02 -7.000000e-02 -6.000000e-01 1.503400e-06 -1.503400e-06 -1.343440e-14 3.428000e-12 3.414566e-12
-8.000000e-02 -8.000000e-02 -6.000000e-01 1.688400e-06 -1.688400e-06 -1.343670e-14 3.297000e-12 3.283563e-12
-9.000000e-02 -9.000000e-02 -6.000000e-01 1.865100e-06 -1.865100e-06 -1.344070e-14 3.172000e-12 3.158559e-12
-1.000000e-01 -1.000000e-01 -6.000000e-01 2.033400e-06 -2.033400e-06 -1.344590e-14 3.053400e-12 3.039954e-12
-1.100000e-01 -1.100000e-01 -6.000000e-01 2.193200e-06 -2.193200e-06 -1.345220e-14 2.941200e-12 2.927748e-12
-1.200000e-01 -1.200000e-01 -6.000000e-01 2.344400e-06 -2.344400e-06 -1.345920e-14 2.835600e-12 2.822141e-12
-1.300000e-01 -1.300000e-01 -6.000000e-01 2.487200e-06 -2.487200e-06 -1.346690e-14 2.736800e-12 2.723333e-12
-1.400000e-01 -1.400000e-01 -6.000000e-01 2.621800e-06 -2.621800e-06 -1.347500e-14 2.644600e-12 2.631125e-12
-1.500000e-01 -1.500000e-01 -6.000000e-01 2.748400e-06 -2.748400e-06 -1.348360e-14 2.559200e-12 2.545716e-12
-1.600000e-01 -1.600000e-01 -6.000000e-01 2.867400e-06 -2.867400e-06 -1.349240e-14 2.480200e-12 2.466708e-12
-1.700000e-01 -1.700000e-01 -6.000000e-01 2.979100e-06 -2.979100e-06 -1.350150e-14 2.407700e-12 2.394198e-12
-1.800000e-01 -1.800000e-01 -6.000000e-01 3.084000e-06 -3.084000e-06 -1.351070e-14 2.341200e-12 2.327689e-12
-1.900000e-01 -1.900000e-01 -6.000000e-01 3.182500e-06 -3.182500e-06 -1.352010e-14 2.280600e-12 2.267080e-12
-2.000000e-01 -2.000000e-01 -6.000000e-01 3.274900e-06 -3.274900e-06 -1.352960e-14 2.225500e-12 2.211970e-12
-2.100000e-01 -2.100000e-01 -6.000000e-01 3.361800e-06 -3.361800e-06 -1.353920e-14 2.175400e-12 2.161861e-12
-2.200000e-01 -2.200000e-01 -6.000000e-01 3.443500e-06 -3.443500e-06 -1.354880e-14 2.130100e-12 2.116551e-12
-2.300000e-01 -2.300000e-01 -6.000000e-01 3.520300e-06 -3.520300e-06 -1.355850e-14 2.089100e-12 2.075541e-12
-2.400000e-01 -2.400000e-01 -6.000000e-01 3.592700e-06 -3.592700e-06 -1.356830e-14 2.052200e-12 2.038632e-12
-2.500000e-01 -2.500000e-01 -6.000000e-01 3.660900e-06 -3.660900e-06 -1.357810e-14 2.018800e-12 2.005222e-12
-2.600000e-01 -2.600000e-01 -6.000000e-01 3.725200e-06 -3.725200e-06 -1.358790e-14 1.988700e-12 1.975112e-12
-2.700000e-01 -2.700000e-01 -6.000000e-01 3.785900e-06 -3.785900e-06 -1.359780e-14 1.961600e-12 1.948002e-12
-2.800000e-01 -2.800000e-01 -6.000000e-01 3.843300e-06 -3.843300e-06 -1.360760e-14 1.937200e-12 1.923592e-12
-2.900000e-01 -2.900000e-01 -6.000000e-01 3.897500e-06 -3.897600e-06 -1.361750e-14 1.915100e-12 9.809852e-11
-3.000000e-01 -3.000000e-01 -6.000000e-01 3.948900e-06 -3.948900e-06 -1.362740e-14 1.895200e-12 1.881573e-12
-3.100000e-01 -3.100000e-01 -6.000000e-01 3.997700e-06 -3.997700e-06 -1.363740e-14 1.877200e-12 1.863563e-12
-3.200000e-01 -3.200000e-01 -6.000000e-01 4.043900e-06 -4.043900e-06 -1.364730e-14 1.860900e-12 1.847253e-12
-3.300000e-01 -3.300000e-01 -6.000000e-01 4.087800e-06 -4.087900e-06 -1.365720e-14 1.846200e-12 9.816746e-11
-3.400000e-01 -3.400000e-01 -6.000000e-01 4.129600e-06 -4.129600e-06 -1.366720e-14 1.832800e-12 1.819133e-12
-3.500000e-01 -3.500000e-01 -6.000000e-01 4.169500e-06 -4.169500e-06 -1.367710e-14 1.820600e-12 1.806923e-12
-3.600000e-01 -3.600000e-01 -6.000000e-01 4.207400e-06 -4.207400e-06 -1.368710e-14 1.809500e-12 1.795813e-12
-3.700000e-01 -3.700000e-01 -6.000000e-01 4.243600e-06 -4.243600e-06 -1.369700e-14 1.799400e-12 1.785703e-12
-3.800000e-01 -3.800000e-01 -6.000000e-01 4.278300e-06 -4.278300e-06 -1.370700e-14 1.790200e-12 1.776493e-12
-3.900000e-01 -3.900000e-01 -6.000000e-01 4.311400e-06 -4.311400e-06 -1.371700e-14 1.781800e-12 1.768083e-12
-4.000000e-01 -4.000000e-01 -6.000000e-01 4.343200e-06 -4.343200e-06 -1.372700e-14 1.774000e-12 1.760273e-12
-4.100000e-01 -4.100000e-01 -6.000000e-01 4.373600e-06 -4.373600e-06 -1.373690e-14 1.767000e-12 1.753263e-12
-4.200000e-01 -4.200000e-01 -6.000000e-01 4.402900e-06 -4.402900e-06 -1.374690e-14 1.760400e-12 1.746653e-12
-4.300000e-01 -4.300000e-01 -6.000000e-01 4.431000e-06 -4.431000e-06 -1.375690e-14 1.754400e-12 1.740643e-12
-4.400000e-01 -4.400000e-01 -6.000000e-01 4.458000e-06 -4.458000e-06 -1.376690e-14 1.748900e-12 1.735133e-12
-4.500000e-01 -4.500000e-01 -6.000000e-01 4.484100e-06 -4.484100e-06 -1.377680e-14 1.743800e-12 1.730023e-12
-4.600000e-01 -4.600000e-01 -6.000000e-01 4.509200e-06 -4.509200e-06 -1.378680e-14 1.739000e-12 1.725213e-12
-4.700000e-01 -4.700000e-01 -6.000000e-01 4.533500e-06 -4.533500e-06 -1.379680e-14 1.734600e-12 1.720803e-12
-4.800000e-01 -4.800000e-01 -6.000000e-01 4.557000e-06 -4.557000e-06 -1.380680e-14 1.730500e-12 1.716693e-12
-4.900000e-01 -4.900000e-01 -6.000000e-01 4.579600e-06 -4.579600e-06 -1.381680e-14 1.726700e-12 1.712883e-12
-5.000000e-01 -5.000000e-01 -6.000000e-01 4.601600e-06 -4.601600e-06 -1.382680e-14 1.723200e-12 1.709373e-12
-5.100000e-01 -5.100000e-01 -6.000000e-01 4.622800e-06 -4.622800e-06 -1.383680e-14 1.719900e-12 1.706063e-12
-5.200000e-01 -5.200000e-01 -6.000000e-01 4.643400e-06 -4.643400e-06 -1.384680e-14 1.716800e-12 1.702953e-12
-5.300000e-01 -5.300000e-01 -6.000000e-01 4.663400e-06 -4.663500e-06 -1.385680e-14 1.713900e-12 9.829996e-11
-5.400000e-01 -5.400000e-01 -6.000000e-01 4.682900e-06 -4.682900e-06 -1.386670e-14 1.711200e-12 1.697333e-12
-5.500000e-01 -5.500000e-01 -6.000000e-01 4.701800e-06 -4.701800e-06 -1.387670e-14 1.708700e-12 1.694823e-12
-5.600000e-01 -5.600000e-01 -6.000000e-01 4.720100e-06 -4.720100e-06 -1.388670e-14 1.706300e-12 1.692413e-12
-5.700000e-01 -5.700000e-01 -6.000000e-01 4.738000e-06 -4.738000e-06 -1.389670e-14 1.704000e-12 1.690103e-12
-5.800000e-01 -5.800000e-01 -6.000000e-01 4.755400e-06 -4.755400e-06 -1.390670e-14 1.701900e-12 1.687993e-12
-5.900000e-01 -5.900000e-01 -6.000000e-01 4.772400e-06 -4.772400e-06 -1.391670e-14 1.699900e-12 1.685983e-12
-6.000000e-01 -6.000000e-01 -6.000000e-01 4.788900e-06 -4.788900e-06 -1.392670e-14 1.698000e-12 1.684073e-12
-6.100000e-01 -6.100000e-01 -6.000000e-01 4.805000e-06 -4.805000e-06 -1.393670e-14 1.696200e-12 1.682263e-12
-6.200000e-01 -6.200000e-01 -6.000000e-01 4.820800e-06 -4.820800e-06 -1.394670e-14 1.694500e-12 1.680553e-12
-6.300000e-01 -6.300000e-01 -6.000000e-01 4.836200e-06 -4.836200e-06 -1.395670e-14 1.692900e-12 1.678943e-12
-6.400000e-01 -6.400000e-01 -6.000000e-01 4.851200e-06 -4.851200e-06 -1.396670e-14 1.691300e-12 1.677333e-12
-6.500000e-01 -6.500000e-01 -6.000000e-01 4.865900e-06 -4.865900e-06 -1.397670e-14 1.689900e-12 1.675923e-12
-6.600000e-01 -6.600000e-01 -6.000000e-01 4.880300e-06 -4.880300e-06 -1.398670e-14 1.688500e-12 1.674513e-12
-6.700000e-01 -6.700000e-01 -6.000000e-01 4.894400e-06 -4.894400e-06 -1.399670e-14 1.687200e-12 1.673203e-12
-6.800000e-01 -6.800000e-01 -6.000000e-01 4.908200e-06 -4.908200e-06 -1.400670e-14 1.685900e-12 1.671893e-12
-6.900000e-01 -6.900000e-01 -6.000000e-01 4.921700e-06 -4.921700e-06 -1.401670e-14 1.684700e-12 1.670683e-12
-7.000000e-01 -7.000000e-01 -6.000000e-01 4.934900e-06 -4.934900e-06 -1.402670e-14 1.683500e-12 1.669473e-12
-7.100000e-01 -7.100000e-01 -6.000000e-01 4.947900e-06 -4.947900e-06 -1.403670e-14 1.682400e-12 1.668363e-12
-7.200000e-01 -7.200000e-01 -6.000000e-01 4.960600e-06 -4.960600e-06 -1.404670e-14 1.681400e-12 1.667353e-12
-7.300000e-01 -7.300000e-01 -6.000000e-01 4.973100e-06 -4.973100e-06 -1.405670e-14 1.680400e-12 1.666343e-12
-7.400000e-01 -7.400000e-01 -6.000000e-01 4.985300e-06 -4.985300e-06 -1.406670e-14 1.679400e-12 1.665333e-12
-7.500000e-01 -7.500000e-01 -6.000000e-01 4.997400e-06 -4.997400e-06 -1.407660e-14 1.678500e-12 1.664423e-12
-7.600000e-01 -7.600000e-01 -6.000000e-01 5.009200e-06 -5.009200e-06 -1.408660e-14 1.677600e-12 1.663513e-12
-7.700000e-01 -7.700000e-01 -6.000000e-01 5.020800e-06 -5.020800e-06 -1.409660e-14 1.676700e-12 1.662603e-12
-7.800000e-01 -7.800000e-01 -6.000000e-01 5.032200e-06 -5.032200e-06 -1.410660e-14 1.675900e-12 1.661793e-12
-7.900000e-01 -7.900000e-01 -6.000000e-01 5.043400e-06 -5.043400e-06 -1.411660e-14 1.675100e-12 1.660983e-12
-8.000000e-01 -8.000000e-01 -6.000000e-01 5.054400e-06 -5.054400e-06 -1.412660e-14 1.674300e-12 1.660173e-12
-8.100000e-01 -8.100000e-01 -6.000000e-01 5.065300e-06 -5.065300e-06 -1.413660e-14 1.673500e-12 1.659363e-12
-8.200000e-01 -8.200000e-01 -6.000000e-01 5.076000e-06 -5.076000e-06 -1.414660e-14 1.672800e-12 1.658653e-12
-8.300000e-01 -8.300000e-01 -6.000000e-01 5.086500e-06 -5.086500e-06 -1.415660e-14 1.672100e-12 1.657943e-12
-8.400000e-01 -8.400000e-01 -6.000000e-01 5.096800e-06 -5.096800e-06 -1.416660e-14 1.671400e-12 1.657233e-12
-8.500000e-01 -8.500000e-01 -6.000000e-01 5.107000e-06 -5.107000e-06 -1.417660e-14 1.670800e-12 1.656623e-12
-8.600000e-01 -8.600000e-01 -6.000000e-01 5.117000e-06 -5.117000e-06 -1.418660e-14 1.670100e-12 1.655913e-12
-8.700000e-01 -8.700000e-01 -6.000000e-01 5.126900e-06 -5.126900e-06 -1.419660e-14 1.669500e-12 1.655303e-12
-8.800000e-01 -8.800000e-01 -6.000000e-01 5.136700e-06 -5.136700e-06 -1.420660e-14 1.668900e-12 1.654693e-12
-8.900000e-01 -8.900000e-01 -6.000000e-01 5.146300e-06 -5.146300e-06 -1.421660e-14 1.668300e-12 1.654083e-12
-9.000000e-01 -9.000000e-01 -6.000000e-01 5.155700e-06 -5.155700e-06 -1.422660e-14 1.667800e-12 1.653573e-12
-9.100000e-01 -9.100000e-01 -6.000000e-01 5.165100e-06 -5.165100e-06 -1.423660e-14 1.667200e-12 1.652963e-12
-9.200000e-01 -9.200000e-01 -6.000000e-01 5.174300e-06 -5.174300e-06 -1.424660e-14 1.666700e-12 1.652453e-12
-9.300000e-01 -9.300000e-01 -6.000000e-01 5.183300e-06 -5.183300e-06 -1.425660e-14 1.666200e-12 1.651943e-12
-9.400000e-01 -9.400000e-01 -6.000000e-01 5.192300e-06 -5.192300e-06 -1.426660e-14 1.665700e-12 1.651433e-12
-9.500000e-01 -9.500000e-01 -6.000000e-01 5.201100e-06 -5.201200e-06 -1.427660e-14 1.665200e-12 9.834908e-11
-9.600000e-01 -9.600000e-01 -6.000000e-01 5.209900e-06 -5.209900e-06 -1.428660e-14 1.664700e-12 1.650413e-12
-9.700000e-01 -9.700000e-01 -6.000000e-01 5.218500e-06 -5.218500e-06 -1.429660e-14 1.664200e-12 1.649903e-12
-9.800000e-01 -9.800000e-01 -6.000000e-01 5.227000e-06 -5.227000e-06 -1.430660e-14 1.663800e-12 1.649493e-12
-9.900000e-01 -9.900000e-01 -6.000000e-01 5.235400e-06 -5.235400e-06 -1.431660e-14 1.663300e-12 1.648983e-12
-1.000000e+00 -1.000000e+00 -6.000000e-01 5.243700e-06 -5.243700e-06 -1.432660e-14 1.662900e-12 1.648573e-12
-1.010000e+00 -1.010000e+00 -6.000000e-01 5.251900e-06 -5.251900e-06 -1.433660e-14 1.662500e-12 1.648163e-12
-1.020000e+00 -1.020000e+00 -6.000000e-01 5.260000e-06 -5.260000e-06 -1.434660e-14 1.662100e-12 1.647753e-12
-1.030000e+00 -1.030000e+00 -6.000000e-01 5.268000e-06 -5.268000e-06 -1.435660e-14 1.661700e-12 1.647343e-12
-1.040000e+00 -1.040000e+00 -6.000000e-01 5.275900e-06 -5.275900e-06 -1.436660e-14 1.661300e-12 1.646933e-12
-1.050000e+00 -1.050000e+00 -6.000000e-01 5.283700e-06 -5.283700e-06 -1.437660e-14 1.660900e-12 1.646523e-12
-1.060000e+00 -1.060000e+00 -6.000000e-01 5.291400e-06 -5.291400e-06 -1.438660e-14 1.660500e-12 1.646113e-12
-1.070000e+00 -1.070000e+00 -6.000000e-01 5.299100e-06 -5.299100e-06 -1.439660e-14 1.660100e-12 1.645703e-12
-1.080000e+00 -1.080000e+00 -6.000000e-01 5.306600e-06 -5.306600e-06 -1.440660e-14 1.659800e-12 1.645393e-12
-1.090000e+00 -1.090000e+00 -6.000000e-01 5.314100e-06 -5.314100e-06 -1.441660e-14 1.659400e-12 1.644983e-12
-1.100000e+00 -1.100000e+00 -6.000000e-01 5.321500e-06 -5.321500e-06 -1.442660e-14 1.659100e-12 1.644673e-12
-1.110000e+00 -1.110000e+00 -6.000000e-01 5.328800e-06 -5.328800e-06 -1.443660e-14 1.658700e-12 1.644263e-12
-1.120000e+00 -1.120000e+00 -6.000000e-01 5.336100e-06 -5.336100e-06 -1.444660e-14 1.658400e-12 1.643953e-12
-1.130000e+00 -1.130000e+00 -6.000000e-01 5.343200e-06 -5.343200e-06 -1.445660e-14 1.658000e-12 1.643543e-12
-1.140000e+00 -1.140000e+00 -6.000000e-01 5.350300e-06 -5.350300e-06 -1.446660e-14 1.657700e-12 1.643233e-12
-1.150000e+00 -1.150000e+00 -6.000000e-01 5.357300e-06 -5.357300e-06 -1.447660e-14 1.657400e-12 1.642923e-12
-1.160000e+00 -1.160000e+00 -6.000000e-01 5.364200e-06 -5.364200e-06 -1.448660e-14 1.657100e-12 1.642613e-12
-1.170000e+00 -1.170000e+00 -6.000000e-01 5.371100e-06 -5.371100e-06 -1.449660e-14 1.656800e-12 1.642303e-12
-1.180000e+00 -1.180000e+00 -6.000000e-01 5.377900e-06 -5.377900e-06 -1.450660e-14 1.656500e-12 1.641993e-12
-1.190000e+00 -1.190000e+00 -6.000000e-01 5.384600e-06 -5.384600e-06 -1.451660e-14 1.656200e-12 1.641683e-12
-1.200000e+00 -1.200000e+00 -6.000000e-01 5.391300e-06 -5.391300e-06 -1.452660e-14 1.655900e-12 1.641373e-12
0.000000e+00 0.000000e+00 -8.000000e-01 -7.885000e-12 -7.885000e-12 -7.000800e-12 2.277080e-11 3.231174e-27
-1.000000e-02 -1.000000e-02 -8.000000e-01 3.445985e-07 -3.446138e-07 -5.375900e-12 2.073310e-11 5.720000e-14
-2.000000e-02 -2.000000e-02 -8.000000e-01 6.846501e-07 -6.846651e-07 -4.131100e-12 1.908390e-11 4.720000e-14
-3.000000e-02 -3.000000e-02 -8.000000e-01 1.020000e-06 -1.020000e-06 -3.177100e-12 1.773380e-11 1.455670e-11
-4.000000e-02 -4.000000e-02 -8.000000e-01 1.350600e-06 -1.350600e-06 -2.445600e-12 1.661450e-11 1.416890e-11
-5.000000e-02 -5.000000e-02 -8.000000e-01 1.676200e-06 -1.676200e-06 -1.884400e-12 1.567390e-11 1.378950e-11
-6.000000e-02 -6.000000e-02 -8.000000e-01 1.996600e-06 -1.996600e-06 -1.453700e-12 1.487220e-11 1.341850e-11
-7.000000e-02 -7.000000e-02 -8.000000e-01 2.311700e-06 -2.311700e-06 -1.123000e-12 1.417880e-11 1.305580e-11
-8.000000e-02 -8.000000e-02 -8.000000e-01 2.621200e-06 -2.621200e-06 -8.689667e-13 1.357070e-11 1.270173e-11
-9.000000e-02 -9.000000e-02 -8.000000e-01 2.924900e-06 -2.924900e-06 -6.736481e-13 1.303000e-11 1.235635e-11
-1.000000e-01 -1.000000e-01 -8.000000e-01 3.222600e-06 -3.222600e-06 -5.233778e-13 1.254320e-11 1.201982e-11
-1.100000e-01 -1.100000e-01 -8.000000e-01 3.514100e-06 -3.514100e-06 -4.076615e-13 1.209990e-11 1.169224e-11
-1.200000e-01 -1.200000e-01 -8.000000e-01 3.799200e-06 -3.799200e-06 -3.184585e-13 1.169230e-11 1.137384e-11
-1.300000e-01 -1.300000e-01 -8.000000e-01 4.077700e-06 -4.077700e-06 -2.496076e-13 1.131440e-11 1.106479e-11
-1.400000e-01 -1.400000e-01 -8.000000e-01 4.349500e-06 -4.349500e-06 -1.963872e-13 1.096160e-11 1.076521e-11
-1.500000e-01 -1.500000e-01 -8.000000e-01 4.614400e-06 -4.614400e-06 -1.551788e-13 1.063050e-11 1.047532e-11
-1.600000e-01 -1.600000e-01 -8.000000e-01 4.872300e-06 -4.872300e-06 -1.232088e-13 1.031840e-11 1.019519e-11
-1.700000e-01 -1.700000e-01 -8.000000e-01 5.123200e-06 -5.123200e-06 -9.835100e-14 1.002350e-11 9.925149e-12
-1.800000e-01 -1.800000e-01 -8.000000e-01 5.366900e-06 -5.366900e-06 -7.897470e-14 9.744100e-12 9.665125e-12
-1.900000e-01 -1.900000e-01 -8.000000e-01 5.603600e-06 -5.603600e-06 -6.382920e-14 9.479100e-12 9.415271e-12
-2.000000e-01 -2.000000e-01 -8.000000e-01 5.833100e-06 -5.833100e-06 -5.195420e-14 9.227600e-12 9.175646e-12
-2.100000e-01 -2.100000e-01 -8.000000e-01 6.055700e-06 -6.055700e-06 -4.261220e-14 8.989000e-12 8.946388e-12
-2.200000e-01 -2.200000e-01 -8.000000e-01 6.271300e-06 -6.271300e-06 -3.523620e-14 8.762500e-12 8.727264e-12
-2.300000e-01 -2.300000e-01 -8.000000e-01 6.480000e-06 -6.480000e-06 -2.938960e-14 8.547700e-12 8.518310e-12
-2.400000e-01 -2.400000e-01 -8.000000e-01 6.682100e-06 -6.682100e-06 -2.473620e-14 8.344200e-12 8.319464e-12
-2.500000e-01 -2.500000e-01 -8.000000e-01 6.877600e-06 -6.877600e-06 -2.101630e-14 8.151600e-12 8.130584e-12
-2.600000e-01 -2.600000e-01 -8.000000e-01 7.066600e-06 -7.066600e-06 -1.802900e-14 7.969500e-12 7.951471e-12
-2.700000e-01 -2.700000e-01 -8.000000e-01 7.249400e-06 -7.249500e-06 -1.561880e-14 7.797400e-12 9.221822e-11
-2.800000e-01 -2.800000e-01 -8.000000e-01 7.426200e-06 -7.426200e-06 -1.366470e-14 7.635200e-12 7.621535e-12
-2.900000e-01 -2.900000e-01 -8.000000e-01 7.596900e-06 -7.596900e-06 -1.207260e-14 7.482300e-12 7.470227e-12
-3.000000e-01 -3.000000e-01 -8.000000e-01 7.761900e-06 -7.761900e-06 -1.076890e-14 7.338300e-12 7.327531e-12
-3.100000e-01 -3.100000e-01 -8.000000e-01 7.921300e-06 -7.921300e-06 -9.696000e-15 7.203000e-12 7.193304e-12
-3.200000e-01 -3.200000e-01 -8.000000e-01 8.075200e-06 -8.075300e-06 -8.808700e-15 7.075900e-12 9.293291e-11
-3.300000e-01 -3.300000e-01 -8.000000e-01 8.223900e-06 -8.223900e-06 -8.071100e-15 6.956600e-12 6.948529e-12
-3.400000e-01 -3.400000e-01 -8.000000e-01 8.367300e-06 -8.367300e-06 -7.454900e-15 6.844800e-12 6.837345e-12
-3.500000e-01 -3.500000e-01 -8.000000e-01 8.505800e-06 -8.505800e-06 -6.937800e-15 6.740000e-12 6.733062e-12
-3.600000e-01 -3.600000e-01 -8.000000e-01 8.639400e-06 -8.639400e-06 -6.501800e-15 6.641800e-12 6.635298e-12
-3.700000e-01 -3.700000e-01 -8.000000e-01 8.768300e-06 -8.768300e-06 -6.132400e-15 6.549900e-12 6.543768e-12
-3.800000e-01 -3.800000e-01 -8.000000e-01 8.892700e-06 -8.892700e-06 -5.818200e-15 6.463900e-12 6.458082e-12
-3.900000e-01 -3.900000e-01 -8.000000e-01 9.012600e-06 -9.012600e-06 -5.549700e-15 6.383500e-12 6.377950e-12
-4.000000e-01 -4.000000e-01 -8.000000e-01 9.128300e-06 -9.128300e-06 -5.319400e-15 6.308200e-12 6.302881e-12
-4.100000e-01 -4.100000e-01 -8.000000e-01 9.239800e-06 -9.239800e-06 -5.121100e-15 6.237900e-12 6.232779e-12
-4.200000e-01 -4.200000e-01 -8.000000e-01 9.347300e-06 -9.347300e-06 -4.949700e-15 6.172100e-12 6.167150e-12
-4.300000e-01 -4.300000e-01 -8.000000e-01 9.451100e-06 -9.451100e-06 -4.801100e-15 6.110500e-12 6.105699e-12
-4.400000e-01 -4.400000e-01 -8.000000e-01 9.551100e-06 -9.551100e-06 -4.671900e-15 6.053000e-12 6.048328e-12
-4.500000e-01 -4.500000e-01 -8.000000e-01 9.647600e-06 -9.647600e-06 -4.559100e-15 5.999100e-12 5.994541e-12
-4.600000e-01 -4.600000e-01 -8.000000e-01 9.740600e-06 -9.740600e-06 -4.460500e-15 5.948700e-12 5.944239e-12
-4.700000e-01 -4.700000e-01 -8.000000e-01 9.830400e-06 -9.830400e-06 -4.374100e-15 5.901500e-12 5.897126e-12
-4.800000e-01 -4.800000e-01 -8.000000e-01 9.917100e-06 -9.917100e-06 -4.298100e-15 5.857300e-12 5.853002e-12
-4.900000e-01 -4.900000e-01 -8.000000e-01 1.000070e-05 -1.000070e-05 -4.231200e-15 5.815900e-12 5.811669e-12
-5.000000e-01 -5.000000e-01 -8.000000e-01 1.008150e-05 -1.008150e-05 -4.172300e-15 5.777100e-12 5.772928e-12
-5.100000e-01 -5.100000e-01 -8.000000e-01 1.015950e-05 -1.015950e-05 -4.120200e-15 5.740600e-12 5.736480e-12
-5.200000e-01 -5.200000e-01 -8.000000e-01 1.023490e-05 -1.023490e-05 -4.074200e-15 5.706500e-12 5.702426e-12
-5.300000e-01 -5.300000e-01 -8.000000e-01 1.030780e-05 -1.030780e-05 -4.033400e-15 5.674300e-12 5.670267e-12
-5.400000e-01 -5.400000e-01 -8.000000e-01 1.037830e-05 -1.037830e-05 -3.997400e-15 5.644200e-12 5.640203e-12
-5.500000e-01 -5.500000e-01 -8.000000e-01 1.044650e-05 -1.044650e-05 -3.965500e-15 5.615800e-12 5.611835e-12
-5.600000e-01 -5.600000e-01 -8.000000e-01 1.051240e-05 -1.051250e-05 -3.937200e-15 5.589100e-12 9.441484e-11
-5.700000e-01 -5.700000e-01 -8.000000e-01 1.057630e-05 -1.057630e-05 -3.912200e-15 5.563900e-12 5.559988e-12
-5.800000e-01 -5.800000e-01 -8.000000e-01 1.063820e-05 -1.063820e-05 -3.890100e-15 5.540200e-12 5.536310e-12
-5.900000e-01 -5.900000e-01 -8.000000e-01 1.069820e-05 -1.069820e-05 -3.870600e-15 5.517800e-12 5.513929e-12
-6.000000e-01 -6.000000e-01 -8.000000e-01 1.075640e-05 -1.075640e-05 -3.853500e-15 5.496700e-12 5.492846e-12
-6.100000e-01 -6.100000e-01 -8.000000e-01 1.081280e-05 -1.081280e-05 -3.838400e-15 5.476800e-12 5.472962e-12
-6.200000e-01 -6.200000e-01 -8.000000e-01 1.086760e-05 -1.086760e-05 -3.825300e-15 5.457900e-12 5.454075e-12
-6.300000e-01 -6.300000e-01 -8.000000e-01 1.092080e-05 -1.092080e-05 -3.813800e-15 5.440100e-12 5.436286e-12
-6.400000e-01 -6.400000e-01 -8.000000e-01 1.097250e-05 -1.097250e-05 -3.803900e-15 5.423200e-12 5.419396e-12
-6.500000e-01 -6.500000e-01 -8.000000e-01 1.102270e-05 -1.102270e-05 -3.795300e-15 5.407200e-12 5.403405e-12
-6.600000e-01 -6.600000e-01 -8.000000e-01 1.107150e-05 -1.107150e-05 -3.788100e-15 5.392000e-12 5.388212e-12
-6.700000e-01 -6.700000e-01 -8.000000e-01 1.111910e-05 -1.111910e-05 -3.781900e-15 5.377600e-12 5.373818e-12
-6.800000e-01 -6.800000e-01 -8.000000e-01 1.116530e-05 -1.116530e-05 -3.776900e-15 5.363900e-12 5.360123e-12
-6.900000e-01 -6.900000e-01 -8.000000e-01 1.121040e-05 -1.121040e-05 -3.772800e-15 5.350900e-12 5.347127e-12
-7.000000e-01 -7.000000e-01 -8.000000e-01 1.125420e-05 -1.125420e-05 -3.769600e-15 5.338500e-12 5.334730e-12
-7.100000e-01 -7.100000e-01 -8.000000e-01 1.129700e-05 -1.129700e-05 -3.767200e-15 5.326800e-12 5.323033e-12
-7.200000e-01 -7.200000e-01 -8.000000e-01 1.133870e-05 -1.133870e-05 -3.765500e-15 5.315500e-12 5.311735e-12
-7.300000e-01 -7.300000e-01 -8.000000e-01 1.137940e-05 -1.137940e-05 -3.764500e-15 5.304800e-12 5.301035e-12
-7.400000e-01 -7.400000e-01 -8.000000e-01 1.141920e-05 -1.141920e-05 -3.764200e-15 5.294600e-12 5.290836e-12
-7.500000e-01 -7.500000e-01 -8.000000e-01 1.145800e-05 -1.145800e-05 -3.764400e-15 5.284900e-12 5.281136e-12
-7.600000e-01 -7.600000e-01 -8.000000e-01 1.149580e-05 -1.149580e-05 -3.765200e-15 5.275600e-12 5.271835e-12
-7.700000e-01 -7.700000e-01 -8.000000e-01 1.153290e-05 -1.153290e-05 -3.766500e-15 5.266700e-12 5.262934e-12
-7.800000e-01 -7.800000e-01 -8.000000e-01 1.156910e-05 -1.156910e-05 -3.768200e-15 5.258200e-12 5.254432e-12
-7.900000e-01 -7.900000e-01 -8.000000e-01 1.160450e-05 -1.160450e-05 -3.770400e-15 5.250000e-12 5.246230e-12
-8.000000e-01 -8.000000e-01 -8.000000e-01 1.163910e-05 -1.163910e-05 -3.772900e-15 5.242200e-12 5.238427e-12
-8.100000e-01 -8.100000e-01 -8.000000e-01 1.167300e-05 -1.167300e-05 -3.775800e-15 5.234700e-12 5.230924e-12
-8.200000e-01 -8.200000e-01 -8.000000e-01 1.170620e-05 -1.170620e-05 -3.779100e-15 5.227500e-12 5.223721e-12
-8.300000e-01 -8.300000e-01 -8.000000e-01 1.173870e-05 -1.173870e-05 -3.782700e-15 5.220600e-12 5.216817e-12
-8.400000e-01 -8.400000e-01 -8.000000e-01 1.177060e-05 -1.177060e-05 -3.786600e-15 5.214000e-12 5.210213e-12
-8.500000e-01 -8.500000e-01 -8.000000e-01 1.180180e-05 -1.180180e-05 -3.790800e-15 5.207600e-12 5.203809e-12
-8.600000e-01 -8.600000e-01 -8.000000e-01 1.183240e-05 -1.183240e-05 -3.795200e-15 5.201400e-12 5.197605e-12
-8.700000e-01 -8.700000e-01 -8.000000e-01 1.186250e-05 -1.186250e-05 -3.799900e-15 5.195500e-12 5.191700e-12
-8.800000e-01 -8.800000e-01 -8.000000e-01 1.189190e-05 -1.189190e-05 -3.804800e-15 5.189900e-12 5.186095e-12
-8.900000e-01 -8.900000e-01 -8.000000e-01 1.192080e-05 -1.192080e-05 -3.809900e-15 5.184400e-12 5.180590e-12
-9.000000e-01 -9.000000e-01 -8.000000e-01 1.194920e-05 -1.194920e-05 -3.815200e-15 5.179100e-12 5.175285e-12
-9.100000e-01 -9.100000e-01 -8.000000e-01 1.197710e-05 -1.197710e-05 -3.820800e-15 5.174000e-12 5.170179e-12
-9.200000e-01 -9.200000e-01 -8.000000e-01 1.200450e-05 -1.200450e-05 -3.826500e-15 5.169100e-12 5.165273e-12
-9.300000e-01 -9.300000e-01 -8.000000e-01 1.203140e-05 -1.203140e-05 -3.832300e-15 5.164300e-12 5.160468e-12
-9.400000e-01 -9.400000e-01 -8.000000e-01 1.205780e-05 -1.205780e-05 -3.838400e-15 5.159700e-12 5.155862e-12
-9.500000e-01 -9.500000e-01 -8.000000e-01 1.208380e-05 -1.208380e-05 -3.844600e-15 5.155300e-12 5.151455e-12
-9.600000e-01 -9.600000e-01 -8.000000e-01 1.210940e-05 -1.210940e-05 -3.850900e-15 5.151000e-12 5.147149e-12
-9.700000e-01 -9.700000e-01 -8.000000e-01 1.213450e-05 -1.213450e-05 -3.857300e-15 5.146800e-12 5.142943e-12
-9.800000e-01 -9.800000e-01 -8.000000e-01 1.215930e-05 -1.215930e-05 -3.863900e-15 5.142800e-12 5.138936e-12
-9.900000e-01 -9.900000e-01 -8.000000e-01 1.218360e-05 -1.218360e-05 -3.870600e-15 5.138900e-12 5.135029e-12
-1.000000e+00 -1.000000e+00 -8.000000e-01 1.220760e-05 -1.220760e-05 -3.877500e-15 5.135100e-12 5.131223e-12
-1.010000e+00 -1.010000e+00 -8.000000e-01 1.223120e-05 -1.223120e-05 -3.884400e-15 5.131400e-12 5.127516e-12
-1.020000e+00 -1.020000e+00 -8.000000e-01 1.225440e-05 -1.225440e-05 -3.891400e-15 5.127800e-12 5.123909e-12
-1.030000e+00 -1.030000e+00 -8.000000e-01 1.227730e-05 -1.227730e-05 -3.898600e-15 5.124400e-12 5.120501e-12
-1.040000e+00 -1.040000e+00 -8.000000e-01 1.229980e-05 -1.229980e-05 -3.905800e-15 5.121000e-12 5.117094e-12
-1.050000e+00 -1.050000e+00 -8.000000e-01 1.232200e-05 -1.232200e-05 -3.913100e-15 5.117700e-12 5.113787e-12
-1.060000e+00 -1.060000e+00 -8.000000e-01 1.234390e-05 -1.234390e-05 -3.920500e-15 5.114600e-12 5.110680e-12
-1.070000e+00 -1.070000e+00 -8.000000e-01 1.236550e-05 -1.236550e-05 -3.928000e-15 5.111500e-12 5.107572e-12
-1.080000e+00 -1.080000e+00 -8.000000e-01 1.238680e-05 -1.238680e-05 -3.935500e-15 5.108500e-12 5.104564e-12
-1.090000e+00 -1.090000e+00 -8.000000e-01 1.240780e-05 -1.240780e-05 -3.943200e-15 5.105500e-12 5.101557e-12
-1.100000e+00 -1.100000e+00 -8.000000e-01 1.242850e-05 -1.242850e-05 -3.950900e-15 5.102700e-12 5.098749e-12
-1.110000e+00 -1.110000e+00 -8.000000e-01 1.244890e-05 -1.244890e-05 -3.958600e-15 5.099900e-12 5.095941e-12
-1.120000e+00 -1.120000e+00 -8.000000e-01 1.246910e-05 -1.246910e-05 -3.966500e-15 5.097200e-12 5.093234e-12
-1.130000e+00 -1.130000e+00 -8.000000e-01 1.248890e-05 -1.248890e-05 -3.974400e-15 5.094500e-12 5.090526e-12
-1.140000e+00 -1.140000e+00 -8.000000e-01 1.250860e-05 -1.250860e-05 -3.982300e-15 5.092000e-12 5.088018e-12
-1.150000e+00 -1.150000e+00 -8.000000e-01 1.252790e-05 -1.252800e-05 -3.990300e-15 5.089400e-12 9.491459e-11
-1.160000e+00 -1.160000e+00 -8.000000e-01 1.254710e-05 -1.254710e-05 -3.998400e-15 5.087000e-12 5.083002e-12
-1.170000e+00 -1.170000e+00 -8.000000e-01 1.256600e-05 -1.256600e-05 -4.006500e-15 5.084600e-12 5.080593e-12
-1.180000e+00 -1.180000e+00 -8.000000e-01 1.258460e-05 -1.258460e-05 -4.014600e-15 5.082200e-12 5.078185e-12
-1.190000e+00 -1.190000e+00 -8.000000e-01 1.260310e-05 -1.260310e-05 -4.022800e-15 5.079900e-12 5.075877e-12
-1.200000e+00 -1.200000e+00 -8.000000e-01 1.262130e-05 -1.262130e-05 -4.031100e-15 5.077700e-12 5.073669e-12
0.000000e+00 0.000000e+00 -1.000000e+00 -2.009870e-11 -2.009870e-11 -4.473208e-07 4.473610e-07 2.600000e-15
-1.000000e-02 -1.000000e-02 -1.000000e+00 4.164892e-07 -4.165286e-07 -3.393436e-07 3.393830e-07 0.000000e+00
-2.000000e-02 -2.000000e-02 -1.000000e+00 8.302243e-07 -8.302629e-07 -2.575256e-07 2.575642e-07 5.293956e-23
-3.000000e-02 -3.000000e-02 -1.000000e+00 1.241100e-06 -1.241100e-06 -1.955109e-07 1.955486e-07 3.770000e-11
-4.000000e-02 -4.000000e-02 -1.000000e+00 1.649000e-06 -1.649100e-06 -1.484926e-07 1.485296e-07 6.300000e-11
-5.000000e-02 -5.000000e-02 -1.000000e+00 2.054000e-06 -2.054000e-06 -1.128340e-07 1.128701e-07 3.610000e-11
-6.000000e-02 -6.000000e-02 -1.000000e+00 2.455700e-06 -2.455700e-06 -8.578230e-08 8.581770e-08 3.540000e-11
-7.000000e-02 -7.000000e-02 -1.000000e+00 2.854200e-06 -2.854200e-06 -6.525370e-08 6.528840e-08 3.470000e-11
-8.000000e-02 -8.000000e-02 -1.000000e+00 3.249300e-06 -3.249300e-06 -4.966990e-08 4.970380e-08 3.390000e-11
-9.000000e-02 -9.000000e-02 -1.000000e+00 3.640800e-06 -3.640900e-06 -3.783530e-08 3.786840e-08 6.690000e-11
-1.000000e-01 -1.000000e-01 -1.000000e+00 4.028700e-06 -4.028800e-06 -2.884400e-08 2.887650e-08 6.750000e-11
-1.100000e-01 -1.100000e-01 -1.000000e+00 4.412800e-06 -4.412800e-06 -2.200980e-08 2.204160e-08 3.180000e-11
-1.200000e-01 -1.200000e-01 -1.000000e+00 4.793000e-06 -4.793000e-06 -1.681230e-08 1.684330e-08 3.100000e-11
-1.300000e-01 -1.300000e-01 -1.000000e+00 5.169000e-06 -5.169000e-06 -1.285700e-08 1.288740e-08 3.040000e-11
-1.400000e-01 -1.400000e-01 -1.000000e+00 5.540800e-06 -5.540900e-06 -9.845000e-09 9.874800e-09 7.020000e-11
-1.500000e-01 -1.500000e-01 -1.000000e+00 5.908300e-06 -5.908300e-06 -7.549500e-09 7.578700e-09 2.920000e-11
-1.600000e-01 -1.600000e-01 -1.000000e+00 6.271200e-06 -6.271300e-06 -5.798500e-09 5.827000e-09 7.150000e-11
-1.700000e-01 -1.700000e-01 -1.000000e+00 6.629600e-06 -6.629600e-06 -4.461500e-09 4.489400e-09 2.790000e-11
-1.800000e-01 -1.800000e-01 -1.000000e+00 6.983100e-06 -6.983200e-06 -3.439400e-09 3.466700e-09 7.270000e-11
-1.900000e-01 -1.900000e-01 -1.000000e+00 7.331800e-06 -7.331900e-06 -2.657100e-09 2.683800e-09 7.330000e-11
-2.000000e-01 -2.000000e-01 -1.000000e+00 7.675600e-06 -7.675600e-06 -2.057500e-09 2.083600e-09 2.610000e-11
-2.100000e-01 -2.100000e-01 -1.000000e+00 8.014300e-06 -8.014300e-06 -1.597200e-09 1.622700e-09 2.550000e-11
-2.200000e-01 -2.200000e-01 -1.000000e+00 8.347800e-06 -8.347800e-06 -1.243200e-09 1.268200e-09 2.500000e-11
-2.300000e-01 -2.300000e-01 -1.000000e+00 8.676200e-06 -8.676200e-06 -9.704650e-10 9.949173e-10 2.445230e-11
-2.400000e-01 -2.400000e-01 -1.000000e+00 8.999300e-06 -8.999300e-06 -7.599369e-10 7.838721e-10 2.393520e-11
-2.500000e-01 -2.500000e-01 -1.000000e+00 9.317100e-06 -9.317100e-06 -5.970550e-10 6.204876e-10 2.343260e-11
-2.600000e-01 -2.600000e-01 -1.000000e+00 9.629600e-06 -9.629600e-06 -4.707371e-10 4.936818e-10 2.294470e-11
-2.700000e-01 -2.700000e-01 -1.000000e+00 9.936800e-06 -9.936800e-06 -3.725260e-10 3.949973e-10 2.247130e-11
-2.800000e-01 -2.800000e-01 -1.000000e+00 1.023860e-05 -1.023860e-05 -2.959601e-10 3.179726e-10 2.201250e-11
-2.900000e-01 -2.900000e-01 -1.000000e+00 1.053510e-05 -1.053510e-05 -2.360965e-10 2.576647e-10 2.156820e-11
-3.000000e-01 -3.000000e-01 -1.000000e+00 1.082630e-05 -1.082630e-05 -1.891487e-10 2.102871e-10 2.113840e-11
-3.100000e-01 -3.100000e-01 -1.000000e+00 1.111220e-05 -1.111220e-05 -1.522115e-10 1.729347e-10 2.072320e-11
-3.200000e-01 -3.200000e-01 -1.000000e+00 1.139280e-05 -1.139280e-05 -1.230525e-10 1.433745e-10 2.032200e-11
-3.300000e-01 -3.300000e-01 -1.000000e+00 1.166820e-05 -1.166820e-05 -9.995260e-11 1.198877e-10 1.993510e-11
-3.400000e-01 -3.400000e-01 -1.000000e+00 1.193830e-05 -1.193830e-05 -8.158580e-11 1.011479e-10 1.956210e-11
-3.500000e-01 -3.500000e-01 -1.000000e+00 1.220330e-05 -1.220330e-05 -6.692690e-11 8.612990e-11 1.920300e-11
-3.600000e-01 -3.600000e-01 -1.000000e+00 1.246310e-05 -1.246310e-05 -5.518180e-11 7.403920e-11 1.885740e-11
-3.700000e-01 -3.700000e-01 -1.000000e+00 1.271770e-05 -1.271780e-05 -4.573350e-11 6.425870e-11 8.147480e-11
-3.800000e-01 -3.800000e-01 -1.000000e+00 1.296730e-05 -1.296730e-05 -3.810170e-11 5.630780e-11 1.820610e-11
-3.900000e-01 -3.900000e-01 -1.000000e+00 1.321180e-05 -1.321180e-05 -3.191130e-11 4.981120e-11 1.789990e-11
-4.000000e-01 -4.000000e-01 -1.000000e+00 1.345130e-05 -1.345130e-05 -2.686890e-11 4.447500e-11 1.760610e-11
-4.100000e-01 -4.100000e-01 -1.000000e+00 1.368580e-05 -1.368580e-05 -2.274380e-11 4.006840e-11 1.732460e-11
-4.200000e-01 -4.200000e-01 -1.000000e+00 1.391520e-05 -1.391520e-05 -1.935470e-11 3.640970e-11 1.705500e-11
-4.300000e-01 -4.300000e-01 -1.000000e+00 1.413970e-05 -1.413980e-05 -1.655800e-11 3.335490e-11 8.320310e-11
-4.400000e-01 -4.400000e-01 -1.000000e+00 1.435930e-05 -1.435930e-05 -1.424010e-11 3.079020e-11 1.655010e-11
-4.500000e-01 -4.500000e-01 -1.000000e+00 1.457400e-05 -1.457400e-05 -1.231070e-11 2.862480e-11 1.631410e-11
-4.600000e-01 -4.600000e-01 -1.000000e+00 1.478380e-05 -1.478380e-05 -1.069770e-11 2.678630e-11 1.608860e-11
-4.700000e-01 -4.700000e-01 -1.000000e+00 1.498870e-05 -1.498870e-05 -9.343300e-12 2.521660e-11 1.587330e-11
-4.800000e-01 -4.800000e-01 -1.000000e+00 1.518890e-05 -1.518890e-05 -8.201200e-12 2.386890e-11 1.566770e-11
-4.900000e-01 -4.900000e-01 -1.000000e+00 1.538420e-05 -1.538420e-05 -7.234000e-12 2.270560e-11 1.547160e-11
-5.000000e-01 -5.000000e-01 -1.000000e+00 1.557490e-05 -1.557490e-05 -6.411500e-12 2.169610e-11 1.528460e-11
-5.100000e-01 -5.100000e-01 -1.000000e+00 1.576090e-05 -1.576090e-05 -5.709300e-12 2.081540e-11 1.510610e-11
-5.200000e-01 -5.200000e-01 -1.000000e+00 1.594220e-05 -1.594230e-05 -5.107100e-12 2.004320e-11 8.506390e-11
-5.300000e-01 -5.300000e-01 -1.000000e+00 1.611910e-05 -1.611910e-05 -4.588800e-12 1.936280e-11 1.477400e-11
-5.400000e-01 -5.400000e-01 -1.000000e+00 1.629140e-05 -1.629140e-05 -4.141000e-12 1.876050e-11 1.461950e-11
-5.500000e-01 -5.500000e-01 -1.000000e+00 1.645930e-05 -1.645930e-05 -3.752400e-12 1.822480e-11 1.447240e-11
-5.600000e-01 -5.600000e-01 -1.000000e+00 1.662290e-05 -1.662290e-05 -3.414100e-12 1.774630e-11 1.433220e-11
-5.700000e-01 -5.700000e-01 -1.000000e+00 1.678220e-05 -1.678230e-05 -3.118500e-12 1.731720e-11 8.580130e-11
-5.800000e-01 -5.800000e-01 -1.000000e+00 1.693740e-05 -1.693740e-05 -2.859300e-12 1.693070e-11 1.407140e-11
-5.900000e-01 -5.900000e-01 -1.000000e+00 1.708850e-05 -1.708850e-05 -2.631100e-12 1.658140e-11 1.395030e-11
-6.000000e-01 -6.000000e-01 -1.000000e+00 1.723550e-05 -1.723550e-05 -2.429700e-12 1.626460e-11 1.383490e-11
-6.100000e-01 -6.100000e-01 -1.000000e+00 1.737870e-05 -1.737870e-05 -2.251200e-12 1.597620e-11 1.372500e-11
-6.200000e-01 -6.200000e-01 -1.000000e+00 1.751800e-05 -1.751800e-05 -2.092600e-12 1.571280e-11 1.362020e-11
-6.300000e-01 -6.300000e-01 -1.000000e+00 1.765370e-05 -1.765370e-05 -1.951300e-12 1.547170e-11 1.352040e-11
-6.400000e-01 -6.400000e-01 -1.000000e+00 1.778570e-05 -1.778570e-05 -1.824900e-12 1.525020e-11 1.342530e-11
-6.500000e-01 -6.500000e-01 -1.000000e+00 1.791420e-05 -1.791420e-05 -1.711500e-12 1.504620e-11 1.333470e-11
-6.600000e-01 -6.600000e-01 -1.000000e+00 1.803930e-05 -1.803930e-05 -1.609600e-12 1.485790e-11 1.324830e-11
-6.700000e-01 -6.700000e-01 -1.000000e+00 1.816100e-05 -1.816100e-05 -1.517800e-12 1.468370e-11 1.316590e-11
-6.800000e-01 -6.800000e-01 -1.000000e+00 1.827950e-05 -1.827960e-05 -1.434700e-12 1.452200e-11 8.691270e-11
-6.900000e-01 -6.900000e-01 -1.000000e+00 1.839490e-05 -1.839500e-05 -1.359400e-12 1.437180e-11 8.698760e-11
-7.000000e-01 -7.000000e-01 -1.000000e+00 1.850730e-05 -1.850730e-05 -1.291000e-12 1.423190e-11 1.294090e-11
-7.100000e-01 -7.100000e-01 -1.000000e+00 1.861680e-05 -1.861680e-05 -1.228800e-12 1.410140e-11 1.287260e-11
-7.200000e-01 -7.200000e-01 -1.000000e+00 1.872330e-05 -1.872340e-05 -1.171900e-12 1.397930e-11 8.719260e-11
-7.300000e-01 -7.300000e-01 -1.000000e+00 1.882720e-05 -1.882720e-05 -1.119900e-12 1.386510e-11 1.274520e-11
-7.400000e-01 -7.400000e-01 -1.000000e+00 1.892840e-05 -1.892840e-05 -1.072200e-12 1.375790e-11 1.268570e-11
-7.500000e-01 -7.500000e-01 -1.000000e+00 1.902700e-05 -1.902700e-05 -1.028400e-12 1.365730e-11 1.262890e-11
-7.600000e-01 -7.600000e-01 -1.000000e+00 1.912310e-05 -1.912310e-05 -9.881334e-13 1.356260e-11 1.257447e-11
-7.700000e-01 -7.700000e-01 -1.000000e+00 1.921680e-05 -1.921680e-05 -9.509578e-13 1.347340e-11 1.252244e-11
-7.800000e-01 -7.800000e-01 -1.000000e+00 1.930820e-05 -1.930820e-05 -9.166083e-13 1.338930e-11 1.247269e-11
-7.900000e-01 -7.900000e-01 -1.000000e+00 1.939730e-05 -1.939730e-05 -8.848126e-13 1.330990e-11 1.242509e-11
-8.000000e-01 -8.000000e-01 -1.000000e+00 1.948430e-05 -1.948430e-05 -8.553293e-13 1.323480e-11 1.237947e-11
-8.100000e-01 -8.100000e-01 -1.000000e+00 1.956920e-05 -1.956920e-05 -8.279441e-13 1.316370e-11 1.233576e-11
-8.200000e-01 -8.200000e-01 -1.000000e+00 1.965200e-05 -1.965200e-05 -8.024660e-13 1.309630e-11 1.229383e-11
-8.300000e-01 -8.300000e-01 -1.000000e+00 1.973290e-05 -1.973290e-05 -7.787247e-13 1.303240e-11 1.225368e-11
-8.400000e-01 -8.400000e-01 -1.000000e+00 1.981190e-05 -1.981190e-05 -7.565680e-13 1.297180e-11 1.221523e-11
-8.500000e-01 -8.500000e-01 -1.000000e+00 1.988910e-05 -1.988910e-05 -7.358594e-13 1.291410e-11 1.217824e-11
-8.600000e-01 -8.600000e-01 -1.000000e+00 1.996450e-05 -1.996450e-05 -7.164765e-13 1.285920e-11 1.214272e-11
-8.700000e-01 -8.700000e-01 -1.000000e+00 2.003830e-05 -2.003830e-05 -6.983094e-13 1.280700e-11 1.210869e-11
-8.800000e-01 -8.800000e-01 -1.000000e+00 2.011030e-05 -2.011030e-05 -6.812586e-13 1.275720e-11 1.207594e-11
-8.900000e-01 -8.900000e-01 -1.000000e+00 2.018080e-05 -2.018080e-05 -6.652349e-13 1.270970e-11 1.204447e-11
-9.000000e-01 -9.000000e-01 -1.000000e+00 2.024980e-05 -2.024980e-05 -6.501573e-13 1.266430e-11 1.201414e-11
-9.100000e-01 -9.100000e-01 -1.000000e+00 2.031730e-05 -2.031730e-05 -6.359526e-13 1.262100e-11 1.198505e-11
-9.200000e-01 -9.200000e-01 -1.000000e+00 2.038330e-05 -2.038330e-05 -6.225543e-13 1.257950e-11 1.195695e-11
-9.300000e-01 -9.300000e-01 -1.000000e+00 2.044800e-05 -2.044800e-05 -6.099021e-13 1.253990e-11 1.193000e-11
-9.400000e-01 -9.400000e-01 -1.000000e+00 2.051130e-05 -2.051130e-05 -5.979411e-13 1.250190e-11 1.190396e-11
-9.500000e-01 -9.500000e-01 -1.000000e+00 2.057330e-05 -2.057330e-05 -5.866212e-13 1.246550e-11 1.187888e-11
-9.600000e-01 -9.600000e-01 -1.000000e+00 2.063410e-05 -2.063410e-05 -5.758968e-13 1.243070e-11 1.185480e-11
-9.700000e-01 -9.700000e-01 -1.000000e+00 2.069360e-05 -2.069360e-05 -5.657261e-13 1.239720e-11 1.183147e-11
-9.800000e-01 -9.800000e-01 -1.000000e+00 2.075200e-05 -2.075200e-05 -5.560710e-13 1.236500e-11 1.180893e-11
-9.900000e-01 -9.900000e-01 -1.000000e+00 2.080930e-05 -2.080930e-05 -5.468964e-13 1.233410e-11 1.178720e-11
-1.000000e+00 -1.000000e+00 -1.000000e+00 2.086540e-05 -2.086540e-05 -5.381703e-13 1.230440e-11 1.176623e-11
-1.010000e+00 -1.010000e+00 -1.000000e+00 2.092050e-05 -2.092050e-05 -5.298632e-13 1.227590e-11 1.174604e-11
-1.020000e+00 -1.020000e+00 -1.000000e+00 2.097460e-05 -2.097460e-05 -5.219478e-13 1.224840e-11 1.172645e-11
-1.030000e+00 -1.030000e+00 -1.000000e+00 2.102760e-05 -2.102760e-05 -5.143992e-13 1.222190e-11 1.170750e-11
-1.040000e+00 -1.040000e+00 -1.000000e+00 2.107970e-05 -2.107970e-05 -5.071944e-13 1.219640e-11 1.168921e-11
-1.050000e+00 -1.050000e+00 -1.000000e+00 2.113090e-05 -2.113090e-05 -5.003119e-13 1.217170e-11 1.167139e-11
-1.060000e+00 -1.060000e+00 -1.000000e+00 2.118120e-05 -2.118120e-05 -4.937323e-13 1.214800e-11 1.165427e-11
-1.070000e+00 -1.070000e+00 -1.000000e+00 2.123050e-05 -2.123050e-05 -4.874371e-13 1.212510e-11 1.163766e-11
-1.080000e+00 -1.080000e+00 -1.000000e+00 2.127910e-05 -2.127910e-05 -4.814097e-13 1.210290e-11 1.162149e-11
-1.090000e+00 -1.090000e+00 -1.000000e+00 2.132680e-05 -2.132680e-05 -4.756343e-13 1.208160e-11 1.160597e-11
-1.100000e+00 -1.100000e+00 -1.000000e+00 2.137360e-05 -2.137370e-05 -4.700963e-13 1.206090e-11 8.840920e-11
-1.110000e+00 -1.110000e+00 -1.000000e+00 2.141980e-05 -2.141980e-05 -4.647824e-13 1.204090e-11 1.157612e-11
-1.120000e+00 -1.120000e+00 -1.000000e+00 2.146510e-05 -2.146510e-05 -4.596799e-13 1.202150e-11 1.156182e-11
-1.130000e+00 -1.130000e+00 -1.000000e+00 2.150970e-05 -2.150970e-05 -4.547772e-13 1.200280e-11 1.154802e-11
-1.140000e+00 -1.140000e+00 -1.000000e+00 2.155360e-05 -2.155360e-05 -4.500633e-13 1.198460e-11 1.153454e-11
-1.150000e+00 -1.150000e+00 -1.000000e+00 2.159680e-05 -2.159690e-05 -4.455281e-13 1.196700e-11 8.847853e-11
-1.160000e+00 -1.160000e+00 -1.000000e+00 2.163940e-05 -2.163940e-05 -4.411621e-13 1.195000e-11 1.150884e-11
-1.170000e+00 -1.170000e+00 -1.000000e+00 2.168130e-05 -2.168130e-05 -4.369565e-13 1.193350e-11 1.149654e-11
-1.180000e+00 -1.180000e+00 -1.000000e+00 2.172250e-05 -2.172250e-05 -4.329029e-13 1.191740e-11 1.148450e-11
-1.190000e+00 -1.190000e+00 -1.000000e+00 2.176310e-05 -2.176310e-05 -4.289936e-13 1.190180e-11 1.147281e-11
-1.200000e+00 -1.200000e+00 -1.000000e+00 2.180320e-05 -2.180320e-05 -4.252213e-13 1.188670e-11 1.146148e-11
0.000000e+00 0.000000e+00 -1.200000e+00 -4.345140e-11 -4.345140e-11 -3.969520e-02 3.969520e-02 8.690280e-11
-1.000000e-02 -1.000000e-02 -1.200000e+00 4.576454e-07 -4.577307e-07 -2.989710e-02 2.989710e-02 8.530000e-11
-2.000000e-02 -2.000000e-02 -1.200000e+00 9.138634e-07 -9.139472e-07 -2.252260e-02 2.252260e-02 8.380000e-11
-3.000000e-02 -3.000000e-02 -1.200000e+00 1.368600e-06 -1.368600e-06 -1.697110e-02 1.697110e-02 0.000000e+00
-4.000000e-02 -4.000000e-02 -1.200000e+00 1.821700e-06 -1.821800e-06 -1.279120e-02 1.279120e-02 1.000000e-10
-5.000000e-02 -5.000000e-02 -1.200000e+00 2.273200e-06 -2.273200e-06 -9.643300e-03 9.643300e-03 0.000000e+00
-6.000000e-02 -6.000000e-02 -1.200000e+00 2.722900e-06 -2.723000e-06 -7.272300e-03 7.272300e-03 1.000000e-10
-7.000000e-02 -7.000000e-02 -1.200000e+00 3.170900e-06 -3.171000e-06 -5.486000e-03 5.486000e-03 1.000000e-10
-8.000000e-02 -8.000000e-02 -1.200000e+00 3.617100e-06 -3.617200e-06 -4.139900e-03 4.139900e-03 1.000000e-10
-9.000000e-02 -9.000000e-02 -1.200000e+00 4.061300e-06 -4.061400e-06 -3.125300e-03 3.125300e-03 1.000000e-10
-1.000000e-01 -1.000000e-01 -1.200000e+00 4.503500e-06 -4.503600e-06 -2.360300e-03 2.360300e-03 1.000000e-10
-1.100000e-01 -1.100000e-01 -1.200000e+00 4.943600e-06 -4.943700e-06 -1.783500e-03 1.783500e-03 1.000000e-10
-1.200000e-01 -1.200000e-01 -1.200000e+00 5.381500e-06 -5.381600e-06 -1.348300e-03 1.348300e-03 1.000000e-10
-1.300000e-01 -1.300000e-01 -1.200000e+00 5.817100e-06 -5.817200e-06 -1.019900e-03 1.019900e-03 1.000000e-10
-1.400000e-01 -1.400000e-01 -1.200000e+00 6.250300e-06 -6.250400e-06 -7.719535e-04 7.719535e-04 1.000000e-10
-1.500000e-01 -1.500000e-01 -1.200000e+00 6.681100e-06 -6.681200e-06 -5.847053e-04 5.847054e-04 1.084202e-19
-1.600000e-01 -1.600000e-01 -1.200000e+00 7.109300e-06 -7.109400e-06 -4.432174e-04 4.432174e-04 1.000000e-10
-1.700000e-01 -1.700000e-01 -1.200000e+00 7.534900e-06 -7.534900e-06 -3.362502e-04 3.362503e-04 1.000000e-10
-1.800000e-01 -1.800000e-01 -1.200000e+00 7.957700e-06 -7.957700e-06 -2.553341e-04 2.553341e-04 0.000000e+00
-1.900000e-01 -1.900000e-01 -1.200000e+00 8.377600e-06 -8.377700e-06 -1.940849e-04 1.940850e-04 0.000000e+00
-2.000000e-01 -2.000000e-01 -1.200000e+00 8.794600e-06 -8.794700e-06 -1.476896e-04 1.476897e-04 5.421011e-20
-2.100000e-01 -2.100000e-01 -1.200000e+00 9.208700e-06 -9.208700e-06 -1.125185e-04 1.125185e-04 0.000000e+00
-2.200000e-01 -2.200000e-01 -1.200000e+00 9.619600e-06 -9.619600e-06 -8.583320e-05 8.583330e-05 1.000000e-10
-2.300000e-01 -2.300000e-01 -1.200000e+00 1.002730e-05 -1.002740e-05 -6.556760e-05 6.556760e-05 1.000000e-10
-2.400000e-01 -2.400000e-01 -1.200000e+00 1.043180e-05 -1.043190e-05 -5.016150e-05 5.016160e-05 0.000000e+00
-2.500000e-01 -2.500000e-01 -1.200000e+00 1.083300e-05 -1.083300e-05 -3.843680e-05 3.843680e-05 0.000000e+00
-2.600000e-01 -2.600000e-01 -1.200000e+00 1.123080e-05 -1.123080e-05 -2.950310e-05 2.950310e-05 0.000000e+00
-2.700000e-01 -2.700000e-01 -1.200000e+00 1.162510e-05 -1.162520e-05 -2.268720e-05 2.268730e-05 3.388132e-21
-2.800000e-01 -2.800000e-01 -1.200000e+00 1.201600e-05 -1.201600e-05 -1.747990e-05 1.748000e-05 1.000000e-10
-2.900000e-01 -2.900000e-01 -1.200000e+00 1.240330e-05 -1.240330e-05 -1.349570e-05 1.349580e-05 1.000000e-10
-3.000000e-01 -3.000000e-01 -1.200000e+00 1.278700e-05 -1.278700e-05 -1.044240e-05 1.044240e-05 0.000000e+00
-3.100000e-01 -3.100000e-01 -1.200000e+00 1.316700e-05 -1.316710e-05 -8.098500e-06 8.098600e-06 0.000000e+00
-3.200000e-01 -3.200000e-01 -1.200000e+00 1.354340e-05 -1.354350e-05 -6.296100e-06 6.296100e-06 1.000000e-10
-3.300000e-01 -3.300000e-01 -1.200000e+00 1.391620e-05 -1.391620e-05 -4.907300e-06 4.907300e-06 0.000000e+00
-3.400000e-01 -3.400000e-01 -1.200000e+00 1.428520e-05 -1.428520e-05 -3.835100e-06 3.835100e-06 0.000000e+00
-3.500000e-01 -3.500000e-01 -1.200000e+00 1.465040e-05 -1.465050e-05 -3.005500e-06 3.005600e-06 1.270549e-21
-3.600000e-01 -3.600000e-01 -1.200000e+00 1.501200e-05 -1.501200e-05 -2.362300e-06 2.362300e-06 0.000000e+00
-3.700000e-01 -3.700000e-01 -1.200000e+00 1.536970e-05 -1.536970e-05 -1.862300e-06 1.862400e-06 1.000000e-10
-3.800000e-01 -3.800000e-01 -1.200000e+00 1.572360e-05 -1.572370e-05 -1.472800e-06 1.472800e-06 1.000000e-10
-3.900000e-01 -3.900000e-01 -1.200000e+00 1.607380e-05 -1.607380e-05 -1.168500e-06 1.168600e-06 1.000000e-10
-4.000000e-01 -4.000000e-01 -1.200000e+00 1.642010e-05 -1.642010e-05 -9.302582e-07 9.303001e-07 4.190000e-11
-4.100000e-01 -4.100000e-01 -1.200000e+00 1.676260e-05 -1.676260e-05 -7.431244e-07 7.431656e-07 4.120000e-11
-4.200000e-01 -4.200000e-01 -1.200000e+00 1.710120e-05 -1.710120e-05 -5.957454e-07 5.957859e-07 4.050000e-11
-4.300000e-01 -4.300000e-01 -1.200000e+00 1.743600e-05 -1.743600e-05 -4.793355e-07 4.793753e-07 3.980000e-11
-4.400000e-01 -4.400000e-01 -1.200000e+00 1.776680e-05 -1.776680e-05 -3.871097e-07 3.871489e-07 3.920000e-11
-4.500000e-01 -4.500000e-01 -1.200000e+00 1.809380e-05 -1.809380e-05 -3.138176e-07 3.138562e-07 3.860000e-11
-4.600000e-01 -4.600000e-01 -1.200000e+00 1.841680e-05 -1.841680e-05 -2.553874e-07 2.554253e-07 3.790000e-11
-4.700000e-01 -4.700000e-01 -1.200000e+00 1.873580e-05 -1.873580e-05 -2.086544e-07 2.086918e-07 3.740000e-11
-4.800000e-01 -4.800000e-01 -1.200000e+00 1.905080e-05 -1.905080e-05 -1.711534e-07 1.711902e-07 3.680000e-11
-4.900000e-01 -4.900000e-01 -1.200000e+00 1.936180e-05 -1.936180e-05 -1.409595e-07 1.409957e-07 3.620000e-11
-5.000000e-01 -5.000000e-01 -1.200000e+00 1.966870e-05 -1.966870e-05 -1.165658e-07 1.166015e-07 3.570000e-11
-5.100000e-01 -5.100000e-01 -1.200000e+00 1.997150e-05 -1.997150e-05 -9.679000e-08 9.682520e-08 3.520000e-11
-5.200000e-01 -5.200000e-01 -1.200000e+00 2.027020e-05 -2.027020e-05 -8.070170e-08 8.073650e-08 3.480000e-11
-5.300000e-01 -5.300000e-01 -1.200000e+00 2.056460e-05 -2.056470e-05 -6.756730e-08 6.760150e-08 6.580000e-11
-5.400000e-01 -5.400000e-01 -1.200000e+00 2.085490e-05 -2.085490e-05 -5.680620e-08 5.683990e-08 3.370000e-11
-5.500000e-01 -5.500000e-01 -1.200000e+00 2.114090e-05 -2.114090e-05 -4.795800e-08 4.799130e-08 3.330000e-11
-5.600000e-01 -5.600000e-01 -1.200000e+00 2.142260e-05 -2.142260e-05 -4.065670e-08 4.068960e-08 3.290000e-11
-5.700000e-01 -5.700000e-01 -1.200000e+00 2.169990e-05 -2.170000e-05 -3.461010e-08 3.464250e-08 6.760000e-11
-5.800000e-01 -5.800000e-01 -1.200000e+00 2.197290e-05 -2.197300e-05 -2.958460e-08 2.961660e-08 6.800000e-11
-5.900000e-01 -5.900000e-01 -1.200000e+00 2.224150e-05 -2.224160e-05 -2.539280e-08 2.542440e-08 6.840000e-11
-6.000000e-01 -6.000000e-01 -1.200000e+00 2.250570e-05 -2.250580e-05 -2.188380e-08 2.191510e-08 6.870000e-11
-6.100000e-01 -6.100000e-01 -1.200000e+00 2.276550e-05 -2.276550e-05 -1.893600e-08 1.896700e-08 3.100000e-11
-6.200000e-01 -6.200000e-01 -1.200000e+00 2.302080e-05 -2.302080e-05 -1.645090e-08 1.648150e-08 3.060000e-11
-6.300000e-01 -6.300000e-01 -1.200000e+00 2.327160e-05 -2.327160e-05 -1.434840e-08 1.437870e-08 3.030000e-11
-6.400000e-01 -6.400000e-01 -1.200000e+00 2.351800e-05 -2.351800e-05 -1.256350e-08 1.259340e-08 2.990000e-11
-6.500000e-01 -6.500000e-01 -1.200000e+00 2.375980e-05 -2.375990e-05 -1.104290e-08 1.107250e-08 7.040000e-11
-6.600000e-01 -6.600000e-01 -1.200000e+00 2.399730e-05 -2.399730e-05 -9.743100e-09 9.772400e-09 2.930000e-11
-6.700000e-01 -6.700000e-01 -1.200000e+00 2.423020e-05 -2.423020e-05 -8.628300e-09 8.657300e-09 2.900000e-11
-6.800000e-01 -6.800000e-01 -1.200000e+00 2.445870e-05 -2.445880e-05 -7.668900e-09 7.697600e-09 7.130000e-11
-6.900000e-01 -6.900000e-01 -1.200000e+00 2.468280e-05 -2.468290e-05 -6.840700e-09 6.869100e-09 7.160000e-11
-7.000000e-01 -7.000000e-01 -1.200000e+00 2.490260e-05 -2.490260e-05 -6.123300e-09 6.151500e-09 2.820000e-11
-7.100000e-01 -7.100000e-01 -1.200000e+00 2.511790e-05 -2.511790e-05 -5.499900e-09 5.527900e-09 2.800000e-11
-7.200000e-01 -7.200000e-01 -1.200000e+00 2.532890e-05 -2.532900e-05 -4.956600e-09 4.984300e-09 7.230000e-11
-7.300000e-01 -7.300000e-01 -1.200000e+00 2.553570e-05 -2.553570e-05 -4.481600e-09 4.509100e-09 2.750000e-11
-7.400000e-01 -7.400000e-01 -1.200000e+00 2.573820e-05 -2.573820e-05 -4.065100e-09 4.092300e-09 2.720000e-11
-7.500000e-01 -7.500000e-01 -1.200000e+00 2.593650e-05 -2.593660e-05 -3.698800e-09 3.725800e-09 7.300000e-11
-7.600000e-01 -7.600000e-01 -1.200000e+00 2.613070e-05 -2.613080e-05 -3.375700e-09 3.402500e-09 7.320000e-11
-7.700000e-01 -7.700000e-01 -1.200000e+00 2.632090e-05 -2.632090e-05 -3.089900e-09 3.116500e-09 2.660000e-11
-7.800000e-01 -7.800000e-01 -1.200000e+00 2.650700e-05 -2.650700e-05 -2.836400e-09 2.862800e-09 2.640000e-11
-7.900000e-01 -7.900000e-01 -1.200000e+00 2.668920e-05 -2.668920e-05 -2.611000e-09 2.637200e-09 2.620000e-11
-8.000000e-01 -8.000000e-01 -1.200000e+00 2.686750e-05 -2.686750e-05 -2.410000e-09 2.436000e-09 2.600000e-11
-8.100000e-01 -8.100000e-01 -1.200000e+00 2.704200e-05 -2.704200e-05 -2.230300e-09 2.256100e-09 2.580000e-11
-8.200000e-01 -8.200000e-01 -1.200000e+00 2.721280e-05 -2.721280e-05 -2.069200e-09 2.094900e-09 2.570000e-11
-8.300000e-01 -8.300000e-01 -1.200000e+00 2.737990e-05 -2.737990e-05 -1.924600e-09 1.950100e-09 2.550000e-11
-8.400000e-01 -8.400000e-01 -1.200000e+00 2.754340e-05 -2.754340e-05 -1.794300e-09 1.819700e-09 2.540000e-11
-8.500000e-01 -8.500000e-01 -1.200000e+00 2.770340e-05 -2.770340e-05 -1.676700e-09 1.701900e-09 2.520000e-11
-8.600000e-01 -8.600000e-01 -1.200000e+00 2.785990e-05 -2.785990e-05 -1.570300e-09 1.595400e-09 2.510000e-11
-8.700000e-01 -8.700000e-01 -1.200000e+00 2.801310e-05 -2.801310e-05 -1.473800e-09 1.498800e-09 2.500000e-11
-8.800000e-01 -8.800000e-01 -1.200000e+00 2.816300e-05 -2.816300e-05 -1.386200e-09 1.411000e-09 2.480000e-11
-8.900000e-01 -8.900000e-01 -1.200000e+00 2.830970e-05 -2.830970e-05 -1.306300e-09 1.331000e-09 2.470000e-11
-9.000000e-01 -9.000000e-01 -1.200000e+00 2.845320e-05 -2.845320e-05 -1.233500e-09 1.258100e-09 2.460000e-11
-9.100000e-01 -9.100000e-01 -1.200000e+00 2.859370e-05 -2.859370e-05 -1.167000e-09 1.191400e-09 2.440000e-11
-9.200000e-01 -9.200000e-01 -1.200000e+00 2.873120e-05 -2.873120e-05 -1.106000e-09 1.130300e-09 2.430000e-11
-9.300000e-01 -9.300000e-01 -1.200000e+00 2.886580e-05 -2.886580e-05 -1.050100e-09 1.074300e-09 2.420000e-11
-9.400000e-01 -9.400000e-01 -1.200000e+00 2.899750e-05 -2.899750e-05 -9.986186e-10 1.022700e-09 2.408140e-11
-9.500000e-01 -9.500000e-01 -1.200000e+00 2.912650e-05 -2.912650e-05 -9.512522e-10 9.752754e-10 2.402320e-11
-9.600000e-01 -9.600000e-01 -1.200000e+00 2.925270e-05 -2.925280e-05 -9.075558e-10 9.314802e-10 7.607560e-11
-9.700000e-01 -9.700000e-01 -1.200000e+00 2.937640e-05 -2.937640e-05 -8.671778e-10 8.910068e-10 2.382900e-11
-9.800000e-01 -9.800000e-01 -1.200000e+00 2.949750e-05 -2.949750e-05 -8.298054e-10 8.535424e-10 2.373700e-11
-9.900000e-01 -9.900000e-01 -1.200000e+00 2.961610e-05 -2.961610e-05 -7.951604e-10 8.188085e-10 2.364810e-11
-1.000000e+00 -1.000000e+00 -1.200000e+00 2.973230e-05 -2.973230e-05 -7.629944e-10 7.865566e-10 2.356220e-11
-1.010000e+00 -1.010000e+00 -1.200000e+00 2.984610e-05 -2.984610e-05 -7.330854e-10 7.565648e-10 2.347940e-11
-1.020000e+00 -1.020000e+00 -1.200000e+00 2.995760e-05 -2.995760e-05 -7.052349e-10 7.286341e-10 2.339920e-11
-1.030000e+00 -1.030000e+00 -1.200000e+00 3.006690e-05 -3.006690e-05 -6.792646e-10 7.025864e-10 2.332180e-11
-1.040000e+00 -1.040000e+00 -1.200000e+00 3.017400e-05 -3.017410e-05 -6.550142e-10 6.782612e-10 7.675300e-11
-1.050000e+00 -1.050000e+00 -1.200000e+00 3.027910e-05 -3.027910e-05 -6.323399e-10 6.555144e-10 2.317450e-11
-1.060000e+00 -1.060000e+00 -1.200000e+00 3.038200e-05 -3.038200e-05 -6.111116e-10 6.342161e-10 2.310450e-11
-1.070000e+00 -1.070000e+00 -1.200000e+00 3.048300e-05 -3.048300e-05 -5.912120e-10 6.142489e-10 2.303690e-11
-1.080000e+00 -1.080000e+00 -1.200000e+00 3.058200e-05 -3.058200e-05 -5.725353e-10 5.955066e-10 2.297130e-11
-1.090000e+00 -1.090000e+00 -1.200000e+00 3.067920e-05 -3.067920e-05 -5.549852e-10 5.778931e-10 2.290790e-11
-1.100000e+00 -1.100000e+00 -1.200000e+00 3.077440e-05 -3.077450e-05 -5.384748e-10 5.613213e-10 7.715350e-11
-1.110000e+00 -1.110000e+00 -1.200000e+00 3.086800e-05 -3.086800e-05 -5.229250e-10 5.457119e-10 2.278690e-11
-1.120000e+00 -1.120000e+00 -1.200000e+00 3.095970e-05 -3.095980e-05 -5.082636e-10 5.309929e-10 7.727070e-11
-1.130000e+00 -1.130000e+00 -1.200000e+00 3.104980e-05 -3.104980e-05 -4.944253e-10 5.170988e-10 2.267350e-11
-1.140000e+00 -1.140000e+00 -1.200000e+00 3.113830e-05 -3.113830e-05 -4.813502e-10 5.039696e-10 2.261940e-11
-1.150000e+00 -1.150000e+00 -1.200000e+00 3.122510e-05 -3.122510e-05 -4.689838e-10 4.915506e-10 2.256680e-11
-1.160000e+00 -1.160000e+00 -1.200000e+00 3.131040e-05 -3.131040e-05 -4.572760e-10 4.797919e-10 2.251590e-11
-1.170000e+00 -1.170000e+00 -1.200000e+00 3.139420e-05 -3.139420e-05 -4.461811e-10 4.686477e-10 2.246660e-11
-1.180000e+00 -1.180000e+00 -1.200000e+00 3.147650e-05 -3.147650e-05 -4.356573e-10 4.580760e-10 2.241870e-11
-1.190000e+00 -1.190000e+00 -1.200000e+00 3.155740e-05 -3.155740e-05 -4.256661e-10 4.480383e-10 2.237220e-11
-1.200000e+00 -1.200000e+00 -1.200000e+00 3.163690e-05 -3.163690e-05 -4.161720e-10 4.384990e-10 2.232700e-11