Vg Cgg Cdg Csg Cbg Cgd Cdd Csd Cbd Cgs Cds Css Cbs Cgb Cdb Csb Cbb
-0.8 1.1184E-13 -3.55829E-15 -3.60918E-15 -1.04672E-13 -3.55825E-15 4.56227E-15 1.93243E-24 -1.00402E-15 -3.74694E-15 5.83006E-20 4.87128E-15 -1.12439E-15 -1.04534E-13 -1.00404E-15 -1.26209E-15 1.068E-13
-0.75 1.11563E-13 -3.55979E-15 -3.61399E-15 -1.04389E-13 -3.55974E-15 4.56376E-15 2.7944E-24 -1.00402E-15 -3.75132E-15 8.39084E-20 4.87609E-15 -1.12486E-15 -1.04252E-13 -1.00405E-15 -1.26211E-15 1.06518E-13
-0.7 1.11276E-13 -3.56137E-15 -3.61925E-15 -1.04095E-13 -3.56129E-15 4.56531E-15 4.04082E-24 -1.00402E-15 -3.75612E-15 1.20759E-19 4.88137E-15 -1.12537E-15 -1.03959E-13 -1.00406E-15 -1.26212E-15 1.06225E-13
-0.65 1.10978E-13 -3.56302E-15 -3.62503E-15 -1.0379E-13 -3.56291E-15 4.56693E-15 5.84309E-24 -1.00402E-15 -3.7614E-15 1.73783E-19 4.88718E-15 -1.12596E-15 -1.03654E-13 -1.00408E-15 -1.26215E-15 1.0592E-13
-0.6 1.1067E-13 -3.56477E-15 -3.63143E-15 -1.03474E-13 -3.5646E-15 4.56862E-15 8.44901E-24 -1.00402E-15 -3.76724E-15 2.50072E-19 4.89362E-15 -1.12663E-15 -1.03338E-13 -1.0041E-15 -1.26219E-15 1.05604E-13
-0.55 1.10351E-13 -3.56661E-15 -3.63855E-15 -1.03146E-13 -3.56637E-15 4.57039E-15 1.22167E-23 -1.00402E-15 -3.77371E-15 3.59819E-19 4.90079E-15 -1.12744E-15 -1.03011E-13 -1.00414E-15 -1.26224E-15 1.05278E-13
-0.5 1.10023E-13 -3.56857E-15 -3.64653E-15 -1.02807E-13 -3.56822E-15 4.57224E-15 1.76637E-23 -1.00402E-15 -3.78093E-15 5.17666E-19 4.90885E-15 -1.12843E-15 -1.02673E-13 -1.00419E-15 -1.26232E-15 1.0494E-13
-0.45 1.09685E-13 -3.57067E-15 -3.65552E-15 -1.02458E-13 -3.57017E-15 4.57418E-15 2.55374E-23 -1.00402E-15 -3.78902E-15 7.44633E-19 4.91794E-15 -1.12967E-15 -1.02325E-13 -1.00426E-15 -1.26243E-15 1.04592E-13
-0.4 1.09339E-13 -3.57293E-15 -3.66571E-15 -1.02101E-13 -3.57221E-15 4.57623E-15 3.69171E-23 -1.00402E-15 -3.79811E-15 1.07087E-18 4.9283E-15 -1.13126E-15 -1.01969E-13 -1.00436E-15 -1.26258E-15 1.04236E-13
-0.35 1.0899E-13 -3.57541E-15 -3.67734E-15 -1.01737E-13 -3.57436E-15 4.57838E-15 5.33598E-23 -1.00402E-15 -3.80833E-15 1.53953E-18 4.94014E-15 -1.13334E-15 -1.01607E-13 -1.00451E-15 -1.2628E-15 1.03874E-13
-0.3 1.08642E-13 -3.57814E-15 -3.69063E-15 -1.01374E-13 -3.57663E-15 4.58064E-15 7.71097E-23 -1.00402E-15 -3.81983E-15 2.21232E-18 4.95375E-15 -1.13613E-15 -1.01246E-13 -1.00472E-15 -1.26312E-15 1.03514E-13
-0.25 1.07655E-13 -3.5812E-15 -3.70581E-15 -1.00368E-13 -3.57902E-15 4.58304E-15 1.11396E-22 -1.00402E-15 -3.83223E-15 3.17714E-18 4.96938E-15 -1.14032E-15 -1.00244E-13 -1.00502E-15 -1.26356E-15 1.02513E-13
-0.2 1.03377E-13 -3.5847E-15 -3.72303E-15 -9.60693E-14 -3.58156E-15 4.58558E-15 1.60859E-22 -1.00402E-15 -3.84306E-15 4.5587E-18 4.98722E-15 -1.14872E-15 -9.59524E-14 -1.00544E-15 -1.26419E-15 9.8222E-14
-0.15 9.28295E-14 -3.58877E-15 -3.74222E-15 -8.54985E-14 -3.58425E-15 4.58827E-15 2.32143E-22 -1.00402E-15 -3.8485E-15 6.53306E-18 5.0073E-15 -1.16533E-15 -8.53967E-14 -1.00603E-15 -1.26508E-15 8.76678E-14
-0.1 7.79409E-14 -3.59361E-15 -3.76299E-15 -7.05843E-14 -3.58711E-15 4.59113E-15 3.34727E-22 -1.00402E-15 -3.85081E-15 9.34678E-18 5.02933E-15 -1.18786E-15 -7.0503E-14 -1.00687E-15 -1.26633E-15 7.27762E-14
-0.05 6.53136E-14 -3.59948E-15 -3.78465E-15 -5.79295E-14 -3.59016E-15 4.59418E-15 4.82073E-22 -1.00402E-15 -3.8577E-15 1.3342E-17 5.05273E-15 -1.20838E-15 -5.78658E-14 -1.00804E-15 -1.26809E-15 6.01419E-14
0 5.65125E-14 -3.60676E-15 -3.80641E-15 -4.90994E-14 -3.59342E-15 4.59744E-15 6.93161E-22 -1.00402E-15 -3.87047E-15 1.89883E-17 5.07695E-15 -1.22547E-15 -4.90487E-14 -1.00967E-15 -1.27054E-15 5.13289E-14
0.05 5.0427E-14 -3.61592E-15 -3.82799E-15 -4.2983E-14 -3.59692E-15 4.60094E-15 9.94559E-22 -1.00402E-15 -3.88764E-15 2.69217E-17 5.10192E-15 -1.24121E-15 -4.29424E-14 -1.01194E-15 -1.27393E-15 4.52283E-14
0.1 4.60399E-14 -3.62764E-15 -3.84998E-15 -3.85623E-14 -3.60068E-15 4.6047E-15 1.42313E-21 -1.00402E-15 -3.90887E-15 3.79958E-17 5.12859E-15 -1.25772E-15 -3.85304E-14 -1.01506E-15 -1.27861E-15 4.08241E-14
0.15 4.27347E-14 -3.64278E-15 -3.87392E-15 -3.5218E-14 -3.60474E-15 4.60876E-15 2.02961E-21 -1.00402E-15 -3.93535E-15 5.3351E-17 5.15892E-15 -1.27692E-15 -3.51946E-14 -1.01932E-15 -1.28501E-15 3.74989E-14
0.2 4.01519E-14 -3.66255E-15 -3.9021E-15 -3.25873E-14 -3.60914E-15 4.61315E-15 2.88352E-21 -1.00402E-15 -3.96945E-15 7.45233E-17 5.1958E-15 -1.30087E-15 -3.25733E-14 -1.02512E-15 -1.2937E-15 3.48922E-14
0.25 3.80766E-14 -3.68858E-15 -3.9375E-15 -3.04505E-14 -3.61392E-15 4.61794E-15 4.08008E-21 -1.00402E-15 -4.01457E-15 1.03625E-16 5.24298E-15 -1.33203E-15 -3.04481E-14 -1.03298E-15 -1.30548E-15 3.27866E-14
0.3 3.63749E-14 -3.72319E-15 -3.98401E-15 -2.86677E-14 -3.61915E-15 4.62317E-15 5.75073E-21 -1.00402E-15 -4.07545E-15 1.4365E-16 5.30545E-15 -1.37365E-15 -2.86803E-14 -1.04363E-15 -1.32144E-15 3.10454E-14
0.35 3.49618E-14 -3.76974E-15 -4.04691E-15 -2.71452E-14 -3.6249E-15 4.62891E-15 8.07939E-21 -1.00402E-15 -4.15898E-15 1.98951E-16 5.39007E-15 -1.43004E-15 -2.7178E-14 -1.05812E-15 -1.34317E-15 2.95792E-14
0.4 3.37835E-14 -3.83318E-15 -4.13376E-15 -2.58165E-14 -3.63123E-15 4.63524E-15 1.13276E-20 -1.00402E-15 -4.27563E-15 2.75941E-16 5.50672E-15 -1.50704E-15 -2.58766E-14 -1.078E-15 -1.37297E-15 2.83276E-14
0.45 3.28085E-14 -3.92083E-15 -4.25552E-15 -2.46321E-14 -3.63826E-15 4.64227E-15 1.58726E-20 -1.00403E-15 -4.44128E-15 3.84071E-16 5.66971E-15 -1.6125E-15 -2.47289E-14 -1.10551E-15 -1.41421E-15 2.72487E-14
0.5 3.20238E-14 -4.04335E-15 -4.42811E-15 -2.35523E-14 -3.6461E-15 4.65011E-15 2.22639E-20 -1.00403E-15 -4.67991E-15 5.37101E-16 5.89978E-15 -1.75697E-15 -2.36977E-14 -1.14386E-15 -1.47169E-15 2.63133E-14
0.55 3.14333E-14 -4.21607E-15 -4.67437E-15 -2.25429E-14 -3.6549E-15 4.6589E-15 3.13049E-20 -1.00404E-15 -5.02686E-15 7.54725E-16 6.22653E-15 -1.95439E-15 -2.27516E-14 -1.19756E-15 -1.55219E-15 2.55013E-14
0.6 3.10594E-14 -4.46054E-15 -5.02643E-15 -2.15725E-14 -3.66482E-15 4.66881E-15 4.41691E-20 -1.00404E-15 -5.53305E-15 1.06453E-15 6.69137E-15 -2.22285E-15 -2.18616E-14 -1.27281E-15 -1.66499E-15 2.47994E-14
0.65 3.09449E-14 -4.80637E-15 -5.52841E-15 -2.06101E-14 -3.67604E-15 4.68003E-15 6.25633E-20 -1.00405E-15 -6.26999E-15 1.50421E-15 7.35083E-15 -2.58505E-15 -2.09989E-14 -1.37787E-15 -1.82248E-15 2.41992E-14
0.7 3.11565E-14 -5.29287E-15 -6.23902E-15 -1.96246E-14 -3.68875E-15 4.69273E-15 8.89551E-20 -1.00407E-15 -7.33503E-15 2.12354E-15 8.27955E-15 -3.06805E-15 -2.01328E-14 -1.52339E-15 -2.04061E-15 2.36968E-14
0.75 3.17875E-14 -5.96977E-15 -7.23261E-15 -1.85851E-14 -3.70309E-15 4.70706E-15 1.26882E-19 -1.00409E-15 -8.85492E-15 2.98505E-15 9.57131E-15 -3.70145E-15 -1.92295E-14 -1.72234E-15 -2.33883E-15 2.32906E-14
0.8 3.29546E-14 -6.89502E-15 -8.59603E-15 -1.74635E-14 -3.7191E-15 4.72304E-15 1.81361E-19 -1.00413E-15 -1.09826E-14 4.1611E-15 1.13346E-14 -4.51311E-15 -1.82529E-14 -1.98912E-15 -2.73872E-15 2.29808E-14
0.85 3.47844E-14 -8.12699E-15 -1.04171E-14 -1.62403E-14 -3.73655E-15 4.74046E-15 2.59394E-19 -1.00417E-15 -1.38793E-14 5.7237E-15 1.36773E-14 -5.52166E-15 -1.71685E-14 -2.33717E-15 -3.2604E-15 2.27661E-14
0.9 3.73811E-14 -9.70852E-15 -1.2761E-14 -1.49116E-14 -3.75483E-15 4.7587E-15 3.70541E-19 -1.00424E-15 -1.76745E-14 7.7243E-15 1.66765E-14 -6.72634E-15 -1.59518E-14 -2.77448E-15 -3.91586E-15 2.26422E-14
0.95 4.07773E-14 -1.16442E-14 -1.56361E-14 -1.3497E-14 -3.77291E-15 4.77672E-15 5.27513E-19 -1.00434E-15 -2.24041E-14 1.01653E-14 2.03359E-14 -8.09719E-15 -1.46004E-14 -3.29789E-15 -4.70031E-15 2.25986E-14
1 4.48846E-14 -1.38795E-14 -1.89626E-14 -1.20426E-14 -3.78959E-15 4.79331E-15 7.46709E-19 -1.00447E-15 -2.79509E-14 1.29747E-14 2.45472E-14 -9.57107E-15 -1.31442E-14 -3.88853E-15 -5.58542E-15 2.26181E-14
1.05 4.94772E-14 -1.6297E-14 -2.25655E-14 -1.06147E-14 -3.80395E-15 4.80755E-15 1.04874E-18 -1.00465E-15 -3.4027E-14 1.60017E-14 2.90844E-14 -1.10591E-14 -1.16462E-14 -4.51223E-15 -6.51995E-15 2.26784E-14
1.1 5.42313E-14 -1.87381E-14 -2.62076E-14 -9.2856E-15 -3.81575E-15 4.81919E-15 1.45909E-18 -1.0049E-15 -4.02269E-14 1.90457E-14 3.36466E-14 -1.24654E-14 -1.01886E-14 -5.12678E-15 -7.44053E-15 2.2756E-14
1.15 5.88096E-14 -2.10444E-14 -2.96505E-14 -8.11475E-15 -3.82539E-15 4.82861E-15 2.00913E-18 -1.00524E-15 -4.61352E-14 2.19088E-14 3.7937E-14 -1.37107E-14 -8.84908E-15 -5.69307E-15 -8.28851E-15 2.28307E-14
1.2 6.29465E-14 -2.30963E-14 -3.27143E-14 -7.136E-15 -3.8336E-15 4.83653E-15 2.73793E-18 -1.00568E-15 -5.1432E-14 2.44442E-14 4.17354E-14 -1.47476E-14 -7.68091E-15 -6.18447E-15 -9.02389E-15 2.28893E-14
