v(drain_bias) v(gate_bias) id_bias ig_bias is_bias ib_bias
-6.0000000000e-01 -6.0000000000e-01 1.2399124698e-11 0.0000000000e+00 -1.1793518046e-11 -6.0560665239e-13
-6.0000000000e-01 -1.2000000000e+00 6.3196418004e-06 0.0000000000e+00 -6.3196411948e-06 -6.0563726726e-13
-1.2000000000e+00 0.0000000000e+00 2.4076766608e-12 0.0000000000e+00 -1.2000001902e-12 -1.2076764706e-12
-1.2000000000e+00 -6.0000000000e-01 1.3892228799e-11 0.0000000000e+00 -1.2686620380e-11 -1.2056084187e-12
-1.2000000000e+00 -1.2000000000e+00 6.4482548576e-06 0.0000000000e+00 -6.4482531132e-06 -1.7444347166e-12
0.0000000000e+00 0.0000000000e+00 0.0000000000e+00 0.0000000000e+00 0.0000000000e+00 0.0000000000e+00
0.0000000000e+00 -6.0000000000e-01 0.0000000000e+00 0.0000000000e+00 0.0000000000e+00 0.0000000000e+00
0.0000000000e+00 -1.2000000000e+00 0.0000000000e+00 0.0000000000e+00 0.0000000000e+00 0.0000000000e+00
-6.0000000000e-01 0.0000000000e+00 1.2056068370e-12 0.0000000000e+00 -6.0000018530e-13 -6.0560665168e-13
