v(drain_bias) v(gate_bias) id_bias ig_bias is_bias ib_bias
0.0000000000e+00 0.0000000000e+00 -0.0000000000e+00 -0.0000000000e+00 -0.0000000000e+00 -0.0000000000e+00
0.0000000000e+00 6.0000000000e-01 -1.8431436932e-18 3.6862873865e-18 -1.8431436932e-18 -1.3810133199e-20
0.0000000000e+00 1.2000000000e+00 -5.2978454956e-15 1.0611737183e-14 -5.2978454956e-15 -1.6312159233e-17
0.0000000000e+00 0.0000000000e+00 -0.0000000000e+00 -0.0000000000e+00 -0.0000000000e+00 -0.0000000000e+00
0.0000000000e+00 6.0000000000e-01 -1.8431436932e-18 3.6862873865e-18 -1.8431436932e-18 -1.3810133199e-20
0.0000000000e+00 1.2000000000e+00 -5.2978454956e-15 1.0611737183e-14 -5.2978454956e-15 -1.6312159233e-17
0.0000000000e+00 0.0000000000e+00 -0.0000000000e+00 -0.0000000000e+00 -0.0000000000e+00 -0.0000000000e+00
0.0000000000e+00 6.0000000000e-01 -1.8431436932e-18 3.6862873865e-18 -1.8431436932e-18 -1.3810133199e-20
0.0000000000e+00 1.2000000000e+00 -5.2978454956e-15 1.0611737183e-14 -5.2978454956e-15 -1.6312159233e-17
