Title: * noise analysis
Date: 2026-07-20
Plotname: Noise Spectral Density Curves
Flags: real
No. Variables: 3
No. Points: 141
Variables:
	0	frequency	frequency	grid=3
	1	freq	frequency
	2	noise_spectrum	voltage-density
Values:
 0	1.000000000000000e-01
	1.000000000000000e-01
	1.533165795054059e-03
 1	1.122018454301963e-01
	1.122018454301963e-01
	1.489666763484690e-03
 2	1.258925411794167e-01
	1.258925411794167e-01
	1.447401890584267e-03
 3	1.412537544622754e-01
	1.412537544622754e-01
	1.406336160927150e-03
 4	1.584893192461113e-01
	1.584893192461113e-01
	1.366435552563635e-03
 5	1.778279410038922e-01
	1.778279410038922e-01
	1.327667008834501e-03
 6	1.995262314968879e-01
	1.995262314968879e-01
	1.289998410985371e-03
 7	2.238721138568338e-01
	2.238721138568338e-01
	1.253398551558209e-03
 8	2.511886431509578e-01
	2.511886431509578e-01
	1.217837108537913e-03
 9	2.818382931264451e-01
	2.818382931264451e-01
	1.183284620232599e-03
 10	3.162277660168377e-01
	3.162277660168377e-01
	1.149712460866770e-03
 11	3.548133892335751e-01
	3.548133892335751e-01
	1.117092816867168e-03
 12	3.981071705534969e-01
	3.981071705534969e-01
	1.085398663821669e-03
 13	4.466835921509626e-01
	4.466835921509626e-01
	1.054603744092148e-03
 14	5.011872336272717e-01
	5.011872336272717e-01
	1.024682545062786e-03
 15	5.623413251903484e-01
	5.623413251903484e-01
	9.956102780058044e-04
 16	6.309573444801925e-01
	6.309573444801925e-01
	9.673628575471452e-04
 17	7.079457843841370e-01
	7.079457843841370e-01
	9.399168817151008e-04
 18	7.943282347242805e-01
	7.943282347242805e-01
	9.132496125553835e-04
 19	8.912509381337443e-01
	8.912509381337443e-01
	8.873389572965998e-04
 20	9.999999999999986e-01
	9.999999999999986e-01
	8.621634500505524e-04
 21	1.122018454301962e+00
	1.122018454301962e+00
	8.377022340322313e-04
 22	1.258925411794165e+00
	1.258925411794165e+00
	8.139350442848000e-04
 23	1.412537544622752e+00
	1.412537544622752e+00
	7.908421908952926e-04
 24	1.584893192461111e+00
	1.584893192461111e+00
	7.684045426871543e-04
 25	1.778279410038920e+00
	1.778279410038920e+00
	7.466035113761546e-04
 26	1.995262314968876e+00
	1.995262314968876e+00
	7.254210361765856e-04
 27	2.238721138568335e+00
	2.238721138568335e+00
	7.048395688450423e-04
 28	2.511886431509575e+00
	2.511886431509575e+00
	6.848420591494426e-04
 29	2.818382931264448e+00
	2.818382931264448e+00
	6.654119407513013e-04
 30	3.162277660168372e+00
	3.162277660168372e+00
	6.465331174896258e-04
 31	3.548133892335747e+00
	3.548133892335747e+00
	6.281899500551317e-04
 32	3.981071705534963e+00
	3.981071705534963e+00
	6.103672430438107e-04
 33	4.466835921509620e+00
	4.466835921509620e+00
	5.930502323792026e-04
 34	5.011872336272710e+00
	5.011872336272710e+00
	5.762245730930350e-04
 35	5.623413251903476e+00
	5.623413251903476e+00
	5.598763274541994e-04
 36	6.309573444801916e+00
	6.309573444801916e+00
	5.439919534363283e-04
 37	7.079457843841360e+00
	7.079457843841360e+00
	5.285582935145308e-04
 38	7.943282347242793e+00
	7.943282347242793e+00
	5.135625637821195e-04
 39	8.912509381337429e+00
	8.912509381337429e+00
	4.989923433784477e-04
 40	9.999999999999970e+00
	9.999999999999970e+00
	4.848355642192341e-04
 41	1.122018454301960e+01
	1.122018454301960e+01
	4.710805010210243e-04
 42	1.258925411794163e+01
	1.258925411794163e+01
	4.577157616116904e-04
 43	1.412537544622750e+01
	1.412537544622750e+01
	4.447302775191260e-04
 44	1.584893192461108e+01
	1.584893192461108e+01
	4.321132948305356e-04
 45	1.778279410038917e+01
	1.778279410038917e+01
	4.198543653149662e-04
 46	1.995262314968873e+01
	1.995262314968873e+01
	4.079433378019582e-04
 47	2.238721138568332e+01
	2.238721138568332e+01
	3.963703498094335e-04
 48	2.511886431509571e+01
	2.511886431509571e+01
	3.851258194141628e-04
 49	2.818382931264443e+01
	2.818382931264443e+01
	3.742004373583815e-04
 50	3.162277660168368e+01
	3.162277660168368e+01
	3.635851593863476e-04
 51	3.548133892335741e+01
	3.548133892335741e+01
	3.532711988048512e-04
 52	3.981071705534957e+01
	3.981071705534957e+01
	3.432500192619055e-04
 53	4.466835921509613e+01
	4.466835921509613e+01
	3.335133277380628e-04
 54	5.011872336272702e+01
	5.011872336272702e+01
	3.240530677450138e-04
 55	5.623413251903467e+01
	5.623413251903467e+01
	3.148614127263363e-04
 56	6.309573444801906e+01
	6.309573444801906e+01
	3.059307596554760e-04
 57	7.079457843841348e+01
	7.079457843841348e+01
	2.972537228262482e-04
 58	7.943282347242780e+01
	7.943282347242780e+01
	2.888231278313600e-04
 59	8.912509381337415e+01
	8.912509381337415e+01
	2.806320057246657e-04
 60	9.999999999999955e+01
	9.999999999999955e+01
	2.726735873630731e-04
 61	1.122018454301958e+02
	1.122018454301958e+02
	2.649412979242372e-04
 62	1.258925411794161e+02
	1.258925411794161e+02
	2.574287515963842e-04
 63	1.412537544622747e+02
	1.412537544622747e+02
	2.501297464368273e-04
 64	1.584893192461106e+02
	1.584893192461106e+02
	2.430382593959511e-04
 65	1.778279410038914e+02
	1.778279410038914e+02
	2.361484415036580e-04
 66	1.995262314968870e+02
	1.995262314968870e+02
	2.294546132154936e-04
 67	2.238721138568328e+02
	2.238721138568328e+02
	2.229512599158866e-04
 68	2.511886431509567e+02
	2.511886431509567e+02
	2.166330275761679e-04
 69	2.818382931264439e+02
	2.818382931264439e+02
	2.104947185652558e-04
 70	3.162277660168363e+02
	3.162277660168363e+02
	2.045312876111233e-04
 71	3.548133892335736e+02
	3.548133892335736e+02
	1.987378379113921e-04
 72	3.981071705534951e+02
	3.981071705534951e+02
	1.931096173916228e-04
 73	4.466835921509607e+02
	4.466835921509607e+02
	1.876420151100954e-04
 74	5.011872336272695e+02
	5.011872336272695e+02
	1.823305578080957e-04
 75	5.623413251903460e+02
	5.623413251903460e+02
	1.771709066049306e-04
 76	6.309573444801897e+02
	6.309573444801897e+02
	1.721588538371000e-04
 77	7.079457843841338e+02
	7.079457843841338e+02
	1.672903200412327e-04
 78	7.943282347242769e+02
	7.943282347242769e+02
	1.625613510805585e-04
 79	8.912509381337402e+02
	8.912509381337402e+02
	1.579681154148160e-04
 80	9.999999999999940e+02
	9.999999999999940e+02
	1.535069015135905e-04
 81	1.122018454301957e+03
	1.122018454301957e+03
	1.491741154131145e-04
 82	1.258925411794159e+03
	1.258925411794159e+03
	1.449662784165386e-04
 83	1.412537544622745e+03
	1.412537544622745e+03
	1.408800249375713e-04
 84	1.584893192461103e+03
	1.584893192461103e+03
	1.369121004871739e-04
 85	1.778279410038911e+03
	1.778279410038911e+03
	1.330593598026560e-04
 86	1.995262314968866e+03
	1.995262314968866e+03
	1.293187651180096e-04
 87	2.238721138568324e+03
	2.238721138568324e+03
	1.256873845736296e-04
 88	2.511886431509563e+03
	2.511886431509563e+03
	1.221623907626271e-04
 89	2.818382931264434e+03
	2.818382931264434e+03
	1.187410594097230e-04
 90	3.162277660168357e+03
	3.162277660168357e+03
	1.154207681771437e-04
 91	3.548133892335729e+03
	3.548133892335729e+03
	1.121989955899724e-04
 92	3.981071705534944e+03
	3.981071705534944e+03
	1.090733200709558e-04
 93	4.466835921509599e+03
	4.466835921509599e+03
	1.060414190717649e-04
 94	5.011872336272686e+03
	5.011872336272686e+03
	1.031010682840617e-04
 95	5.623413251903449e+03
	5.623413251903449e+03
	1.002501409093482e-04
 96	6.309573444801886e+03
	6.309573444801886e+03
	9.748660696139343e-05
 97	7.079457843841326e+03
	7.079457843841326e+03
	9.480853256895273e-05
 98	7.943282347242755e+03
	7.943282347242755e+03
	9.221407923946482e-05
 99	8.912509381337388e+03
	8.912509381337388e+03
	8.970150303639535e-05
 100	9.999999999999924e+03
	9.999999999999924e+03
	8.726915361389642e-05
 101	1.122018454301955e+04
	1.122018454301955e+04
	8.491547304255304e-05
 102	1.258925411794157e+04
	1.258925411794157e+04
	8.263899434934443e-05
 103	1.412537544622743e+04
	1.412537544622743e+04
	8.043833968384911e-05
 104	1.584893192461101e+04
	1.584893192461101e+04
	7.831221801160068e-05
 105	1.778279410038908e+04
	1.778279410038908e+04
	7.625942222498238e-05
 106	1.995262314968863e+04
	1.995262314968863e+04
	7.427882555298293e-05
 107	2.238721138568321e+04
	2.238721138568321e+04
	7.236937714462408e-05
 108	2.511886431509559e+04
	2.511886431509559e+04
	7.053009669827899e-05
 109	2.818382931264430e+04
	2.818382931264430e+04
	6.876006801205291e-05
 110	3.162277660168352e+04
	3.162277660168352e+04
	6.705843134071845e-05
 111	3.548133892335724e+04
	3.548133892335724e+04
	6.542437446432198e-05
 112	3.981071705534938e+04
	3.981071705534938e+04
	6.385712240437678e-05
 113	4.466835921509592e+04
	4.466835921509592e+04
	6.235592576710680e-05
 114	5.011872336272678e+04
	5.011872336272678e+04
	6.092004775046569e-05
 115	5.623413251903440e+04
	5.623413251903440e+04
	5.954874992260503e-05
 116	6.309573444801875e+04
	6.309573444801875e+04
	5.824127696270361e-05
 117	7.079457843841314e+04
	7.079457843841314e+04
	5.699684064744770e-05
 118	7.943282347242741e+04
	7.943282347242741e+04
	5.581460346284027e-05
 119	8.912509381337371e+04
	8.912509381337371e+04
	5.469366231426521e-05
 120	9.999999999999904e+04
	9.999999999999904e+04
	5.363303288896550e-05
 121	1.122018454301953e+05
	1.122018454301953e+05
	5.263163528437075e-05
 122	1.258925411794155e+05
	1.258925411794155e+05
	5.168828154309419e-05
 123	1.412537544622741e+05
	1.412537544622741e+05
	5.080166572235298e-05
 124	1.584893192461098e+05
	1.584893192461098e+05
	4.997035706639618e-05
 125	1.778279410038905e+05
	1.778279410038905e+05
	4.919279674389438e-05
 126	1.995262314968859e+05
	1.995262314968859e+05
	4.846729846205632e-05
 127	2.238721138568317e+05
	2.238721138568317e+05
	4.779205308488647e-05
 128	2.511886431509554e+05
	2.511886431509554e+05
	4.716513717871315e-05
 129	2.818382931264425e+05
	2.818382931264425e+05
	4.658452520141990e-05
 130	3.162277660168346e+05
	3.162277660168346e+05
	4.604810486127208e-05
 131	3.548133892335718e+05
	3.548133892335718e+05
	4.555369501396062e-05
 132	3.981071705534931e+05
	3.981071705534931e+05
	4.509906535580238e-05
 133	4.466835921509584e+05
	4.466835921509584e+05
	4.468195711476623e-05
 134	5.011872336272670e+05
	5.011872336272670e+05
	4.430010394070753e-05
 135	5.623413251903431e+05
	5.623413251903431e+05
	4.395125224745859e-05
 136	6.309573444801865e+05
	6.309573444801865e+05
	4.363318035296110e-05
 137	7.079457843841303e+05
	7.079457843841303e+05
	4.334371588702459e-05
 138	7.943282347242729e+05
	7.943282347242729e+05
	4.308075107595837e-05
 139	8.912509381337358e+05
	8.912509381337358e+05
	4.284225565624072e-05
 140	1.000000000000000e+06
	1.000000000000000e+06
	4.262628730451576e-05
