v-sweep v(drain_iv) v(gate_iv) id is ib ig kcl
0.000000e+00 0.000000e+00 0.000000e+00 5.406600e-25 5.406600e-25 0.000000e+00 -1.081300e-24 2.000000e-29
1.000000e-02 1.000000e-02 0.000000e+00 -9.836900e-15 9.826900e-15 1.000000e-17 -7.013700e-25 7.013698e-25
2.000000e-02 2.000000e-02 0.000000e+00 -1.533010e-14 1.531010e-14 2.000000e-17 -5.259100e-25 5.259095e-25
3.000000e-02 3.000000e-02 0.000000e+00 -1.807530e-14 1.804530e-14 3.000000e-17 -4.506500e-25 4.506477e-25
4.000000e-02 4.000000e-02 0.000000e+00 -1.946090e-14 1.942090e-14 4.000000e-17 -4.188500e-25 4.188491e-25
5.000000e-02 5.000000e-02 0.000000e+00 -2.025920e-14 2.020920e-14 5.000000e-17 -4.045400e-25 4.045404e-25
6.000000e-02 6.000000e-02 0.000000e+00 -2.079740e-14 2.073740e-14 6.000000e-17 -3.975000e-25 3.974986e-25
7.000000e-02 7.000000e-02 0.000000e+00 -2.120790e-14 2.113790e-14 7.000000e-17 -3.937200e-25 3.937200e-25
8.000000e-02 8.000000e-02 0.000000e+00 -2.154780e-14 2.146780e-14 8.000000e-17 -3.915300e-25 3.915313e-25
9.000000e-02 9.000000e-02 0.000000e+00 -2.184400e-14 2.175400e-14 9.000000e-17 -3.901900e-25 3.901895e-25
1.000000e-01 1.000000e-01 0.000000e+00 -2.211070e-14 2.201070e-14 1.000000e-16 -3.893100e-25 3.893108e-25
1.100000e-01 1.100000e-01 0.000000e+00 -2.235570e-14 2.224570e-14 1.100000e-16 -3.887300e-25 3.887290e-25
1.200000e-01 1.200000e-01 0.000000e+00 -2.258400e-14 2.246400e-14 1.200000e-16 -3.883200e-25 3.883235e-25
1.300000e-01 1.300000e-01 0.000000e+00 -2.279850e-14 2.266850e-14 1.300000e-16 -3.880200e-25 3.880185e-25
1.400000e-01 1.400000e-01 0.000000e+00 -2.300170e-14 2.286170e-14 1.400000e-16 -3.878100e-25 3.878099e-25
1.500000e-01 1.500000e-01 0.000000e+00 -2.319500e-14 2.304500e-14 1.500000e-16 -3.876500e-25 3.876481e-25
1.600000e-01 1.600000e-01 0.000000e+00 -2.337960e-14 2.321960e-14 1.600000e-16 -3.875200e-25 3.875226e-25
1.700000e-01 1.700000e-01 0.000000e+00 -2.355660e-14 2.338660e-14 1.700000e-16 -3.874200e-25 3.874208e-25
1.800000e-01 1.800000e-01 0.000000e+00 -2.372670e-14 2.354670e-14 1.800000e-16 -3.873500e-25 3.873521e-25
1.900000e-01 1.900000e-01 0.000000e+00 -2.389060e-14 2.370060e-14 1.900000e-16 -3.872800e-25 3.872803e-25
2.000000e-01 2.000000e-01 0.000000e+00 -2.404870e-14 2.384870e-14 2.000000e-16 -3.872300e-25 3.872285e-25
2.100000e-01 2.100000e-01 0.000000e+00 -2.420160e-14 2.399160e-14 2.100000e-16 -3.871900e-25 3.871899e-25
2.200000e-01 2.200000e-01 0.000000e+00 -2.434960e-14 2.412960e-14 2.200000e-16 -3.871600e-25 3.871580e-25
2.300000e-01 2.300000e-01 0.000000e+00 -2.449310e-14 2.426310e-14 2.300000e-16 -3.871300e-25 3.871262e-25
2.400000e-01 2.400000e-01 0.000000e+00 -2.463240e-14 2.439240e-14 2.400000e-16 -3.871100e-25 3.871107e-25
2.500000e-01 2.500000e-01 0.000000e+00 -2.476780e-14 2.451780e-14 2.500000e-16 -3.870900e-25 3.870889e-25
2.600000e-01 2.600000e-01 0.000000e+00 -2.489950e-14 2.463950e-14 2.600000e-16 -3.870700e-25 3.870671e-25
2.700000e-01 2.700000e-01 0.000000e+00 -2.502780e-14 2.475780e-14 2.700000e-16 -3.870600e-25 3.870585e-25
2.800000e-01 2.800000e-01 0.000000e+00 -2.515280e-14 2.487280e-14 2.800000e-16 -3.870400e-25 3.870366e-25
2.900000e-01 2.900000e-01 0.000000e+00 -2.527470e-14 2.498470e-14 2.900000e-16 -3.870300e-25 3.870311e-25
3.000000e-01 3.000000e-01 0.000000e+00 -2.539380e-14 2.509380e-14 3.000000e-16 -3.870200e-25 3.870162e-25
3.100000e-01 3.100000e-01 0.000000e+00 -2.551010e-14 2.520010e-14 3.100000e-16 -3.870100e-25 3.870138e-25
3.200000e-01 3.200000e-01 0.000000e+00 -2.562380e-14 2.530380e-14 3.200000e-16 -3.870100e-25 3.870120e-25
3.300000e-01 3.300000e-01 0.000000e+00 -2.573500e-14 2.540500e-14 3.300000e-16 -3.870000e-25 3.869970e-25
3.400000e-01 3.400000e-01 0.000000e+00 -2.584390e-14 2.550390e-14 3.400000e-16 -3.869900e-25 3.869916e-25
3.500000e-01 3.500000e-01 0.000000e+00 -2.595060e-14 2.560060e-14 3.500000e-16 -3.869900e-25 3.869929e-25
3.600000e-01 3.600000e-01 0.000000e+00 -2.605510e-14 2.569510e-14 3.600000e-16 -3.869900e-25 3.869879e-25
3.700000e-01 3.700000e-01 0.000000e+00 -2.615750e-14 2.578750e-14 3.700000e-16 -3.869800e-25 3.869761e-25
3.800000e-01 3.800000e-01 0.000000e+00 -2.625810e-14 2.587810e-14 3.800000e-16 -3.869800e-25 3.869806e-25
3.900000e-01 3.900000e-01 0.000000e+00 -2.635670e-14 2.596670e-14 3.900000e-16 -3.869700e-25 3.869688e-25
4.000000e-01 4.000000e-01 0.000000e+00 -2.645360e-14 2.605360e-14 4.000000e-16 -3.869700e-25 3.869701e-25
4.100000e-01 4.100000e-01 0.000000e+00 -2.654870e-14 2.613870e-14 4.100000e-16 -3.869700e-25 3.869684e-25
4.200000e-01 4.200000e-01 0.000000e+00 -2.664230e-14 2.622230e-14 4.200000e-16 -3.869700e-25 3.869665e-25
4.300000e-01 4.300000e-01 0.000000e+00 -2.673420e-14 2.630420e-14 4.300000e-16 -3.869600e-25 3.869610e-25
4.400000e-01 4.400000e-01 0.000000e+00 -2.682460e-14 2.638460e-14 4.400000e-16 -3.869600e-25 3.869592e-25
4.500000e-01 4.500000e-01 0.000000e+00 -2.691360e-14 2.646360e-14 4.500000e-16 -3.869600e-25 3.869606e-25
4.600000e-01 4.600000e-01 0.000000e+00 -2.700110e-14 2.654110e-14 4.600000e-16 -3.869600e-25 3.869587e-25
4.700000e-01 4.700000e-01 0.000000e+00 -2.708730e-14 2.661730e-14 4.700000e-16 -3.869600e-25 3.869601e-25
4.800000e-01 4.800000e-01 0.000000e+00 -2.717220e-14 2.669220e-14 4.800000e-16 -3.869600e-25 3.869583e-25
4.900000e-01 4.900000e-01 0.000000e+00 -2.725590e-14 2.676590e-14 4.900000e-16 -3.869500e-25 3.869496e-25
5.000000e-01 5.000000e-01 0.000000e+00 -2.733830e-14 2.683830e-14 5.000000e-16 -3.869500e-25 3.869510e-25
5.100000e-01 5.100000e-01 0.000000e+00 -2.741960e-14 2.690960e-14 5.100000e-16 -3.869500e-25 3.869492e-25
5.200000e-01 5.200000e-01 0.000000e+00 -2.749970e-14 2.697970e-14 5.200000e-16 -3.869500e-25 3.869505e-25
5.300000e-01 5.300000e-01 0.000000e+00 -2.757870e-14 2.704870e-14 5.300000e-16 -3.869500e-25 3.869519e-25
5.400000e-01 5.400000e-01 0.000000e+00 -2.765670e-14 2.711670e-14 5.400000e-16 -3.869500e-25 3.869501e-25
5.500000e-01 5.500000e-01 0.000000e+00 -2.773360e-14 2.718360e-14 5.500000e-16 -3.869500e-25 3.869514e-25
5.600000e-01 5.600000e-01 0.000000e+00 -2.780960e-14 2.724960e-14 5.600000e-16 -3.869500e-25 3.869496e-25
5.700000e-01 5.700000e-01 0.000000e+00 -2.788460e-14 2.731460e-14 5.700000e-16 -3.869500e-25 3.869510e-25
5.800000e-01 5.800000e-01 0.000000e+00 -2.795860e-14 2.737860e-14 5.800000e-16 -3.869500e-25 3.869523e-25
5.900000e-01 5.900000e-01 0.000000e+00 -2.803170e-14 2.744170e-14 5.900000e-16 -3.869500e-25 3.869473e-25
6.000000e-01 6.000000e-01 0.000000e+00 -2.810400e-14 2.750400e-14 6.000000e-16 -3.869400e-25 3.869386e-25
6.100000e-01 6.100000e-01 0.000000e+00 -2.817540e-14 2.756540e-14 6.100000e-16 -3.869400e-25 3.869400e-25
6.200000e-01 6.200000e-01 0.000000e+00 -2.824600e-14 2.762600e-14 6.200000e-16 -3.869400e-25 3.869382e-25
6.300000e-01 6.300000e-01 0.000000e+00 -2.831570e-14 2.768570e-14 6.300000e-16 -3.869400e-25 3.869364e-25
6.400000e-01 6.400000e-01 0.000000e+00 -2.838470e-14 2.774470e-14 6.400000e-16 -3.869400e-25 3.869377e-25
6.500000e-01 6.500000e-01 0.000000e+00 -2.845290e-14 2.780290e-14 6.500000e-16 -3.869400e-25 3.869391e-25
6.600000e-01 6.600000e-01 0.000000e+00 -2.852040e-14 2.786040e-14 6.600000e-16 -3.869400e-25 3.869372e-25
6.700000e-01 6.700000e-01 0.000000e+00 -2.858720e-14 2.791720e-14 6.700000e-16 -3.869400e-25 3.869355e-25
6.800000e-01 6.800000e-01 0.000000e+00 -2.865320e-14 2.797320e-14 6.800000e-16 -3.869400e-25 3.869400e-25
6.900000e-01 6.900000e-01 0.000000e+00 -2.871860e-14 2.802860e-14 6.900000e-16 -3.869400e-25 3.869381e-25
7.000000e-01 7.000000e-01 0.000000e+00 -2.878330e-14 2.808330e-14 7.000000e-16 -3.869400e-25 3.869395e-25
7.100000e-01 7.100000e-01 0.000000e+00 -2.884730e-14 2.813730e-14 7.100000e-16 -3.869400e-25 3.869439e-25
7.200000e-01 7.200000e-01 0.000000e+00 -2.891080e-14 2.819080e-14 7.200000e-16 -3.869400e-25 3.869390e-25
7.300000e-01 7.300000e-01 0.000000e+00 -2.897360e-14 2.824360e-14 7.300000e-16 -3.869400e-25 3.869404e-25
7.400000e-01 7.400000e-01 0.000000e+00 -2.903580e-14 2.829580e-14 7.400000e-16 -3.869400e-25 3.869385e-25
7.500000e-01 7.500000e-01 0.000000e+00 -2.909740e-14 2.834740e-14 7.500000e-16 -3.869400e-25 3.869431e-25
7.600000e-01 7.600000e-01 0.000000e+00 -2.915840e-14 2.839840e-14 7.600000e-16 -3.869400e-25 3.869413e-25
7.700000e-01 7.700000e-01 0.000000e+00 -2.921890e-14 2.844890e-14 7.700000e-16 -3.869400e-25 3.869394e-25
7.800000e-01 7.800000e-01 0.000000e+00 -2.927880e-14 2.849880e-14 7.800000e-16 -3.869400e-25 3.869439e-25
7.900000e-01 7.900000e-01 0.000000e+00 -2.933820e-14 2.854820e-14 7.900000e-16 -3.869400e-25 3.869359e-25
8.000000e-01 8.000000e-01 0.000000e+00 -2.939710e-14 2.859710e-14 8.000000e-16 -3.869400e-25 3.869340e-25
8.100000e-01 8.100000e-01 0.000000e+00 -2.945540e-14 2.864540e-14 8.100000e-16 -3.869400e-25 3.869448e-25
8.200000e-01 8.200000e-01 0.000000e+00 -2.951330e-14 2.869330e-14 8.200000e-16 -3.869400e-25 3.869431e-25
8.300000e-01 8.300000e-01 0.000000e+00 -2.957060e-14 2.874060e-14 8.300000e-16 -3.869400e-25 3.869349e-25
8.400000e-01 8.400000e-01 0.000000e+00 -2.962750e-14 2.878750e-14 8.400000e-16 -3.869400e-25 3.869394e-25
8.500000e-01 8.500000e-01 0.000000e+00 -2.968400e-14 2.883400e-14 8.500000e-16 -3.869400e-25 3.869438e-25
8.600000e-01 8.600000e-01 0.000000e+00 -2.973990e-14 2.887990e-14 8.600000e-16 -3.869400e-25 3.869358e-25
8.700000e-01 8.700000e-01 0.000000e+00 -2.979540e-14 2.892540e-14 8.700000e-16 -3.869400e-25 3.869403e-25
8.800000e-01 8.800000e-01 0.000000e+00 -2.985050e-14 2.897050e-14 8.800000e-16 -3.869400e-25 3.869384e-25
8.900000e-01 8.900000e-01 0.000000e+00 -2.990520e-14 2.901520e-14 8.900000e-16 -3.869400e-25 3.869366e-25
9.000000e-01 9.000000e-01 0.000000e+00 -2.995940e-14 2.905940e-14 9.000000e-16 -3.869400e-25 3.869349e-25
9.100000e-01 9.100000e-01 0.000000e+00 -3.001320e-14 2.910320e-14 9.100000e-16 -3.869400e-25 3.869394e-25
9.200000e-01 9.200000e-01 0.000000e+00 -3.006660e-14 2.914660e-14 9.200000e-16 -3.869400e-25 3.869437e-25
9.300000e-01 9.300000e-01 0.000000e+00 -3.011960e-14 2.918960e-14 9.300000e-16 -3.869400e-25 3.869357e-25
9.400000e-01 9.400000e-01 0.000000e+00 -3.017230e-14 2.923230e-14 9.400000e-16 -3.869400e-25 3.869402e-25
9.500000e-01 9.500000e-01 0.000000e+00 -3.022450e-14 2.927450e-14 9.500000e-16 -3.869400e-25 3.869384e-25
9.600000e-01 9.600000e-01 0.000000e+00 -3.027640e-14 2.931640e-14 9.600000e-16 -3.869400e-25 3.869366e-25
9.700000e-01 9.700000e-01 0.000000e+00 -3.032790e-14 2.935790e-14 9.700000e-16 -3.869400e-25 3.869412e-25
9.800000e-01 9.800000e-01 0.000000e+00 -3.037910e-14 2.939910e-14 9.800000e-16 -3.869400e-25 3.869392e-25
9.900000e-01 9.900000e-01 0.000000e+00 -3.042980e-14 2.943980e-14 9.900000e-16 -3.869400e-25 3.869374e-25
1.000000e+00 1.000000e+00 0.000000e+00 -3.048030e-14 2.948030e-14 1.000000e-15 -3.869400e-25 3.869420e-25
1.010000e+00 1.010000e+00 0.000000e+00 -3.053040e-14 2.952040e-14 1.010000e-15 -3.869400e-25 3.869402e-25
1.020000e+00 1.020000e+00 0.000000e+00 -3.058020e-14 2.956020e-14 1.020000e-15 -3.869400e-25 3.869447e-25
1.030000e+00 1.030000e+00 0.000000e+00 -3.062960e-14 2.959960e-14 1.030000e-15 -3.869400e-25 3.869365e-25
1.040000e+00 1.040000e+00 0.000000e+00 -3.067880e-14 2.963880e-14 1.040000e-15 -3.869400e-25 3.869410e-25
1.050000e+00 1.050000e+00 0.000000e+00 -3.072760e-14 2.967760e-14 1.050000e-15 -3.869400e-25 3.869392e-25
1.060000e+00 1.060000e+00 0.000000e+00 -3.077610e-14 2.971610e-14 1.060000e-15 -3.869400e-25 3.869437e-25
1.070000e+00 1.070000e+00 0.000000e+00 -3.082430e-14 2.975430e-14 1.070000e-15 -3.869400e-25 3.869418e-25
1.080000e+00 1.080000e+00 0.000000e+00 -3.087220e-14 2.979220e-14 1.080000e-15 -3.869400e-25 3.869337e-25
1.090000e+00 1.090000e+00 0.000000e+00 -3.091980e-14 2.982980e-14 1.090000e-15 -3.869400e-25 3.869382e-25
1.100000e+00 1.100000e+00 0.000000e+00 -3.096710e-14 2.986710e-14 1.100000e-15 -3.869400e-25 3.869365e-25
1.110000e+00 1.110000e+00 0.000000e+00 -3.101410e-14 2.990410e-14 1.110000e-15 -3.869400e-25 3.869347e-25
1.120000e+00 1.120000e+00 0.000000e+00 -3.106090e-14 2.994090e-14 1.120000e-15 -3.869400e-25 3.869453e-25
1.130000e+00 1.130000e+00 0.000000e+00 -3.110730e-14 2.997730e-14 1.130000e-15 -3.869400e-25 3.869374e-25
1.140000e+00 1.140000e+00 0.000000e+00 -3.115360e-14 3.001360e-14 1.140000e-15 -3.869400e-25 3.869357e-25
1.150000e+00 1.150000e+00 0.000000e+00 -3.119950e-14 3.004950e-14 1.150000e-15 -3.869400e-25 3.869402e-25
1.160000e+00 1.160000e+00 0.000000e+00 -3.124520e-14 3.008520e-14 1.160000e-15 -3.869400e-25 3.869447e-25
1.170000e+00 1.170000e+00 0.000000e+00 -3.129060e-14 3.012060e-14 1.170000e-15 -3.869300e-25 3.869328e-25
1.180000e+00 1.180000e+00 0.000000e+00 -3.133580e-14 3.015580e-14 1.180000e-15 -3.869300e-25 3.869310e-25
1.190000e+00 1.190000e+00 0.000000e+00 -3.138070e-14 3.019070e-14 1.190000e-15 -3.869300e-25 3.869292e-25
1.200000e+00 1.200000e+00 0.000000e+00 -3.142530e-14 3.022530e-14 1.200000e-15 -3.869300e-25 3.869337e-25
0.000000e+00 0.000000e+00 2.000000e-01 2.342436e-16 2.342436e-16 8.650950e-17 -5.549967e-16 9.860761e-32
1.000000e-02 1.000000e-02 2.000000e-01 -2.050340e-10 2.050343e-10 9.650950e-17 -3.913848e-16 5.124700e-18
2.000000e-02 2.000000e-02 2.000000e-01 -3.199111e-10 3.199113e-10 1.065095e-16 -3.151735e-16 8.664000e-18
3.000000e-02 3.000000e-02 2.000000e-01 -3.773950e-10 3.773952e-10 1.165095e-16 -2.823130e-16 3.419650e-17
4.000000e-02 4.000000e-02 2.000000e-01 -4.063488e-10 4.063490e-10 1.265095e-16 -2.683807e-16 5.812880e-17
5.000000e-02 5.000000e-02 2.000000e-01 -4.229410e-10 4.229412e-10 1.365095e-16 -2.621055e-16 7.440400e-17
6.000000e-02 6.000000e-02 2.000000e-01 -4.340488e-10 4.340489e-10 1.465095e-16 -2.590131e-16 1.250360e-17
7.000000e-02 7.000000e-02 2.000000e-01 -4.424630e-10 4.424631e-10 1.565095e-16 -2.573509e-16 8.414000e-19
8.000000e-02 8.000000e-02 2.000000e-01 -4.493881e-10 4.493882e-10 1.665095e-16 -2.563887e-16 1.012080e-17
9.000000e-02 9.000000e-02 2.000000e-01 -4.553942e-10 4.553943e-10 1.765095e-16 -2.557967e-16 2.071280e-17
1.000000e-01 1.000000e-01 2.000000e-01 -4.607772e-10 4.607773e-10 1.865095e-16 -2.554139e-16 3.109560e-17
1.100000e-01 1.100000e-01 2.000000e-01 -4.657045e-10 4.657046e-10 1.965095e-16 -2.551557e-16 4.135380e-17
1.200000e-01 1.200000e-01 2.000000e-01 -4.702784e-10 4.702784e-10 2.065095e-16 -2.549756e-16 4.846610e-17
1.300000e-01 1.300000e-01 2.000000e-01 -4.745656e-10 4.745657e-10 2.165095e-16 -2.548462e-16 6.166330e-17
1.400000e-01 1.400000e-01 2.000000e-01 -4.786126e-10 4.786126e-10 2.265095e-16 -2.547509e-16 2.824140e-17
1.500000e-01 1.500000e-01 2.000000e-01 -4.824530e-10 4.824530e-10 2.365095e-16 -2.546792e-16 1.816970e-17
1.600000e-01 1.600000e-01 2.000000e-01 -4.861124e-10 4.861124e-10 2.465095e-16 -2.546241e-16 8.114600e-18
1.700000e-01 1.700000e-01 2.000000e-01 -4.896108e-10 4.896108e-10 2.565095e-16 -2.545812e-16 1.928300e-18
1.800000e-01 1.800000e-01 2.000000e-01 -4.929647e-10 4.929646e-10 2.665095e-16 -2.545473e-16 8.803780e-17
1.900000e-01 1.900000e-01 2.000000e-01 -4.961872e-10 4.961872e-10 2.765095e-16 -2.545201e-16 2.198940e-17
2.000000e-01 2.000000e-01 2.000000e-01 -4.992899e-10 4.992899e-10 2.865095e-16 -2.544980e-16 3.201150e-17
2.100000e-01 2.100000e-01 2.000000e-01 -5.022824e-10 5.022823e-10 2.965095e-16 -2.544799e-16 5.797040e-17
2.200000e-01 2.200000e-01 2.000000e-01 -5.051730e-10 5.051729e-10 3.065095e-16 -2.544649e-16 4.795540e-17
2.300000e-01 2.300000e-01 2.000000e-01 -5.079691e-10 5.079691e-10 3.165095e-16 -2.544524e-16 6.205710e-17
2.400000e-01 2.400000e-01 2.000000e-01 -5.106773e-10 5.106772e-10 3.265095e-16 -2.544419e-16 2.793240e-17
2.500000e-01 2.500000e-01 2.000000e-01 -5.133033e-10 5.133032e-10 3.365095e-16 -2.544330e-16 1.792350e-17
2.600000e-01 2.600000e-01 2.000000e-01 -5.158522e-10 5.158521e-10 3.465095e-16 -2.544254e-16 7.915900e-18
2.700000e-01 2.700000e-01 2.000000e-01 -5.183289e-10 5.183288e-10 3.565095e-16 -2.544189e-16 2.090600e-18
2.800000e-01 2.800000e-01 2.000000e-01 -5.207375e-10 5.207374e-10 3.665095e-16 -2.544132e-16 1.209630e-17
2.900000e-01 2.900000e-01 2.000000e-01 -5.230818e-10 5.230817e-10 3.765095e-16 -2.544083e-16 2.210120e-17
3.000000e-01 3.000000e-01 2.000000e-01 -5.253655e-10 5.253653e-10 3.865095e-16 -2.544040e-16 6.789450e-17
3.100000e-01 3.100000e-01 2.000000e-01 -5.275916e-10 5.275915e-10 3.965095e-16 -2.544003e-16 4.210920e-17
3.200000e-01 3.200000e-01 2.000000e-01 -5.297633e-10 5.297631e-10 4.065095e-16 -2.543970e-16 4.788750e-17
3.300000e-01 3.300000e-01 2.000000e-01 -5.318832e-10 5.318830e-10 4.165095e-16 -2.543940e-16 3.788450e-17
3.400000e-01 3.400000e-01 2.000000e-01 -5.339538e-10 5.339536e-10 4.265095e-16 -2.543914e-16 2.788190e-17
3.500000e-01 3.500000e-01 2.000000e-01 -5.359775e-10 5.359774e-10 4.365095e-16 -2.543891e-16 8.212040e-17
3.600000e-01 3.600000e-01 2.000000e-01 -5.379565e-10 5.379563e-10 4.465095e-16 -2.543871e-16 7.877600e-18
3.700000e-01 3.700000e-01 2.000000e-01 -5.398928e-10 5.398926e-10 4.565095e-16 -2.543852e-16 2.124300e-18
3.800000e-01 3.800000e-01 2.000000e-01 -5.417883e-10 5.417881e-10 4.665095e-16 -2.543835e-16 1.212600e-17
3.900000e-01 3.900000e-01 2.000000e-01 -5.436447e-10 5.436445e-10 4.765095e-16 -2.543820e-16 2.212750e-17
4.000000e-01 4.000000e-01 2.000000e-01 -5.454638e-10 5.454635e-10 4.865095e-16 -2.543806e-16 6.787110e-17
4.100000e-01 4.100000e-01 2.000000e-01 -5.472469e-10 5.472467e-10 4.965095e-16 -2.543794e-16 4.213010e-17
4.200000e-01 4.200000e-01 2.000000e-01 -5.489957e-10 5.489954e-10 5.065095e-16 -2.543783e-16 4.786880e-17
4.300000e-01 4.300000e-01 2.000000e-01 -5.507114e-10 5.507111e-10 5.165095e-16 -2.543772e-16 3.786770e-17
4.400000e-01 4.400000e-01 2.000000e-01 -5.523953e-10 5.523950e-10 5.265095e-16 -2.543763e-16 2.786680e-17
4.500000e-01 4.500000e-01 2.000000e-01 -5.540487e-10 5.540484e-10 5.365095e-16 -2.543754e-16 1.786590e-17
4.600000e-01 4.600000e-01 2.000000e-01 -5.556727e-10 5.556724e-10 5.465095e-16 -2.543746e-16 7.865100e-18
4.700000e-01 4.700000e-01 2.000000e-01 -5.572683e-10 5.572680e-10 5.565095e-16 -2.543739e-16 2.135600e-18
4.800000e-01 4.800000e-01 2.000000e-01 -5.588367e-10 5.588363e-10 5.665095e-16 -2.543732e-16 8.786370e-17
4.900000e-01 4.900000e-01 2.000000e-01 -5.603786e-10 5.603783e-10 5.765095e-16 -2.543726e-16 2.213690e-17
5.000000e-01 5.000000e-01 2.000000e-01 -5.618952e-10 5.618948e-10 5.865095e-16 -2.543720e-16 6.786250e-17
5.100000e-01 5.100000e-01 2.000000e-01 -5.633871e-10 5.633868e-10 5.965095e-16 -2.543714e-16 4.213810e-17
5.200000e-01 5.200000e-01 2.000000e-01 -5.648554e-10 5.648550e-10 6.065095e-16 -2.543709e-16 4.786140e-17
5.300000e-01 5.300000e-01 2.000000e-01 -5.663006e-10 5.663003e-10 6.165095e-16 -2.543704e-16 6.213910e-17
5.400000e-01 5.400000e-01 2.000000e-01 -5.677237e-10 5.677233e-10 6.265095e-16 -2.543700e-16 2.786050e-17
5.500000e-01 5.500000e-01 2.000000e-01 -5.691252e-10 5.691248e-10 6.365095e-16 -2.543696e-16 1.786010e-17
5.600000e-01 5.600000e-01 2.000000e-01 -5.705059e-10 5.705055e-10 6.465095e-16 -2.543692e-16 7.859700e-18
5.700000e-01 5.700000e-01 2.000000e-01 -5.718664e-10 5.718660e-10 6.565095e-16 -2.543689e-16 2.140600e-18
5.800000e-01 5.800000e-01 2.000000e-01 -5.732073e-10 5.732069e-10 6.665095e-16 -2.543685e-16 1.214100e-17
5.900000e-01 5.900000e-01 2.000000e-01 -5.745293e-10 5.745289e-10 6.765095e-16 -2.543682e-16 2.214130e-17
6.000000e-01 6.000000e-01 2.000000e-01 -5.758328e-10 5.758324e-10 6.865095e-16 -2.543679e-16 3.214160e-17
6.100000e-01 6.100000e-01 2.000000e-01 -5.771184e-10 5.771180e-10 6.965095e-16 -2.543676e-16 4.214190e-17
6.200000e-01 6.200000e-01 2.000000e-01 -5.783866e-10 5.783862e-10 7.065095e-16 -2.543673e-16 5.214220e-17
6.300000e-01 6.300000e-01 2.000000e-01 -5.796380e-10 5.796375e-10 7.165095e-16 -2.543671e-16 3.785760e-17
6.400000e-01 6.400000e-01 2.000000e-01 -5.808729e-10 5.808724e-10 7.265095e-16 -2.543669e-16 2.785740e-17
6.500000e-01 6.500000e-01 2.000000e-01 -5.820919e-10 5.820914e-10 7.365095e-16 -2.543666e-16 1.785710e-17
6.600000e-01 6.600000e-01 2.000000e-01 -5.832953e-10 5.832948e-10 7.465095e-16 -2.543664e-16 7.856900e-18
6.700000e-01 6.700000e-01 2.000000e-01 -5.844836e-10 5.844831e-10 7.565095e-16 -2.543662e-16 2.143300e-18
6.800000e-01 6.800000e-01 2.000000e-01 -5.856572e-10 5.856567e-10 7.665095e-16 -2.543660e-16 1.214350e-17
6.900000e-01 6.900000e-01 2.000000e-01 -5.868165e-10 5.868159e-10 7.765095e-16 -2.543658e-16 7.785630e-17
7.000000e-01 7.000000e-01 2.000000e-01 -5.879617e-10 5.879612e-10 7.865095e-16 -2.543656e-16 3.214390e-17
7.100000e-01 7.100000e-01 2.000000e-01 -5.890934e-10 5.890929e-10 7.965095e-16 -2.543655e-16 4.214400e-17
7.200000e-01 7.200000e-01 2.000000e-01 -5.902118e-10 5.902113e-10 8.065095e-16 -2.543653e-16 5.214420e-17
7.300000e-01 7.300000e-01 2.000000e-01 -5.913173e-10 5.913167e-10 8.165095e-16 -2.543652e-16 3.785570e-17
7.400000e-01 7.400000e-01 2.000000e-01 -5.924101e-10 5.924095e-10 8.265095e-16 -2.543650e-16 2.785550e-17
7.500000e-01 7.500000e-01 2.000000e-01 -5.934906e-10 5.934900e-10 8.365095e-16 -2.543649e-16 1.785540e-17
7.600000e-01 7.600000e-01 2.000000e-01 -5.945591e-10 5.945585e-10 8.465095e-16 -2.543647e-16 7.855200e-18
7.700000e-01 7.700000e-01 2.000000e-01 -5.956158e-10 5.956152e-10 8.565095e-16 -2.543646e-16 2.144900e-18
7.800000e-01 7.800000e-01 2.000000e-01 -5.966611e-10 5.966605e-10 8.665095e-16 -2.543645e-16 1.214500e-17
7.900000e-01 7.900000e-01 2.000000e-01 -5.976952e-10 5.976946e-10 8.765095e-16 -2.543644e-16 2.214510e-17
8.000000e-01 8.000000e-01 2.000000e-01 -5.987183e-10 5.987177e-10 8.865095e-16 -2.543642e-16 3.214530e-17
8.100000e-01 8.100000e-01 2.000000e-01 -5.997307e-10 5.997301e-10 8.965095e-16 -2.543641e-16 4.214540e-17
8.200000e-01 8.200000e-01 2.000000e-01 -6.007327e-10 6.007320e-10 9.065095e-16 -2.543640e-16 4.785450e-17
8.300000e-01 8.300000e-01 2.000000e-01 -6.017244e-10 6.017237e-10 9.165095e-16 -2.543639e-16 3.785440e-17
8.400000e-01 8.400000e-01 2.000000e-01 -6.027061e-10 6.027054e-10 9.265095e-16 -2.543638e-16 2.785430e-17
8.500000e-01 8.500000e-01 2.000000e-01 -6.036780e-10 6.036773e-10 9.365095e-16 -2.543637e-16 1.785420e-17
8.600000e-01 8.600000e-01 2.000000e-01 -6.046403e-10 6.046396e-10 9.465095e-16 -2.543636e-16 7.854100e-18
8.700000e-01 8.700000e-01 2.000000e-01 -6.055933e-10 6.055926e-10 9.565095e-16 -2.543635e-16 2.146000e-18
8.800000e-01 8.800000e-01 2.000000e-01 -6.065370e-10 6.065363e-10 9.665095e-16 -2.543634e-16 1.214610e-17
8.900000e-01 8.900000e-01 2.000000e-01 -6.074718e-10 6.074711e-10 9.765095e-16 -2.543634e-16 2.214610e-17
9.000000e-01 9.000000e-01 2.000000e-01 -6.083978e-10 6.083970e-10 9.865095e-16 -2.543633e-16 6.785380e-17
9.100000e-01 9.100000e-01 2.000000e-01 -6.093151e-10 6.093143e-10 9.965095e-16 -2.543632e-16 5.785370e-17
9.200000e-01 9.200000e-01 2.000000e-01 -6.102239e-10 6.102232e-10 1.006500e-15 -2.543631e-16 5.213690e-17
9.300000e-01 9.300000e-01 2.000000e-01 -6.111245e-10 6.111237e-10 1.016500e-15 -2.543630e-16 3.786300e-17
9.400000e-01 9.400000e-01 2.000000e-01 -6.120169e-10 6.120162e-10 1.026500e-15 -2.543630e-16 7.213700e-17
9.500000e-01 9.500000e-01 2.000000e-01 -6.129014e-10 6.129006e-10 1.036500e-15 -2.543629e-16 1.786290e-17
9.600000e-01 9.600000e-01 2.000000e-01 -6.137780e-10 6.137773e-10 1.046500e-15 -2.543628e-16 9.213720e-17
9.700000e-01 9.700000e-01 2.000000e-01 -6.146470e-10 6.146462e-10 1.056500e-15 -2.543628e-16 2.137200e-18
9.800000e-01 9.800000e-01 2.000000e-01 -6.155085e-10 6.155077e-10 1.066500e-15 -2.543627e-16 1.213730e-17
9.900000e-01 9.900000e-01 2.000000e-01 -6.163626e-10 6.163617e-10 1.076500e-15 -2.543626e-16 7.786260e-17
1.000000e+00 1.000000e+00 2.000000e-01 -6.172094e-10 6.172086e-10 1.086500e-15 -2.543626e-16 3.213740e-17
1.010000e+00 1.010000e+00 2.000000e-01 -6.180491e-10 6.180483e-10 1.096500e-15 -2.543625e-16 4.213750e-17
1.020000e+00 1.020000e+00 2.000000e-01 -6.188819e-10 6.188810e-10 1.106500e-15 -2.543624e-16 4.786240e-17
1.030000e+00 1.030000e+00 2.000000e-01 -6.197077e-10 6.197069e-10 1.116500e-15 -2.543624e-16 6.213760e-17
1.040000e+00 1.040000e+00 2.000000e-01 -6.205269e-10 6.205260e-10 1.126500e-15 -2.543623e-16 2.786230e-17
1.050000e+00 1.050000e+00 2.000000e-01 -6.213394e-10 6.213386e-10 1.136500e-15 -2.543623e-16 8.213770e-17
1.060000e+00 1.060000e+00 2.000000e-01 -6.221455e-10 6.221446e-10 1.146500e-15 -2.543622e-16 7.862200e-18
1.070000e+00 1.070000e+00 2.000000e-01 -6.229451e-10 6.229442e-10 1.156500e-15 -2.543622e-16 2.137800e-18
1.080000e+00 1.080000e+00 2.000000e-01 -6.237385e-10 6.237376e-10 1.166500e-15 -2.543621e-16 1.213790e-17
1.090000e+00 1.090000e+00 2.000000e-01 -6.245258e-10 6.245248e-10 1.176500e-15 -2.543621e-16 7.786210e-17
1.100000e+00 1.100000e+00 2.000000e-01 -6.253069e-10 6.253060e-10 1.186500e-15 -2.543620e-16 3.213800e-17
1.110000e+00 1.110000e+00 2.000000e-01 -6.260821e-10 6.260812e-10 1.196500e-15 -2.543620e-16 4.213800e-17
1.120000e+00 1.120000e+00 2.000000e-01 -6.268515e-10 6.268505e-10 1.206500e-15 -2.543619e-16 4.786190e-17
1.130000e+00 1.130000e+00 2.000000e-01 -6.276151e-10 6.276141e-10 1.216500e-15 -2.543619e-16 3.786190e-17
1.140000e+00 1.140000e+00 2.000000e-01 -6.283730e-10 6.283720e-10 1.226500e-15 -2.543618e-16 2.786180e-17
1.150000e+00 1.150000e+00 2.000000e-01 -6.291254e-10 6.291244e-10 1.236500e-15 -2.543618e-16 1.786180e-17
1.160000e+00 1.160000e+00 2.000000e-01 -6.298722e-10 6.298712e-10 1.246500e-15 -2.543617e-16 7.861700e-18
1.170000e+00 1.170000e+00 2.000000e-01 -6.306137e-10 6.306127e-10 1.256500e-15 -2.543617e-16 2.138300e-18
1.180000e+00 1.180000e+00 2.000000e-01 -6.313499e-10 6.313489e-10 1.266500e-15 -2.543616e-16 1.213840e-17
1.190000e+00 1.190000e+00 2.000000e-01 -6.320808e-10 6.320798e-10 1.276500e-15 -2.543616e-16 2.213840e-17
1.200000e+00 1.200000e+00 2.000000e-01 -6.328066e-10 6.328056e-10 1.286500e-15 -2.543616e-16 3.213840e-17
0.000000e+00 0.000000e+00 4.000000e-01 4.193510e-11 4.193510e-11 6.268700e-18 -8.387020e-11 6.268700e-18
1.000000e-02 1.000000e-02 4.000000e-01 -9.548640e-08 9.556120e-08 1.626860e-17 -7.479190e-11 8.116269e-15
2.000000e-02 2.000000e-02 4.000000e-01 -1.798617e-07 1.799283e-07 2.626860e-17 -6.667340e-11 7.337373e-14
3.000000e-02 3.000000e-02 4.000000e-01 -2.521001e-07 2.521597e-07 3.626860e-17 -5.963290e-11 3.286373e-14
4.000000e-02 4.000000e-02 4.000000e-01 -3.115727e-07 3.116265e-07 4.626860e-17 -5.378400e-11 1.604627e-14
5.000000e-02 5.000000e-02 4.000000e-01 -3.587507e-07 3.587999e-07 5.626860e-17 -4.915120e-11 4.885627e-14
6.000000e-02 6.000000e-02 4.000000e-01 -3.952477e-07 3.952933e-07 6.626860e-17 -4.563690e-11 3.683373e-14
7.000000e-02 7.000000e-02 4.000000e-01 -4.232645e-07 4.233076e-07 7.626860e-17 -4.305450e-11 4.557627e-14
8.000000e-02 8.000000e-02 4.000000e-01 -4.449562e-07 4.449974e-07 8.626860e-17 -4.119020e-11 9.886269e-15
9.000000e-02 9.000000e-02 4.000000e-01 -4.620818e-07 4.621216e-07 9.626860e-17 -3.985110e-11 5.100373e-14
1.000000e-01 1.000000e-01 4.000000e-01 -4.759397e-07 4.759786e-07 1.062686e-16 -3.888510e-11 1.500627e-14
1.100000e-01 1.100000e-01 4.000000e-01 -4.874420e-07 4.874802e-07 1.162686e-16 -3.818080e-11 1.931627e-14
1.200000e-01 1.200000e-01 4.000000e-01 -4.972182e-07 4.972558e-07 1.262686e-16 -3.766040e-11 6.027373e-14
1.300000e-01 1.300000e-01 4.000000e-01 -5.057030e-07 5.057403e-07 1.362686e-16 -3.726990e-11 3.023627e-14
1.400000e-01 1.400000e-01 4.000000e-01 -5.132002e-07 5.132372e-07 1.462686e-16 -3.697230e-11 2.784627e-14
1.500000e-01 1.500000e-01 4.000000e-01 -5.199252e-07 5.199620e-07 1.562686e-16 -3.674200e-11 5.815627e-14
1.600000e-01 1.600000e-01 4.000000e-01 -5.260338e-07 5.260703e-07 1.662686e-16 -3.656120e-11 6.103373e-14
1.700000e-01 1.700000e-01 4.000000e-01 -5.316406e-07 5.316770e-07 1.762686e-16 -3.641730e-11 1.712373e-14
1.800000e-01 1.800000e-01 4.000000e-01 -5.368318e-07 5.368681e-07 1.862686e-16 -3.630120e-11 1.013731e-15
1.900000e-01 1.900000e-01 4.000000e-01 -5.416733e-07 5.417095e-07 1.962686e-16 -3.620640e-11 6.203731e-15
2.000000e-01 2.000000e-01 4.000000e-01 -5.462162e-07 5.462523e-07 2.062686e-16 -3.612810e-11 2.789373e-14
2.100000e-01 2.100000e-01 4.000000e-01 -5.505011e-07 5.505371e-07 2.162686e-16 -3.606270e-11 6.248373e-14
2.200000e-01 2.200000e-01 4.000000e-01 -5.545603e-07 5.545963e-07 2.262686e-16 -3.600760e-11 7.373731e-15
2.300000e-01 2.300000e-01 4.000000e-01 -5.584203e-07 5.584563e-07 2.362686e-16 -3.596070e-11 3.953627e-14
2.400000e-01 2.400000e-01 4.000000e-01 -5.621030e-07 5.621389e-07 2.462686e-16 -3.592050e-11 2.025373e-14
2.500000e-01 2.500000e-01 4.000000e-01 -5.656263e-07 5.656622e-07 2.562686e-16 -3.588560e-11 1.465627e-14
2.600000e-01 2.600000e-01 4.000000e-01 -5.690057e-07 5.690415e-07 2.662686e-16 -3.585520e-11 5.493373e-14
2.700000e-01 2.700000e-01 4.000000e-01 -5.722541e-07 5.722900e-07 2.762686e-16 -3.582850e-11 7.177627e-14
2.800000e-01 2.800000e-01 4.000000e-01 -5.753828e-07 5.754186e-07 2.862686e-16 -3.580490e-11 4.613731e-15
2.900000e-01 2.900000e-01 4.000000e-01 -5.784014e-07 5.784372e-07 2.962686e-16 -3.578380e-11 1.649627e-14
3.000000e-01 3.000000e-01 4.000000e-01 -5.813185e-07 5.813543e-07 3.062686e-16 -3.576500e-11 3.530627e-14
3.100000e-01 3.100000e-01 4.000000e-01 -5.841414e-07 5.841772e-07 3.162686e-16 -3.574800e-11 5.231627e-14
3.200000e-01 3.200000e-01 4.000000e-01 -5.868768e-07 5.869125e-07 3.262686e-16 -3.573260e-11 3.227373e-14
3.300000e-01 3.300000e-01 4.000000e-01 -5.895304e-07 5.895661e-07 3.362686e-16 -3.571860e-11 1.826373e-14
3.400000e-01 3.400000e-01 4.000000e-01 -5.921076e-07 5.921433e-07 3.462686e-16 -3.570580e-11 5.453731e-15
3.500000e-01 3.500000e-01 4.000000e-01 -5.946131e-07 5.946488e-07 3.562686e-16 -3.569400e-11 6.356269e-15
3.600000e-01 3.600000e-01 4.000000e-01 -5.970511e-07 5.970868e-07 3.662686e-16 -3.568320e-11 1.716627e-14
3.700000e-01 3.700000e-01 4.000000e-01 -5.994255e-07 5.994611e-07 3.762686e-16 -3.567310e-11 7.272373e-14
3.800000e-01 3.800000e-01 4.000000e-01 -6.017397e-07 6.017754e-07 3.862686e-16 -3.566370e-11 3.668627e-14
3.900000e-01 3.900000e-01 4.000000e-01 -6.039971e-07 6.040328e-07 3.962686e-16 -3.565500e-11 4.539627e-14
4.000000e-01 4.000000e-01 4.000000e-01 -6.062005e-07 6.062362e-07 4.062686e-16 -3.564680e-11 5.360627e-14
4.100000e-01 4.100000e-01 4.000000e-01 -6.083527e-07 6.083884e-07 4.162686e-16 -3.563910e-11 6.131627e-14
4.200000e-01 4.200000e-01 4.000000e-01 -6.104562e-07 6.104918e-07 4.262686e-16 -3.563190e-11 3.147373e-14
4.300000e-01 4.300000e-01 4.000000e-01 -6.125132e-07 6.125488e-07 4.362686e-16 -3.562500e-11 2.456373e-14
4.400000e-01 4.400000e-01 4.000000e-01 -6.145259e-07 6.145615e-07 4.462686e-16 -3.561860e-11 1.815373e-14
4.500000e-01 4.500000e-01 4.000000e-01 -6.164963e-07 6.165319e-07 4.562686e-16 -3.561240e-11 1.194373e-14
4.600000e-01 4.600000e-01 4.000000e-01 -6.184262e-07 6.184618e-07 4.662686e-16 -3.560650e-11 6.033731e-15
4.700000e-01 4.700000e-01 4.000000e-01 -6.203174e-07 6.203530e-07 4.762686e-16 -3.560090e-11 4.237314e-16
4.800000e-01 4.800000e-01 4.000000e-01 -6.221714e-07 6.222070e-07 4.862686e-16 -3.559560e-11 4.886269e-15
4.900000e-01 4.900000e-01 4.000000e-01 -6.239899e-07 6.240255e-07 4.962686e-16 -3.559050e-11 9.996269e-15
5.000000e-01 5.000000e-01 4.000000e-01 -6.257741e-07 6.258097e-07 5.062686e-16 -3.558560e-11 1.490627e-14
5.100000e-01 5.100000e-01 4.000000e-01 -6.275255e-07 6.275611e-07 5.162686e-16 -3.558080e-11 1.971627e-14
5.200000e-01 5.200000e-01 4.000000e-01 -6.292453e-07 6.292808e-07 5.262686e-16 -3.557630e-11 7.577373e-14
5.300000e-01 5.300000e-01 4.000000e-01 -6.309346e-07 6.309701e-07 5.362686e-16 -3.557190e-11 7.136373e-14
5.400000e-01 5.400000e-01 4.000000e-01 -6.325945e-07 6.326301e-07 5.462686e-16 -3.556770e-11 3.284627e-14
5.500000e-01 5.500000e-01 4.000000e-01 -6.342262e-07 6.342618e-07 5.562686e-16 -3.556360e-11 3.695627e-14
5.600000e-01 5.600000e-01 4.000000e-01 -6.358306e-07 6.358662e-07 5.662686e-16 -3.555960e-11 4.096627e-14
5.700000e-01 5.700000e-01 4.000000e-01 -6.374086e-07 6.374442e-07 5.762686e-16 -3.555580e-11 4.477627e-14
5.800000e-01 5.800000e-01 4.000000e-01 -6.389612e-07 6.389968e-07 5.862686e-16 -3.555210e-11 4.848627e-14
5.900000e-01 5.900000e-01 4.000000e-01 -6.404892e-07 6.405247e-07 5.962686e-16 -3.554850e-11 4.790373e-14
6.000000e-01 6.000000e-01 4.000000e-01 -6.419933e-07 6.420289e-07 6.062686e-16 -3.554490e-11 5.570627e-14
6.100000e-01 6.100000e-01 4.000000e-01 -6.434744e-07 6.435100e-07 6.162686e-16 -3.554150e-11 5.911627e-14
6.200000e-01 6.200000e-01 4.000000e-01 -6.449332e-07 6.449688e-07 6.262686e-16 -3.553820e-11 6.242627e-14
6.300000e-01 6.300000e-01 4.000000e-01 -6.463704e-07 6.464059e-07 6.362686e-16 -3.553490e-11 3.426373e-14
6.400000e-01 6.400000e-01 4.000000e-01 -6.477865e-07 6.478221e-07 6.462686e-16 -3.553180e-11 6.884627e-14
6.500000e-01 6.500000e-01 4.000000e-01 -6.491824e-07 6.492179e-07 6.562686e-16 -3.552870e-11 2.804373e-14
6.600000e-01 6.600000e-01 4.000000e-01 -6.505585e-07 6.505940e-07 6.662686e-16 -3.552570e-11 2.503373e-14
6.700000e-01 6.700000e-01 4.000000e-01 -6.519154e-07 6.519509e-07 6.762686e-16 -3.552270e-11 2.202373e-14
6.800000e-01 6.800000e-01 4.000000e-01 -6.532537e-07 6.532892e-07 6.862686e-16 -3.551980e-11 1.911373e-14
6.900000e-01 6.900000e-01 4.000000e-01 -6.545739e-07 6.546094e-07 6.962686e-16 -3.551700e-11 1.630373e-14
7.000000e-01 7.000000e-01 4.000000e-01 -6.558765e-07 6.559120e-07 7.062686e-16 -3.551420e-11 1.349373e-14
7.100000e-01 7.100000e-01 4.000000e-01 -6.571620e-07 6.571975e-07 7.162686e-16 -3.551150e-11 1.078373e-14
7.200000e-01 7.200000e-01 4.000000e-01 -6.584309e-07 6.584664e-07 7.262686e-16 -3.550880e-11 8.073731e-15
7.300000e-01 7.300000e-01 4.000000e-01 -6.596835e-07 6.597191e-07 7.362686e-16 -3.550620e-11 9.453627e-14
7.400000e-01 7.400000e-01 4.000000e-01 -6.609204e-07 6.609559e-07 7.462686e-16 -3.550360e-11 2.853731e-15
7.500000e-01 7.500000e-01 4.000000e-01 -6.621419e-07 6.621775e-07 7.562686e-16 -3.550110e-11 9.965627e-14
7.600000e-01 7.600000e-01 4.000000e-01 -6.633485e-07 6.633840e-07 7.662686e-16 -3.549860e-11 2.166269e-15
7.700000e-01 7.700000e-01 4.000000e-01 -6.645404e-07 6.645759e-07 7.762686e-16 -3.549620e-11 4.576269e-15
7.800000e-01 7.800000e-01 4.000000e-01 -6.657182e-07 6.657536e-07 7.862686e-16 -3.549380e-11 9.301373e-14
7.900000e-01 7.900000e-01 4.000000e-01 -6.668820e-07 6.669175e-07 7.962686e-16 -3.549140e-11 9.396269e-15
8.000000e-01 8.000000e-01 4.000000e-01 -6.680323e-07 6.680678e-07 8.062686e-16 -3.548910e-11 1.170627e-14
8.100000e-01 8.100000e-01 4.000000e-01 -6.691694e-07 6.692048e-07 8.162686e-16 -3.548680e-11 8.598373e-14
8.200000e-01 8.200000e-01 4.000000e-01 -6.702935e-07 6.703290e-07 8.262686e-16 -3.548460e-11 1.622627e-14
8.300000e-01 8.300000e-01 4.000000e-01 -6.714051e-07 6.714406e-07 8.362686e-16 -3.548240e-11 1.843627e-14
8.400000e-01 8.400000e-01 4.000000e-01 -6.725043e-07 6.725398e-07 8.462686e-16 -3.548020e-11 2.064627e-14
8.500000e-01 8.500000e-01 4.000000e-01 -6.735916e-07 6.736270e-07 8.562686e-16 -3.547800e-11 7.714373e-14
8.600000e-01 8.600000e-01 4.000000e-01 -6.746670e-07 6.747025e-07 8.662686e-16 -3.547590e-11 2.496627e-14
8.700000e-01 8.700000e-01 4.000000e-01 -6.757310e-07 6.757665e-07 8.762686e-16 -3.547380e-11 2.707627e-14
8.800000e-01 8.800000e-01 4.000000e-01 -6.767837e-07 6.768192e-07 8.862686e-16 -3.547180e-11 2.908627e-14
8.900000e-01 8.900000e-01 4.000000e-01 -6.778254e-07 6.778609e-07 8.962686e-16 -3.546970e-11 3.119627e-14
9.000000e-01 9.000000e-01 4.000000e-01 -6.788564e-07 6.788919e-07 9.062686e-16 -3.546770e-11 3.320627e-14
9.100000e-01 9.100000e-01 4.000000e-01 -6.798769e-07 6.799123e-07 9.162686e-16 -3.546580e-11 6.488373e-14
9.200000e-01 9.200000e-01 4.000000e-01 -6.808870e-07 6.809225e-07 9.262686e-16 -3.546380e-11 3.712627e-14
9.300000e-01 9.300000e-01 4.000000e-01 -6.818871e-07 6.819225e-07 9.362686e-16 -3.546190e-11 6.096373e-14
9.400000e-01 9.400000e-01 4.000000e-01 -6.828773e-07 6.829127e-07 9.462686e-16 -3.546000e-11 5.905373e-14
9.500000e-01 9.500000e-01 4.000000e-01 -6.838578e-07 6.838932e-07 9.562686e-16 -3.545810e-11 5.714373e-14
9.600000e-01 9.600000e-01 4.000000e-01 -6.848288e-07 6.848642e-07 9.662686e-16 -3.545620e-11 5.523373e-14
9.700000e-01 9.700000e-01 4.000000e-01 -6.857905e-07 6.858260e-07 9.762686e-16 -3.545440e-11 4.657627e-14
9.800000e-01 9.800000e-01 4.000000e-01 -6.867431e-07 6.867786e-07 9.862686e-16 -3.545250e-11 4.848627e-14
9.900000e-01 9.900000e-01 4.000000e-01 -6.876868e-07 6.877223e-07 9.962686e-16 -3.545070e-11 5.029627e-14
1.000000e+00 1.000000e+00 4.000000e-01 -6.886218e-07 6.886572e-07 1.006300e-15 -3.544900e-11 4.799370e-14
1.010000e+00 1.010000e+00 4.000000e-01 -6.895482e-07 6.895836e-07 1.016300e-15 -3.544720e-11 4.618370e-14
1.020000e+00 1.020000e+00 4.000000e-01 -6.904661e-07 6.905015e-07 1.026300e-15 -3.544550e-11 4.447370e-14
1.030000e+00 1.030000e+00 4.000000e-01 -6.913758e-07 6.914112e-07 1.036300e-15 -3.544370e-11 4.266370e-14
1.040000e+00 1.040000e+00 4.000000e-01 -6.922774e-07 6.923128e-07 1.046300e-15 -3.544200e-11 4.095370e-14
1.050000e+00 1.050000e+00 4.000000e-01 -6.931710e-07 6.932064e-07 1.056300e-15 -3.544040e-11 3.934370e-14
1.060000e+00 1.060000e+00 4.000000e-01 -6.940568e-07 6.940923e-07 1.066300e-15 -3.543870e-11 6.236630e-14
1.070000e+00 1.070000e+00 4.000000e-01 -6.949350e-07 6.949704e-07 1.076300e-15 -3.543700e-11 3.592370e-14
1.080000e+00 1.080000e+00 4.000000e-01 -6.958056e-07 6.958410e-07 1.086300e-15 -3.543540e-11 3.431370e-14
1.090000e+00 1.090000e+00 4.000000e-01 -6.966688e-07 6.967043e-07 1.096300e-15 -3.543380e-11 6.729630e-14
1.100000e+00 1.100000e+00 4.000000e-01 -6.975248e-07 6.975602e-07 1.106300e-15 -3.543220e-11 3.109370e-14
1.110000e+00 1.110000e+00 4.000000e-01 -6.983736e-07 6.984091e-07 1.116300e-15 -3.543060e-11 7.051630e-14
1.120000e+00 1.120000e+00 4.000000e-01 -6.992155e-07 6.992509e-07 1.126300e-15 -3.542900e-11 2.787370e-14
1.130000e+00 1.130000e+00 4.000000e-01 -7.000504e-07 7.000858e-07 1.136300e-15 -3.542740e-11 2.626370e-14
1.140000e+00 1.140000e+00 4.000000e-01 -7.008786e-07 7.009140e-07 1.146300e-15 -3.542590e-11 2.475370e-14
1.150000e+00 1.150000e+00 4.000000e-01 -7.017001e-07 7.017355e-07 1.156300e-15 -3.542440e-11 2.324370e-14
1.160000e+00 1.160000e+00 4.000000e-01 -7.025151e-07 7.025505e-07 1.166300e-15 -3.542290e-11 2.173370e-14
1.170000e+00 1.170000e+00 4.000000e-01 -7.033236e-07 7.033590e-07 1.176300e-15 -3.542130e-11 2.012370e-14
1.180000e+00 1.180000e+00 4.000000e-01 -7.041258e-07 7.041612e-07 1.186300e-15 -3.541990e-11 1.871370e-14
1.190000e+00 1.190000e+00 4.000000e-01 -7.049218e-07 7.049572e-07 1.196300e-15 -3.541840e-11 1.720370e-14
1.200000e+00 1.200000e+00 4.000000e-01 -7.057117e-07 7.057471e-07 1.206300e-15 -3.541690e-11 1.569370e-14
0.000000e+00 0.000000e+00 6.000000e-01 6.632036e-10 6.632036e-10 3.434900e-19 -1.326400e-09 7.200343e-15
1.000000e-02 1.000000e-02 6.000000e-01 -3.166746e-07 3.179434e-07 1.034340e-17 -1.268800e-09 1.034340e-17
2.000000e-02 2.000000e-02 6.000000e-01 -6.239262e-07 6.251393e-07 2.034320e-17 -1.213100e-09 2.034327e-17
3.000000e-02 3.000000e-02 6.000000e-01 -9.205779e-07 9.217370e-07 3.034310e-17 -1.159200e-09 9.996966e-14
4.000000e-02 4.000000e-02 6.000000e-01 -1.205900e-06 1.207100e-06 4.034300e-17 -1.107200e-09 9.280004e-11
5.000000e-02 5.000000e-02 6.000000e-01 -1.479200e-06 1.480300e-06 5.034290e-17 -1.057300e-09 4.270005e-11
6.000000e-02 6.000000e-02 6.000000e-01 -1.739600e-06 1.740600e-06 6.034280e-17 -1.009700e-09 9.699940e-12
7.000000e-02 7.000000e-02 6.000000e-01 -1.986300e-06 1.987200e-06 7.034270e-17 -9.644102e-10 6.441013e-11
8.000000e-02 8.000000e-02 6.000000e-01 -2.218600e-06 2.219500e-06 8.034260e-17 -9.217339e-10 2.173382e-11
9.000000e-02 9.000000e-02 6.000000e-01 -2.436100e-06 2.437000e-06 9.034250e-17 -8.817848e-10 1.821529e-11
1.000000e-01 1.000000e-01 6.000000e-01 -2.638700e-06 2.639600e-06 1.003424e-16 -8.446865e-10 5.531360e-11
1.100000e-01 1.100000e-01 6.000000e-01 -2.826400e-06 2.827200e-06 1.103424e-16 -8.105184e-10 1.051829e-11
1.200000e-01 1.200000e-01 6.000000e-01 -2.999600e-06 3.000300e-06 1.203423e-16 -7.793071e-10 7.930698e-11
1.300000e-01 1.300000e-01 6.000000e-01 -3.158800e-06 3.159600e-06 1.303422e-16 -7.510220e-10 4.897813e-11
1.400000e-01 1.400000e-01 6.000000e-01 -3.305000e-06 3.305800e-06 1.403422e-16 -7.255771e-10 7.442304e-11
1.500000e-01 1.500000e-01 6.000000e-01 -3.439100e-06 3.439800e-06 1.503421e-16 -7.028377e-10 2.837550e-12
1.600000e-01 1.600000e-01 6.000000e-01 -3.561900e-06 3.562600e-06 1.603421e-16 -6.826313e-10 1.736886e-11
1.700000e-01 1.700000e-01 6.000000e-01 -3.674700e-06 3.675300e-06 1.703421e-16 -6.647589e-10 6.475873e-11
1.800000e-01 1.800000e-01 6.000000e-01 -3.778100e-06 3.778800e-06 1.803420e-16 -6.490081e-10 5.099208e-11
1.900000e-01 1.900000e-01 6.000000e-01 -3.873300e-06 3.874000e-06 1.903420e-16 -6.351629e-10 6.483729e-11
2.000000e-01 2.000000e-01 6.000000e-01 -3.961100e-06 3.961700e-06 2.003420e-16 -6.230128e-10 2.301260e-11
2.100000e-01 2.100000e-01 6.000000e-01 -4.042000e-06 4.042700e-06 2.103419e-16 -6.123584e-10 8.764181e-11
2.200000e-01 2.200000e-01 6.000000e-01 -4.117000e-06 4.117600e-06 2.203419e-16 -6.030159e-10 3.015680e-12
2.300000e-01 2.300000e-01 6.000000e-01 -4.186600e-06 4.187200e-06 2.303419e-16 -5.948185e-10 5.181730e-12
2.400000e-01 2.400000e-01 6.000000e-01 -4.251200e-06 4.251800e-06 2.403419e-16 -5.876175e-10 1.238274e-11
2.500000e-01 2.500000e-01 6.000000e-01 -4.311500e-06 4.312100e-06 2.503419e-16 -5.812815e-10 1.871875e-11
2.600000e-01 2.600000e-01 6.000000e-01 -4.367900e-06 4.368500e-06 2.603419e-16 -5.756955e-10 2.430476e-11
2.700000e-01 2.700000e-01 6.000000e-01 -4.420700e-06 4.421200e-06 2.703419e-16 -5.707595e-10 7.075923e-11
2.800000e-01 2.800000e-01 6.000000e-01 -4.470200e-06 4.470800e-06 2.803418e-16 -5.663872e-10 3.361308e-11
2.900000e-01 2.900000e-01 6.000000e-01 -4.516900e-06 4.517500e-06 2.903418e-16 -5.625039e-10 3.749639e-11
3.000000e-01 3.000000e-01 6.000000e-01 -4.560900e-06 4.561500e-06 3.003418e-16 -5.590454e-10 4.095490e-11
3.100000e-01 3.100000e-01 6.000000e-01 -4.602600e-06 4.603100e-06 3.103418e-16 -5.559565e-10 5.595619e-11
3.200000e-01 3.200000e-01 6.000000e-01 -4.642000e-06 4.642600e-06 3.203418e-16 -5.531898e-10 4.681052e-11
3.300000e-01 3.300000e-01 6.000000e-01 -4.679400e-06 4.680000e-06 3.303418e-16 -5.507044e-10 4.929593e-11
3.400000e-01 3.400000e-01 6.000000e-01 -4.715100e-06 4.715600e-06 3.403418e-16 -5.484654e-10 4.846506e-11
3.500000e-01 3.500000e-01 6.000000e-01 -4.749000e-06 4.749600e-06 3.503418e-16 -5.464424e-10 5.355795e-11
3.600000e-01 3.600000e-01 6.000000e-01 -4.781500e-06 4.782000e-06 3.603418e-16 -5.446095e-10 4.460914e-11
3.700000e-01 3.700000e-01 6.000000e-01 -4.812500e-06 4.813000e-06 3.703418e-16 -5.429441e-10 4.294373e-11
3.800000e-01 3.800000e-01 6.000000e-01 -4.842200e-06 4.842800e-06 3.803418e-16 -5.414267e-10 5.857368e-11
3.900000e-01 3.900000e-01 6.000000e-01 -4.870700e-06 4.871300e-06 3.903418e-16 -5.400405e-10 5.995989e-11
4.000000e-01 4.000000e-01 6.000000e-01 -4.898200e-06 4.898700e-06 4.003418e-16 -5.387707e-10 3.877030e-11
4.100000e-01 4.100000e-01 6.000000e-01 -4.924500e-06 4.925100e-06 4.103418e-16 -5.376046e-10 6.239581e-11
4.200000e-01 4.200000e-01 6.000000e-01 -4.950000e-06 4.950500e-06 4.203418e-16 -5.365310e-10 3.653058e-11
4.300000e-01 4.300000e-01 6.000000e-01 -4.974500e-06 4.975000e-06 4.303418e-16 -5.355402e-10 3.553977e-11
4.400000e-01 4.400000e-01 6.000000e-01 -4.998200e-06 4.998700e-06 4.403418e-16 -5.346235e-10 3.462306e-11
4.500000e-01 4.500000e-01 6.000000e-01 -5.021100e-06 5.021600e-06 4.503418e-16 -5.337735e-10 3.377305e-11
4.600000e-01 4.600000e-01 6.000000e-01 -5.043300e-06 5.043800e-06 4.603418e-16 -5.329836e-10 3.298314e-11
4.700000e-01 4.700000e-01 6.000000e-01 -5.064800e-06 5.065300e-06 4.703418e-16 -5.322478e-10 3.224733e-11
4.800000e-01 4.800000e-01 6.000000e-01 -5.085600e-06 5.086200e-06 4.803418e-16 -5.315611e-10 6.843938e-11
4.900000e-01 4.900000e-01 6.000000e-01 -5.105900e-06 5.106400e-06 4.903418e-16 -5.309188e-10 3.091831e-11
5.000000e-01 5.000000e-01 6.000000e-01 -5.125500e-06 5.126100e-06 5.003418e-16 -5.303168e-10 6.968370e-11
5.100000e-01 5.100000e-01 6.000000e-01 -5.144700e-06 5.145200e-06 5.103418e-16 -5.297516e-10 2.975109e-11
5.200000e-01 5.200000e-01 6.000000e-01 -5.163300e-06 5.163800e-06 5.203418e-16 -5.292199e-10 2.921938e-11
5.300000e-01 5.300000e-01 6.000000e-01 -5.181400e-06 5.182000e-06 5.303418e-16 -5.287188e-10 7.128173e-11
5.400000e-01 5.400000e-01 6.000000e-01 -5.199100e-06 5.199600e-06 5.403418e-16 -5.282456e-10 2.824506e-11
5.500000e-01 5.500000e-01 6.000000e-01 -5.216400e-06 5.216900e-06 5.503418e-16 -5.277982e-10 2.779765e-11
5.600000e-01 5.600000e-01 6.000000e-01 -5.233200e-06 5.233700e-06 5.603418e-16 -5.273744e-10 2.737384e-11
5.700000e-01 5.700000e-01 6.000000e-01 -5.249600e-06 5.250100e-06 5.703418e-16 -5.269723e-10 2.697173e-11
5.800000e-01 5.800000e-01 6.000000e-01 -5.265700e-06 5.266200e-06 5.803418e-16 -5.265903e-10 2.658972e-11
5.900000e-01 5.900000e-01 6.000000e-01 -5.281400e-06 5.281900e-06 5.903418e-16 -5.262267e-10 2.622611e-11
6.000000e-01 6.000000e-01 6.000000e-01 -5.296700e-06 5.297300e-06 6.003418e-16 -5.258802e-10 7.412040e-11
6.100000e-01 6.100000e-01 6.000000e-01 -5.311800e-06 5.312300e-06 6.103418e-16 -5.255495e-10 2.554889e-11
6.200000e-01 6.200000e-01 6.000000e-01 -5.326500e-06 5.327000e-06 6.203418e-16 -5.252335e-10 2.523288e-11
6.300000e-01 6.300000e-01 6.000000e-01 -5.340900e-06 5.341400e-06 6.303418e-16 -5.249312e-10 2.493057e-11
6.400000e-01 6.400000e-01 6.000000e-01 -5.355000e-06 5.355600e-06 6.403418e-16 -5.246416e-10 7.535904e-11
6.500000e-01 6.500000e-01 6.000000e-01 -5.368900e-06 5.369400e-06 6.503418e-16 -5.243637e-10 2.436305e-11
6.600000e-01 6.600000e-01 6.000000e-01 -5.382500e-06 5.383000e-06 6.603418e-16 -5.240970e-10 2.409634e-11
6.700000e-01 6.700000e-01 6.000000e-01 -5.395800e-06 5.396300e-06 6.703418e-16 -5.238405e-10 2.383983e-11
6.800000e-01 6.800000e-01 6.000000e-01 -5.408900e-06 5.409400e-06 6.803418e-16 -5.235937e-10 2.359302e-11
6.900000e-01 6.900000e-01 6.000000e-01 -5.421800e-06 5.422300e-06 6.903417e-16 -5.233559e-10 2.335521e-11
7.000000e-01 7.000000e-01 6.000000e-01 -5.434400e-06 5.434900e-06 7.003417e-16 -5.231266e-10 2.312590e-11
7.100000e-01 7.100000e-01 6.000000e-01 -5.446800e-06 5.447300e-06 7.103417e-16 -5.229052e-10 2.290449e-11
7.200000e-01 7.200000e-01 6.000000e-01 -5.459000e-06 5.459500e-06 7.203417e-16 -5.226913e-10 2.269058e-11
7.300000e-01 7.300000e-01 6.000000e-01 -5.471000e-06 5.471500e-06 7.303417e-16 -5.224844e-10 2.248367e-11
7.400000e-01 7.400000e-01 6.000000e-01 -5.482800e-06 5.483300e-06 7.403417e-16 -5.222842e-10 2.228346e-11
7.500000e-01 7.500000e-01 6.000000e-01 -5.494400e-06 5.494900e-06 7.503417e-16 -5.220902e-10 2.208945e-11
7.600000e-01 7.600000e-01 6.000000e-01 -5.505800e-06 5.506300e-06 7.603417e-16 -5.219021e-10 2.190134e-11
7.700000e-01 7.700000e-01 6.000000e-01 -5.517100e-06 5.517600e-06 7.703417e-16 -5.217196e-10 2.171883e-11
7.800000e-01 7.800000e-01 6.000000e-01 -5.528100e-06 5.528700e-06 7.803417e-16 -5.215424e-10 7.845838e-11
7.900000e-01 7.900000e-01 6.000000e-01 -5.539000e-06 5.539600e-06 7.903417e-16 -5.213702e-10 7.863059e-11
8.000000e-01 8.000000e-01 6.000000e-01 -5.549800e-06 5.550300e-06 8.003417e-16 -5.212027e-10 2.120190e-11
8.100000e-01 8.100000e-01 6.000000e-01 -5.560400e-06 5.560900e-06 8.103417e-16 -5.210397e-10 2.103889e-11
8.200000e-01 8.200000e-01 6.000000e-01 -5.570800e-06 5.571300e-06 8.203417e-16 -5.208810e-10 2.088018e-11
8.300000e-01 8.300000e-01 6.000000e-01 -5.581100e-06 5.581600e-06 8.303417e-16 -5.207264e-10 2.072557e-11
8.400000e-01 8.400000e-01 6.000000e-01 -5.591200e-06 5.591800e-06 8.403417e-16 -5.205756e-10 7.942524e-11
8.500000e-01 8.500000e-01 6.000000e-01 -5.601200e-06 5.601800e-06 8.503417e-16 -5.204286e-10 7.957225e-11
8.600000e-01 8.600000e-01 6.000000e-01 -5.611100e-06 5.611600e-06 8.603417e-16 -5.202850e-10 2.028414e-11
8.700000e-01 8.700000e-01 6.000000e-01 -5.620800e-06 5.621400e-06 8.703417e-16 -5.201448e-10 7.985607e-11
8.800000e-01 8.800000e-01 6.000000e-01 -5.630400e-06 5.631000e-06 8.803417e-16 -5.200078e-10 7.999308e-11
8.900000e-01 8.900000e-01 6.000000e-01 -5.639900e-06 5.640400e-06 8.903417e-16 -5.198738e-10 1.987291e-11
9.000000e-01 9.000000e-01 6.000000e-01 -5.649300e-06 5.649800e-06 9.003417e-16 -5.197427e-10 1.974180e-11
9.100000e-01 9.100000e-01 6.000000e-01 -5.658500e-06 5.659000e-06 9.103417e-16 -5.196145e-10 1.961359e-11
9.200000e-01 9.200000e-01 6.000000e-01 -5.667700e-06 5.668200e-06 9.203417e-16 -5.194889e-10 1.948798e-11
9.300000e-01 9.300000e-01 6.000000e-01 -5.676700e-06 5.677200e-06 9.303417e-16 -5.193659e-10 1.936497e-11
9.400000e-01 9.400000e-01 6.000000e-01 -5.685600e-06 5.686100e-06 9.403417e-16 -5.192454e-10 1.924446e-11
9.500000e-01 9.500000e-01 6.000000e-01 -5.694400e-06 5.694900e-06 9.503417e-16 -5.191272e-10 1.912625e-11
9.600000e-01 9.600000e-01 6.000000e-01 -5.703100e-06 5.703600e-06 9.603417e-16 -5.190113e-10 1.901034e-11
9.700000e-01 9.700000e-01 6.000000e-01 -5.711700e-06 5.712200e-06 9.703417e-16 -5.188976e-10 1.889663e-11
9.800000e-01 9.800000e-01 6.000000e-01 -5.720100e-06 5.720700e-06 9.803417e-16 -5.187860e-10 8.121498e-11
9.900000e-01 9.900000e-01 6.000000e-01 -5.728500e-06 5.729100e-06 9.903417e-16 -5.186764e-10 8.132459e-11
1.000000e+00 1.000000e+00 6.000000e-01 -5.736800e-06 5.737400e-06 1.000300e-15 -5.185688e-10 8.143220e-11
1.010000e+00 1.010000e+00 6.000000e-01 -5.745100e-06 5.745600e-06 1.010300e-15 -5.184630e-10 1.846199e-11
1.020000e+00 1.020000e+00 6.000000e-01 -5.753200e-06 5.753700e-06 1.020300e-15 -5.183590e-10 1.835798e-11
1.030000e+00 1.030000e+00 6.000000e-01 -5.761200e-06 5.761700e-06 1.030300e-15 -5.182568e-10 1.825577e-11
1.040000e+00 1.040000e+00 6.000000e-01 -5.769100e-06 5.769700e-06 1.040300e-15 -5.181562e-10 8.184484e-11
1.050000e+00 1.050000e+00 6.000000e-01 -5.777000e-06 5.777500e-06 1.050300e-15 -5.180573e-10 1.805625e-11
1.060000e+00 1.060000e+00 6.000000e-01 -5.784800e-06 5.785300e-06 1.060300e-15 -5.179599e-10 1.795884e-11
1.070000e+00 1.070000e+00 6.000000e-01 -5.792500e-06 5.793000e-06 1.070300e-15 -5.178641e-10 1.786303e-11
1.080000e+00 1.080000e+00 6.000000e-01 -5.800100e-06 5.800600e-06 1.080300e-15 -5.177697e-10 1.776862e-11
1.090000e+00 1.090000e+00 6.000000e-01 -5.807600e-06 5.808100e-06 1.090300e-15 -5.176768e-10 1.767571e-11
1.100000e+00 1.100000e+00 6.000000e-01 -5.815100e-06 5.815600e-06 1.100300e-15 -5.175852e-10 1.758410e-11
1.110000e+00 1.110000e+00 6.000000e-01 -5.822500e-06 5.823000e-06 1.110300e-15 -5.174950e-10 1.749389e-11
1.120000e+00 1.120000e+00 6.000000e-01 -5.829800e-06 5.830300e-06 1.120300e-15 -5.174060e-10 1.740488e-11
1.130000e+00 1.130000e+00 6.000000e-01 -5.837000e-06 5.837600e-06 1.130300e-15 -5.173183e-10 8.268283e-11
1.140000e+00 1.140000e+00 6.000000e-01 -5.844200e-06 5.844700e-06 1.140300e-15 -5.172318e-10 1.723066e-11
1.150000e+00 1.150000e+00 6.000000e-01 -5.851300e-06 5.851800e-06 1.150300e-15 -5.171465e-10 1.714535e-11
1.160000e+00 1.160000e+00 6.000000e-01 -5.858400e-06 5.858900e-06 1.160300e-15 -5.170623e-10 1.706114e-11
1.170000e+00 1.170000e+00 6.000000e-01 -5.865300e-06 5.865800e-06 1.170300e-15 -5.169792e-10 1.697803e-11
1.180000e+00 1.180000e+00 6.000000e-01 -5.872200e-06 5.872800e-06 1.180300e-15 -5.168973e-10 8.310388e-11
1.190000e+00 1.190000e+00 6.000000e-01 -5.879100e-06 5.879600e-06 1.190300e-15 -5.168163e-10 1.681511e-11
1.200000e+00 1.200000e+00 6.000000e-01 -5.885900e-06 5.886400e-06 1.200300e-15 -5.167364e-10 1.673520e-11
0.000000e+00 0.000000e+00 8.000000e-01 2.599100e-09 2.599100e-09 5.245000e-18 -5.198300e-09 9.999475e-14
1.000000e-02 1.000000e-02 8.000000e-01 -4.679883e-07 4.730469e-07 1.372180e-17 -5.058600e-09 1.372182e-17
2.000000e-02 2.000000e-02 8.000000e-01 -9.329571e-07 9.378787e-07 2.263830e-17 -4.921600e-09 2.263835e-17
3.000000e-02 3.000000e-02 8.000000e-01 -1.392100e-06 1.396800e-06 3.187480e-17 -4.787200e-09 8.719997e-11
4.000000e-02 4.000000e-02 8.000000e-01 -1.845000e-06 1.849600e-06 4.133610e-17 -4.655400e-09 5.539996e-11
5.000000e-02 5.000000e-02 8.000000e-01 -2.291300e-06 2.295800e-06 5.095320e-17 -4.526300e-09 2.629995e-11
6.000000e-02 6.000000e-02 8.000000e-01 -2.730700e-06 2.735100e-06 6.068200e-17 -4.400000e-09 6.068191e-17
7.000000e-02 7.000000e-02 8.000000e-01 -3.162600e-06 3.166900e-06 7.049360e-17 -4.276400e-09 2.360007e-11
8.000000e-02 8.000000e-02 8.000000e-01 -3.586700e-06 3.590800e-06 8.035970e-17 -4.155800e-09 5.579992e-11
9.000000e-02 9.000000e-02 8.000000e-01 -4.002400e-06 4.006400e-06 9.026330e-17 -4.038300e-09 3.829991e-11
1.000000e-01 1.000000e-01 8.000000e-01 -4.409100e-06 4.413100e-06 1.001952e-16 -3.923800e-09 7.620010e-11
1.100000e-01 1.100000e-01 8.000000e-01 -4.806600e-06 4.810400e-06 1.101481e-16 -3.812600e-09 1.259989e-11
1.200000e-01 1.200000e-01 8.000000e-01 -5.194100e-06 5.197900e-06 1.201127e-16 -3.704800e-09 9.520012e-11
1.300000e-01 1.300000e-01 8.000000e-01 -5.571500e-06 5.575100e-06 1.300896e-16 -3.600600e-09 5.998699e-13
1.400000e-01 1.400000e-01 8.000000e-01 -5.938200e-06 5.941700e-06 1.400711e-16 -3.499900e-09 1.001401e-13
1.500000e-01 1.500000e-01 8.000000e-01 -6.294100e-06 6.297500e-06 1.500589e-16 -3.403000e-09 2.999850e-12
1.600000e-01 1.600000e-01 8.000000e-01 -6.638700e-06 6.642000e-06 1.600491e-16 -3.310000e-09 9.999840e-12
1.700000e-01 1.700000e-01 8.000000e-01 -6.972000e-06 6.975300e-06 1.700430e-16 -3.220900e-09 7.910017e-11
1.800000e-01 1.800000e-01 8.000000e-01 -7.293900e-06 7.297100e-06 1.800381e-16 -3.135800e-09 6.420018e-11
1.900000e-01 1.900000e-01 8.000000e-01 -7.604400e-06 7.607500e-06 1.900341e-16 -3.054800e-09 4.520019e-11
2.000000e-01 2.000000e-01 8.000000e-01 -7.903500e-06 7.906500e-06 2.000314e-16 -2.977800e-09 2.220020e-11
2.100000e-01 2.100000e-01 8.000000e-01 -8.191300e-06 8.194200e-06 2.100293e-16 -2.905000e-09 4.999790e-12
2.200000e-01 2.200000e-01 8.000000e-01 -8.467900e-06 8.470800e-06 2.200279e-16 -2.836200e-09 6.380022e-11
2.300000e-01 2.300000e-01 8.000000e-01 -8.733700e-06 8.736400e-06 2.300264e-16 -2.771400e-09 7.139977e-11
2.400000e-01 2.400000e-01 8.000000e-01 -8.988800e-06 8.991500e-06 2.400255e-16 -2.710500e-09 1.049976e-11
2.500000e-01 2.500000e-01 8.000000e-01 -9.233400e-06 9.236100e-06 2.500247e-16 -2.653400e-09 4.660025e-11
2.600000e-01 2.600000e-01 8.000000e-01 -9.468000e-06 9.470600e-06 2.600244e-16 -2.600000e-09 2.600233e-16
2.700000e-01 2.700000e-01 8.000000e-01 -9.692800e-06 9.695300e-06 2.700238e-16 -2.550200e-09 5.019973e-11
2.800000e-01 2.800000e-01 8.000000e-01 -9.908100e-06 9.910600e-06 2.800235e-16 -2.503700e-09 3.699720e-12
2.900000e-01 2.900000e-01 8.000000e-01 -1.011420e-05 1.011660e-05 2.900231e-16 -2.460500e-09 6.049971e-11
3.000000e-01 3.000000e-01 8.000000e-01 -1.031140e-05 1.031380e-05 3.000229e-16 -2.420400e-09 2.039970e-11
3.100000e-01 3.100000e-01 8.000000e-01 -1.050020e-05 1.050250e-05 3.100225e-16 -2.383100e-09 8.309969e-11
3.200000e-01 3.200000e-01 8.000000e-01 -1.068070e-05 1.068300e-05 3.200224e-16 -2.348500e-09 4.849968e-11
3.300000e-01 3.300000e-01 8.000000e-01 -1.085340e-05 1.085570e-05 3.300223e-16 -2.316500e-09 1.649967e-11
3.400000e-01 3.400000e-01 8.000000e-01 -1.101850e-05 1.102080e-05 3.400220e-16 -2.286800e-09 1.320034e-11
3.500000e-01 3.500000e-01 8.000000e-01 -1.117650e-05 1.117880e-05 3.500219e-16 -2.259400e-09 4.060035e-11
3.600000e-01 3.600000e-01 8.000000e-01 -1.132760e-05 1.132980e-05 3.600218e-16 -2.234000e-09 3.399964e-11
3.700000e-01 3.700000e-01 8.000000e-01 -1.147210e-05 1.147430e-05 3.700217e-16 -2.210400e-09 1.039963e-11
3.800000e-01 3.800000e-01 8.000000e-01 -1.161040e-05 1.161260e-05 3.800217e-16 -2.188700e-09 1.130038e-11
3.900000e-01 3.900000e-01 8.000000e-01 -1.174270e-05 1.174490e-05 3.900216e-16 -2.168500e-09 3.150039e-11
4.000000e-01 4.000000e-01 8.000000e-01 -1.186940e-05 1.187160e-05 4.000215e-16 -2.149800e-09 5.020040e-11
4.100000e-01 4.100000e-01 8.000000e-01 -1.199080e-05 1.199290e-05 4.100214e-16 -2.132500e-09 3.249959e-11
4.200000e-01 4.200000e-01 8.000000e-01 -1.210700e-05 1.210920e-05 4.200213e-16 -2.116500e-09 8.350042e-11
4.300000e-01 4.300000e-01 8.000000e-01 -1.221850e-05 1.222060e-05 4.300213e-16 -2.101600e-09 1.599570e-12
4.400000e-01 4.400000e-01 8.000000e-01 -1.232550e-05 1.232750e-05 4.400212e-16 -2.087800e-09 8.779956e-11
4.500000e-01 4.500000e-01 8.000000e-01 -1.242810e-05 1.243020e-05 4.500212e-16 -2.074900e-09 2.510045e-11
4.600000e-01 4.600000e-01 8.000000e-01 -1.252670e-05 1.252870e-05 4.600212e-16 -2.063000e-09 6.299954e-11
4.700000e-01 4.700000e-01 8.000000e-01 -1.262140e-05 1.262350e-05 4.700211e-16 -2.051800e-09 4.820047e-11
4.800000e-01 4.800000e-01 8.000000e-01 -1.271250e-05 1.271460e-05 4.800211e-16 -2.041500e-09 5.850048e-11
4.900000e-01 4.900000e-01 8.000000e-01 -1.280020e-05 1.280230e-05 4.900211e-16 -2.031800e-09 6.820049e-11
5.000000e-01 5.000000e-01 8.000000e-01 -1.288470e-05 1.288670e-05 5.000211e-16 -2.022700e-09 2.269950e-11
5.100000e-01 5.100000e-01 8.000000e-01 -1.296610e-05 1.296810e-05 5.100210e-16 -2.014300e-09 1.429949e-11
5.200000e-01 5.200000e-01 8.000000e-01 -1.304460e-05 1.304660e-05 5.200210e-16 -2.006400e-09 6.399480e-12
5.300000e-01 5.300000e-01 8.000000e-01 -1.312030e-05 1.312230e-05 5.300210e-16 -1.999000e-09 1.000530e-12
5.400000e-01 5.400000e-01 8.000000e-01 -1.319350e-05 1.319550e-05 5.400210e-16 -1.992000e-09 8.000540e-12
5.500000e-01 5.500000e-01 8.000000e-01 -1.326420e-05 1.326620e-05 5.500210e-16 -1.985500e-09 1.450055e-11
5.600000e-01 5.600000e-01 8.000000e-01 -1.333260e-05 1.333460e-05 5.600209e-16 -1.979400e-09 2.060056e-11
5.700000e-01 5.700000e-01 8.000000e-01 -1.339880e-05 1.340080e-05 5.700209e-16 -1.973600e-09 2.640057e-11
5.800000e-01 5.800000e-01 8.000000e-01 -1.346300e-05 1.346490e-05 5.800209e-16 -1.968200e-09 6.819942e-11
5.900000e-01 5.900000e-01 8.000000e-01 -1.352510e-05 1.352710e-05 5.900209e-16 -1.963100e-09 3.690059e-11
6.000000e-01 6.000000e-01 8.000000e-01 -1.358540e-05 1.358740e-05 6.000209e-16 -1.958200e-09 4.180060e-11
6.100000e-01 6.100000e-01 8.000000e-01 -1.364390e-05 1.364590e-05 6.100209e-16 -1.953600e-09 4.640061e-11
6.200000e-01 6.200000e-01 8.000000e-01 -1.370070e-05 1.370270e-05 6.200209e-16 -1.949300e-09 5.070062e-11
6.300000e-01 6.300000e-01 8.000000e-01 -1.375590e-05 1.375790e-05 6.300209e-16 -1.945200e-09 5.480063e-11
6.400000e-01 6.400000e-01 8.000000e-01 -1.380960e-05 1.381160e-05 6.400208e-16 -1.941300e-09 5.870064e-11
6.500000e-01 6.500000e-01 8.000000e-01 -1.386190e-05 1.386380e-05 6.500208e-16 -1.937600e-09 3.759935e-11
6.600000e-01 6.600000e-01 8.000000e-01 -1.391270e-05 1.391460e-05 6.600208e-16 -1.934100e-09 3.409934e-11
6.700000e-01 6.700000e-01 8.000000e-01 -1.396220e-05 1.396420e-05 6.700208e-16 -1.930800e-09 6.920067e-11
6.800000e-01 6.800000e-01 8.000000e-01 -1.401050e-05 1.401240e-05 6.800208e-16 -1.927600e-09 2.759932e-11
6.900000e-01 6.900000e-01 8.000000e-01 -1.405760e-05 1.405950e-05 6.900208e-16 -1.924600e-09 2.459931e-11
7.000000e-01 7.000000e-01 8.000000e-01 -1.410350e-05 1.410540e-05 7.000208e-16 -1.921700e-09 2.169930e-11
7.100000e-01 7.100000e-01 8.000000e-01 -1.414830e-05 1.415020e-05 7.100207e-16 -1.919000e-09 1.899929e-11
7.200000e-01 7.200000e-01 8.000000e-01 -1.419210e-05 1.419400e-05 7.200207e-16 -1.916300e-09 1.629928e-11
7.300000e-01 7.300000e-01 8.000000e-01 -1.423480e-05 1.423670e-05 7.300207e-16 -1.913800e-09 1.379927e-11
7.400000e-01 7.400000e-01 8.000000e-01 -1.427660e-05 1.427850e-05 7.400207e-16 -1.911400e-09 1.139926e-11
7.500000e-01 7.500000e-01 8.000000e-01 -1.431750e-05 1.431940e-05 7.500207e-16 -1.909100e-09 9.099250e-12
7.600000e-01 7.600000e-01 8.000000e-01 -1.435750e-05 1.435940e-05 7.600207e-16 -1.906900e-09 6.899240e-12
7.700000e-01 7.700000e-01 8.000000e-01 -1.439660e-05 1.439850e-05 7.700207e-16 -1.904800e-09 4.799230e-12
7.800000e-01 7.800000e-01 8.000000e-01 -1.443500e-05 1.443690e-05 7.800207e-16 -1.902700e-09 2.699220e-12
7.900000e-01 7.900000e-01 8.000000e-01 -1.447250e-05 1.447440e-05 7.900207e-16 -1.900800e-09 7.992100e-13
8.000000e-01 8.000000e-01 8.000000e-01 -1.450930e-05 1.451120e-05 8.000207e-16 -1.898900e-09 1.100800e-12
8.100000e-01 8.100000e-01 8.000000e-01 -1.454540e-05 1.454730e-05 8.100206e-16 -1.897100e-09 2.900810e-12
8.200000e-01 8.200000e-01 8.000000e-01 -1.458070e-05 1.458260e-05 8.200206e-16 -1.895300e-09 4.700820e-12
8.300000e-01 8.300000e-01 8.000000e-01 -1.461540e-05 1.461730e-05 8.300206e-16 -1.893600e-09 6.400830e-12
8.400000e-01 8.400000e-01 8.000000e-01 -1.464950e-05 1.465140e-05 8.400206e-16 -1.892000e-09 8.000840e-12
8.500000e-01 8.500000e-01 8.000000e-01 -1.468290e-05 1.468480e-05 8.500206e-16 -1.890400e-09 9.600850e-12
8.600000e-01 8.600000e-01 8.000000e-01 -1.471570e-05 1.471760e-05 8.600206e-16 -1.888900e-09 1.110086e-11
8.700000e-01 8.700000e-01 8.000000e-01 -1.474800e-05 1.474990e-05 8.700206e-16 -1.887400e-09 1.260087e-11
8.800000e-01 8.800000e-01 8.000000e-01 -1.477960e-05 1.478150e-05 8.800206e-16 -1.886000e-09 1.400088e-11
8.900000e-01 8.900000e-01 8.000000e-01 -1.481080e-05 1.481270e-05 8.900206e-16 -1.884600e-09 1.540089e-11
9.000000e-01 9.000000e-01 8.000000e-01 -1.484140e-05 1.484330e-05 9.000206e-16 -1.883300e-09 1.670090e-11
9.100000e-01 9.100000e-01 8.000000e-01 -1.487150e-05 1.487340e-05 9.100206e-16 -1.882000e-09 1.800091e-11
9.200000e-01 9.200000e-01 8.000000e-01 -1.490110e-05 1.490300e-05 9.200206e-16 -1.880700e-09 1.930092e-11
9.300000e-01 9.300000e-01 8.000000e-01 -1.493030e-05 1.493210e-05 9.300206e-16 -1.879500e-09 7.949907e-11
9.400000e-01 9.400000e-01 8.000000e-01 -1.495900e-05 1.496080e-05 9.400206e-16 -1.878300e-09 7.829906e-11
9.500000e-01 9.500000e-01 8.000000e-01 -1.498720e-05 1.498910e-05 9.500206e-16 -1.877200e-09 2.280095e-11
9.600000e-01 9.600000e-01 8.000000e-01 -1.501500e-05 1.501690e-05 9.600206e-16 -1.876100e-09 2.390096e-11
9.700000e-01 9.700000e-01 8.000000e-01 -1.504240e-05 1.504420e-05 9.700206e-16 -1.875000e-09 7.499903e-11
9.800000e-01 9.800000e-01 8.000000e-01 -1.506940e-05 1.507120e-05 9.800206e-16 -1.873900e-09 7.389902e-11
9.900000e-01 9.900000e-01 8.000000e-01 -1.509590e-05 1.509780e-05 9.900206e-16 -1.872900e-09 2.710099e-11
1.000000e+00 1.000000e+00 8.000000e-01 -1.512210e-05 1.512400e-05 1.000000e-15 -1.871900e-09 2.810100e-11
1.010000e+00 1.010000e+00 8.000000e-01 -1.514800e-05 1.514980e-05 1.010000e-15 -1.870900e-09 7.089899e-11
1.020000e+00 1.020000e+00 8.000000e-01 -1.517340e-05 1.517530e-05 1.020000e-15 -1.869900e-09 3.010102e-11
1.030000e+00 1.030000e+00 8.000000e-01 -1.519850e-05 1.520040e-05 1.030000e-15 -1.869000e-09 3.100103e-11
1.040000e+00 1.040000e+00 8.000000e-01 -1.522330e-05 1.522520e-05 1.040000e-15 -1.868100e-09 3.190104e-11
1.050000e+00 1.050000e+00 8.000000e-01 -1.524770e-05 1.524960e-05 1.050000e-15 -1.867200e-09 3.280105e-11
1.060000e+00 1.060000e+00 8.000000e-01 -1.527190e-05 1.527370e-05 1.060000e-15 -1.866300e-09 6.629894e-11
1.070000e+00 1.070000e+00 8.000000e-01 -1.529570e-05 1.529750e-05 1.070000e-15 -1.865500e-09 6.549893e-11
1.080000e+00 1.080000e+00 8.000000e-01 -1.531910e-05 1.532100e-05 1.080000e-15 -1.864700e-09 3.530108e-11
1.090000e+00 1.090000e+00 8.000000e-01 -1.534230e-05 1.534420e-05 1.090000e-15 -1.863900e-09 3.610109e-11
1.100000e+00 1.100000e+00 8.000000e-01 -1.536520e-05 1.536710e-05 1.100000e-15 -1.863100e-09 3.690110e-11
1.110000e+00 1.110000e+00 8.000000e-01 -1.538790e-05 1.538970e-05 1.110000e-15 -1.862300e-09 6.229889e-11
1.120000e+00 1.120000e+00 8.000000e-01 -1.541020e-05 1.541210e-05 1.120000e-15 -1.861500e-09 3.850112e-11
1.130000e+00 1.130000e+00 8.000000e-01 -1.543230e-05 1.543410e-05 1.130000e-15 -1.860800e-09 6.079887e-11
1.140000e+00 1.140000e+00 8.000000e-01 -1.545410e-05 1.545590e-05 1.140000e-15 -1.860100e-09 6.009886e-11
1.150000e+00 1.150000e+00 8.000000e-01 -1.547560e-05 1.547750e-05 1.150000e-15 -1.859300e-09 4.070115e-11
1.160000e+00 1.160000e+00 8.000000e-01 -1.549690e-05 1.549880e-05 1.160000e-15 -1.858600e-09 4.140116e-11
1.170000e+00 1.170000e+00 8.000000e-01 -1.551800e-05 1.551980e-05 1.170000e-15 -1.858000e-09 5.799883e-11
1.180000e+00 1.180000e+00 8.000000e-01 -1.553880e-05 1.554060e-05 1.180000e-15 -1.857300e-09 5.729882e-11
1.190000e+00 1.190000e+00 8.000000e-01 -1.555930e-05 1.556120e-05 1.190000e-15 -1.856600e-09 4.340119e-11
1.200000e+00 1.200000e+00 8.000000e-01 -1.557970e-05 1.558150e-05 1.200000e-15 -1.856000e-09 5.599880e-11
0.000000e+00 0.000000e+00 1.000000e+00 6.569400e-09 6.569400e-09 9.318500e-12 -1.314810e-08 1.850000e-14
1.000000e-02 1.000000e-02 1.000000e+00 -5.406928e-07 5.535695e-07 6.506300e-12 -1.288320e-08 6.300000e-15
2.000000e-02 2.000000e-02 1.000000e+00 -1.085500e-06 1.098100e-06 4.544300e-12 -1.262300e-08 1.845570e-11
3.000000e-02 3.000000e-02 1.000000e+00 -1.627700e-06 1.640100e-06 3.175200e-12 -1.236700e-08 3.617520e-11
4.000000e-02 4.000000e-02 1.000000e+00 -2.167200e-06 2.179300e-06 2.219500e-12 -1.211520e-08 1.298050e-11
5.000000e-02 5.000000e-02 1.000000e+00 -2.703700e-06 2.715600e-06 1.552200e-12 -1.186750e-08 3.405220e-11
6.000000e-02 6.000000e-02 1.000000e+00 -3.237100e-06 3.248800e-06 1.086200e-12 -1.162370e-08 7.738620e-11
7.000000e-02 7.000000e-02 1.000000e+00 -3.767200e-06 3.778600e-06 7.606174e-13 -1.138380e-08 1.696062e-11
8.000000e-02 8.000000e-02 1.000000e+00 -4.293700e-06 4.304800e-06 5.330814e-13 -1.114780e-08 4.726692e-11
9.000000e-02 9.000000e-02 1.000000e+00 -4.816300e-06 4.827200e-06 3.739828e-13 -1.091580e-08 1.542602e-11
1.000000e-01 1.000000e-01 1.000000e+00 -5.334800e-06 5.345500e-06 2.626801e-13 -1.068780e-08 1.246268e-11
1.100000e-01 1.100000e-01 1.000000e+00 -5.848900e-06 5.859400e-06 1.847591e-13 -1.046370e-08 3.648476e-11
1.200000e-01 1.200000e-01 1.000000e+00 -6.358400e-06 6.368700e-06 1.301669e-13 -1.024380e-08 5.633017e-11
1.300000e-01 1.300000e-01 1.000000e+00 -6.862900e-06 6.873000e-06 9.188160e-14 -1.002790e-08 7.219188e-11
1.400000e-01 1.400000e-01 1.000000e+00 -7.362200e-06 7.372000e-06 6.500490e-14 -9.816300e-09 1.623500e-11
1.500000e-01 1.500000e-01 1.000000e+00 -7.855900e-06 7.865600e-06 4.611060e-14 -9.609000e-09 9.104611e-11
1.600000e-01 1.600000e-01 1.000000e+00 -8.343900e-06 8.353300e-06 3.280960e-14 -9.406100e-09 6.067190e-12
1.700000e-01 1.700000e-01 1.000000e+00 -8.825700e-06 8.835000e-06 2.343070e-14 -9.207700e-09 9.232343e-11
1.800000e-01 1.800000e-01 1.000000e+00 -9.301300e-06 9.310300e-06 1.680410e-14 -9.013800e-09 1.378320e-11
1.900000e-01 1.900000e-01 1.000000e+00 -9.770200e-06 9.779100e-06 1.211300e-14 -8.824500e-09 7.551211e-11
2.000000e-01 2.000000e-01 1.000000e+00 -1.023240e-05 1.024100e-05 8.784400e-15 -8.640000e-09 3.999122e-11
2.100000e-01 2.100000e-01 1.000000e+00 -1.068750e-05 1.069600e-05 6.416900e-15 -8.460300e-09 3.970642e-11
2.200000e-01 2.200000e-01 1.000000e+00 -1.113540e-05 1.114370e-05 4.728200e-15 -8.285500e-09 1.450473e-11
2.300000e-01 2.300000e-01 1.000000e+00 -1.157590e-05 1.158410e-05 3.520300e-15 -8.115700e-09 8.430352e-11
2.400000e-01 2.400000e-01 1.000000e+00 -1.200900e-05 1.201690e-05 2.654300e-15 -7.950800e-09 5.079735e-11
2.500000e-01 2.500000e-01 1.000000e+00 -1.243430e-05 1.244210e-05 2.031400e-15 -7.791100e-09 8.902031e-12
2.600000e-01 2.600000e-01 1.000000e+00 -1.285190e-05 1.285960e-05 1.582100e-15 -7.636400e-09 6.360158e-11
2.700000e-01 2.700000e-01 1.000000e+00 -1.326170e-05 1.326920e-05 1.257500e-15 -7.486900e-09 1.310126e-11
2.800000e-01 2.800000e-01 1.000000e+00 -1.366360e-05 1.367090e-05 1.022300e-15 -7.342600e-09 4.259898e-11
2.900000e-01 2.900000e-01 1.000000e+00 -1.405740e-05 1.406460e-05 8.518411e-16 -7.203400e-09 3.399148e-12
3.000000e-01 3.000000e-01 1.000000e+00 -1.444320e-05 1.445030e-05 7.281881e-16 -7.069300e-09 3.070073e-11
3.100000e-01 3.100000e-01 1.000000e+00 -1.482100e-05 1.482800e-05 6.387500e-16 -6.940300e-09 5.970064e-11
3.200000e-01 3.200000e-01 1.000000e+00 -1.519070e-05 1.519750e-05 5.743255e-16 -6.816400e-09 1.639943e-11
3.300000e-01 3.300000e-01 1.000000e+00 -1.555230e-05 1.555900e-05 5.281949e-16 -6.697600e-09 2.400528e-12
3.400000e-01 3.400000e-01 1.000000e+00 -1.590580e-05 1.591230e-05 4.957191e-16 -6.583600e-09 8.359950e-11
3.500000e-01 3.500000e-01 1.000000e+00 -1.625110e-05 1.625760e-05 4.732701e-16 -6.474500e-09 2.550047e-11
3.600000e-01 3.600000e-01 1.000000e+00 -1.658830e-05 1.659470e-05 4.583254e-16 -6.370200e-09 2.980046e-11
3.700000e-01 3.700000e-01 1.000000e+00 -1.691740e-05 1.692370e-05 4.491043e-16 -6.270500e-09 2.950045e-11
3.800000e-01 3.800000e-01 1.000000e+00 -1.723840e-05 1.724460e-05 4.441075e-16 -6.175400e-09 2.460044e-11
3.900000e-01 3.900000e-01 1.000000e+00 -1.755140e-05 1.755750e-05 4.423870e-16 -6.084700e-09 1.530044e-11
4.000000e-01 4.000000e-01 1.000000e+00 -1.785630e-05 1.786230e-05 4.431327e-16 -5.998300e-09 1.700443e-12
4.100000e-01 4.100000e-01 1.000000e+00 -1.815320e-05 1.815910e-05 4.457833e-16 -5.916000e-09 1.599955e-11
4.200000e-01 4.200000e-01 1.000000e+00 -1.844220e-05 1.844800e-05 4.499291e-16 -5.837700e-09 3.769955e-11
4.300000e-01 4.300000e-01 1.000000e+00 -1.872330e-05 1.872900e-05 4.552188e-16 -5.763300e-09 6.329954e-11
4.400000e-01 4.400000e-01 1.000000e+00 -1.899650e-05 1.900220e-05 4.614016e-16 -5.692700e-09 7.300461e-12
4.500000e-01 4.500000e-01 1.000000e+00 -1.926210e-05 1.926780e-05 4.682786e-16 -5.625500e-09 7.450047e-11
4.600000e-01 4.600000e-01 1.000000e+00 -1.952010e-05 1.952570e-05 4.757352e-16 -5.561800e-09 3.820048e-11
4.700000e-01 4.700000e-01 1.000000e+00 -1.977060e-05 1.977610e-05 4.836363e-16 -5.501400e-09 1.399516e-12
4.800000e-01 4.800000e-01 1.000000e+00 -2.001370e-05 2.001920e-05 4.918930e-16 -5.444100e-09 5.590049e-11
4.900000e-01 4.900000e-01 1.000000e+00 -2.024960e-05 2.025500e-05 5.004330e-16 -5.389700e-09 1.030050e-11
5.000000e-01 5.000000e-01 1.000000e+00 -2.047850e-05 2.048380e-05 5.092146e-16 -5.338200e-09 3.819949e-11
5.100000e-01 5.100000e-01 1.000000e+00 -2.070040e-05 2.070570e-05 5.181703e-16 -5.289400e-09 1.060052e-11
5.200000e-01 5.200000e-01 1.000000e+00 -2.091550e-05 2.092080e-05 5.273071e-16 -5.243200e-09 5.680053e-11
5.300000e-01 5.300000e-01 1.000000e+00 -2.112410e-05 2.112930e-05 5.365561e-16 -5.199300e-09 7.005366e-13
5.400000e-01 5.400000e-01 1.000000e+00 -2.132620e-05 2.133140e-05 5.459168e-16 -5.157800e-09 4.220055e-11
5.500000e-01 5.500000e-01 1.000000e+00 -2.152220e-05 2.152730e-05 5.553614e-16 -5.118400e-09 1.839944e-11
5.600000e-01 5.600000e-01 1.000000e+00 -2.171200e-05 2.171710e-05 5.648924e-16 -5.081100e-09 1.890056e-11
5.700000e-01 5.700000e-01 1.000000e+00 -2.189610e-05 2.190110e-05 5.744750e-16 -5.045700e-09 4.569943e-11
5.800000e-01 5.800000e-01 1.000000e+00 -2.207440e-05 2.207940e-05 5.841148e-16 -5.012200e-09 1.219942e-11
5.900000e-01 5.900000e-01 1.000000e+00 -2.224730e-05 2.225230e-05 5.937941e-16 -4.980400e-09 1.960059e-11
6.000000e-01 6.000000e-01 1.000000e+00 -2.241490e-05 2.241980e-05 6.035195e-16 -4.950300e-09 5.029940e-11
6.100000e-01 6.100000e-01 1.000000e+00 -2.257730e-05 2.258230e-05 6.132756e-16 -4.921700e-09 7.830061e-11
6.200000e-01 6.200000e-01 1.000000e+00 -2.273490e-05 2.273980e-05 6.230488e-16 -4.894500e-09 5.500623e-12
6.300000e-01 6.300000e-01 1.000000e+00 -2.288770e-05 2.289250e-05 6.328574e-16 -4.868700e-09 6.869937e-11
6.400000e-01 6.400000e-01 1.000000e+00 -2.303590e-05 2.304070e-05 6.426883e-16 -4.844200e-09 4.419936e-11
6.500000e-01 6.500000e-01 1.000000e+00 -2.317970e-05 2.318450e-05 6.525299e-16 -4.821000e-09 2.099935e-11
6.600000e-01 6.600000e-01 1.000000e+00 -2.331930e-05 2.332410e-05 6.623905e-16 -4.798900e-09 1.100662e-12
6.700000e-01 6.700000e-01 1.000000e+00 -2.345480e-05 2.345950e-05 6.722594e-16 -4.777800e-09 7.779933e-11
6.800000e-01 6.800000e-01 1.000000e+00 -2.358630e-05 2.359110e-05 6.821446e-16 -4.757800e-09 4.220068e-11
6.900000e-01 6.900000e-01 1.000000e+00 -2.371410e-05 2.371890e-05 6.920447e-16 -4.738800e-09 6.120069e-11
7.000000e-01 7.000000e-01 1.000000e+00 -2.383830e-05 2.384310e-05 7.019503e-16 -4.720600e-09 7.940070e-11
7.100000e-01 7.100000e-01 1.000000e+00 -2.395910e-05 2.396380e-05 7.118609e-16 -4.703300e-09 3.299288e-12
7.200000e-01 7.200000e-01 1.000000e+00 -2.407650e-05 2.408110e-05 7.217840e-16 -4.686800e-09 8.679928e-11
7.300000e-01 7.300000e-01 1.000000e+00 -2.419060e-05 2.419530e-05 7.317109e-16 -4.671100e-09 2.890073e-11
7.400000e-01 7.400000e-01 1.000000e+00 -2.430170e-05 2.430640e-05 7.416491e-16 -4.656100e-09 4.390074e-11
7.500000e-01 7.500000e-01 1.000000e+00 -2.440990e-05 2.441450e-05 7.515826e-16 -4.641700e-09 4.169925e-11
7.600000e-01 7.600000e-01 1.000000e+00 -2.451520e-05 2.451980e-05 7.615265e-16 -4.628100e-09 2.809924e-11
7.700000e-01 7.700000e-01 1.000000e+00 -2.461780e-05 2.462240e-05 7.714802e-16 -4.615000e-09 1.499923e-11
7.800000e-01 7.800000e-01 1.000000e+00 -2.471770e-05 2.472230e-05 7.814287e-16 -4.602400e-09 2.399219e-12
7.900000e-01 7.900000e-01 1.000000e+00 -2.481520e-05 2.481980e-05 7.913865e-16 -4.590400e-09 9.600791e-12
8.000000e-01 8.000000e-01 1.000000e+00 -2.491020e-05 2.491480e-05 8.013460e-16 -4.579000e-09 2.100080e-11
8.100000e-01 8.100000e-01 1.000000e+00 -2.500290e-05 2.500740e-05 8.113071e-16 -4.568000e-09 6.799919e-11
8.200000e-01 8.200000e-01 1.000000e+00 -2.509330e-05 2.509790e-05 8.212697e-16 -4.557400e-09 4.260082e-11
8.300000e-01 8.300000e-01 1.000000e+00 -2.518160e-05 2.518620e-05 8.312337e-16 -4.547300e-09 5.270083e-11
8.400000e-01 8.400000e-01 1.000000e+00 -2.526790e-05 2.527240e-05 8.412057e-16 -4.537600e-09 3.759916e-11
8.500000e-01 8.500000e-01 1.000000e+00 -2.535210e-05 2.535660e-05 8.511720e-16 -4.528200e-09 2.819915e-11
8.600000e-01 8.600000e-01 1.000000e+00 -2.543440e-05 2.543890e-05 8.611461e-16 -4.519300e-09 1.929914e-11
8.700000e-01 8.700000e-01 1.000000e+00 -2.551490e-05 2.551940e-05 8.711210e-16 -4.510700e-09 1.069913e-11
8.800000e-01 8.800000e-01 1.000000e+00 -2.559360e-05 2.559810e-05 8.810968e-16 -4.502400e-09 2.399119e-12
8.900000e-01 8.900000e-01 1.000000e+00 -2.567060e-05 2.567510e-05 8.910733e-16 -4.494400e-09 5.600891e-12
9.000000e-01 9.000000e-01 1.000000e+00 -2.574590e-05 2.575040e-05 9.010506e-16 -4.486700e-09 1.330090e-11
9.100000e-01 9.100000e-01 1.000000e+00 -2.581970e-05 2.582420e-05 9.110285e-16 -4.479300e-09 2.070091e-11
9.200000e-01 9.200000e-01 1.000000e+00 -2.589190e-05 2.589640e-05 9.210133e-16 -4.472200e-09 2.780092e-11
9.300000e-01 9.300000e-01 1.000000e+00 -2.596270e-05 2.596710e-05 9.309924e-16 -4.465300e-09 6.529907e-11
9.400000e-01 9.400000e-01 1.000000e+00 -2.603200e-05 2.603640e-05 9.409721e-16 -4.458600e-09 5.859906e-11
9.500000e-01 9.500000e-01 1.000000e+00 -2.609990e-05 2.610440e-05 9.509584e-16 -4.452200e-09 4.780095e-11
9.600000e-01 9.600000e-01 1.000000e+00 -2.616650e-05 2.617100e-05 9.609451e-16 -4.446000e-09 5.400096e-11
9.700000e-01 9.700000e-01 1.000000e+00 -2.623180e-05 2.623630e-05 9.709262e-16 -4.440000e-09 6.000097e-11
9.800000e-01 9.800000e-01 1.000000e+00 -2.629590e-05 2.630040e-05 9.809136e-16 -4.434200e-09 6.580098e-11
9.900000e-01 9.900000e-01 1.000000e+00 -2.635880e-05 2.636330e-05 9.909014e-16 -4.428600e-09 7.140099e-11
1.000000e+00 1.000000e+00 1.000000e+00 -2.642060e-05 2.642500e-05 1.000900e-15 -4.423200e-09 2.319900e-11
1.010000e+00 1.010000e+00 1.000000e+00 -2.648120e-05 2.648560e-05 1.010900e-15 -4.417900e-09 1.789899e-11
1.020000e+00 1.020000e+00 1.000000e+00 -2.654070e-05 2.654510e-05 1.020900e-15 -4.412800e-09 1.279898e-11
1.030000e+00 1.030000e+00 1.000000e+00 -2.659920e-05 2.660360e-05 1.030800e-15 -4.407900e-09 7.898969e-12
1.040000e+00 1.040000e+00 1.000000e+00 -2.665660e-05 2.666100e-05 1.040800e-15 -4.403100e-09 3.098959e-12
1.050000e+00 1.050000e+00 1.000000e+00 -2.671310e-05 2.671750e-05 1.050800e-15 -4.398500e-09 1.501051e-12
1.060000e+00 1.060000e+00 1.000000e+00 -2.676860e-05 2.677300e-05 1.060800e-15 -4.394000e-09 6.001061e-12
1.070000e+00 1.070000e+00 1.000000e+00 -2.682320e-05 2.682760e-05 1.070800e-15 -4.389600e-09 1.040107e-11
1.080000e+00 1.080000e+00 1.000000e+00 -2.687690e-05 2.688130e-05 1.080800e-15 -4.385300e-09 1.470108e-11
1.090000e+00 1.090000e+00 1.000000e+00 -2.692970e-05 2.693410e-05 1.090800e-15 -4.381200e-09 1.880109e-11
1.100000e+00 1.100000e+00 1.000000e+00 -2.698170e-05 2.698610e-05 1.100800e-15 -4.377200e-09 2.280110e-11
1.110000e+00 1.110000e+00 1.000000e+00 -2.703290e-05 2.703720e-05 1.110800e-15 -4.373200e-09 7.319889e-11
1.120000e+00 1.120000e+00 1.000000e+00 -2.708320e-05 2.708760e-05 1.120800e-15 -4.369400e-09 3.060112e-11
1.130000e+00 1.130000e+00 1.000000e+00 -2.713280e-05 2.713720e-05 1.130800e-15 -4.365700e-09 3.430113e-11
1.140000e+00 1.140000e+00 1.000000e+00 -2.718170e-05 2.718610e-05 1.140800e-15 -4.362100e-09 3.790114e-11
1.150000e+00 1.150000e+00 1.000000e+00 -2.722980e-05 2.723420e-05 1.150700e-15 -4.358600e-09 4.140115e-11
1.160000e+00 1.160000e+00 1.000000e+00 -2.727720e-05 2.728160e-05 1.160700e-15 -4.355200e-09 4.480116e-11
1.170000e+00 1.170000e+00 1.000000e+00 -2.732400e-05 2.732830e-05 1.170700e-15 -4.351800e-09 5.179883e-11
1.180000e+00 1.180000e+00 1.000000e+00 -2.737000e-05 2.737440e-05 1.180700e-15 -4.348600e-09 5.140118e-11
1.190000e+00 1.190000e+00 1.000000e+00 -2.741540e-05 2.741980e-05 1.190700e-15 -4.345400e-09 5.460119e-11
1.200000e+00 1.200000e+00 1.000000e+00 -2.746020e-05 2.746450e-05 1.200700e-15 -4.342300e-09 4.229880e-11
0.000000e+00 0.000000e+00 1.200000e+00 1.353450e-08 1.353450e-08 2.250950e-05 -2.253650e-05 6.900000e-11
1.000000e-02 1.000000e-02 1.200000e+00 -5.622795e-07 5.889074e-07 1.561450e-05 -1.564120e-05 7.210000e-11
2.000000e-02 2.000000e-02 1.200000e+00 -1.137400e-06 1.163600e-06 1.083380e-05 -1.085990e-05 1.000000e-10
3.000000e-02 3.000000e-02 1.200000e+00 -1.711900e-06 1.737600e-06 7.518300e-06 -7.544100e-06 1.000000e-10
4.000000e-02 4.000000e-02 1.200000e+00 -2.285500e-06 2.310800e-06 5.218800e-06 -5.244100e-06 8.470329e-22
5.000000e-02 5.000000e-02 1.200000e+00 -2.858200e-06 2.883100e-06 3.623500e-06 -3.648400e-06 4.235165e-22
6.000000e-02 6.000000e-02 1.200000e+00 -3.429900e-06 3.454400e-06 2.516600e-06 -2.541100e-06 4.235165e-22
7.000000e-02 7.000000e-02 1.200000e+00 -4.000500e-06 4.024600e-06 1.748500e-06 -1.772600e-06 1.058791e-21
8.000000e-02 8.000000e-02 1.200000e+00 -4.569900e-06 4.593600e-06 1.215300e-06 -1.239000e-06 1.058791e-21
9.000000e-02 9.000000e-02 1.200000e+00 -5.137900e-06 5.161200e-06 8.450931e-07 -8.683857e-07 7.400000e-12
1.000000e-01 1.000000e-01 1.200000e+00 -5.704300e-06 5.727200e-06 5.879722e-07 -6.108719e-07 3.000000e-13
1.100000e-01 1.100000e-01 1.200000e+00 -6.269200e-06 6.291700e-06 4.093315e-07 -4.318437e-07 1.220000e-11
1.200000e-01 1.200000e-01 1.200000e+00 -6.832200e-06 6.854300e-06 2.851660e-07 -3.072960e-07 3.000000e-11
1.300000e-01 1.300000e-01 1.200000e+00 -7.393300e-06 7.415000e-06 1.988228e-07 -2.205761e-07 5.330000e-11
1.400000e-01 1.400000e-01 1.200000e+00 -7.952300e-06 7.973600e-06 1.387477e-07 -1.601298e-07 8.210000e-11
1.500000e-01 1.500000e-01 1.200000e+00 -8.508900e-06 8.530000e-06 9.692290e-08 -1.179392e-07 8.370000e-11
1.600000e-01 1.600000e-01 1.200000e+00 -9.063200e-06 9.083800e-06 6.778300e-08 -8.843910e-08 5.610000e-11
1.700000e-01 1.700000e-01 1.200000e+00 -9.614800e-06 9.635100e-06 4.746410e-08 -6.776560e-08 1.500000e-12
1.800000e-01 1.800000e-01 1.200000e+00 -1.016370e-05 1.018360e-05 3.328290e-08 -5.323540e-08 5.250000e-11
1.900000e-01 1.900000e-01 1.200000e+00 -1.070960e-05 1.072920e-05 2.337500e-08 -4.298430e-08 9.300000e-12
2.000000e-01 2.000000e-01 1.200000e+00 -1.125240e-05 1.127170e-05 1.644460e-08 -3.571650e-08 2.810000e-11
2.100000e-01 2.100000e-01 1.200000e+00 -1.179200e-05 1.181090e-05 1.159070e-08 -3.053090e-08 4.020000e-11
2.200000e-01 2.200000e-01 1.200000e+00 -1.232810e-05 1.234680e-05 8.186200e-09 -2.680060e-08 8.560000e-11
2.300000e-01 2.300000e-01 1.200000e+00 -1.286070e-05 1.287900e-05 5.794500e-09 -2.408910e-08 5.400000e-12
2.400000e-01 2.400000e-01 1.200000e+00 -1.338960e-05 1.340760e-05 4.111400e-09 -2.209220e-08 1.920000e-11
2.500000e-01 2.500000e-01 1.200000e+00 -1.391460e-05 1.393220e-05 2.924800e-09 -2.059780e-08 7.300000e-11
2.600000e-01 2.600000e-01 1.200000e+00 -1.443560e-05 1.445290e-05 2.086400e-09 -1.945780e-08 7.140000e-11
2.700000e-01 2.700000e-01 1.200000e+00 -1.495240e-05 1.496950e-05 1.492800e-09 -1.856860e-08 2.420000e-11
2.800000e-01 2.800000e-01 1.200000e+00 -1.546500e-05 1.548180e-05 1.071400e-09 -1.785800e-08 1.340000e-11
2.900000e-01 2.900000e-01 1.200000e+00 -1.597330e-05 1.598980e-05 7.715851e-10 -1.727520e-08 3.614900e-12
3.000000e-01 3.000000e-01 1.200000e+00 -1.647710e-05 1.649330e-05 5.576456e-10 -1.678460e-08 2.695440e-11
3.100000e-01 3.100000e-01 1.200000e+00 -1.697620e-05 1.699220e-05 4.045425e-10 -1.636110e-08 4.344250e-11
3.200000e-01 3.200000e-01 1.200000e+00 -1.747070e-05 1.748640e-05 2.946363e-10 -1.598720e-08 7.436300e-12
3.300000e-01 3.300000e-01 1.200000e+00 -1.796040e-05 1.797590e-05 2.154801e-10 -1.565040e-08 6.508010e-11
3.400000e-01 3.400000e-01 1.200000e+00 -1.844530e-05 1.846040e-05 1.582736e-10 -1.534200e-08 8.372640e-11
3.500000e-01 3.500000e-01 1.200000e+00 -1.892510e-05 1.894000e-05 1.167800e-10 -1.505570e-08 3.892000e-11
3.600000e-01 3.600000e-01 1.200000e+00 -1.939990e-05 1.941460e-05 8.656910e-11 -1.478700e-08 4.309000e-13
3.700000e-01 3.700000e-01 1.200000e+00 -1.986950e-05 1.988390e-05 6.448580e-11 -1.453290e-08 6.841420e-11
3.800000e-01 3.800000e-01 1.200000e+00 -2.033380e-05 2.034810e-05 4.827710e-11 -1.429100e-08 5.727710e-11
3.900000e-01 3.900000e-01 1.200000e+00 -2.079280e-05 2.080680e-05 3.632930e-11 -1.405980e-08 2.347070e-11
4.000000e-01 4.000000e-01 1.200000e+00 -2.124640e-05 2.126020e-05 2.748360e-11 -1.383790e-08 1.041640e-11
4.100000e-01 4.100000e-01 1.200000e+00 -2.169440e-05 2.170800e-05 2.090470e-11 -1.362460e-08 3.695300e-12
4.200000e-01 4.200000e-01 1.200000e+00 -2.213680e-05 2.215020e-05 1.598890e-11 -1.341910e-08 3.111100e-12
4.300000e-01 4.300000e-01 1.200000e+00 -2.257350e-05 2.258670e-05 1.229820e-11 -1.322110e-08 8.801800e-12
4.400000e-01 4.400000e-01 1.200000e+00 -2.300430e-05 2.301730e-05 9.513800e-12 -1.303000e-08 2.048620e-11
4.500000e-01 4.500000e-01 1.200000e+00 -2.342920e-05 2.344200e-05 7.402700e-12 -1.284550e-08 3.809730e-11
4.600000e-01 4.600000e-01 1.200000e+00 -2.384810e-05 2.386070e-05 5.793900e-12 -1.266750e-08 6.170610e-11
4.700000e-01 4.700000e-01 1.200000e+00 -2.426080e-05 2.427330e-05 4.561600e-12 -1.249570e-08 8.861600e-12
4.800000e-01 4.800000e-01 1.200000e+00 -2.466730e-05 2.467960e-05 3.612900e-12 -1.232990e-08 2.628710e-11
4.900000e-01 4.900000e-01 1.200000e+00 -2.506750e-05 2.507970e-05 2.878700e-12 -1.216990e-08 3.297870e-11
5.000000e-01 5.000000e-01 1.200000e+00 -2.546130e-05 2.547330e-05 2.307500e-12 -1.201570e-08 1.339250e-11
5.100000e-01 5.100000e-01 1.200000e+00 -2.584850e-05 2.586040e-05 1.860700e-12 -1.186690e-08 3.496070e-11
5.200000e-01 5.200000e-01 1.200000e+00 -2.622930e-05 2.624100e-05 1.509400e-12 -1.172350e-08 2.199060e-11
5.300000e-01 5.300000e-01 1.200000e+00 -2.660330e-05 2.661490e-05 1.231800e-12 -1.158530e-08 1.593180e-11
5.400000e-01 5.400000e-01 1.200000e+00 -2.697070e-05 2.698210e-05 1.011200e-12 -1.145230e-08 5.128880e-11
5.500000e-01 5.500000e-01 1.200000e+00 -2.733130e-05 2.734260e-05 8.349627e-13 -1.132410e-08 2.326504e-11
5.600000e-01 5.600000e-01 1.200000e+00 -2.768510e-05 2.769630e-05 6.934752e-13 -1.120080e-08 1.065248e-13
5.700000e-01 5.700000e-01 1.200000e+00 -2.803210e-05 2.804310e-05 5.792838e-13 -1.108210e-08 8.152072e-11
5.800000e-01 5.800000e-01 1.200000e+00 -2.837220e-05 2.838310e-05 4.866461e-13 -1.096800e-08 6.751335e-11
5.900000e-01 5.900000e-01 1.200000e+00 -2.870540e-05 2.871630e-05 4.111154e-13 -1.085820e-08 4.221112e-11
6.000000e-01 6.000000e-01 1.200000e+00 -2.903180e-05 2.904260e-05 3.492205e-13 -1.075270e-08 4.764922e-11
6.100000e-01 6.100000e-01 1.200000e+00 -2.935140e-05 2.936200e-05 2.982532e-13 -1.065130e-08 5.100175e-11
6.200000e-01 6.200000e-01 1.200000e+00 -2.966410e-05 2.967470e-05 2.560747e-13 -1.055390e-08 4.635607e-11
6.300000e-01 6.300000e-01 1.200000e+00 -2.997010e-05 2.998050e-05 2.210079e-13 -1.046030e-08 6.007899e-11
6.400000e-01 6.400000e-01 1.200000e+00 -3.026930e-05 3.027960e-05 1.917127e-13 -1.037040e-08 7.020829e-11
6.500000e-01 6.500000e-01 1.200000e+00 -3.056180e-05 3.057210e-05 1.671279e-13 -1.028410e-08 1.606713e-11
6.600000e-01 6.600000e-01 1.200000e+00 -3.084770e-05 3.085790e-05 1.464031e-13 -1.020120e-08 1.053597e-12
6.700000e-01 6.700000e-01 1.200000e+00 -3.112710e-05 3.113720e-05 1.288550e-13 -1.012170e-08 2.157114e-11
6.800000e-01 6.800000e-01 1.200000e+00 -3.140000e-05 3.141000e-05 1.139321e-13 -1.004530e-08 4.518607e-11
6.900000e-01 6.900000e-01 1.200000e+00 -3.166650e-05 3.167650e-05 1.011899e-13 -9.972000e-09 2.810119e-11
7.000000e-01 7.000000e-01 1.200000e+00 -3.192680e-05 3.193670e-05 9.026310e-14 -9.901600e-09 1.509737e-12
7.100000e-01 7.100000e-01 1.200000e+00 -3.218100e-05 3.219080e-05 8.085750e-14 -9.834100e-09 3.401914e-11
7.200000e-01 7.200000e-01 1.200000e+00 -3.242910e-05 3.243880e-05 7.272770e-14 -9.769300e-09 6.922727e-11
7.300000e-01 7.300000e-01 1.200000e+00 -3.267120e-05 3.268090e-05 6.567570e-14 -9.707000e-09 6.934324e-12
7.400000e-01 7.400000e-01 1.200000e+00 -3.290760e-05 3.291720e-05 5.953440e-14 -9.647300e-09 4.724047e-11
7.500000e-01 7.500000e-01 1.200000e+00 -3.313830e-05 3.314790e-05 5.416960e-14 -9.590000e-09 1.005417e-11
7.600000e-01 7.600000e-01 1.200000e+00 -3.336340e-05 3.337290e-05 4.946380e-14 -9.534900e-09 3.485054e-11
7.700000e-01 7.700000e-01 1.200000e+00 -3.358300e-05 3.359250e-05 4.532520e-14 -9.482100e-09 1.794533e-11
7.800000e-01 7.800000e-01 1.200000e+00 -3.379740e-05 3.380690e-05 4.167090e-14 -9.431300e-09 6.874167e-11
7.900000e-01 7.900000e-01 1.200000e+00 -3.400660e-05 3.401600e-05 3.843600e-14 -9.382600e-09 1.743844e-11
8.000000e-01 8.000000e-01 1.200000e+00 -3.421080e-05 3.422010e-05 3.556230e-14 -9.335800e-09 3.576444e-11
8.100000e-01 8.100000e-01 1.200000e+00 -3.441000e-05 3.441930e-05 3.300220e-14 -9.290800e-09 9.233002e-12
8.200000e-01 8.200000e-01 1.200000e+00 -3.460450e-05 3.461370e-05 3.071550e-14 -9.247600e-09 4.756928e-11
8.300000e-01 8.300000e-01 1.200000e+00 -3.479430e-05 3.480350e-05 2.866640e-14 -9.206100e-09 6.071334e-12
8.400000e-01 8.400000e-01 1.200000e+00 -3.497960e-05 3.498880e-05 2.682610e-14 -9.166200e-09 3.382683e-11
8.500000e-01 8.500000e-01 1.200000e+00 -3.516050e-05 3.516970e-05 2.516850e-14 -9.127800e-09 7.222517e-11
8.600000e-01 8.600000e-01 1.200000e+00 -3.533720e-05 3.534630e-05 2.367170e-14 -9.090900e-09 9.123672e-12
8.700000e-01 8.700000e-01 1.200000e+00 -3.550960e-05 3.551870e-05 2.231720e-14 -9.055300e-09 4.472232e-11
8.800000e-01 8.800000e-01 1.200000e+00 -3.567810e-05 3.568710e-05 2.108830e-14 -9.021200e-09 2.117891e-11
8.900000e-01 8.900000e-01 1.200000e+00 -3.584270e-05 3.585170e-05 1.997090e-14 -8.988300e-09 1.171997e-11
9.000000e-01 9.000000e-01 1.200000e+00 -3.600340e-05 3.601240e-05 1.895270e-14 -8.956600e-09 4.341895e-11
9.100000e-01 9.100000e-01 1.200000e+00 -3.616050e-05 3.616950e-05 1.802310e-14 -8.926100e-09 7.391802e-11
9.200000e-01 9.200000e-01 1.200000e+00 -3.631410e-05 3.632300e-05 1.717260e-14 -8.896800e-09 3.217173e-12
9.300000e-01 9.300000e-01 1.200000e+00 -3.646420e-05 3.647300e-05 1.639200e-14 -8.868500e-09 6.848361e-11
9.400000e-01 9.400000e-01 1.200000e+00 -3.661090e-05 3.661970e-05 1.567560e-14 -8.841200e-09 4.118432e-11
9.500000e-01 9.500000e-01 1.200000e+00 -3.675440e-05 3.676320e-05 1.501640e-14 -8.814900e-09 1.488498e-11
9.600000e-01 9.600000e-01 1.200000e+00 -3.689470e-05 3.690350e-05 1.440840e-14 -8.789500e-09 1.051441e-11
9.700000e-01 9.700000e-01 1.200000e+00 -3.703200e-05 3.704070e-05 1.384680e-14 -8.765100e-09 6.508615e-11
9.800000e-01 9.800000e-01 1.200000e+00 -3.716630e-05 3.717500e-05 1.332710e-14 -8.741400e-09 4.138667e-11
9.900000e-01 9.900000e-01 1.200000e+00 -3.729780e-05 3.730650e-05 1.284600e-14 -8.718600e-09 1.858715e-11
1.000000e+00 1.000000e+00 1.200000e+00 -3.742650e-05 3.743510e-05 1.239900e-14 -8.696600e-09 9.658760e-11
1.010000e+00 1.010000e+00 1.200000e+00 -3.755240e-05 3.756110e-05 1.198390e-14 -8.675300e-09 2.471198e-11
1.020000e+00 1.020000e+00 1.200000e+00 -3.767580e-05 3.768450e-05 1.159780e-14 -8.654800e-09 4.521160e-11
1.030000e+00 1.030000e+00 1.200000e+00 -3.779670e-05 3.780530e-05 1.123750e-14 -8.634900e-09 3.488876e-11
1.040000e+00 1.040000e+00 1.200000e+00 -3.791510e-05 3.792370e-05 1.090150e-14 -8.615700e-09 1.568910e-11
1.050000e+00 1.050000e+00 1.200000e+00 -3.803110e-05 3.803970e-05 1.058750e-14 -8.597100e-09 2.910587e-12
1.060000e+00 1.060000e+00 1.200000e+00 -3.814490e-05 3.815350e-05 1.029370e-14 -8.579100e-09 2.091029e-11
1.070000e+00 1.070000e+00 1.200000e+00 -3.825640e-05 3.826500e-05 1.001860e-14 -8.561700e-09 3.831002e-11
1.080000e+00 1.080000e+00 1.200000e+00 -3.836570e-05 3.837430e-05 9.760400e-15 -8.544800e-09 5.520976e-11
1.090000e+00 1.090000e+00 1.200000e+00 -3.847300e-05 3.848150e-05 9.518000e-15 -8.528500e-09 2.849048e-11
1.100000e+00 1.100000e+00 1.200000e+00 -3.857820e-05 3.858670e-05 9.290200e-15 -8.512700e-09 1.269071e-11
1.110000e+00 1.110000e+00 1.200000e+00 -3.868140e-05 3.868990e-05 9.075500e-15 -8.497300e-09 2.709076e-12
1.120000e+00 1.120000e+00 1.200000e+00 -3.878270e-05 3.879120e-05 8.873600e-15 -8.482500e-09 1.750887e-11
1.130000e+00 1.130000e+00 1.200000e+00 -3.888220e-05 3.889070e-05 8.683000e-15 -8.468000e-09 3.200868e-11
1.140000e+00 1.140000e+00 1.200000e+00 -3.897990e-05 3.898830e-05 8.503300e-15 -8.454000e-09 5.399150e-11
1.150000e+00 1.150000e+00 1.200000e+00 -3.907580e-05 3.908420e-05 8.333800e-15 -8.440400e-09 4.039167e-11
1.160000e+00 1.160000e+00 1.200000e+00 -3.917000e-05 3.917840e-05 8.173300e-15 -8.427200e-09 2.719183e-11
1.170000e+00 1.170000e+00 1.200000e+00 -3.926260e-05 3.927100e-05 8.021400e-15 -8.414400e-09 1.439198e-11
1.180000e+00 1.180000e+00 1.200000e+00 -3.935350e-05 3.936190e-05 7.877300e-15 -8.402000e-09 1.992123e-12
1.190000e+00 1.190000e+00 1.200000e+00 -3.944290e-05 3.945130e-05 7.741100e-15 -8.389900e-09 1.010774e-11
1.200000e+00 1.200000e+00 1.200000e+00 -3.953080e-05 3.953920e-05 7.611600e-15 -8.378100e-09 2.190761e-11