v(drain_bias) v(gate_bias) id_bias ig_bias is_bias ib_bias
0.0000000000e+00 0.0000000000e+00 -8.9203687417e-27 1.7840737483e-26 -8.9203687417e-27 -3.8665533108e-38
0.0000000000e+00 6.0000000000e-01 -6.6887492037e-13 1.3377507100e-12 -6.6887492037e-13 -8.6927800378e-19
0.0000000000e+00 1.2000000000e+00 -3.8027248561e-11 3.3607200161e-09 -3.8027248561e-11 -3.2846655190e-09
0.0000000000e+00 0.0000000000e+00 -8.9203687417e-27 1.7840737483e-26 -8.9203687417e-27 -3.8665533108e-38
0.0000000000e+00 6.0000000000e-01 -6.6887492037e-13 1.3377507100e-12 -6.6887492037e-13 -8.6927800378e-19
0.0000000000e+00 1.2000000000e+00 -3.8027248561e-11 3.3607200161e-09 -3.8027248561e-11 -3.2846655190e-09
0.0000000000e+00 0.0000000000e+00 -8.9203687417e-27 1.7840737483e-26 -8.9203687417e-27 -3.8665533108e-38
0.0000000000e+00 6.0000000000e-01 -6.6887492037e-13 1.3377507100e-12 -6.6887492037e-13 -8.6927800378e-19
0.0000000000e+00 1.2000000000e+00 -3.8027248561e-11 3.3607200161e-09 -3.8027248561e-11 -3.2846655190e-09
