v-sweep v(drain_iv) v(gate_iv) id is ib ig kcl
0.000000e+00 0.000000e+00 0.000000e+00 0.000000e+00 0.000000e+00 0.000000e+00 0.000000e+00 0.000000e+00
1.000000e-02 1.000000e-02 0.000000e+00 -2.408530e-14 1.062400e-14 1.346130e-14 3.199300e-28 3.199300e-28
2.000000e-02 2.000000e-02 0.000000e+00 -4.378720e-14 1.806270e-14 2.572460e-14 5.790800e-28 1.000000e-19
3.000000e-02 3.000000e-02 0.000000e+00 -6.008120e-14 2.287670e-14 3.720450e-14 8.361400e-28 8.361400e-28
4.000000e-02 4.000000e-02 0.000000e+00 -7.395130e-14 2.577920e-14 4.817210e-14 1.091800e-27 1.085489e-27
5.000000e-02 5.000000e-02 0.000000e+00 -8.626620e-14 2.746140e-14 5.880480e-14 1.309100e-27 1.309100e-27
6.000000e-02 6.000000e-02 0.000000e+00 -9.765600e-14 2.843750e-14 6.921850e-14 1.540900e-27 1.553522e-27
7.000000e-02 7.000000e-02 0.000000e+00 -1.085117e-13 2.902270e-14 7.948900e-14 1.770300e-27 1.770300e-27
8.000000e-02 8.000000e-02 0.000000e+00 -1.190563e-13 2.939040e-14 8.966590e-14 1.996100e-27 1.983478e-27
9.000000e-02 9.000000e-02 0.000000e+00 -1.294152e-13 2.963370e-14 9.978150e-14 2.221300e-27 2.233922e-27
1.000000e-01 1.000000e-01 0.000000e+00 -1.396597e-13 2.980250e-14 1.098571e-13 2.446100e-27 1.000000e-19
1.100000e-01 1.100000e-01 0.000000e+00 -1.498317e-13 2.992510e-14 1.199066e-13 2.669400e-27 2.644156e-27
1.200000e-01 1.200000e-01 0.000000e+00 -1.599566e-13 3.001770e-14 1.299389e-13 2.892700e-27 2.867456e-27
1.300000e-01 1.300000e-01 0.000000e+00 -1.700503e-13 3.009020e-14 1.399601e-13 3.121300e-27 3.146544e-27
1.400000e-01 1.400000e-01 0.000000e+00 -1.801227e-13 3.014880e-14 1.499739e-13 3.338700e-27 3.338700e-27
1.500000e-01 1.500000e-01 0.000000e+00 -1.901804e-13 3.019750e-14 1.599829e-13 3.561500e-27 3.586744e-27
1.600000e-01 1.600000e-01 0.000000e+00 -2.002278e-13 3.023890e-14 1.699888e-13 3.796300e-27 1.000000e-19
1.700000e-01 1.700000e-01 0.000000e+00 -2.102677e-13 3.027500e-14 1.799927e-13 4.007000e-27 4.007000e-27
1.800000e-01 1.800000e-01 0.000000e+00 -2.203022e-13 3.030690e-14 1.899952e-13 4.229700e-27 1.000000e-19
1.900000e-01 1.900000e-01 0.000000e+00 -2.303326e-13 3.033570e-14 1.999969e-13 4.471200e-27 4.471200e-27
2.000000e-01 2.000000e-01 0.000000e+00 -2.403600e-13 3.036200e-14 2.099980e-13 4.675000e-27 4.624513e-27
2.100000e-01 2.100000e-01 0.000000e+00 -2.503850e-13 3.038640e-14 2.199987e-13 4.897600e-27 1.000000e-19
2.200000e-01 2.200000e-01 0.000000e+00 -2.604082e-13 3.040910e-14 2.299991e-13 5.120200e-27 5.120200e-27
2.300000e-01 2.300000e-01 0.000000e+00 -2.704300e-13 3.043060e-14 2.399994e-13 5.342900e-27 5.342900e-27
2.400000e-01 2.400000e-01 0.000000e+00 -2.804506e-13 3.045100e-14 2.499996e-13 5.568000e-27 5.568000e-27
2.500000e-01 2.500000e-01 0.000000e+00 -2.904702e-13 3.047050e-14 2.599998e-13 5.788100e-27 1.000000e-19
2.600000e-01 2.600000e-01 0.000000e+00 -3.004891e-13 3.048930e-14 2.699998e-13 6.010700e-27 5.960213e-27
2.700000e-01 2.700000e-01 0.000000e+00 -3.105073e-13 3.050740e-14 2.799999e-13 6.242900e-27 6.293387e-27
2.800000e-01 2.800000e-01 0.000000e+00 -3.205250e-13 3.052510e-14 2.899999e-13 6.456000e-27 6.556974e-27
2.900000e-01 2.900000e-01 0.000000e+00 -3.305422e-13 3.054230e-14 3.000000e-13 6.678600e-27 1.000000e-19
3.000000e-01 3.000000e-01 0.000000e+00 -3.405590e-13 3.055910e-14 3.100000e-13 6.917800e-27 1.000000e-19
3.100000e-01 3.100000e-01 0.000000e+00 -3.505755e-13 3.057550e-14 3.200000e-13 7.123800e-27 7.174287e-27
3.200000e-01 3.200000e-01 0.000000e+00 -3.605917e-13 3.059170e-14 3.300000e-13 7.346400e-27 7.295913e-27
3.300000e-01 3.300000e-01 0.000000e+00 -3.706076e-13 3.060760e-14 3.400000e-13 7.569100e-27 7.569100e-27
3.400000e-01 3.400000e-01 0.000000e+00 -3.806233e-13 3.062330e-14 3.500000e-13 7.791700e-27 7.842187e-27
3.500000e-01 3.500000e-01 0.000000e+00 -3.906388e-13 3.063880e-14 3.600000e-13 8.014500e-27 8.014500e-27
3.600000e-01 3.600000e-01 0.000000e+00 -4.006542e-13 3.065420e-14 3.700000e-13 8.236900e-27 8.236900e-27
3.700000e-01 3.700000e-01 0.000000e+00 -4.106693e-13 3.066930e-14 3.800000e-13 8.459500e-27 8.459500e-27
3.800000e-01 3.800000e-01 0.000000e+00 -4.206844e-13 3.068440e-14 3.900000e-13 8.689400e-27 8.739887e-27
3.900000e-01 3.900000e-01 0.000000e+00 -4.306993e-13 3.069930e-14 4.000000e-13 8.904800e-27 8.904800e-27
4.000000e-01 4.000000e-01 0.000000e+00 -4.407141e-13 3.071410e-14 4.100000e-13 9.127400e-27 9.177887e-27
4.100000e-01 4.100000e-01 0.000000e+00 -4.507288e-13 3.072880e-14 4.200000e-13 9.364300e-27 9.364300e-27
4.200000e-01 4.200000e-01 0.000000e+00 -4.607434e-13 3.074340e-14 4.300000e-13 9.575200e-27 9.575200e-27
4.300000e-01 4.300000e-01 0.000000e+00 -4.707580e-13 3.075800e-14 4.400000e-13 9.795300e-27 9.795300e-27
4.400000e-01 4.400000e-01 0.000000e+00 -4.807725e-13 3.077250e-14 4.500000e-13 1.001800e-26 1.006849e-26
4.500000e-01 4.500000e-01 0.000000e+00 -4.907869e-13 3.078690e-14 4.600000e-13 1.025000e-26 1.035097e-26
4.600000e-01 4.600000e-01 0.000000e+00 -5.008012e-13 3.080120e-14 4.700000e-13 1.046300e-26 1.046300e-26
4.700000e-01 4.700000e-01 0.000000e+00 -5.108155e-13 3.081550e-14 4.800000e-13 1.068600e-26 1.068600e-26
4.800000e-01 4.800000e-01 0.000000e+00 -5.208297e-13 3.082970e-14 4.900000e-13 1.092500e-26 1.092500e-26
4.900000e-01 4.900000e-01 0.000000e+00 -5.308439e-13 3.084390e-14 5.000000e-13 1.113600e-26 1.113600e-26
5.000000e-01 5.000000e-01 0.000000e+00 -5.408581e-13 3.085810e-14 5.100000e-13 1.135400e-26 1.135400e-26
5.100000e-01 5.100000e-01 0.000000e+00 -5.508722e-13 3.087220e-14 5.200000e-13 1.157600e-26 1.147503e-26
5.200000e-01 5.200000e-01 0.000000e+00 -5.608863e-13 3.088630e-14 5.300000e-13 1.181100e-26 1.181100e-26
5.300000e-01 5.300000e-01 0.000000e+00 -5.709003e-13 3.090030e-14 5.400000e-13 1.202100e-26 1.192003e-26
5.400000e-01 5.400000e-01 0.000000e+00 -5.809144e-13 3.091440e-14 5.500000e-13 1.224400e-26 1.234497e-26
5.500000e-01 5.500000e-01 0.000000e+00 -5.909284e-13 3.092840e-14 5.600000e-13 1.248600e-26 1.248600e-26
5.600000e-01 5.600000e-01 0.000000e+00 -6.009424e-13 3.094240e-14 5.700000e-13 1.268900e-26 1.268900e-26
5.700000e-01 5.700000e-01 0.000000e+00 -6.109563e-13 3.095630e-14 5.800000e-13 1.291200e-26 1.281103e-26
5.800000e-01 5.800000e-01 0.000000e+00 -6.209703e-13 3.097030e-14 5.900000e-13 1.313500e-26 1.313500e-26
5.900000e-01 5.900000e-01 0.000000e+00 -6.309842e-13 3.098420e-14 6.000000e-13 1.335700e-26 1.345797e-26
6.000000e-01 6.000000e-01 0.000000e+00 -6.409981e-13 3.099810e-14 6.100000e-13 1.358200e-26 1.348103e-26
6.100000e-01 6.100000e-01 0.000000e+00 -6.510121e-13 3.101210e-14 6.200000e-13 1.380200e-26 1.380200e-26
6.200000e-01 6.200000e-01 0.000000e+00 -6.610260e-13 3.102600e-14 6.300000e-13 1.402500e-26 1.412597e-26
6.300000e-01 6.300000e-01 0.000000e+00 -6.710399e-13 3.103990e-14 6.400000e-13 1.425700e-26 1.425700e-26
6.400000e-01 6.400000e-01 0.000000e+00 -6.810538e-13 3.105380e-14 6.500000e-13 1.447000e-26 1.447000e-26
6.500000e-01 6.500000e-01 0.000000e+00 -6.910677e-13 3.106770e-14 6.600000e-13 1.469300e-26 1.469300e-26
6.600000e-01 6.600000e-01 0.000000e+00 -7.010816e-13 3.108160e-14 6.700000e-13 1.493200e-26 1.503297e-26
6.700000e-01 6.700000e-01 0.000000e+00 -7.110955e-13 3.109550e-14 6.800000e-13 1.513800e-26 1.503703e-26
6.800000e-01 6.800000e-01 0.000000e+00 -7.211095e-13 3.110950e-14 6.900000e-13 1.536100e-26 1.536100e-26
6.900000e-01 6.900000e-01 0.000000e+00 -7.311234e-13 3.112340e-14 7.000000e-13 1.558300e-26 1.568397e-26
7.000000e-01 7.000000e-01 0.000000e+00 -7.411374e-13 3.113740e-14 7.100000e-13 1.580600e-26 1.590697e-26
7.100000e-01 7.100000e-01 0.000000e+00 -7.511513e-13 3.115130e-14 7.200000e-13 1.602900e-26 1.602900e-26
7.200000e-01 7.200000e-01 0.000000e+00 -7.611653e-13 3.116530e-14 7.300000e-13 1.625100e-26 1.615003e-26
7.300000e-01 7.300000e-01 0.000000e+00 -7.711793e-13 3.117930e-14 7.400000e-13 1.647400e-26 1.647400e-26
7.400000e-01 7.400000e-01 0.000000e+00 -7.811933e-13 3.119330e-14 7.500000e-13 1.670400e-26 1.660303e-26
7.500000e-01 7.500000e-01 0.000000e+00 -7.912073e-13 3.120730e-14 7.600000e-13 1.691900e-26 1.691900e-26
7.600000e-01 7.600000e-01 0.000000e+00 -8.012214e-13 3.122140e-14 7.700000e-13 1.714200e-26 1.714200e-26
7.700000e-01 7.700000e-01 0.000000e+00 -8.112355e-13 3.123550e-14 7.800000e-13 1.737900e-26 1.737900e-26
7.800000e-01 7.800000e-01 0.000000e+00 -8.212496e-13 3.124960e-14 7.900000e-13 1.758700e-26 1.758700e-26
7.900000e-01 7.900000e-01 0.000000e+00 -8.312637e-13 3.126370e-14 8.000000e-13 1.781000e-26 1.781000e-26
8.000000e-01 8.000000e-01 0.000000e+00 -8.412779e-13 3.127790e-14 8.100000e-13 1.803200e-26 1.803200e-26
8.100000e-01 8.100000e-01 0.000000e+00 -8.512921e-13 3.129210e-14 8.200000e-13 1.825500e-26 1.815403e-26
8.200000e-01 8.200000e-01 0.000000e+00 -8.613064e-13 3.130640e-14 8.300000e-13 1.847700e-26 1.847700e-26
8.300000e-01 8.300000e-01 0.000000e+00 -8.713206e-13 3.132060e-14 8.400000e-13 1.870000e-26 1.859903e-26
8.400000e-01 8.400000e-01 0.000000e+00 -8.813349e-13 3.133490e-14 8.500000e-13 1.892300e-26 1.902397e-26
8.500000e-01 8.500000e-01 0.000000e+00 -8.913493e-13 3.134930e-14 8.600000e-13 1.915000e-26 1.915000e-26
8.600000e-01 8.600000e-01 0.000000e+00 -9.013637e-13 3.136370e-14 8.700000e-13 1.936800e-26 1.936800e-26
8.700000e-01 8.700000e-01 0.000000e+00 -9.113781e-13 3.137810e-14 8.800000e-13 1.959100e-26 1.969197e-26
8.800000e-01 8.800000e-01 0.000000e+00 -9.213926e-13 3.139260e-14 8.900000e-13 1.982500e-26 1.982500e-26
8.900000e-01 8.900000e-01 0.000000e+00 -9.314071e-13 3.140710e-14 9.000000e-13 2.003600e-26 2.003600e-26
9.000000e-01 9.000000e-01 0.000000e+00 -9.414217e-13 3.142170e-14 9.100000e-13 2.025800e-26 2.045995e-26
9.100000e-01 9.100000e-01 0.000000e+00 -9.514363e-13 3.143630e-14 9.200000e-13 2.050000e-26 2.050000e-26
9.200000e-01 9.200000e-01 0.000000e+00 -9.614510e-13 3.145100e-14 9.300000e-13 2.070400e-26 2.070400e-26
9.300000e-01 9.300000e-01 0.000000e+00 -9.714657e-13 3.146570e-14 9.400000e-13 2.092600e-26 2.092600e-26
9.400000e-01 9.400000e-01 0.000000e+00 -9.814805e-13 3.148050e-14 9.500000e-13 2.114900e-26 2.114900e-26
9.500000e-01 9.500000e-01 0.000000e+00 -9.914954e-13 3.149540e-14 9.600000e-13 2.137100e-26 2.137100e-26
9.600000e-01 9.600000e-01 0.000000e+00 -1.001500e-12 3.151030e-14 9.700000e-13 2.159700e-26 1.030000e-17
9.700000e-01 9.700000e-01 0.000000e+00 -1.011500e-12 3.152520e-14 9.800000e-13 2.181700e-26 2.520000e-17
9.800000e-01 9.800000e-01 0.000000e+00 -1.021500e-12 3.154030e-14 9.900000e-13 2.203900e-26 4.030000e-17
9.900000e-01 9.900000e-01 0.000000e+00 -1.031600e-12 3.155530e-14 1.000000e-12 2.227200e-26 4.470000e-17
1.000000e+00 1.000000e+00 0.000000e+00 -1.041600e-12 3.157050e-14 1.010000e-12 2.248500e-26 2.950000e-17
1.010000e+00 1.010000e+00 0.000000e+00 -1.051600e-12 3.158570e-14 1.020000e-12 2.270700e-26 1.430000e-17
1.020000e+00 1.020000e+00 0.000000e+00 -1.061600e-12 3.160100e-14 1.030000e-12 2.294700e-26 1.000000e-18
1.030000e+00 1.030000e+00 0.000000e+00 -1.071600e-12 3.161630e-14 1.040000e-12 2.315300e-26 1.630000e-17
1.040000e+00 1.040000e+00 0.000000e+00 -1.081600e-12 3.163170e-14 1.050000e-12 2.337600e-26 3.170000e-17
1.050000e+00 1.050000e+00 0.000000e+00 -1.091700e-12 3.164720e-14 1.060100e-12 2.360000e-26 4.720000e-17
1.060000e+00 1.060000e+00 0.000000e+00 -1.101900e-12 3.166280e-14 1.070200e-12 2.383000e-26 3.720000e-17
1.070000e+00 1.070000e+00 0.000000e+00 -1.112500e-12 3.167840e-14 1.080800e-12 2.408000e-26 2.160000e-17
1.080000e+00 1.080000e+00 0.000000e+00 -1.124500e-12 3.169410e-14 1.092800e-12 2.438900e-26 5.900000e-18
1.090000e+00 1.090000e+00 0.000000e+00 -1.140300e-12 3.170990e-14 1.108500e-12 2.486800e-26 9.010000e-17
1.100000e+00 1.100000e+00 0.000000e+00 -1.166100e-12 3.172570e-14 1.134400e-12 2.579500e-26 2.570000e-17
1.110000e+00 1.110000e+00 0.000000e+00 -1.216700e-12 3.174170e-14 1.185000e-12 2.782600e-26 4.170000e-17
1.120000e+00 1.120000e+00 0.000000e+00 -1.324900e-12 3.175770e-14 1.293200e-12 3.242100e-26 5.770000e-17
1.130000e+00 1.130000e+00 0.000000e+00 -1.559700e-12 3.177370e-14 1.527900e-12 4.266600e-26 2.630000e-17
1.140000e+00 1.140000e+00 0.000000e+00 -2.059000e-12 3.178990e-14 2.027200e-12 6.465700e-26 1.010000e-17
1.150000e+00 1.150000e+00 0.000000e+00 -3.086600e-12 3.180620e-14 3.054800e-12 1.102000e-25 6.200000e-18
1.160000e+00 1.160000e+00 0.000000e+00 -5.126600e-12 3.182250e-14 5.094800e-12 2.007900e-25 2.250000e-17
1.170000e+00 1.170000e+00 0.000000e+00 -9.033300e-12 3.183890e-14 9.001400e-12 3.745100e-25 6.110000e-17
1.180000e+00 1.180000e+00 0.000000e+00 -1.626390e-11 3.185540e-14 1.623210e-11 6.962200e-25 5.540000e-17
1.190000e+00 1.190000e+00 0.000000e+00 -2.922540e-11 3.187200e-14 2.919350e-11 1.273100e-24 2.800000e-17
1.200000e+00 1.200000e+00 0.000000e+00 -5.177750e-11 3.188860e-14 5.174560e-11 2.277000e-24 1.140000e-17
0.000000e+00 0.000000e+00 2.000000e-01 1.657600e-18 1.657600e-18 5.761200e-15 -5.745400e-15 1.911520e-17
1.000000e-02 1.000000e-02 2.000000e-01 -3.596500e-12 3.583100e-12 1.922250e-14 -5.745400e-15 7.710000e-17
2.000000e-02 2.000000e-02 2.000000e-01 -6.117500e-12 6.091800e-12 3.148580e-14 -5.745400e-15 4.040000e-17
3.000000e-02 3.000000e-02 2.000000e-01 -7.752600e-12 7.715400e-12 4.296560e-14 -5.745400e-15 2.020000e-17
4.000000e-02 4.000000e-02 2.000000e-01 -8.742500e-12 8.694300e-12 5.393330e-14 -5.745400e-15 1.210000e-17
5.000000e-02 5.000000e-02 2.000000e-01 -9.320400e-12 9.261600e-12 6.456600e-14 -5.745400e-15 2.060000e-17
6.000000e-02 6.000000e-02 2.000000e-01 -9.660100e-12 9.590900e-12 7.497970e-14 -5.745400e-15 3.430000e-17
7.000000e-02 7.000000e-02 2.000000e-01 -9.867700e-12 9.788200e-12 8.525020e-14 -5.745400e-15 4.800000e-18
8.000000e-02 8.000000e-02 2.000000e-01 -1.000190e-11 9.912200e-12 9.542710e-14 -5.745400e-15 1.830000e-17
9.000000e-02 9.000000e-02 2.000000e-01 -1.009400e-11 9.994300e-12 1.055427e-13 -5.745400e-15 9.730000e-17
1.000000e-01 1.000000e-01 2.000000e-01 -1.016110e-11 1.005120e-11 1.156183e-13 -5.745400e-15 2.710000e-17
1.100000e-01 1.100000e-01 2.000000e-01 -1.021250e-11 1.009260e-11 1.256678e-13 -5.745400e-15 2.240000e-17
1.200000e-01 1.200000e-01 2.000000e-01 -1.025370e-11 1.012380e-11 1.357001e-13 -5.745400e-15 5.470000e-17
1.300000e-01 1.300000e-01 2.000000e-01 -1.028820e-11 1.014830e-11 1.457213e-13 -5.745400e-15 7.590000e-17
1.400000e-01 1.400000e-01 2.000000e-01 -1.031800e-11 1.016800e-11 1.557351e-13 -5.745400e-15 1.030000e-17
1.500000e-01 1.500000e-01 2.000000e-01 -1.034440e-11 1.018440e-11 1.657441e-13 -5.745400e-15 1.300000e-18
1.600000e-01 1.600000e-01 2.000000e-01 -1.036840e-11 1.019840e-11 1.757500e-13 -5.745400e-15 4.600000e-18
1.700000e-01 1.700000e-01 2.000000e-01 -1.039060e-11 1.021060e-11 1.857539e-13 -5.745400e-15 8.500000e-18
1.800000e-01 1.800000e-01 2.000000e-01 -1.041130e-11 1.022130e-11 1.957564e-13 -5.745400e-15 1.100000e-17
1.900000e-01 1.900000e-01 2.000000e-01 -1.043100e-11 1.023110e-11 2.057581e-13 -5.745400e-15 1.127000e-16
2.000000e-01 2.000000e-01 2.000000e-01 -1.044990e-11 1.023990e-11 2.157592e-13 -5.745400e-15 1.380000e-17
2.100000e-01 2.100000e-01 2.000000e-01 -1.046810e-11 1.024810e-11 2.257599e-13 -5.745400e-15 1.450000e-17
2.200000e-01 2.200000e-01 2.000000e-01 -1.048580e-11 1.025580e-11 2.357603e-13 -5.745400e-15 1.490000e-17
2.300000e-01 2.300000e-01 2.000000e-01 -1.050300e-11 1.026300e-11 2.457606e-13 -5.745400e-15 1.520000e-17
2.400000e-01 2.400000e-01 2.000000e-01 -1.051990e-11 1.026990e-11 2.557608e-13 -5.745400e-15 1.540000e-17
2.500000e-01 2.500000e-01 2.000000e-01 -1.053650e-11 1.027650e-11 2.657609e-13 -5.745400e-15 1.550000e-17
2.600000e-01 2.600000e-01 2.000000e-01 -1.055280e-11 1.028280e-11 2.757610e-13 -5.745400e-15 1.560000e-17
2.700000e-01 2.700000e-01 2.000000e-01 -1.056900e-11 1.028900e-11 2.857611e-13 -5.745400e-15 1.570000e-17
2.800000e-01 2.800000e-01 2.000000e-01 -1.058490e-11 1.029490e-11 2.957611e-13 -5.745400e-15 1.570000e-17
2.900000e-01 2.900000e-01 2.000000e-01 -1.060070e-11 1.030070e-11 3.057611e-13 -5.745400e-15 1.570000e-17
3.000000e-01 3.000000e-01 2.000000e-01 -1.061640e-11 1.030640e-11 3.157612e-13 -5.745400e-15 1.580000e-17
3.100000e-01 3.100000e-01 2.000000e-01 -1.063190e-11 1.031190e-11 3.257612e-13 -5.745400e-15 1.580000e-17
3.200000e-01 3.200000e-01 2.000000e-01 -1.064740e-11 1.031740e-11 3.357612e-13 -5.745400e-15 1.580000e-17
3.300000e-01 3.300000e-01 2.000000e-01 -1.066280e-11 1.032280e-11 3.457612e-13 -5.800900e-15 3.970000e-17
3.400000e-01 3.400000e-01 2.000000e-01 -1.067800e-11 1.032810e-11 3.557612e-13 -5.800900e-15 6.030000e-17
3.500000e-01 3.500000e-01 2.000000e-01 -1.069330e-11 1.033330e-11 3.657612e-13 -5.800900e-15 3.970000e-17
3.600000e-01 3.600000e-01 2.000000e-01 -1.070840e-11 1.033850e-11 3.757612e-13 -5.800900e-15 6.030000e-17
3.700000e-01 3.700000e-01 2.000000e-01 -1.072360e-11 1.034360e-11 3.857612e-13 -5.800900e-15 3.970000e-17
3.800000e-01 3.800000e-01 2.000000e-01 -1.073860e-11 1.034860e-11 3.957612e-13 -5.800900e-15 3.970000e-17
3.900000e-01 3.900000e-01 2.000000e-01 -1.075370e-11 1.035370e-11 4.057612e-13 -5.800900e-15 3.970000e-17
4.000000e-01 4.000000e-01 2.000000e-01 -1.076870e-11 1.035870e-11 4.157612e-13 -5.800900e-15 3.970000e-17
4.100000e-01 4.100000e-01 2.000000e-01 -1.078360e-11 1.036360e-11 4.257612e-13 -5.800900e-15 3.970000e-17
4.200000e-01 4.200000e-01 2.000000e-01 -1.079860e-11 1.036860e-11 4.357612e-13 -5.800900e-15 3.970000e-17
4.300000e-01 4.300000e-01 2.000000e-01 -1.081350e-11 1.037350e-11 4.457612e-13 -5.800900e-15 3.970000e-17
4.400000e-01 4.400000e-01 2.000000e-01 -1.082830e-11 1.037830e-11 4.557612e-13 -5.800900e-15 3.970000e-17
4.500000e-01 4.500000e-01 2.000000e-01 -1.084320e-11 1.038320e-11 4.657612e-13 -5.800900e-15 3.970000e-17
4.600000e-01 4.600000e-01 2.000000e-01 -1.085800e-11 1.038800e-11 4.757612e-13 -5.800900e-15 3.970000e-17
4.700000e-01 4.700000e-01 2.000000e-01 -1.087290e-11 1.039290e-11 4.857612e-13 -5.800900e-15 3.970000e-17
4.800000e-01 4.800000e-01 2.000000e-01 -1.088770e-11 1.039770e-11 4.957612e-13 -5.800900e-15 3.970000e-17
4.900000e-01 4.900000e-01 2.000000e-01 -1.090240e-11 1.040240e-11 5.057612e-13 -5.800900e-15 3.970000e-17
5.000000e-01 5.000000e-01 2.000000e-01 -1.091720e-11 1.040720e-11 5.157612e-13 -5.800900e-15 3.970000e-17
5.100000e-01 5.100000e-01 2.000000e-01 -1.093200e-11 1.041200e-11 5.257612e-13 -5.800900e-15 3.970000e-17
5.200000e-01 5.200000e-01 2.000000e-01 -1.094670e-11 1.041670e-11 5.357612e-13 -5.800900e-15 3.970000e-17
5.300000e-01 5.300000e-01 2.000000e-01 -1.096150e-11 1.042150e-11 5.457612e-13 -5.800900e-15 3.970000e-17
5.400000e-01 5.400000e-01 2.000000e-01 -1.097620e-11 1.042620e-11 5.557612e-13 -5.800900e-15 3.970000e-17
5.500000e-01 5.500000e-01 2.000000e-01 -1.099090e-11 1.043090e-11 5.657612e-13 -5.800900e-15 3.970000e-17
5.600000e-01 5.600000e-01 2.000000e-01 -1.100560e-11 1.043560e-11 5.757612e-13 -5.800900e-15 3.970000e-17
5.700000e-01 5.700000e-01 2.000000e-01 -1.102040e-11 1.044040e-11 5.857612e-13 -5.800900e-15 3.970000e-17
5.800000e-01 5.800000e-01 2.000000e-01 -1.103510e-11 1.044510e-11 5.957612e-13 -5.800900e-15 3.970000e-17
5.900000e-01 5.900000e-01 2.000000e-01 -1.104980e-11 1.044980e-11 6.057612e-13 -5.800900e-15 3.970000e-17
6.000000e-01 6.000000e-01 2.000000e-01 -1.106450e-11 1.045450e-11 6.157612e-13 -5.800900e-15 3.970000e-17
6.100000e-01 6.100000e-01 2.000000e-01 -1.107920e-11 1.045920e-11 6.257612e-13 -5.800900e-15 3.970000e-17
6.200000e-01 6.200000e-01 2.000000e-01 -1.109380e-11 1.046380e-11 6.357612e-13 -5.800900e-15 3.970000e-17
6.300000e-01 6.300000e-01 2.000000e-01 -1.110850e-11 1.046850e-11 6.457612e-13 -5.800900e-15 3.970000e-17
6.400000e-01 6.400000e-01 2.000000e-01 -1.112320e-11 1.047320e-11 6.557612e-13 -5.800900e-15 3.970000e-17
6.500000e-01 6.500000e-01 2.000000e-01 -1.113790e-11 1.047790e-11 6.657612e-13 -5.800900e-15 3.970000e-17
6.600000e-01 6.600000e-01 2.000000e-01 -1.115260e-11 1.048260e-11 6.757612e-13 -5.800900e-15 3.970000e-17
6.700000e-01 6.700000e-01 2.000000e-01 -1.116730e-11 1.048730e-11 6.857612e-13 -5.800900e-15 3.970000e-17
6.800000e-01 6.800000e-01 2.000000e-01 -1.118200e-11 1.049200e-11 6.957612e-13 -5.800900e-15 3.970000e-17
6.900000e-01 6.900000e-01 2.000000e-01 -1.119670e-11 1.049670e-11 7.057612e-13 -5.800900e-15 3.970000e-17
7.000000e-01 7.000000e-01 2.000000e-01 -1.121140e-11 1.050140e-11 7.157612e-13 -5.800900e-15 3.970000e-17
7.100000e-01 7.100000e-01 2.000000e-01 -1.122610e-11 1.050610e-11 7.257612e-13 -5.800900e-15 3.970000e-17
7.200000e-01 7.200000e-01 2.000000e-01 -1.124080e-11 1.051080e-11 7.357612e-13 -5.800900e-15 3.970000e-17
7.300000e-01 7.300000e-01 2.000000e-01 -1.125560e-11 1.051560e-11 7.457612e-13 -5.800900e-15 3.970000e-17
7.400000e-01 7.400000e-01 2.000000e-01 -1.127030e-11 1.052030e-11 7.557612e-13 -5.800900e-15 3.970000e-17
7.500000e-01 7.500000e-01 2.000000e-01 -1.128500e-11 1.052500e-11 7.657612e-13 -5.800900e-15 3.970000e-17
7.600000e-01 7.600000e-01 2.000000e-01 -1.129980e-11 1.052980e-11 7.757612e-13 -5.800900e-15 3.970000e-17
7.700000e-01 7.700000e-01 2.000000e-01 -1.131450e-11 1.053450e-11 7.857612e-13 -5.800900e-15 3.970000e-17
7.800000e-01 7.800000e-01 2.000000e-01 -1.132930e-11 1.053930e-11 7.957612e-13 -5.800900e-15 3.970000e-17
7.900000e-01 7.900000e-01 2.000000e-01 -1.134400e-11 1.054400e-11 8.057612e-13 -5.773200e-15 1.200000e-17
8.000000e-01 8.000000e-01 2.000000e-01 -1.135880e-11 1.054880e-11 8.157612e-13 -5.773200e-15 1.200000e-17
8.100000e-01 8.100000e-01 2.000000e-01 -1.137360e-11 1.055360e-11 8.257612e-13 -5.773200e-15 1.200000e-17
8.200000e-01 8.200000e-01 2.000000e-01 -1.138840e-11 1.055840e-11 8.357612e-13 -5.773200e-15 1.200000e-17
8.300000e-01 8.300000e-01 2.000000e-01 -1.140320e-11 1.056320e-11 8.457612e-13 -5.773200e-15 1.200000e-17
8.400000e-01 8.400000e-01 2.000000e-01 -1.141800e-11 1.056800e-11 8.557612e-13 -5.773200e-15 1.200000e-17
8.500000e-01 8.500000e-01 2.000000e-01 -1.143290e-11 1.057290e-11 8.657612e-13 -5.773200e-15 1.200000e-17
8.600000e-01 8.600000e-01 2.000000e-01 -1.144770e-11 1.057770e-11 8.757612e-13 -5.773200e-15 1.200000e-17
8.700000e-01 8.700000e-01 2.000000e-01 -1.146260e-11 1.058260e-11 8.857612e-13 -5.773200e-15 1.200000e-17
8.800000e-01 8.800000e-01 2.000000e-01 -1.147750e-11 1.058750e-11 8.957612e-13 -5.773200e-15 1.200000e-17
8.900000e-01 8.900000e-01 2.000000e-01 -1.149240e-11 1.059240e-11 9.057612e-13 -5.773200e-15 1.200000e-17
9.000000e-01 9.000000e-01 2.000000e-01 -1.150730e-11 1.059730e-11 9.157612e-13 -5.773200e-15 1.200000e-17
9.100000e-01 9.100000e-01 2.000000e-01 -1.152220e-11 1.060220e-11 9.257612e-13 -5.773200e-15 1.200000e-17
9.200000e-01 9.200000e-01 2.000000e-01 -1.153720e-11 1.060720e-11 9.357612e-13 -5.773200e-15 1.200000e-17
9.300000e-01 9.300000e-01 2.000000e-01 -1.155220e-11 1.061220e-11 9.457612e-13 -5.773200e-15 1.200000e-17
9.400000e-01 9.400000e-01 2.000000e-01 -1.156720e-11 1.061720e-11 9.557612e-13 -5.773200e-15 1.200000e-17
9.500000e-01 9.500000e-01 2.000000e-01 -1.158220e-11 1.062220e-11 9.657612e-13 -5.773200e-15 1.200000e-17
9.600000e-01 9.600000e-01 2.000000e-01 -1.159720e-11 1.062720e-11 9.757612e-13 -5.773200e-15 1.200000e-17
9.700000e-01 9.700000e-01 2.000000e-01 -1.161220e-11 1.063220e-11 9.857612e-13 -5.773200e-15 1.200000e-17
9.800000e-01 9.800000e-01 2.000000e-01 -1.162730e-11 1.063730e-11 9.957612e-13 -5.773200e-15 1.200000e-17
9.900000e-01 9.900000e-01 2.000000e-01 -1.164240e-11 1.064240e-11 1.005800e-12 -5.773200e-15 2.680000e-17
1.000000e+00 1.000000e+00 2.000000e-01 -1.165750e-11 1.064750e-11 1.015800e-12 -5.773200e-15 2.680000e-17
1.010000e+00 1.010000e+00 2.000000e-01 -1.167260e-11 1.065260e-11 1.025800e-12 -5.773200e-15 2.680000e-17
1.020000e+00 1.020000e+00 2.000000e-01 -1.168780e-11 1.065780e-11 1.035800e-12 -5.773200e-15 2.680000e-17
1.030000e+00 1.030000e+00 2.000000e-01 -1.170290e-11 1.066290e-11 1.045800e-12 -5.773200e-15 2.680000e-17
1.040000e+00 1.040000e+00 2.000000e-01 -1.171810e-11 1.066810e-11 1.055800e-12 -5.773200e-15 2.680000e-17
1.050000e+00 1.050000e+00 2.000000e-01 -1.173340e-11 1.067340e-11 1.065800e-12 -5.773200e-15 2.680000e-17
1.060000e+00 1.060000e+00 2.000000e-01 -1.174860e-11 1.067860e-11 1.075800e-12 -5.773200e-15 2.680000e-17
1.070000e+00 1.070000e+00 2.000000e-01 -1.176390e-11 1.068390e-11 1.085800e-12 -5.773200e-15 2.680000e-17
1.080000e+00 1.080000e+00 2.000000e-01 -1.177920e-11 1.068920e-11 1.095800e-12 -5.773200e-15 2.680000e-17
1.090000e+00 1.090000e+00 2.000000e-01 -1.179450e-11 1.069450e-11 1.105800e-12 -5.773200e-15 2.680000e-17
1.100000e+00 1.100000e+00 2.000000e-01 -1.180980e-11 1.069980e-11 1.115800e-12 -5.773200e-15 2.680000e-17
1.110000e+00 1.110000e+00 2.000000e-01 -1.182520e-11 1.070520e-11 1.125800e-12 -5.773200e-15 2.680000e-17
1.120000e+00 1.120000e+00 2.000000e-01 -1.184060e-11 1.071060e-11 1.135800e-12 -5.773200e-15 2.680000e-17
1.130000e+00 1.130000e+00 2.000000e-01 -1.185600e-11 1.071600e-11 1.145800e-12 -5.773200e-15 2.680000e-17
1.140000e+00 1.140000e+00 2.000000e-01 -1.187150e-11 1.072150e-11 1.155800e-12 -5.773200e-15 2.680000e-17
1.150000e+00 1.150000e+00 2.000000e-01 -1.188700e-11 1.072700e-11 1.165800e-12 -5.773200e-15 2.680000e-17
1.160000e+00 1.160000e+00 2.000000e-01 -1.190250e-11 1.073250e-11 1.175800e-12 -5.773200e-15 2.680000e-17
1.170000e+00 1.170000e+00 2.000000e-01 -1.191800e-11 1.073800e-11 1.185800e-12 -5.773200e-15 2.680000e-17
1.180000e+00 1.180000e+00 2.000000e-01 -1.193360e-11 1.074360e-11 1.195800e-12 -5.773200e-15 2.680000e-17
1.190000e+00 1.190000e+00 2.000000e-01 -1.194920e-11 1.074920e-11 1.205800e-12 -5.773200e-15 2.680000e-17
1.200000e+00 1.200000e+00 2.000000e-01 -1.196480e-11 1.075480e-11 1.215800e-12 -5.773200e-15 2.680000e-17
0.000000e+00 0.000000e+00 4.000000e-01 1.822780e-14 1.822780e-14 2.553850e-14 -6.206150e-14 6.740000e-17
1.000000e-02 1.000000e-02 4.000000e-01 -1.165300e-09 1.165300e-09 3.899990e-14 -6.189490e-14 2.289500e-14
2.000000e-02 2.000000e-02 4.000000e-01 -1.981300e-09 1.981400e-09 5.126310e-14 -6.178390e-14 8.947920e-14
3.000000e-02 3.000000e-02 4.000000e-01 -2.509600e-09 2.509600e-09 6.274300e-14 -6.156190e-14 1.181100e-15
4.000000e-02 4.000000e-02 4.000000e-01 -2.828200e-09 2.828200e-09 7.371060e-14 -6.133980e-14 1.237080e-14
5.000000e-02 5.000000e-02 4.000000e-01 -3.012900e-09 3.012900e-09 8.434330e-14 -6.117330e-14 2.317000e-14
6.000000e-02 6.000000e-02 4.000000e-01 -3.120100e-09 3.120100e-09 9.475700e-14 -6.095120e-14 3.380580e-14
7.000000e-02 7.000000e-02 4.000000e-01 -3.184400e-09 3.184300e-09 1.050275e-13 -6.078470e-14 5.575720e-14
8.000000e-02 8.000000e-02 4.000000e-01 -3.224800e-09 3.224700e-09 1.152044e-13 -6.056270e-14 4.535830e-14
9.000000e-02 9.000000e-02 4.000000e-01 -3.251500e-09 3.251400e-09 1.253201e-13 -6.039610e-14 3.507600e-14
1.000000e-01 1.000000e-01 4.000000e-01 -3.270000e-09 3.270000e-09 1.353957e-13 -6.022960e-14 7.516610e-14
1.100000e-01 1.100000e-01 4.000000e-01 -3.283500e-09 3.283400e-09 1.454451e-13 -6.011860e-14 1.467350e-14
1.200000e-01 1.200000e-01 4.000000e-01 -3.293700e-09 3.293600e-09 1.554775e-13 -5.989650e-14 4.419000e-15
1.300000e-01 1.300000e-01 4.000000e-01 -3.301600e-09 3.301500e-09 1.654986e-13 -5.973000e-14 5.768600e-15
1.400000e-01 1.400000e-01 4.000000e-01 -3.308100e-09 3.308000e-09 1.755125e-13 -5.956350e-14 1.594900e-14
1.500000e-01 1.500000e-01 4.000000e-01 -3.313400e-09 3.313300e-09 1.855215e-13 -5.939690e-14 2.612460e-14
1.600000e-01 1.600000e-01 4.000000e-01 -3.318000e-09 3.317900e-09 1.955274e-13 -5.928590e-14 3.624150e-14
1.700000e-01 1.700000e-01 4.000000e-01 -3.322000e-09 3.321800e-09 2.055313e-13 -5.906390e-14 5.353260e-14
1.800000e-01 1.800000e-01 4.000000e-01 -3.325500e-09 3.325300e-09 2.155338e-13 -5.895280e-14 4.341900e-14
1.900000e-01 1.900000e-01 4.000000e-01 -3.328600e-09 3.328500e-09 2.255355e-13 -5.873080e-14 6.680470e-14
2.000000e-01 2.000000e-01 4.000000e-01 -3.331500e-09 3.331400e-09 2.355366e-13 -5.856430e-14 7.697230e-14
2.100000e-01 2.100000e-01 4.000000e-01 -3.334200e-09 3.334000e-09 2.455373e-13 -5.845320e-14 1.291590e-14
2.200000e-01 2.200000e-01 4.000000e-01 -3.336700e-09 3.336500e-09 2.555377e-13 -5.823120e-14 2.693500e-15
2.300000e-01 2.300000e-01 4.000000e-01 -3.339100e-09 3.338900e-09 2.655380e-13 -5.812020e-14 7.417800e-15
2.400000e-01 2.400000e-01 4.000000e-01 -3.341300e-09 3.341100e-09 2.755382e-13 -5.789810e-14 1.764010e-14
2.500000e-01 2.500000e-01 4.000000e-01 -3.343500e-09 3.343300e-09 2.855384e-13 -5.784260e-14 2.769580e-14
2.600000e-01 2.600000e-01 4.000000e-01 -3.345600e-09 3.345300e-09 2.955385e-13 -5.767610e-14 6.213760e-14
2.700000e-01 2.700000e-01 4.000000e-01 -3.347600e-09 3.347300e-09 3.055385e-13 -5.756510e-14 5.202660e-14
2.800000e-01 2.800000e-01 4.000000e-01 -3.349500e-09 3.349200e-09 3.155386e-13 -5.734300e-14 4.180440e-14
2.900000e-01 2.900000e-01 4.000000e-01 -3.351400e-09 3.351100e-09 3.255386e-13 -5.712100e-14 3.158240e-14
3.000000e-01 3.000000e-01 4.000000e-01 -3.353200e-09 3.353000e-09 3.355386e-13 -5.706550e-14 7.847310e-14
3.100000e-01 3.100000e-01 4.000000e-01 -3.355100e-09 3.354800e-09 3.455386e-13 -5.689890e-14 1.136030e-14
3.200000e-01 3.200000e-01 4.000000e-01 -3.356800e-09 3.356500e-09 3.555386e-13 -5.673240e-14 1.193800e-15
3.300000e-01 3.300000e-01 4.000000e-01 -3.358600e-09 3.358300e-09 3.655386e-13 -5.662140e-14 8.917200e-15
3.400000e-01 3.400000e-01 4.000000e-01 -3.360300e-09 3.360000e-09 3.755386e-13 -5.645480e-14 1.908380e-14
3.500000e-01 3.500000e-01 4.000000e-01 -3.362000e-09 3.361700e-09 3.855387e-13 -5.628830e-14 2.925040e-14
3.600000e-01 3.600000e-01 4.000000e-01 -3.363700e-09 3.363400e-09 3.955387e-13 -5.612180e-14 3.941690e-14
3.700000e-01 3.700000e-01 4.000000e-01 -3.365400e-09 3.365100e-09 4.055387e-13 -5.606630e-14 4.947240e-14
3.800000e-01 3.800000e-01 4.000000e-01 -3.367100e-09 3.366700e-09 4.155387e-13 -5.589970e-14 4.036100e-14
3.900000e-01 3.900000e-01 4.000000e-01 -3.368700e-09 3.368400e-09 4.255387e-13 -5.573320e-14 6.980550e-14
4.000000e-01 4.000000e-01 4.000000e-01 -3.370400e-09 3.370000e-09 4.355387e-13 -5.562220e-14 2.008350e-14
4.100000e-01 4.100000e-01 4.000000e-01 -3.372000e-09 3.371600e-09 4.455387e-13 -5.545560e-14 9.916900e-15
4.200000e-01 4.200000e-01 4.000000e-01 -3.373600e-09 3.373200e-09 4.555387e-13 -5.534460e-14 1.941000e-16
4.300000e-01 4.300000e-01 4.000000e-01 -3.375200e-09 3.374800e-09 4.655387e-13 -5.517810e-14 1.036060e-14
4.400000e-01 4.400000e-01 4.000000e-01 -3.376800e-09 3.376400e-09 4.755387e-13 -5.506710e-14 2.047160e-14
4.500000e-01 4.500000e-01 4.000000e-01 -3.378400e-09 3.378000e-09 4.855387e-13 -5.490050e-14 3.063820e-14
4.600000e-01 4.600000e-01 4.000000e-01 -3.380000e-09 3.379500e-09 4.955387e-13 -5.473400e-14 5.919530e-14
4.700000e-01 4.700000e-01 4.000000e-01 -3.381500e-09 3.381100e-09 5.055387e-13 -5.456750e-14 5.097120e-14
4.800000e-01 4.800000e-01 4.000000e-01 -3.383100e-09 3.382700e-09 5.155387e-13 -5.451200e-14 6.102670e-14
4.900000e-01 4.900000e-01 4.000000e-01 -3.384700e-09 3.384200e-09 5.255387e-13 -5.440090e-14 2.886220e-14
5.000000e-01 5.000000e-01 4.000000e-01 -3.386200e-09 3.385800e-09 5.355387e-13 -5.423440e-14 8.130430e-14
5.100000e-01 5.100000e-01 4.000000e-01 -3.387800e-09 3.387300e-09 5.455387e-13 -5.412340e-14 8.584700e-15
5.200000e-01 5.200000e-01 4.000000e-01 -3.389400e-09 3.388900e-09 5.555387e-13 -5.395680e-14 1.581900e-15
5.300000e-01 5.300000e-01 4.000000e-01 -3.390900e-09 3.390400e-09 5.655387e-13 -5.390130e-14 1.163740e-14
5.400000e-01 5.400000e-01 4.000000e-01 -3.392500e-09 3.391900e-09 5.755387e-13 -5.367930e-14 7.814060e-14
5.500000e-01 5.500000e-01 4.000000e-01 -3.394000e-09 3.393500e-09 5.855387e-13 -5.362380e-14 3.191490e-14
5.600000e-01 5.600000e-01 4.000000e-01 -3.395500e-09 3.395000e-09 5.955387e-13 -5.345720e-14 4.208150e-14
5.700000e-01 5.700000e-01 4.000000e-01 -3.397100e-09 3.396500e-09 6.055388e-13 -5.334620e-14 4.780740e-14
5.800000e-01 5.800000e-01 4.000000e-01 -3.398600e-09 3.398100e-09 6.155388e-13 -5.317970e-14 6.235910e-14
5.900000e-01 5.900000e-01 4.000000e-01 -3.400200e-09 3.399600e-09 6.255388e-13 -5.306870e-14 2.752990e-14
6.000000e-01 6.000000e-01 4.000000e-01 -3.401700e-09 3.401100e-09 6.355388e-13 -5.290210e-14 1.736330e-14
6.100000e-01 6.100000e-01 4.000000e-01 -3.403200e-09 3.402600e-09 6.455388e-13 -5.284660e-14 7.307800e-15
6.200000e-01 6.200000e-01 4.000000e-01 -3.404800e-09 3.404200e-09 6.555388e-13 -5.273560e-14 2.803200e-15
6.300000e-01 6.300000e-01 4.000000e-01 -3.406300e-09 3.405700e-09 6.655388e-13 -5.256910e-14 1.296970e-14
6.400000e-01 6.400000e-01 4.000000e-01 -3.407800e-09 3.407200e-09 6.755388e-13 -5.245800e-14 2.308080e-14
6.500000e-01 6.500000e-01 4.000000e-01 -3.409400e-09 3.408800e-09 6.855388e-13 -5.234700e-14 3.319180e-14
6.600000e-01 6.600000e-01 4.000000e-01 -3.410900e-09 3.410300e-09 6.955388e-13 -5.223600e-14 4.330280e-14
6.700000e-01 6.700000e-01 4.000000e-01 -3.412500e-09 3.411800e-09 7.055388e-13 -5.206950e-14 4.653070e-14
6.800000e-01 6.800000e-01 4.000000e-01 -3.414000e-09 3.413300e-09 7.155388e-13 -5.201390e-14 3.647510e-14
6.900000e-01 6.900000e-01 4.000000e-01 -3.415500e-09 3.414900e-09 7.255388e-13 -5.190290e-14 7.363590e-14
7.000000e-01 7.000000e-01 4.000000e-01 -3.417100e-09 3.416400e-09 7.355388e-13 -5.173640e-14 1.619760e-14
7.100000e-01 7.100000e-01 4.000000e-01 -3.418600e-09 3.417900e-09 7.455388e-13 -5.168090e-14 6.142100e-15
7.200000e-01 7.200000e-01 4.000000e-01 -3.420200e-09 3.419500e-09 7.555388e-13 -5.151430e-14 4.024500e-15
7.300000e-01 7.300000e-01 4.000000e-01 -3.421700e-09 3.421000e-09 7.655388e-13 -5.140330e-14 1.413550e-14
7.400000e-01 7.400000e-01 4.000000e-01 -3.423200e-09 3.422500e-09 7.755388e-13 -5.129230e-14 2.424650e-14
7.500000e-01 7.500000e-01 4.000000e-01 -3.424800e-09 3.424100e-09 7.855388e-13 -5.118130e-14 3.435750e-14
7.600000e-01 7.600000e-01 4.000000e-01 -3.426300e-09 3.425600e-09 7.955388e-13 -5.107030e-14 4.446850e-14
7.700000e-01 7.700000e-01 4.000000e-01 -3.427900e-09 3.427100e-09 8.055388e-13 -5.090370e-14 4.536490e-14
7.800000e-01 7.800000e-01 4.000000e-01 -3.429500e-09 3.428700e-09 8.155388e-13 -5.090370e-14 3.536490e-14
7.900000e-01 7.900000e-01 4.000000e-01 -3.431000e-09 3.430200e-09 8.255388e-13 -5.073720e-14 2.519840e-14
8.000000e-01 8.000000e-01 4.000000e-01 -3.432600e-09 3.431800e-09 8.355389e-13 -5.062620e-14 1.508730e-14
8.100000e-01 8.100000e-01 4.000000e-01 -3.434200e-09 3.433400e-09 8.455389e-13 -5.051510e-14 4.976200e-15
8.200000e-01 8.200000e-01 4.000000e-01 -3.435700e-09 3.434900e-09 8.555389e-13 -5.040410e-14 5.134800e-15
8.300000e-01 8.300000e-01 4.000000e-01 -3.437300e-09 3.436500e-09 8.655389e-13 -5.029310e-14 1.524580e-14
8.400000e-01 8.400000e-01 4.000000e-01 -3.438900e-09 3.438100e-09 8.755389e-13 -5.023760e-14 2.530130e-14
8.500000e-01 8.500000e-01 4.000000e-01 -3.440500e-09 3.439600e-09 8.855389e-13 -5.007110e-14 6.453220e-14
8.600000e-01 8.600000e-01 4.000000e-01 -3.442100e-09 3.441200e-09 8.955389e-13 -4.996000e-14 5.442110e-14
8.700000e-01 8.700000e-01 4.000000e-01 -3.443600e-09 3.442800e-09 9.055389e-13 -4.990450e-14 5.563440e-14
8.800000e-01 8.800000e-01 4.000000e-01 -3.445200e-09 3.444400e-09 9.155389e-13 -4.979350e-14 6.574540e-14
8.900000e-01 8.900000e-01 4.000000e-01 -3.446800e-09 3.446000e-09 9.255389e-13 -4.973800e-14 7.580090e-14
9.000000e-01 9.000000e-01 4.000000e-01 -3.448500e-09 3.447600e-09 9.355389e-13 -4.957150e-14 1.403260e-14
9.100000e-01 9.100000e-01 4.000000e-01 -3.450100e-09 3.449200e-09 9.455389e-13 -4.946040e-14 3.921500e-15
9.200000e-01 9.200000e-01 4.000000e-01 -3.451700e-09 3.450800e-09 9.555389e-13 -4.934940e-14 6.189500e-15
9.300000e-01 9.300000e-01 4.000000e-01 -3.453300e-09 3.452400e-09 9.655391e-13 -4.929390e-14 1.624520e-14
9.400000e-01 9.400000e-01 4.000000e-01 -3.454900e-09 3.454000e-09 9.755393e-13 -4.918290e-14 2.635640e-14
9.500000e-01 9.500000e-01 4.000000e-01 -3.456600e-09 3.455600e-09 9.855397e-13 -4.907190e-14 6.353220e-14
9.600000e-01 9.600000e-01 4.000000e-01 -3.458200e-09 3.457300e-09 9.955402e-13 -4.890530e-14 4.663490e-14
9.700000e-01 9.700000e-01 4.000000e-01 -3.459900e-09 3.458900e-09 1.005500e-12 -4.890530e-14 4.340530e-14
9.800000e-01 9.800000e-01 4.000000e-01 -3.461500e-09 3.460600e-09 1.015500e-12 -4.884980e-14 6.665020e-14
9.900000e-01 9.900000e-01 4.000000e-01 -3.463200e-09 3.462200e-09 1.025500e-12 -4.868330e-14 2.318330e-14
1.000000e+00 1.000000e+00 4.000000e-01 -3.464900e-09 3.463900e-09 1.035500e-12 -4.857230e-14 1.307230e-14
1.010000e+00 1.010000e+00 4.000000e-01 -3.466600e-09 3.465600e-09 1.045500e-12 -4.857230e-14 3.072300e-15
1.020000e+00 1.020000e+00 4.000000e-01 -3.468200e-09 3.467200e-09 1.055600e-12 -4.840570e-14 7.194300e-15
1.030000e+00 1.030000e+00 4.000000e-01 -3.469900e-09 3.468900e-09 1.065600e-12 -4.829470e-14 1.730530e-14
1.040000e+00 1.040000e+00 4.000000e-01 -3.471600e-09 3.470600e-09 1.075600e-12 -4.823920e-14 2.736080e-14
1.050000e+00 1.050000e+00 4.000000e-01 -3.473300e-09 3.472300e-09 1.085600e-12 -4.807270e-14 3.752730e-14
1.060000e+00 1.060000e+00 4.000000e-01 -3.475100e-09 3.474000e-09 1.095600e-12 -4.801710e-14 5.241710e-14
1.070000e+00 1.070000e+00 4.000000e-01 -3.476800e-09 3.475700e-09 1.105600e-12 -4.790610e-14 4.230610e-14
1.080000e+00 1.080000e+00 4.000000e-01 -3.478500e-09 3.477400e-09 1.115600e-12 -4.779510e-14 3.219510e-14
1.090000e+00 1.090000e+00 4.000000e-01 -3.480300e-09 3.479200e-09 1.125600e-12 -4.773960e-14 2.213960e-14
1.100000e+00 1.100000e+00 4.000000e-01 -3.482000e-09 3.480900e-09 1.135700e-12 -4.762860e-14 1.192860e-14
1.110000e+00 1.110000e+00 4.000000e-01 -3.483800e-09 3.482700e-09 1.145700e-12 -4.757310e-14 1.873100e-15
1.120000e+00 1.120000e+00 4.000000e-01 -3.485500e-09 3.484400e-09 1.155800e-12 -4.746200e-14 8.338000e-15
1.130000e+00 1.130000e+00 4.000000e-01 -3.487300e-09 3.486200e-09 1.165900e-12 -4.740650e-14 1.849350e-14
1.140000e+00 1.140000e+00 4.000000e-01 -3.489100e-09 3.487900e-09 1.176000e-12 -4.724000e-14 7.124000e-14
1.150000e+00 1.150000e+00 4.000000e-01 -3.490900e-09 3.489700e-09 1.186100e-12 -4.718450e-14 6.108450e-14
1.160000e+00 1.160000e+00 4.000000e-01 -3.492700e-09 3.491500e-09 1.196200e-12 -4.707350e-14 5.087350e-14
1.170000e+00 1.170000e+00 4.000000e-01 -3.494500e-09 3.493300e-09 1.206400e-12 -4.707350e-14 4.067350e-14
1.180000e+00 1.180000e+00 4.000000e-01 -3.496300e-09 3.495100e-09 1.216700e-12 -4.690690e-14 3.020690e-14
1.190000e+00 1.190000e+00 4.000000e-01 -3.498100e-09 3.496900e-09 1.227000e-12 -4.690690e-14 1.990690e-14
1.200000e+00 1.200000e+00 4.000000e-01 -3.500000e-09 3.498800e-09 1.237400e-12 -4.674040e-14 9.340400e-15
0.000000e+00 0.000000e+00 6.000000e-01 1.488415e-10 1.488415e-10 8.604400e-14 -2.977690e-10 4.400000e-17
1.000000e-02 1.000000e-02 6.000000e-01 -2.373404e-07 2.376376e-07 9.950540e-14 -2.972745e-10 2.500540e-14
2.000000e-02 2.000000e-02 6.000000e-01 -4.103603e-07 4.106560e-07 1.117688e-13 -2.957976e-10 1.416880e-14
3.000000e-02 3.000000e-02 6.000000e-01 -5.279703e-07 5.282644e-07 1.232490e-13 -2.941518e-10 7.144900e-14
4.000000e-02 4.000000e-02 6.000000e-01 -6.025593e-07 6.028517e-07 1.342172e-13 -2.925467e-10 1.248280e-14
5.000000e-02 5.000000e-02 6.000000e-01 -6.475527e-07 6.478436e-07 1.448505e-13 -2.909916e-10 5.325050e-14
6.000000e-02 6.000000e-02 6.000000e-01 -6.742578e-07 6.745471e-07 1.552649e-13 -2.894751e-10 1.983510e-14
7.000000e-02 7.000000e-02 6.000000e-01 -6.903708e-07 6.906586e-07 1.655361e-13 -2.879881e-10 2.256390e-14
8.000000e-02 8.000000e-02 6.000000e-01 -7.004578e-07 7.007441e-07 1.757138e-13 -2.865243e-10 4.858620e-14
9.000000e-02 9.000000e-02 6.000000e-01 -7.070636e-07 7.073485e-07 1.858303e-13 -2.850796e-10 6.230300e-15
1.000000e-01 1.000000e-01 6.000000e-01 -7.115929e-07 7.118764e-07 1.959068e-13 -2.836511e-10 4.480680e-14
1.100000e-01 1.100000e-01 6.000000e-01 -7.148360e-07 7.151180e-07 2.059571e-13 -2.822372e-10 3.124290e-14
1.200000e-01 1.200000e-01 6.000000e-01 -7.172518e-07 7.175324e-07 2.159903e-13 -2.808366e-10 2.060970e-14
1.300000e-01 1.300000e-01 6.000000e-01 -7.191165e-07 7.193957e-07 2.260123e-13 -2.794483e-10 2.228770e-14
1.400000e-01 1.400000e-01 6.000000e-01 -7.206024e-07 7.208803e-07 2.360271e-13 -2.780715e-10 6.452710e-14
1.500000e-01 1.500000e-01 6.000000e-01 -7.218206e-07 7.220970e-07 2.460370e-13 -2.767056e-10 5.956300e-14
1.600000e-01 1.600000e-01 6.000000e-01 -7.228446e-07 7.231197e-07 2.560438e-13 -2.753504e-10 5.643800e-15
1.700000e-01 1.700000e-01 6.000000e-01 -7.237248e-07 7.239986e-07 2.660486e-13 -2.740053e-10 6.074860e-14
1.800000e-01 1.800000e-01 6.000000e-01 -7.244964e-07 7.247688e-07 2.760520e-13 -2.726702e-10 5.852000e-15
1.900000e-01 1.900000e-01 6.000000e-01 -7.251845e-07 7.254556e-07 2.860546e-13 -2.713446e-10 4.145460e-14
2.000000e-01 2.000000e-01 6.000000e-01 -7.258074e-07 7.260772e-07 2.960566e-13 -2.700285e-10 6.755660e-14
2.100000e-01 2.100000e-01 6.000000e-01 -7.263787e-07 7.266472e-07 3.060582e-13 -2.687217e-10 8.435820e-14
2.200000e-01 2.200000e-01 6.000000e-01 -7.269087e-07 7.271758e-07 3.160596e-13 -2.674240e-10 7.940400e-15
2.300000e-01 2.300000e-01 6.000000e-01 -7.274051e-07 7.276709e-07 3.260608e-13 -2.661354e-10 9.339200e-15
2.400000e-01 2.400000e-01 6.000000e-01 -7.278740e-07 7.281386e-07 3.360620e-13 -2.648555e-10 8.056200e-14
2.500000e-01 2.500000e-01 6.000000e-01 -7.283203e-07 7.285835e-07 3.460630e-13 -2.635843e-10 3.823700e-14
2.600000e-01 2.600000e-01 6.000000e-01 -7.287476e-07 7.290095e-07 3.560640e-13 -2.623218e-10 6.573600e-14
2.700000e-01 2.700000e-01 6.000000e-01 -7.291589e-07 7.294196e-07 3.660650e-13 -2.610678e-10 1.735000e-15
2.800000e-01 2.800000e-01 6.000000e-01 -7.295568e-07 7.298163e-07 3.760660e-13 -2.598222e-10 5.386600e-14
2.900000e-01 2.900000e-01 6.000000e-01 -7.299432e-07 7.302014e-07 3.860669e-13 -2.585848e-10 1.266900e-15
3.000000e-01 3.000000e-01 6.000000e-01 -7.303197e-07 7.305767e-07 3.960679e-13 -2.573558e-10 4.026790e-14
3.100000e-01 3.100000e-01 6.000000e-01 -7.306878e-07 7.309435e-07 4.060688e-13 -2.561349e-10 2.883120e-14
3.200000e-01 3.200000e-01 6.000000e-01 -7.310484e-07 7.313029e-07 4.160698e-13 -2.549221e-10 6.030200e-15
3.300000e-01 3.300000e-01 6.000000e-01 -7.314026e-07 7.316559e-07 4.260707e-13 -2.537172e-10 8.870700e-15
3.400000e-01 3.400000e-01 6.000000e-01 -7.317512e-07 7.320033e-07 4.360716e-13 -2.525203e-10 1.577160e-14
3.500000e-01 3.500000e-01 6.000000e-01 -7.320948e-07 7.323457e-07 4.460726e-13 -2.513313e-10 1.477260e-14
3.600000e-01 3.600000e-01 6.000000e-01 -7.324340e-07 7.326837e-07 4.560735e-13 -2.501501e-10 5.973500e-15
3.700000e-01 3.700000e-01 6.000000e-01 -7.327693e-07 7.330178e-07 4.660745e-13 -2.489765e-10 1.042550e-14
3.800000e-01 3.800000e-01 6.000000e-01 -7.331012e-07 7.333485e-07 4.760754e-13 -2.478106e-10 3.452460e-14
3.900000e-01 3.900000e-01 6.000000e-01 -7.334300e-07 7.336762e-07 4.860763e-13 -2.466524e-10 3.367630e-14
4.000000e-01 4.000000e-01 6.000000e-01 -7.337560e-07 7.340010e-07 4.960773e-13 -2.455016e-10 5.522700e-15
4.100000e-01 4.100000e-01 6.000000e-01 -7.340795e-07 7.343234e-07 5.060782e-13 -2.443583e-10 4.777820e-14
4.200000e-01 4.200000e-01 6.000000e-01 -7.344008e-07 7.346435e-07 5.160792e-13 -2.432224e-10 6.320800e-15
4.300000e-01 4.300000e-01 6.000000e-01 -7.347200e-07 7.349616e-07 5.260801e-13 -2.420938e-10 3.228010e-14
4.400000e-01 4.400000e-01 6.000000e-01 -7.350374e-07 7.352779e-07 5.360811e-13 -2.409726e-10 6.348110e-14
4.500000e-01 4.500000e-01 6.000000e-01 -7.353532e-07 7.355925e-07 5.460820e-13 -2.398586e-10 1.251800e-14
4.600000e-01 4.600000e-01 6.000000e-01 -7.356675e-07 7.359057e-07 5.560830e-13 -2.387517e-10 4.383000e-15
4.700000e-01 4.700000e-01 6.000000e-01 -7.359803e-07 7.362174e-07 5.660839e-13 -2.376520e-10 1.408390e-14
4.800000e-01 4.800000e-01 6.000000e-01 -7.362920e-07 7.365280e-07 5.760849e-13 -2.365593e-10 1.678490e-14
4.900000e-01 4.900000e-01 6.000000e-01 -7.366025e-07 7.368374e-07 5.860858e-13 -2.354736e-10 1.248580e-14
5.000000e-01 5.000000e-01 6.000000e-01 -7.369120e-07 7.371458e-07 5.960868e-13 -2.343949e-10 1.186800e-15
5.100000e-01 5.100000e-01 6.000000e-01 -7.372206e-07 7.374533e-07 6.060877e-13 -2.333230e-10 1.691230e-14
5.200000e-01 5.200000e-01 6.000000e-01 -7.375284e-07 7.377600e-07 6.160887e-13 -2.322582e-10 4.211130e-14
5.300000e-01 5.300000e-01 6.000000e-01 -7.378354e-07 7.380659e-07 6.260896e-13 -2.312000e-10 7.391040e-14
5.400000e-01 5.400000e-01 6.000000e-01 -7.381417e-07 7.383712e-07 6.360906e-13 -2.301486e-10 1.250940e-14
5.500000e-01 5.500000e-01 6.000000e-01 -7.384474e-07 7.386759e-07 6.460915e-13 -2.291037e-10 4.239150e-14
5.600000e-01 5.600000e-01 6.000000e-01 -7.387526e-07 7.389800e-07 6.560925e-13 -2.280657e-10 9.607500e-15
5.700000e-01 5.700000e-01 6.000000e-01 -7.390574e-07 7.392837e-07 6.660934e-13 -2.270342e-10 6.810660e-14
5.800000e-01 5.800000e-01 6.000000e-01 -7.393617e-07 7.395870e-07 6.760944e-13 -2.260093e-10 3.320560e-14
5.900000e-01 5.900000e-01 6.000000e-01 -7.396657e-07 7.398900e-07 6.860953e-13 -2.249909e-10 4.804700e-15
6.000000e-01 6.000000e-01 6.000000e-01 -7.399694e-07 7.401927e-07 6.960963e-13 -2.239788e-10 1.729630e-14
6.100000e-01 6.100000e-01 6.000000e-01 -7.402729e-07 7.404952e-07 7.060973e-13 -2.229731e-10 3.299730e-14
6.200000e-01 6.200000e-01 6.000000e-01 -7.405762e-07 7.407975e-07 7.160982e-13 -2.219739e-10 4.219820e-14
6.300000e-01 6.300000e-01 6.000000e-01 -7.408795e-07 7.410997e-07 7.260992e-13 -2.209809e-10 5.480080e-14
6.400000e-01 6.400000e-01 6.000000e-01 -7.411826e-07 7.414019e-07 7.361001e-13 -2.199943e-10 4.180010e-14
6.500000e-01 6.500000e-01 6.000000e-01 -7.414858e-07 7.417040e-07 7.461011e-13 -2.190138e-10 6.769890e-14
6.600000e-01 6.600000e-01 6.000000e-01 -7.417890e-07 7.420062e-07 7.561021e-13 -2.180394e-10 8.329790e-14
6.700000e-01 6.700000e-01 6.000000e-01 -7.420922e-07 7.423085e-07 7.661030e-13 -2.170712e-10 5.097000e-15
6.800000e-01 6.800000e-01 6.000000e-01 -7.423957e-07 7.426110e-07 7.761040e-13 -2.161091e-10 3.299600e-14
6.900000e-01 6.900000e-01 6.000000e-01 -7.426993e-07 7.429137e-07 7.861050e-13 -2.151530e-10 3.310500e-14
7.000000e-01 7.000000e-01 6.000000e-01 -7.430032e-07 7.432166e-07 7.961059e-13 -2.142029e-10 6.794100e-15
7.100000e-01 7.100000e-01 6.000000e-01 -7.433073e-07 7.435198e-07 8.061069e-13 -2.132589e-10 4.720690e-14
7.200000e-01 7.200000e-01 6.000000e-01 -7.436118e-07 7.438233e-07 8.161079e-13 -2.123205e-10 4.392100e-15
7.300000e-01 7.300000e-01 6.000000e-01 -7.439167e-07 7.441273e-07 8.261088e-13 -2.113882e-10 3.790880e-14
7.400000e-01 7.400000e-01 6.000000e-01 -7.442220e-07 7.444317e-07 8.361098e-13 -2.104616e-10 7.450980e-14
7.500000e-01 7.500000e-01 6.000000e-01 -7.445278e-07 7.447365e-07 8.461108e-13 -2.095407e-10 5.410800e-15
7.600000e-01 7.600000e-01 6.000000e-01 -7.448342e-07 7.450419e-07 8.561117e-13 -2.086256e-10 6.948830e-14
7.700000e-01 7.700000e-01 6.000000e-01 -7.451411e-07 7.453479e-07 8.661127e-13 -2.077163e-10 5.018730e-14
7.800000e-01 7.800000e-01 6.000000e-01 -7.454486e-07 7.456545e-07 8.761137e-13 -2.068125e-10 3.638630e-14
7.900000e-01 7.900000e-01 6.000000e-01 -7.457568e-07 7.459618e-07 8.861147e-13 -2.059143e-10 2.818530e-14
8.000000e-01 8.000000e-01 6.000000e-01 -7.460657e-07 7.462698e-07 8.961156e-13 -2.050218e-10 2.568440e-14
8.100000e-01 8.100000e-01 6.000000e-01 -7.463753e-07 7.465785e-07 9.061166e-13 -2.041347e-10 2.858340e-14
8.200000e-01 8.200000e-01 6.000000e-01 -7.466857e-07 7.468881e-07 9.161176e-13 -2.032531e-10 6.301760e-14
8.300000e-01 8.300000e-01 6.000000e-01 -7.469970e-07 7.471985e-07 9.261186e-13 -2.023769e-10 4.921860e-14
8.400000e-01 8.400000e-01 6.000000e-01 -7.473092e-07 7.475097e-07 9.361195e-13 -2.015063e-10 7.018050e-14
8.500000e-01 8.500000e-01 6.000000e-01 -7.476223e-07 7.478220e-07 9.461205e-13 -2.006409e-10 5.220500e-15
8.600000e-01 8.600000e-01 6.000000e-01 -7.479363e-07 7.481351e-07 9.561215e-13 -1.997810e-10 2.487850e-14
8.700000e-01 8.700000e-01 6.000000e-01 -7.482514e-07 7.484493e-07 9.661225e-13 -1.989262e-10 6.007750e-14
8.800000e-01 8.800000e-01 6.000000e-01 -7.485675e-07 7.487646e-07 9.761234e-13 -1.980767e-10 5.766000e-16
8.900000e-01 8.900000e-01 6.000000e-01 -7.488847e-07 7.490809e-07 9.861244e-13 -1.972324e-10 4.627560e-14
9.000000e-01 9.000000e-01 6.000000e-01 -7.492030e-07 7.493984e-07 9.961254e-13 -1.963933e-10 2.825400e-15
9.100000e-01 9.100000e-01 6.000000e-01 -7.495225e-07 7.497171e-07 1.006100e-12 -1.955594e-10 4.670000e-14
9.200000e-01 9.200000e-01 6.000000e-01 -7.498432e-07 7.500369e-07 1.016100e-12 -1.947307e-10 1.460000e-14
9.300000e-01 9.300000e-01 6.000000e-01 -7.501652e-07 7.503580e-07 1.026100e-12 -1.939069e-10 8.080000e-14
9.400000e-01 9.400000e-01 6.000000e-01 -7.504884e-07 7.506804e-07 1.036200e-12 -1.930882e-10 5.200000e-14
9.500000e-01 9.500000e-01 6.000000e-01 -7.508129e-07 7.510042e-07 1.046300e-12 -1.922744e-10 7.190000e-14
9.600000e-01 9.600000e-01 6.000000e-01 -7.511388e-07 7.513292e-07 1.056400e-12 -1.914656e-10 9.200000e-15
9.700000e-01 9.700000e-01 6.000000e-01 -7.514661e-07 7.516557e-07 1.066500e-12 -1.906618e-10 4.700000e-15
9.800000e-01 9.800000e-01 6.000000e-01 -7.517948e-07 7.519836e-07 1.076700e-12 -1.898628e-10 1.390000e-14
9.900000e-01 9.900000e-01 6.000000e-01 -7.521250e-07 7.523130e-07 1.087000e-12 -1.890687e-10 1.830000e-14
1.000000e+00 1.000000e+00 6.000000e-01 -7.524567e-07 7.526438e-07 1.097300e-12 -1.882794e-10 8.210000e-14
1.010000e+00 1.010000e+00 6.000000e-01 -7.527898e-07 7.529762e-07 1.107900e-12 -1.874950e-10 1.290000e-14
1.020000e+00 1.020000e+00 6.000000e-01 -7.531246e-07 7.533102e-07 1.118600e-12 -1.867153e-10 3.300000e-15
1.030000e+00 1.030000e+00 6.000000e-01 -7.534609e-07 7.536457e-07 1.129500e-12 -1.859402e-10 1.070000e-14
1.040000e+00 1.040000e+00 6.000000e-01 -7.537989e-07 7.539829e-07 1.140800e-12 -1.851698e-10 2.900000e-14
1.050000e+00 1.050000e+00 6.000000e-01 -7.541384e-07 7.543217e-07 1.152600e-12 -1.844041e-10 4.850000e-14
1.060000e+00 1.060000e+00 6.000000e-01 -7.544797e-07 7.546622e-07 1.164900e-12 -1.836431e-10 2.180000e-14
1.070000e+00 1.070000e+00 6.000000e-01 -7.548227e-07 7.550044e-07 1.177900e-12 -1.828865e-10 8.600000e-15
1.080000e+00 1.080000e+00 6.000000e-01 -7.551674e-07 7.553483e-07 1.191900e-12 -1.821348e-10 4.290000e-14
1.090000e+00 1.090000e+00 6.000000e-01 -7.555139e-07 7.556941e-07 1.207200e-12 -1.813873e-10 1.990000e-14
1.100000e+00 1.100000e+00 6.000000e-01 -7.558621e-07 7.560416e-07 1.224000e-12 -1.806443e-10 7.970000e-14
1.110000e+00 1.110000e+00 6.000000e-01 -7.562122e-07 7.563909e-07 1.242900e-12 -1.799059e-10 3.700000e-14
1.120000e+00 1.120000e+00 6.000000e-01 -7.565641e-07 7.567420e-07 1.264400e-12 -1.791718e-10 7.400000e-15
1.130000e+00 1.130000e+00 6.000000e-01 -7.569179e-07 7.570950e-07 1.289100e-12 -1.784423e-10 5.320000e-14
1.140000e+00 1.140000e+00 6.000000e-01 -7.572735e-07 7.574499e-07 1.317900e-12 -1.777170e-10 9.000000e-16
1.150000e+00 1.150000e+00 6.000000e-01 -7.576311e-07 7.578068e-07 1.351800e-12 -1.769961e-10 5.570000e-14
1.160000e+00 1.160000e+00 6.000000e-01 -7.579906e-07 7.581655e-07 1.392100e-12 -1.762795e-10 1.260000e-14
1.170000e+00 1.170000e+00 6.000000e-01 -7.583521e-07 7.585262e-07 1.440300e-12 -1.755672e-10 2.690000e-14
1.180000e+00 1.180000e+00 6.000000e-01 -7.587156e-07 7.588889e-07 1.498300e-12 -1.748591e-10 6.080000e-14
1.190000e+00 1.190000e+00 6.000000e-01 -7.590810e-07 7.592536e-07 1.568300e-12 -1.741552e-10 1.310000e-14
1.200000e+00 1.200000e+00 6.000000e-01 -7.594485e-07 7.596203e-07 1.653100e-12 -1.734554e-10 2.300000e-15
0.000000e+00 0.000000e+00 8.000000e-01 5.713500e-08 5.713500e-08 1.130800e-12 -1.142712e-07 6.920000e-14
1.000000e-02 1.000000e-02 8.000000e-01 -5.599200e-06 5.713200e-06 1.144200e-12 -1.140813e-07 8.015580e-11
2.000000e-02 2.000000e-02 8.000000e-01 -1.075690e-05 1.087040e-05 1.156500e-12 -1.135144e-07 1.324350e-11
3.000000e-02 3.000000e-02 8.000000e-01 -1.541920e-05 1.553210e-05 1.168000e-12 -1.128827e-07 1.846800e-11
4.000000e-02 4.000000e-02 8.000000e-01 -1.959120e-05 1.970340e-05 1.178900e-12 -1.122665e-07 6.532110e-11
5.000000e-02 5.000000e-02 8.000000e-01 -2.327970e-05 2.339140e-05 1.189600e-12 -1.116696e-07 3.158960e-11
6.000000e-02 6.000000e-02 8.000000e-01 -2.649500e-05 2.660610e-05 1.200000e-12 -1.110875e-07 1.370000e-11
7.000000e-02 7.000000e-02 8.000000e-01 -2.925100e-05 2.936150e-05 1.210300e-12 -1.105167e-07 1.548970e-11
8.000000e-02 8.000000e-02 8.000000e-01 -3.156780e-05 3.167770e-05 1.220500e-12 -1.099547e-07 5.347950e-11
9.000000e-02 9.000000e-02 8.000000e-01 -3.347230e-05 3.358170e-05 1.230600e-12 -1.094001e-07 1.130600e-12
1.000000e-01 1.000000e-01 8.000000e-01 -3.500060e-05 3.510940e-05 1.240700e-12 -1.088518e-07 5.055930e-11
1.100000e-01 1.100000e-01 8.000000e-01 -3.619670e-05 3.630500e-05 1.250800e-12 -1.083091e-07 7.849200e-12
1.200000e-01 1.200000e-01 8.000000e-01 -3.711170e-05 3.721950e-05 1.260800e-12 -1.077715e-07 2.976080e-11
1.300000e-01 1.300000e-01 8.000000e-01 -3.779870e-05 3.790600e-05 1.270900e-12 -1.072385e-07 6.277090e-11
1.400000e-01 1.400000e-01 8.000000e-01 -3.830860e-05 3.841530e-05 1.280900e-12 -1.067100e-07 8.719100e-12
1.500000e-01 1.500000e-01 8.000000e-01 -3.868550e-05 3.879170e-05 1.291000e-12 -1.061857e-07 1.559100e-11
1.600000e-01 1.600000e-01 8.000000e-01 -3.896500e-05 3.907070e-05 1.301000e-12 -1.056655e-07 3.580100e-11
1.700000e-01 1.700000e-01 8.000000e-01 -3.917420e-05 3.927940e-05 1.311100e-12 -1.051491e-07 5.221110e-11
1.800000e-01 1.800000e-01 8.000000e-01 -3.933290e-05 3.943760e-05 1.321100e-12 -1.046366e-07 6.472110e-11
1.900000e-01 1.900000e-01 8.000000e-01 -3.945520e-05 3.955930e-05 1.331100e-12 -1.041278e-07 2.646890e-11
2.000000e-01 2.000000e-01 8.000000e-01 -3.955110e-05 3.965470e-05 1.341200e-12 -1.036226e-07 2.125880e-11
2.100000e-01 2.100000e-01 8.000000e-01 -3.962760e-05 3.973070e-05 1.351200e-12 -1.031210e-07 1.964880e-11
2.200000e-01 2.200000e-01 8.000000e-01 -3.968960e-05 3.979230e-05 1.361300e-12 -1.026228e-07 7.856130e-11
2.300000e-01 2.300000e-01 8.000000e-01 -3.974080e-05 3.984300e-05 1.371300e-12 -1.021282e-07 7.317130e-11
2.400000e-01 2.400000e-01 8.000000e-01 -3.978380e-05 3.988540e-05 1.381400e-12 -1.016369e-07 3.551860e-11
2.500000e-01 2.500000e-01 8.000000e-01 -3.982030e-05 3.992140e-05 1.391400e-12 -1.011489e-07 4.750860e-11
2.600000e-01 2.600000e-01 8.000000e-01 -3.985170e-05 3.995240e-05 1.401500e-12 -1.006643e-07 3.710150e-11
2.700000e-01 2.700000e-01 8.000000e-01 -3.987920e-05 3.997940e-05 1.411500e-12 -1.001829e-07 1.851150e-11
2.800000e-01 2.800000e-01 8.000000e-01 -3.990350e-05 4.000320e-05 1.421600e-12 -9.970470e-08 3.278400e-12
2.900000e-01 2.900000e-01 8.000000e-01 -3.992520e-05 4.002450e-05 1.431600e-12 -9.922980e-08 7.163160e-11
3.000000e-01 3.000000e-01 8.000000e-01 -3.994490e-05 4.004360e-05 1.441700e-12 -9.875800e-08 5.655830e-11
3.100000e-01 3.100000e-01 8.000000e-01 -3.996270e-05 4.006100e-05 1.451700e-12 -9.828930e-08 1.215170e-11
3.200000e-01 3.200000e-01 8.000000e-01 -3.997920e-05 4.007700e-05 1.461800e-12 -9.782380e-08 2.233820e-11
3.300000e-01 3.300000e-01 8.000000e-01 -3.999440e-05 4.009170e-05 1.471800e-12 -9.736130e-08 5.982820e-11
3.400000e-01 3.400000e-01 8.000000e-01 -4.000860e-05 4.010550e-05 1.481900e-12 -9.690180e-08 3.181000e-13
3.500000e-01 3.500000e-01 8.000000e-01 -4.002190e-05 4.011830e-05 1.491900e-12 -9.644540e-08 4.390810e-11
3.600000e-01 3.600000e-01 8.000000e-01 -4.003440e-05 4.013040e-05 1.502000e-12 -9.599200e-08 9.502000e-12
3.700000e-01 3.700000e-01 8.000000e-01 -4.004640e-05 4.014190e-05 1.512000e-12 -9.554150e-08 3.998800e-11
3.800000e-01 3.800000e-01 8.000000e-01 -4.005780e-05 4.015280e-05 1.522100e-12 -9.509400e-08 9.247790e-11
3.900000e-01 3.900000e-01 8.000000e-01 -4.006860e-05 4.016330e-05 1.532100e-12 -9.464930e-08 5.223210e-11
4.000000e-01 4.000000e-01 8.000000e-01 -4.007910e-05 4.017330e-05 1.542200e-12 -9.420760e-08 6.057800e-12
4.100000e-01 4.100000e-01 8.000000e-01 -4.008920e-05 4.018300e-05 1.552200e-12 -9.376870e-08 3.285220e-11
4.200000e-01 4.200000e-01 8.000000e-01 -4.009900e-05 4.019230e-05 1.562300e-12 -9.333270e-08 3.113770e-11
4.300000e-01 4.300000e-01 8.000000e-01 -4.010850e-05 4.020140e-05 1.572300e-12 -9.289950e-08 2.072300e-12
4.400000e-01 4.400000e-01 8.000000e-01 -4.011770e-05 4.021020e-05 1.582400e-12 -9.246910e-08 3.248240e-11
4.500000e-01 4.500000e-01 8.000000e-01 -4.012670e-05 4.021870e-05 1.592400e-12 -9.204140e-08 3.980760e-11
4.600000e-01 4.600000e-01 8.000000e-01 -4.013550e-05 4.022710e-05 1.602500e-12 -9.161660e-08 1.499750e-11
4.700000e-01 4.700000e-01 8.000000e-01 -4.014410e-05 4.023530e-05 1.612500e-12 -9.119440e-08 7.212500e-12
4.800000e-01 4.800000e-01 8.000000e-01 -4.015250e-05 4.024330e-05 1.622600e-12 -9.077500e-08 2.662260e-11
4.900000e-01 4.900000e-01 8.000000e-01 -4.016080e-05 4.025120e-05 1.632600e-12 -9.035820e-08 4.343260e-11
5.000000e-01 5.000000e-01 8.000000e-01 -4.016900e-05 4.025890e-05 1.642700e-12 -8.994410e-08 4.245730e-11
5.100000e-01 5.100000e-01 8.000000e-01 -4.017700e-05 4.026660e-05 1.652700e-12 -8.953270e-08 6.895270e-11
5.200000e-01 5.200000e-01 8.000000e-01 -4.018490e-05 4.027410e-05 1.662800e-12 -8.912390e-08 7.776280e-11
5.300000e-01 5.300000e-01 8.000000e-01 -4.019280e-05 4.028150e-05 1.672800e-12 -8.871770e-08 1.602720e-11
5.400000e-01 5.400000e-01 8.000000e-01 -4.020050e-05 4.028880e-05 1.682900e-12 -8.831410e-08 1.241710e-11
5.500000e-01 5.500000e-01 8.000000e-01 -4.020810e-05 4.029600e-05 1.692900e-12 -8.791310e-08 1.140710e-11
5.600000e-01 5.600000e-01 8.000000e-01 -4.021570e-05 4.030320e-05 1.703000e-12 -8.751460e-08 1.289700e-11
5.700000e-01 5.700000e-01 8.000000e-01 -4.022320e-05 4.031030e-05 1.713000e-12 -8.711860e-08 1.688700e-11
5.800000e-01 5.800000e-01 8.000000e-01 -4.023060e-05 4.031730e-05 1.723100e-12 -8.672520e-08 2.347690e-11
5.900000e-01 5.900000e-01 8.000000e-01 -4.023790e-05 4.032430e-05 1.733100e-12 -8.633420e-08 6.753310e-11
6.000000e-01 6.000000e-01 8.000000e-01 -4.024520e-05 4.033120e-05 1.743200e-12 -8.594580e-08 5.594320e-11
6.100000e-01 6.100000e-01 8.000000e-01 -4.025250e-05 4.033810e-05 1.753200e-12 -8.555970e-08 4.205320e-11
6.200000e-01 6.200000e-01 8.000000e-01 -4.025970e-05 4.034490e-05 1.763300e-12 -8.517620e-08 2.556330e-11
6.300000e-01 6.300000e-01 8.000000e-01 -4.026690e-05 4.035170e-05 1.773300e-12 -8.479500e-08 6.773300e-12
6.400000e-01 6.400000e-01 8.000000e-01 -4.027400e-05 4.035840e-05 1.783400e-12 -8.441620e-08 1.441660e-11
6.500000e-01 6.500000e-01 8.000000e-01 -4.028110e-05 4.036520e-05 1.793500e-12 -8.403990e-08 6.189350e-11
6.600000e-01 6.600000e-01 8.000000e-01 -4.028820e-05 4.037190e-05 1.803500e-12 -8.366590e-08 3.590350e-11
6.700000e-01 6.700000e-01 8.000000e-01 -4.029530e-05 4.037860e-05 1.813600e-12 -8.329420e-08 7.613600e-12
6.800000e-01 6.800000e-01 8.000000e-01 -4.030230e-05 4.038520e-05 1.823600e-12 -8.292490e-08 2.307640e-11
6.900000e-01 6.900000e-01 8.000000e-01 -4.030930e-05 4.039190e-05 1.833700e-12 -8.255790e-08 4.393370e-11
7.000000e-01 7.000000e-01 8.000000e-01 -4.031630e-05 4.039850e-05 1.843700e-12 -8.219320e-08 8.643700e-12
7.100000e-01 7.100000e-01 8.000000e-01 -4.032330e-05 4.040510e-05 1.853800e-12 -8.183070e-08 2.884620e-11
7.200000e-01 7.200000e-01 8.000000e-01 -4.033030e-05 4.041170e-05 1.863800e-12 -8.147060e-08 6.873620e-11
7.300000e-01 7.300000e-01 8.000000e-01 -4.033720e-05 4.041830e-05 1.873900e-12 -8.111260e-08 1.072610e-11
7.400000e-01 7.400000e-01 8.000000e-01 -4.034420e-05 4.042490e-05 1.883900e-12 -8.075700e-08 5.511610e-11
7.500000e-01 7.500000e-01 8.000000e-01 -4.035120e-05 4.043160e-05 1.894000e-12 -8.040350e-08 1.606000e-12
7.600000e-01 7.600000e-01 8.000000e-01 -4.035810e-05 4.043820e-05 1.904000e-12 -8.005220e-08 4.970400e-11
7.700000e-01 7.700000e-01 8.000000e-01 -4.036510e-05 4.044480e-05 1.914100e-12 -7.970310e-08 1.185900e-12
7.800000e-01 7.800000e-01 8.000000e-01 -4.037210e-05 4.045140e-05 1.924100e-12 -7.935620e-08 5.427590e-11
7.900000e-01 7.900000e-01 8.000000e-01 -4.037910e-05 4.045810e-05 1.934200e-12 -7.901140e-08 9.465800e-12
8.000000e-01 8.000000e-01 8.000000e-01 -4.038610e-05 4.046480e-05 1.944200e-12 -7.866880e-08 3.314420e-11
8.100000e-01 8.100000e-01 8.000000e-01 -4.039310e-05 4.047140e-05 1.954300e-12 -7.832830e-08 2.634570e-11
8.200000e-01 8.200000e-01 8.000000e-01 -4.040020e-05 4.047820e-05 1.964300e-12 -7.798990e-08 1.206430e-11
8.300000e-01 8.300000e-01 8.000000e-01 -4.040720e-05 4.048490e-05 1.974400e-12 -7.765360e-08 4.837440e-11
8.400000e-01 8.400000e-01 8.000000e-01 -4.041430e-05 4.049160e-05 1.984400e-12 -7.731930e-08 1.731560e-11
8.500000e-01 8.500000e-01 8.000000e-01 -4.042140e-05 4.049840e-05 1.994500e-12 -7.698720e-08 1.479450e-11
8.600000e-01 8.600000e-01 8.000000e-01 -4.042860e-05 4.050520e-05 2.004500e-12 -7.665700e-08 5.499550e-11
8.700000e-01 8.700000e-01 8.000000e-01 -4.043580e-05 4.051210e-05 2.014600e-12 -7.632890e-08 2.688540e-11
8.800000e-01 8.800000e-01 8.000000e-01 -4.044300e-05 4.051900e-05 2.024600e-12 -7.600290e-08 8.754000e-13
8.900000e-01 8.900000e-01 8.000000e-01 -4.045020e-05 4.052590e-05 2.034700e-12 -7.567880e-08 2.323470e-11
9.000000e-01 9.000000e-01 8.000000e-01 -4.045750e-05 4.053290e-05 2.044700e-12 -7.535670e-08 4.534470e-11
9.100000e-01 9.100000e-01 8.000000e-01 -4.046490e-05 4.053990e-05 2.054800e-12 -7.503660e-08 3.454520e-11
9.200000e-01 9.200000e-01 8.000000e-01 -4.047220e-05 4.054690e-05 2.064800e-12 -7.471840e-08 1.633520e-11
9.300000e-01 9.300000e-01 8.000000e-01 -4.047970e-05 4.055410e-05 2.074900e-12 -7.440220e-08 1.251000e-13
9.400000e-01 9.400000e-01 8.000000e-01 -4.048710e-05 4.056120e-05 2.085000e-12 -7.408790e-08 1.418500e-11
9.500000e-01 9.500000e-01 8.000000e-01 -4.049460e-05 4.056840e-05 2.095000e-12 -7.377560e-08 2.649500e-11
9.600000e-01 9.600000e-01 8.000000e-01 -4.050220e-05 4.057570e-05 2.105100e-12 -7.346510e-08 3.700510e-11
9.700000e-01 9.700000e-01 8.000000e-01 -4.050990e-05 4.058300e-05 2.115100e-12 -7.315650e-08 5.438490e-11
9.800000e-01 9.800000e-01 8.000000e-01 -4.051750e-05 4.059040e-05 2.125200e-12 -7.284980e-08 5.232520e-11
9.900000e-01 9.900000e-01 8.000000e-01 -4.052530e-05 4.059780e-05 2.135200e-12 -7.254500e-08 4.286480e-11
1.000000e+00 1.000000e+00 8.000000e-01 -4.053310e-05 4.060530e-05 2.145300e-12 -7.224200e-08 3.985470e-11
1.010000e+00 1.010000e+00 8.000000e-01 -4.054100e-05 4.061290e-05 2.156200e-12 -7.194090e-08 3.874380e-11
1.020000e+00 1.020000e+00 8.000000e-01 -4.054890e-05 4.062050e-05 2.168700e-12 -7.164160e-08 3.943130e-11
1.030000e+00 1.030000e+00 8.000000e-01 -4.055690e-05 4.062830e-05 2.182400e-12 -7.134410e-08 5.808240e-11
1.040000e+00 1.040000e+00 8.000000e-01 -4.056500e-05 4.063600e-05 2.197600e-12 -7.104840e-08 4.620240e-11
1.050000e+00 1.050000e+00 8.000000e-01 -4.057310e-05 4.064390e-05 2.215000e-12 -7.075450e-08 4.771500e-11
1.060000e+00 1.060000e+00 8.000000e-01 -4.058140e-05 4.065180e-05 2.235400e-12 -7.046230e-08 6.006460e-11
1.070000e+00 1.070000e+00 8.000000e-01 -4.058970e-05 4.065980e-05 2.259800e-12 -7.017190e-08 6.964020e-11
1.080000e+00 1.080000e+00 8.000000e-01 -4.059800e-05 4.066790e-05 2.289800e-12 -6.988330e-08 1.898980e-11
1.090000e+00 1.090000e+00 8.000000e-01 -4.060650e-05 4.067610e-05 2.327200e-12 -6.959640e-08 5.927200e-12
1.100000e+00 1.100000e+00 8.000000e-01 -4.061500e-05 4.068430e-05 2.374600e-12 -6.931120e-08 8.825400e-12
1.110000e+00 1.110000e+00 8.000000e-01 -4.062360e-05 4.069270e-05 2.435400e-12 -6.902770e-08 7.473540e-11
1.120000e+00 1.120000e+00 8.000000e-01 -4.063230e-05 4.070110e-05 2.513700e-12 -6.874600e-08 5.651370e-11
1.130000e+00 1.130000e+00 8.000000e-01 -4.064110e-05 4.070960e-05 2.615200e-12 -6.846590e-08 3.671520e-11
1.140000e+00 1.140000e+00 8.000000e-01 -4.065000e-05 4.071820e-05 2.747100e-12 -6.818750e-08 1.524710e-11
1.150000e+00 1.150000e+00 8.000000e-01 -4.065900e-05 4.072690e-05 2.918300e-12 -6.791080e-08 7.881700e-12
1.160000e+00 1.160000e+00 8.000000e-01 -4.066800e-05 4.073560e-05 3.140700e-12 -6.763570e-08 3.255930e-11
1.170000e+00 1.170000e+00 8.000000e-01 -4.067710e-05 4.074450e-05 3.428800e-12 -6.736220e-08 4.122880e-11
1.180000e+00 1.180000e+00 8.000000e-01 -4.068640e-05 4.075350e-05 3.801000e-12 -6.709040e-08 1.340100e-11
1.190000e+00 1.190000e+00 8.000000e-01 -4.069570e-05 4.076250e-05 4.280600e-12 -6.682020e-08 1.591940e-11
1.200000e+00 1.200000e+00 8.000000e-01 -4.070510e-05 4.077170e-05 4.896200e-12 -6.655160e-08 5.329620e-11
0.000000e+00 0.000000e+00 1.000000e+00 3.481041e-07 3.481041e-07 6.662350e-11 -6.962747e-07 1.235000e-13
1.000000e-02 1.000000e-02 1.000000e+00 -1.522170e-05 1.591670e-05 6.663700e-11 -6.951182e-07 5.156300e-11
2.000000e-02 2.000000e-02 1.000000e+00 -3.022480e-05 3.091640e-05 6.664920e-11 -6.916642e-07 2.449200e-12
3.000000e-02 3.000000e-02 1.000000e+00 -4.466000e-05 4.534770e-05 6.666070e-11 -6.878152e-07 4.853930e-11
4.000000e-02 4.000000e-02 1.000000e+00 -5.852730e-05 5.921130e-05 6.667170e-11 -6.840612e-07 5.471700e-12
5.000000e-02 5.000000e-02 1.000000e+00 -7.182700e-05 7.250740e-05 6.668240e-11 -6.804242e-07 4.248240e-11
6.000000e-02 6.000000e-02 1.000000e+00 -8.455970e-05 8.523650e-05 6.669280e-11 -6.768778e-07 1.110720e-11
7.000000e-02 7.000000e-02 1.000000e+00 -9.672590e-05 9.739920e-05 6.670310e-11 -6.734000e-07 3.329690e-11
8.000000e-02 8.000000e-02 1.000000e+00 -1.083262e-04 1.089961e-04 6.671330e-11 -6.699764e-07 9.686700e-12
9.000000e-02 9.000000e-02 1.000000e+00 -1.193617e-04 1.200282e-04 6.672340e-11 -6.665974e-07 3.067660e-11
1.000000e-01 1.000000e-01 1.000000e+00 -1.298333e-04 1.304965e-04 6.673350e-11 -6.632568e-07 9.933500e-12
1.100000e-01 1.100000e-01 1.000000e+00 -1.397424e-04 1.404023e-04 6.674360e-11 -6.599502e-07 1.654360e-11
1.200000e-01 1.200000e-01 1.000000e+00 -1.490905e-04 1.497471e-04 6.675370e-11 -6.566745e-07 7.746300e-12
1.300000e-01 1.300000e-01 1.000000e+00 -1.578796e-04 1.585330e-04 6.676370e-11 -6.534274e-07 3.936370e-11
1.400000e-01 1.400000e-01 1.000000e+00 -1.661122e-04 1.667624e-04 6.677380e-11 -6.502074e-07 5.937380e-11
1.500000e-01 1.500000e-01 1.000000e+00 -1.737915e-04 1.744384e-04 6.678380e-11 -6.470131e-07 4.631620e-11
1.600000e-01 1.600000e-01 1.000000e+00 -1.809212e-04 1.815650e-04 6.679390e-11 -6.438434e-07 2.339390e-11
1.700000e-01 1.700000e-01 1.000000e+00 -1.875065e-04 1.881472e-04 6.680390e-11 -6.406976e-07 6.920390e-11
1.800000e-01 1.800000e-01 1.000000e+00 -1.935536e-04 1.941912e-04 6.681400e-11 -6.375750e-07 9.181400e-11
1.900000e-01 1.900000e-01 1.000000e+00 -1.990706e-04 1.997050e-04 6.682400e-11 -6.344749e-07 8.076000e-12
2.000000e-01 2.000000e-01 1.000000e+00 -2.040676e-04 2.046989e-04 6.683410e-11 -6.313970e-07 3.016590e-11
2.100000e-01 2.100000e-01 1.000000e+00 -2.085575e-04 2.091857e-04 6.684420e-11 -6.283408e-07 7.395580e-11
2.200000e-01 2.200000e-01 1.000000e+00 -2.125563e-04 2.131816e-04 6.685430e-11 -6.253058e-07 6.105430e-11
2.300000e-01 2.300000e-01 1.000000e+00 -2.160840e-04 2.167063e-04 6.686440e-11 -6.222919e-07 7.496440e-11
2.400000e-01 2.400000e-01 1.000000e+00 -2.191648e-04 2.197840e-04 6.687450e-11 -6.192986e-07 3.172550e-11
2.500000e-01 2.500000e-01 1.000000e+00 -2.218271e-04 2.224433e-04 6.688460e-11 -6.163257e-07 5.881540e-11
2.600000e-01 2.600000e-01 1.000000e+00 -2.241038e-04 2.247172e-04 6.689470e-11 -6.133729e-07 9.399470e-11
2.700000e-01 2.700000e-01 1.000000e+00 -2.260316e-04 2.266420e-04 6.690490e-11 -6.104401e-07 2.680490e-11
2.800000e-01 2.800000e-01 1.000000e+00 -2.276493e-04 2.282568e-04 6.691500e-11 -6.075269e-07 4.001500e-11
2.900000e-01 2.900000e-01 1.000000e+00 -2.289968e-04 2.296014e-04 6.692520e-11 -6.046332e-07 3.372520e-11
3.000000e-01 3.000000e-01 1.000000e+00 -2.301132e-04 2.307149e-04 6.693540e-11 -6.017587e-07 8.235400e-12
3.100000e-01 3.100000e-01 1.000000e+00 -2.310351e-04 2.316340e-04 6.694560e-11 -5.989034e-07 6.354560e-11
3.200000e-01 3.200000e-01 1.000000e+00 -2.317958e-04 2.323918e-04 6.695580e-11 -5.960669e-07 5.579998e-14
3.300000e-01 3.300000e-01 1.000000e+00 -2.324243e-04 2.330175e-04 6.696600e-11 -5.932491e-07 1.786600e-11
3.400000e-01 3.400000e-01 1.000000e+00 -2.329453e-04 2.335356e-04 6.697630e-11 -5.904499e-07 8.292370e-11
3.500000e-01 3.500000e-01 1.000000e+00 -2.333792e-04 2.339668e-04 6.698650e-11 -5.876690e-07 2.013500e-12
3.600000e-01 3.600000e-01 1.000000e+00 -2.337427e-04 2.343276e-04 6.699680e-11 -5.849063e-07 6.069680e-11
3.700000e-01 3.700000e-01 1.000000e+00 -2.340495e-04 2.346316e-04 6.700700e-11 -5.821617e-07 5.307000e-12
3.800000e-01 3.800000e-01 1.000000e+00 -2.343104e-04 2.348897e-04 6.701730e-11 -5.794350e-07 6.798270e-11
3.900000e-01 3.900000e-01 1.000000e+00 -2.345339e-04 2.351106e-04 6.702750e-11 -5.767261e-07 4.092750e-11
4.000000e-01 4.000000e-01 1.000000e+00 -2.347270e-04 2.353010e-04 6.703780e-11 -5.740348e-07 3.223780e-11
4.100000e-01 4.100000e-01 1.000000e+00 -2.348951e-04 2.354664e-04 6.704810e-11 -5.713609e-07 6.148100e-12
4.200000e-01 4.200000e-01 1.000000e+00 -2.350427e-04 2.356114e-04 6.705840e-11 -5.687043e-07 6.275840e-11
4.300000e-01 4.300000e-01 1.000000e+00 -2.351733e-04 2.357393e-04 6.706860e-11 -5.660649e-07 2.168600e-12
4.400000e-01 4.400000e-01 1.000000e+00 -2.352896e-04 2.358530e-04 6.707890e-11 -5.634426e-07 2.447890e-11
4.500000e-01 4.500000e-01 1.000000e+00 -2.353940e-04 2.359548e-04 6.708920e-11 -5.608372e-07 2.988920e-11
4.600000e-01 4.600000e-01 1.000000e+00 -2.354883e-04 2.360465e-04 6.709950e-11 -5.582485e-07 1.859950e-11
4.700000e-01 4.700000e-01 1.000000e+00 -2.355741e-04 2.361297e-04 6.710980e-11 -5.556765e-07 9.390200e-12
4.800000e-01 4.800000e-01 1.000000e+00 -2.356526e-04 2.362057e-04 6.712010e-11 -5.531210e-07 4.612010e-11
4.900000e-01 4.900000e-01 1.000000e+00 -2.357249e-04 2.362754e-04 6.713040e-11 -5.505819e-07 1.476960e-11
5.000000e-01 5.000000e-01 1.000000e+00 -2.357918e-04 2.363397e-04 6.714070e-11 -5.480591e-07 9.195930e-11
5.100000e-01 5.100000e-01 1.000000e+00 -2.358539e-04 2.363994e-04 6.715090e-11 -5.455524e-07 1.475090e-11
5.200000e-01 5.200000e-01 1.000000e+00 -2.359121e-04 2.364551e-04 6.716120e-11 -5.430617e-07 5.461200e-12
5.300000e-01 5.300000e-01 1.000000e+00 -2.359666e-04 2.365072e-04 6.717150e-11 -5.405869e-07 8.027150e-11
5.400000e-01 5.400000e-01 1.000000e+00 -2.360181e-04 2.365561e-04 6.718180e-11 -5.381279e-07 6.071820e-11
5.500000e-01 5.500000e-01 1.000000e+00 -2.360668e-04 2.366024e-04 6.719210e-11 -5.356845e-07 1.730790e-11
5.600000e-01 5.600000e-01 1.000000e+00 -2.361130e-04 2.366462e-04 6.720240e-11 -5.332567e-07 1.050240e-11
5.700000e-01 5.700000e-01 1.000000e+00 -2.361571e-04 2.366879e-04 6.721270e-11 -5.308443e-07 2.291270e-11
5.800000e-01 5.800000e-01 1.000000e+00 -2.361992e-04 2.367276e-04 6.722300e-11 -5.284472e-07 2.002300e-11
5.900000e-01 5.900000e-01 1.000000e+00 -2.362396e-04 2.367656e-04 6.723330e-11 -5.260652e-07 2.033300e-12
6.000000e-01 6.000000e-01 1.000000e+00 -2.362785e-04 2.368021e-04 6.724360e-11 -5.236984e-07 3.115640e-11
6.100000e-01 6.100000e-01 1.000000e+00 -2.363159e-04 2.368372e-04 6.725390e-11 -5.213465e-07 2.075390e-11
6.200000e-01 6.200000e-01 1.000000e+00 -2.363521e-04 2.368710e-04 6.726420e-11 -5.190095e-07 4.223580e-11
6.300000e-01 6.300000e-01 1.000000e+00 -2.363871e-04 2.369037e-04 6.727450e-11 -5.166872e-07 1.992550e-11
6.400000e-01 6.400000e-01 1.000000e+00 -2.364211e-04 2.369354e-04 6.728480e-11 -5.143796e-07 1.231520e-11
6.500000e-01 6.500000e-01 1.000000e+00 -2.364542e-04 2.369662e-04 6.729510e-11 -5.120865e-07 1.920490e-11
6.600000e-01 6.600000e-01 1.000000e+00 -2.364863e-04 2.369961e-04 6.730540e-11 -5.098078e-07 5.950540e-11
6.700000e-01 6.700000e-01 1.000000e+00 -2.365177e-04 2.370252e-04 6.731570e-11 -5.075434e-07 2.391570e-11
6.800000e-01 6.800000e-01 1.000000e+00 -2.365484e-04 2.370536e-04 6.732600e-11 -5.052932e-07 2.587400e-11
6.900000e-01 6.900000e-01 1.000000e+00 -2.365784e-04 2.370814e-04 6.733630e-11 -5.030571e-07 1.023630e-11
7.000000e-01 7.000000e-01 1.000000e+00 -2.366078e-04 2.371086e-04 6.734660e-11 -5.008351e-07 3.224660e-11
7.100000e-01 7.100000e-01 1.000000e+00 -2.366366e-04 2.371352e-04 6.735690e-11 -4.986269e-07 4.045690e-11
7.200000e-01 7.200000e-01 1.000000e+00 -2.366650e-04 2.371613e-04 6.736720e-11 -4.964325e-07 6.513280e-11
7.300000e-01 7.300000e-01 1.000000e+00 -2.366928e-04 2.371870e-04 6.737750e-11 -4.942519e-07 1.547750e-11
7.400000e-01 7.400000e-01 1.000000e+00 -2.367202e-04 2.372123e-04 6.738780e-11 -4.920848e-07 8.258780e-11
7.500000e-01 7.500000e-01 1.000000e+00 -2.367473e-04 2.372371e-04 6.739810e-11 -4.899312e-07 6.380190e-11
7.600000e-01 7.600000e-01 1.000000e+00 -2.367739e-04 2.372617e-04 6.740840e-11 -4.877911e-07 7.630840e-11
7.700000e-01 7.700000e-01 1.000000e+00 -2.368003e-04 2.372859e-04 6.741870e-11 -4.856642e-07 3.218700e-12
7.800000e-01 7.800000e-01 1.000000e+00 -2.368263e-04 2.373098e-04 6.742900e-11 -4.835506e-07 1.682900e-11
7.900000e-01 7.900000e-01 1.000000e+00 -2.368520e-04 2.373334e-04 6.743930e-11 -4.814500e-07 1.743930e-11
8.000000e-01 8.000000e-01 1.000000e+00 -2.368775e-04 2.373568e-04 6.744970e-11 -4.793625e-07 4.949700e-12
8.100000e-01 8.100000e-01 1.000000e+00 -2.369028e-04 2.373800e-04 6.746000e-11 -4.772879e-07 2.044000e-11
8.200000e-01 8.200000e-01 1.000000e+00 -2.369279e-04 2.374030e-04 6.747030e-11 -4.752261e-07 5.862970e-11
8.300000e-01 8.300000e-01 1.000000e+00 -2.369528e-04 2.374259e-04 6.748060e-11 -4.731771e-07 9.619400e-12
8.400000e-01 8.400000e-01 1.000000e+00 -2.369775e-04 2.374486e-04 6.749090e-11 -4.711407e-07 2.679090e-11
8.500000e-01 8.500000e-01 1.000000e+00 -2.370021e-04 2.374711e-04 6.750120e-11 -4.691169e-07 4.939880e-11
8.600000e-01 8.600000e-01 1.000000e+00 -2.370266e-04 2.374936e-04 6.751150e-11 -4.671055e-07 3.798850e-11
8.700000e-01 8.700000e-01 1.000000e+00 -2.370510e-04 2.375160e-04 6.752180e-11 -4.651065e-07 3.897820e-11
8.800000e-01 8.800000e-01 1.000000e+00 -2.370753e-04 2.375383e-04 6.753210e-11 -4.631198e-07 5.226790e-11
8.900000e-01 8.900000e-01 1.000000e+00 -2.370995e-04 2.375606e-04 6.754240e-11 -4.611453e-07 2.224240e-11
9.000000e-01 9.000000e-01 1.000000e+00 -2.371237e-04 2.375828e-04 6.755270e-11 -4.591829e-07 1.534730e-11
9.100000e-01 9.100000e-01 1.000000e+00 -2.371479e-04 2.376050e-04 6.756300e-11 -4.572326e-07 6.503700e-11
9.200000e-01 9.200000e-01 1.000000e+00 -2.371720e-04 2.376273e-04 6.757330e-11 -4.552941e-07 7.347330e-11
9.300000e-01 9.300000e-01 1.000000e+00 -2.371962e-04 2.376495e-04 6.758360e-11 -4.533676e-07 1.640003e-14
9.400000e-01 9.400000e-01 1.000000e+00 -2.372204e-04 2.376718e-04 6.759390e-11 -4.514528e-07 1.479390e-11
9.500000e-01 9.500000e-01 1.000000e+00 -2.372447e-04 2.376942e-04 6.760420e-11 -4.495496e-07 1.800420e-11
9.600000e-01 9.600000e-01 1.000000e+00 -2.372690e-04 2.377166e-04 6.761450e-11 -4.476581e-07 9.514500e-12
9.700000e-01 9.700000e-01 1.000000e+00 -2.372934e-04 2.377391e-04 6.762480e-11 -4.457781e-07 1.047520e-11
9.800000e-01 9.800000e-01 1.000000e+00 -2.373179e-04 2.377618e-04 6.763510e-11 -4.439096e-07 5.803510e-11
9.900000e-01 9.900000e-01 1.000000e+00 -2.373425e-04 2.377845e-04 6.764540e-11 -4.420524e-07 1.524540e-11
1.000000e+00 1.000000e+00 1.000000e+00 -2.373673e-04 2.378074e-04 6.765570e-11 -4.402064e-07 3.874430e-11
1.010000e+00 1.010000e+00 1.000000e+00 -2.373922e-04 2.378305e-04 6.766610e-11 -4.383717e-07 4.033900e-12
1.020000e+00 1.020000e+00 1.000000e+00 -2.374172e-04 2.378537e-04 6.767640e-11 -4.365481e-07 1.957640e-11
1.030000e+00 1.030000e+00 1.000000e+00 -2.374424e-04 2.378771e-04 6.768670e-11 -4.347355e-07 3.218670e-11
1.040000e+00 1.040000e+00 1.000000e+00 -2.374678e-04 2.379007e-04 6.769700e-11 -4.329339e-07 3.379700e-11
1.050000e+00 1.050000e+00 1.000000e+00 -2.374934e-04 2.379245e-04 6.770730e-11 -4.311431e-07 2.460730e-11
1.060000e+00 1.060000e+00 1.000000e+00 -2.375193e-04 2.379485e-04 6.771760e-11 -4.293632e-07 9.548240e-11
1.070000e+00 1.070000e+00 1.000000e+00 -2.375453e-04 2.379728e-04 6.772790e-11 -4.275940e-07 2.627210e-11
1.080000e+00 1.080000e+00 1.000000e+00 -2.375716e-04 2.379974e-04 6.773820e-11 -4.258354e-07 3.233820e-11
1.090000e+00 1.090000e+00 1.000000e+00 -2.375982e-04 2.380222e-04 6.774850e-11 -4.240874e-07 1.965150e-11
1.100000e+00 1.100000e+00 1.000000e+00 -2.376250e-04 2.380473e-04 6.775880e-11 -4.223499e-07 1.785880e-11
1.110000e+00 1.110000e+00 1.000000e+00 -2.376521e-04 2.380727e-04 6.776910e-11 -4.206229e-07 4.486910e-11
1.120000e+00 1.120000e+00 1.000000e+00 -2.376796e-04 2.380984e-04 6.777940e-11 -4.189062e-07 3.842060e-11
1.130000e+00 1.130000e+00 1.000000e+00 -2.377073e-04 2.381245e-04 6.778970e-11 -4.171998e-07 6.798970e-11
1.140000e+00 1.140000e+00 1.000000e+00 -2.377354e-04 2.381508e-04 6.780000e-11 -4.155036e-07 3.580000e-11
1.150000e+00 1.150000e+00 1.000000e+00 -2.377638e-04 2.381776e-04 6.781030e-11 -4.138175e-07 5.031030e-11
1.160000e+00 1.160000e+00 1.000000e+00 -2.377926e-04 2.382046e-04 6.782060e-11 -4.121415e-07 7.367940e-11
1.170000e+00 1.170000e+00 1.000000e+00 -2.378217e-04 2.382321e-04 6.783940e-11 -4.104755e-07 7.660600e-12
1.180000e+00 1.180000e+00 1.000000e+00 -2.378512e-04 2.382600e-04 6.786600e-11 -4.088194e-07 4.846600e-11
1.190000e+00 1.190000e+00 1.000000e+00 -2.378811e-04 2.382882e-04 6.789970e-11 -4.071732e-07 5.300300e-12
1.200000e+00 1.200000e+00 1.000000e+00 -2.379114e-04 2.383169e-04 6.794340e-11 -4.055367e-07 3.124340e-11
0.000000e+00 0.000000e+00 1.200000e+00 1.212700e-06 1.212700e-06 4.001700e-09 -2.429400e-06 1.700000e-12
1.000000e-02 1.000000e-02 1.200000e+00 -2.245960e-05 2.488090e-05 4.001700e-09 -2.425300e-06 1.700000e-12
2.000000e-02 2.000000e-02 1.200000e+00 -4.559970e-05 4.800900e-05 4.001700e-09 -2.413300e-06 1.700000e-12
3.000000e-02 3.000000e-02 1.200000e+00 -6.820310e-05 7.059900e-05 4.001700e-09 -2.399900e-06 1.700000e-12
4.000000e-02 4.000000e-02 1.200000e+00 -9.026870e-05 9.265150e-05 4.001800e-09 -2.386800e-06 1.800000e-12
5.000000e-02 5.000000e-02 1.200000e+00 -1.117964e-04 1.141665e-04 4.001800e-09 -2.374200e-06 9.820000e-11
6.000000e-02 6.000000e-02 1.200000e+00 -1.327862e-04 1.351440e-04 4.001800e-09 -2.361800e-06 1.800000e-12
7.000000e-02 7.000000e-02 1.200000e+00 -1.532384e-04 1.555841e-04 4.001800e-09 -2.349700e-06 1.800000e-12
8.000000e-02 8.000000e-02 1.200000e+00 -1.731529e-04 1.754867e-04 4.001800e-09 -2.337800e-06 1.800000e-12
9.000000e-02 9.000000e-02 1.200000e+00 -1.925299e-04 1.948519e-04 4.001800e-09 -2.326000e-06 1.800000e-12
1.000000e-01 1.000000e-01 1.200000e+00 -2.113695e-04 2.136798e-04 4.001800e-09 -2.314300e-06 1.800000e-12
1.100000e-01 1.100000e-01 1.200000e+00 -2.296717e-04 2.319706e-04 4.001800e-09 -2.302800e-06 1.018000e-10
1.200000e-01 1.200000e-01 1.200000e+00 -2.474369e-04 2.497243e-04 4.001900e-09 -2.291400e-06 1.900000e-12
1.300000e-01 1.300000e-01 1.200000e+00 -2.646651e-04 2.669412e-04 4.001900e-09 -2.280100e-06 1.900000e-12
1.400000e-01 1.400000e-01 1.200000e+00 -2.813566e-04 2.836215e-04 4.001900e-09 -2.268900e-06 1.900000e-12
1.500000e-01 1.500000e-01 1.200000e+00 -2.975115e-04 2.997653e-04 4.001900e-09 -2.257800e-06 1.900000e-12
1.600000e-01 1.600000e-01 1.200000e+00 -3.131302e-04 3.153730e-04 4.001900e-09 -2.246700e-06 1.019000e-10
1.700000e-01 1.700000e-01 1.200000e+00 -3.282131e-04 3.304448e-04 4.001900e-09 -2.235800e-06 9.810000e-11
1.800000e-01 1.800000e-01 1.200000e+00 -3.427603e-04 3.449812e-04 4.001900e-09 -2.224900e-06 1.900000e-12
1.900000e-01 1.900000e-01 1.200000e+00 -3.567725e-04 3.589826e-04 4.001900e-09 -2.214100e-06 1.900000e-12
2.000000e-01 2.000000e-01 1.200000e+00 -3.702502e-04 3.724495e-04 4.001900e-09 -2.203400e-06 9.810000e-11
2.100000e-01 2.100000e-01 1.200000e+00 -3.831939e-04 3.853826e-04 4.002000e-09 -2.192700e-06 2.000000e-12
2.200000e-01 2.200000e-01 1.200000e+00 -3.956044e-04 3.977826e-04 4.002000e-09 -2.182100e-06 1.020000e-10
2.300000e-01 2.300000e-01 1.200000e+00 -4.074827e-04 4.096503e-04 4.002000e-09 -2.171600e-06 2.000000e-12
2.400000e-01 2.400000e-01 1.200000e+00 -4.188297e-04 4.209869e-04 4.002000e-09 -2.161200e-06 2.000000e-12
2.500000e-01 2.500000e-01 1.200000e+00 -4.296468e-04 4.317937e-04 4.002000e-09 -2.150900e-06 2.000000e-12
2.600000e-01 2.600000e-01 1.200000e+00 -4.399355e-04 4.420720e-04 4.002000e-09 -2.140600e-06 9.800000e-11
2.700000e-01 2.700000e-01 1.200000e+00 -4.496976e-04 4.518239e-04 4.002000e-09 -2.130400e-06 9.800000e-11
2.800000e-01 2.800000e-01 1.200000e+00 -4.589354e-04 4.610516e-04 4.002000e-09 -2.120200e-06 2.000000e-12
2.900000e-01 2.900000e-01 1.200000e+00 -4.676517e-04 4.697578e-04 4.002000e-09 -2.110100e-06 2.000000e-12
3.000000e-01 3.000000e-01 1.200000e+00 -4.758497e-04 4.779458e-04 4.002100e-09 -2.100100e-06 2.100000e-12
3.100000e-01 3.100000e-01 1.200000e+00 -4.835336e-04 4.856198e-04 4.002100e-09 -2.090200e-06 2.100000e-12
3.200000e-01 3.200000e-01 1.200000e+00 -4.907084e-04 4.927847e-04 4.002100e-09 -2.080300e-06 2.100000e-12
3.300000e-01 3.300000e-01 1.200000e+00 -4.973801e-04 4.994465e-04 4.002100e-09 -2.070500e-06 9.790000e-11
3.400000e-01 3.400000e-01 1.200000e+00 -5.035560e-04 5.056127e-04 4.002100e-09 -2.060700e-06 2.100000e-12
3.500000e-01 3.500000e-01 1.200000e+00 -5.092452e-04 5.112923e-04 4.002100e-09 -2.051000e-06 1.021000e-10
3.600000e-01 3.600000e-01 1.200000e+00 -5.144585e-04 5.164959e-04 4.002100e-09 -2.041400e-06 2.100000e-12
3.700000e-01 3.700000e-01 1.200000e+00 -5.192087e-04 5.212366e-04 4.002100e-09 -2.031800e-06 1.021000e-10
3.800000e-01 3.800000e-01 1.200000e+00 -5.235113e-04 5.255297e-04 4.002100e-09 -2.022300e-06 1.021000e-10
3.900000e-01 3.900000e-01 1.200000e+00 -5.273842e-04 5.293931e-04 4.002200e-09 -2.012900e-06 2.200000e-12
4.000000e-01 4.000000e-01 1.200000e+00 -5.308481e-04 5.328476e-04 4.002200e-09 -2.003500e-06 2.200000e-12
4.100000e-01 4.100000e-01 1.200000e+00 -5.339264e-04 5.359166e-04 4.002200e-09 -1.994200e-06 2.200000e-12
4.200000e-01 4.200000e-01 1.200000e+00 -5.366450e-04 5.386260e-04 4.002200e-09 -1.985000e-06 2.200000e-12
4.300000e-01 4.300000e-01 1.200000e+00 -5.390319e-04 5.410036e-04 4.002200e-09 -1.975800e-06 9.780000e-11
4.400000e-01 4.400000e-01 1.200000e+00 -5.411165e-04 5.430791e-04 4.002200e-09 -1.966600e-06 2.200000e-12
4.500000e-01 4.500000e-01 1.200000e+00 -5.429289e-04 5.448824e-04 4.002200e-09 -1.957600e-06 9.780000e-11
4.600000e-01 4.600000e-01 1.200000e+00 -5.444992e-04 5.464437e-04 4.002200e-09 -1.948500e-06 2.200000e-12
4.700000e-01 4.700000e-01 1.200000e+00 -5.458564e-04 5.477920e-04 4.002200e-09 -1.939600e-06 2.200000e-12
4.800000e-01 4.800000e-01 1.200000e+00 -5.470280e-04 5.489547e-04 4.002300e-09 -1.930700e-06 2.300000e-12
4.900000e-01 4.900000e-01 1.200000e+00 -5.480393e-04 5.499572e-04 4.002300e-09 -1.921800e-06 1.023000e-10
5.000000e-01 5.000000e-01 1.200000e+00 -5.489131e-04 5.508222e-04 4.002300e-09 -1.913000e-06 1.023000e-10
5.100000e-01 5.100000e-01 1.200000e+00 -5.496697e-04 5.515700e-04 4.002300e-09 -1.904300e-06 2.300000e-12
5.200000e-01 5.200000e-01 1.200000e+00 -5.503265e-04 5.522182e-04 4.002300e-09 -1.895600e-06 1.023000e-10
5.300000e-01 5.300000e-01 1.200000e+00 -5.508989e-04 5.527819e-04 4.002300e-09 -1.887000e-06 2.300000e-12
5.400000e-01 5.400000e-01 1.200000e+00 -5.513998e-04 5.532742e-04 4.002300e-09 -1.878400e-06 2.300000e-12
5.500000e-01 5.500000e-01 1.200000e+00 -5.518400e-04 5.537059e-04 4.002300e-09 -1.869900e-06 2.300000e-12
5.600000e-01 5.600000e-01 1.200000e+00 -5.522289e-04 5.540863e-04 4.002300e-09 -1.861500e-06 9.770000e-11
5.700000e-01 5.700000e-01 1.200000e+00 -5.525741e-04 5.544232e-04 4.002400e-09 -1.853100e-06 2.400000e-12
5.800000e-01 5.800000e-01 1.200000e+00 -5.528822e-04 5.547229e-04 4.002400e-09 -1.844700e-06 2.400000e-12
5.900000e-01 5.900000e-01 1.200000e+00 -5.531586e-04 5.549910e-04 4.002400e-09 -1.836400e-06 2.400000e-12
6.000000e-01 6.000000e-01 1.200000e+00 -5.534077e-04 5.552319e-04 4.002400e-09 -1.828200e-06 2.400000e-12
6.100000e-01 6.100000e-01 1.200000e+00 -5.536336e-04 5.554495e-04 4.002400e-09 -1.820000e-06 9.760000e-11
6.200000e-01 6.200000e-01 1.200000e+00 -5.538392e-04 5.556470e-04 4.002400e-09 -1.811800e-06 2.400000e-12
6.300000e-01 6.300000e-01 1.200000e+00 -5.540274e-04 5.558271e-04 4.002400e-09 -1.803700e-06 2.400000e-12
6.400000e-01 6.400000e-01 1.200000e+00 -5.542004e-04 5.559921e-04 4.002400e-09 -1.795700e-06 2.400000e-12
6.500000e-01 6.500000e-01 1.200000e+00 -5.543601e-04 5.561439e-04 4.002500e-09 -1.787700e-06 1.025000e-10
6.600000e-01 6.600000e-01 1.200000e+00 -5.545083e-04 5.562841e-04 4.002500e-09 -1.779800e-06 2.500000e-12
6.700000e-01 6.700000e-01 1.200000e+00 -5.546463e-04 5.564141e-04 4.002500e-09 -1.771900e-06 9.750000e-11
6.800000e-01 6.800000e-01 1.200000e+00 -5.547752e-04 5.565353e-04 4.002500e-09 -1.764100e-06 2.500000e-12
6.900000e-01 6.900000e-01 1.200000e+00 -5.548962e-04 5.566484e-04 4.002500e-09 -1.756300e-06 9.750000e-11
7.000000e-01 7.000000e-01 1.200000e+00 -5.550101e-04 5.567546e-04 4.002500e-09 -1.748500e-06 2.500000e-12
7.100000e-01 7.100000e-01 1.200000e+00 -5.551177e-04 5.568545e-04 4.002500e-09 -1.740800e-06 2.500000e-12
7.200000e-01 7.200000e-01 1.200000e+00 -5.552196e-04 5.569488e-04 4.002500e-09 -1.733200e-06 2.500000e-12
7.300000e-01 7.300000e-01 1.200000e+00 -5.553165e-04 5.570381e-04 4.002500e-09 -1.725600e-06 2.500000e-12
7.400000e-01 7.400000e-01 1.200000e+00 -5.554089e-04 5.571229e-04 4.002600e-09 -1.718000e-06 2.600000e-12
7.500000e-01 7.500000e-01 1.200000e+00 -5.554971e-04 5.572036e-04 4.002600e-09 -1.710500e-06 2.600000e-12
7.600000e-01 7.600000e-01 1.200000e+00 -5.555816e-04 5.572807e-04 4.002600e-09 -1.703100e-06 2.600000e-12
7.700000e-01 7.700000e-01 1.200000e+00 -5.556627e-04 5.573544e-04 4.002600e-09 -1.695700e-06 2.600000e-12
7.800000e-01 7.800000e-01 1.200000e+00 -5.557408e-04 5.574251e-04 4.002600e-09 -1.688300e-06 2.600000e-12
7.900000e-01 7.900000e-01 1.200000e+00 -5.558161e-04 5.574931e-04 4.002600e-09 -1.681000e-06 2.600000e-12
8.000000e-01 8.000000e-01 1.200000e+00 -5.558888e-04 5.575586e-04 4.002600e-09 -1.673700e-06 1.026000e-10
8.100000e-01 8.100000e-01 1.200000e+00 -5.559592e-04 5.576217e-04 4.002600e-09 -1.666500e-06 2.600000e-12
8.200000e-01 8.200000e-01 1.200000e+00 -5.560275e-04 5.576828e-04 4.002600e-09 -1.659300e-06 2.600000e-12
8.300000e-01 8.300000e-01 1.200000e+00 -5.560938e-04 5.577420e-04 4.002700e-09 -1.652200e-06 2.700000e-12
8.400000e-01 8.400000e-01 1.200000e+00 -5.561583e-04 5.577994e-04 4.002700e-09 -1.645100e-06 2.700000e-12
8.500000e-01 8.500000e-01 1.200000e+00 -5.562211e-04 5.578552e-04 4.002700e-09 -1.638000e-06 1.027000e-10
8.600000e-01 8.600000e-01 1.200000e+00 -5.562824e-04 5.579094e-04 4.002700e-09 -1.631000e-06 2.700000e-12
8.700000e-01 8.700000e-01 1.200000e+00 -5.563423e-04 5.579624e-04 4.002700e-09 -1.624100e-06 2.700000e-12
8.800000e-01 8.800000e-01 1.200000e+00 -5.564009e-04 5.580140e-04 4.002700e-09 -1.617100e-06 2.700000e-12
8.900000e-01 8.900000e-01 1.200000e+00 -5.564583e-04 5.580645e-04 4.002700e-09 -1.610300e-06 9.730000e-11
9.000000e-01 9.000000e-01 1.200000e+00 -5.565145e-04 5.581139e-04 4.002700e-09 -1.603400e-06 2.700000e-12
9.100000e-01 9.100000e-01 1.200000e+00 -5.565698e-04 5.581624e-04 4.002800e-09 -1.596600e-06 2.800000e-12
9.200000e-01 9.200000e-01 1.200000e+00 -5.566241e-04 5.582099e-04 4.002800e-09 -1.589900e-06 9.720000e-11
9.300000e-01 9.300000e-01 1.200000e+00 -5.566775e-04 5.582566e-04 4.002800e-09 -1.583200e-06 9.720000e-11
9.400000e-01 9.400000e-01 1.200000e+00 -5.567301e-04 5.583026e-04 4.002800e-09 -1.576500e-06 2.800000e-12
9.500000e-01 9.500000e-01 1.200000e+00 -5.567820e-04 5.583479e-04 4.002800e-09 -1.569900e-06 2.800000e-12
9.600000e-01 9.600000e-01 1.200000e+00 -5.568333e-04 5.583925e-04 4.002800e-09 -1.563300e-06 9.720000e-11
9.700000e-01 9.700000e-01 1.200000e+00 -5.568839e-04 5.584366e-04 4.002800e-09 -1.556700e-06 2.800000e-12
9.800000e-01 9.800000e-01 1.200000e+00 -5.569340e-04 5.584802e-04 4.002800e-09 -1.550200e-06 2.800000e-12
9.900000e-01 9.900000e-01 1.200000e+00 -5.569836e-04 5.585233e-04 4.002800e-09 -1.543700e-06 2.800000e-12
1.000000e+00 1.000000e+00 1.200000e+00 -5.570327e-04 5.585660e-04 4.002900e-09 -1.537300e-06 2.900000e-12
1.010000e+00 1.010000e+00 1.200000e+00 -5.570815e-04 5.586084e-04 4.002900e-09 -1.530900e-06 2.900000e-12
1.020000e+00 1.020000e+00 1.200000e+00 -5.571299e-04 5.586505e-04 4.002900e-09 -1.524600e-06 2.900000e-12
1.030000e+00 1.030000e+00 1.200000e+00 -5.571780e-04 5.586923e-04 4.002900e-09 -1.518300e-06 2.900000e-12
1.040000e+00 1.040000e+00 1.200000e+00 -5.572259e-04 5.587339e-04 4.002900e-09 -1.512000e-06 2.900000e-12
1.050000e+00 1.050000e+00 1.200000e+00 -5.572736e-04 5.587754e-04 4.002900e-09 -1.505700e-06 1.029000e-10
1.060000e+00 1.060000e+00 1.200000e+00 -5.573212e-04 5.588167e-04 4.002900e-09 -1.499500e-06 2.900000e-12
1.070000e+00 1.070000e+00 1.200000e+00 -5.573687e-04 5.588580e-04 4.002900e-09 -1.493400e-06 9.710000e-11
1.080000e+00 1.080000e+00 1.200000e+00 -5.574161e-04 5.588993e-04 4.002900e-09 -1.487300e-06 9.710000e-11
1.090000e+00 1.090000e+00 1.200000e+00 -5.574634e-04 5.589406e-04 4.003000e-09 -1.481200e-06 3.000000e-12
1.100000e+00 1.100000e+00 1.200000e+00 -5.575108e-04 5.589819e-04 4.003000e-09 -1.475100e-06 3.000000e-12
1.110000e+00 1.110000e+00 1.200000e+00 -5.575583e-04 5.590234e-04 4.003000e-09 -1.469100e-06 3.000000e-12
1.120000e+00 1.120000e+00 1.200000e+00 -5.576059e-04 5.590650e-04 4.003000e-09 -1.463100e-06 3.000000e-12
1.130000e+00 1.130000e+00 1.200000e+00 -5.576536e-04 5.591067e-04 4.003000e-09 -1.457200e-06 9.700000e-11
1.140000e+00 1.140000e+00 1.200000e+00 -5.577015e-04 5.591487e-04 4.003000e-09 -1.451300e-06 9.700000e-11
1.150000e+00 1.150000e+00 1.200000e+00 -5.577496e-04 5.591910e-04 4.003000e-09 -1.445400e-06 3.000000e-12
1.160000e+00 1.160000e+00 1.200000e+00 -5.577980e-04 5.592335e-04 4.003000e-09 -1.439500e-06 3.000000e-12
1.170000e+00 1.170000e+00 1.200000e+00 -5.578466e-04 5.592764e-04 4.003000e-09 -1.433700e-06 1.030000e-10
1.180000e+00 1.180000e+00 1.200000e+00 -5.578957e-04 5.593196e-04 4.003100e-09 -1.428000e-06 9.690000e-11
1.190000e+00 1.190000e+00 1.200000e+00 -5.579451e-04 5.593633e-04 4.003100e-09 -1.422200e-06 3.100000e-12
1.200000e+00 1.200000e+00 1.200000e+00 -5.579949e-04 5.594074e-04 4.003100e-09 -1.416500e-06 3.100000e-12