v-sweep v(drain_iv) v(gate_iv) id is ib ig kcl
0.000000e+00 0.000000e+00 0.000000e+00 0.000000e+00 0.000000e+00 0.000000e+00 0.000000e+00 0.000000e+00
-1.000000e-02 -1.000000e-02 0.000000e+00 1.000000e-14 -5.505100e-25 -1.000000e-14 0.000000e+00 5.505097e-25
-2.000000e-02 -2.000000e-02 0.000000e+00 2.000000e-14 -9.064400e-25 -2.000000e-14 0.000000e+00 9.064390e-25
-3.000000e-02 -3.000000e-02 0.000000e+00 3.000000e-14 -1.117300e-24 -3.000000e-14 0.000000e+00 1.117298e-24
-4.000000e-02 -4.000000e-02 0.000000e+00 4.000000e-14 -1.236100e-24 -4.000000e-14 0.000000e+00 1.236101e-24
-5.000000e-02 -5.000000e-02 0.000000e+00 5.000000e-14 -1.303600e-24 -5.000000e-14 0.000000e+00 1.303602e-24
-6.000000e-02 -6.000000e-02 0.000000e+00 6.000000e-14 -1.344500e-24 -6.000000e-14 0.000000e+00 1.344497e-24
-7.000000e-02 -7.000000e-02 0.000000e+00 7.000000e-14 -1.371300e-24 -7.000000e-14 0.000000e+00 1.371305e-24
-8.000000e-02 -8.000000e-02 0.000000e+00 8.000000e-14 -1.390700e-24 -8.000000e-14 0.000000e+00 1.390705e-24
-9.000000e-02 -9.000000e-02 0.000000e+00 9.000000e-14 -1.405700e-24 -9.000000e-14 0.000000e+00 1.405700e-24
-1.000000e-01 -1.000000e-01 0.000000e+00 1.000000e-13 -1.418100e-24 -1.000000e-13 0.000000e+00 1.418094e-24
-1.100000e-01 -1.100000e-01 0.000000e+00 1.100000e-13 -1.429000e-24 -1.100000e-13 0.000000e+00 1.428999e-24
-1.200000e-01 -1.200000e-01 0.000000e+00 1.200000e-13 -1.438700e-24 -1.200000e-13 0.000000e+00 1.438706e-24
-1.300000e-01 -1.300000e-01 0.000000e+00 1.300000e-13 -1.447800e-24 -1.300000e-13 0.000000e+00 1.447793e-24
-1.400000e-01 -1.400000e-01 0.000000e+00 1.400000e-13 -1.456300e-24 -1.400000e-13 0.000000e+00 1.456300e-24
-1.500000e-01 -1.500000e-01 0.000000e+00 1.500000e-13 -1.464500e-24 -1.500000e-13 0.000000e+00 1.464504e-24
-1.600000e-01 -1.600000e-01 0.000000e+00 1.600000e-13 -1.472500e-24 -1.600000e-13 0.000000e+00 1.472507e-24
-1.700000e-01 -1.700000e-01 0.000000e+00 1.700000e-13 -1.480200e-24 -1.700000e-13 0.000000e+00 1.480206e-24
-1.800000e-01 -1.800000e-01 0.000000e+00 1.800000e-13 -1.487800e-24 -1.800000e-13 0.000000e+00 1.487804e-24
-1.900000e-01 -1.900000e-01 0.000000e+00 1.900000e-13 -1.495300e-24 -1.900000e-13 0.000000e+00 1.495302e-24
-2.000000e-01 -2.000000e-01 0.000000e+00 2.000000e-13 -1.502700e-24 -2.000000e-13 0.000000e+00 1.502698e-24
-2.100000e-01 -2.100000e-01 0.000000e+00 2.100000e-13 -1.510000e-24 -2.100000e-13 0.000000e+00 1.509993e-24
-2.200000e-01 -2.200000e-01 0.000000e+00 2.200000e-13 -1.517200e-24 -2.200000e-13 0.000000e+00 1.517188e-24
-2.300000e-01 -2.300000e-01 0.000000e+00 2.300000e-13 -1.524400e-24 -2.300000e-13 0.000000e+00 1.524407e-24
-2.400000e-01 -2.400000e-01 0.000000e+00 2.400000e-13 -1.531600e-24 -2.400000e-13 0.000000e+00 1.531577e-24
-2.500000e-01 -2.500000e-01 0.000000e+00 2.500000e-13 -1.538700e-24 -2.500000e-13 0.000000e+00 1.538695e-24
-2.600000e-01 -2.600000e-01 0.000000e+00 2.600000e-13 -1.545800e-24 -2.600000e-13 0.000000e+00 1.545814e-24
-2.700000e-01 -2.700000e-01 0.000000e+00 2.700000e-13 -1.552900e-24 -2.700000e-13 0.000000e+00 1.552882e-24
-2.800000e-01 -2.800000e-01 0.000000e+00 2.800000e-13 -1.560000e-24 -2.800000e-13 0.000000e+00 1.560001e-24
-2.900000e-01 -2.900000e-01 0.000000e+00 2.900000e-13 -1.567000e-24 -2.900000e-13 0.000000e+00 1.567019e-24
-3.000000e-01 -3.000000e-01 0.000000e+00 3.000000e-13 -1.574100e-24 -3.000000e-13 0.000000e+00 1.574087e-24
-3.100000e-01 -3.100000e-01 0.000000e+00 3.100000e-13 -1.581100e-24 -3.100000e-13 0.000000e+00 1.581104e-24
-3.200000e-01 -3.200000e-01 0.000000e+00 3.200000e-13 -1.588100e-24 -3.200000e-13 0.000000e+00 1.588122e-24
-3.300000e-01 -3.300000e-01 0.000000e+00 3.300000e-13 -1.595100e-24 -3.300000e-13 0.000000e+00 1.595089e-24
-3.400000e-01 -3.400000e-01 0.000000e+00 3.400000e-13 -1.602100e-24 -3.400000e-13 0.000000e+00 1.602107e-24
-3.500000e-01 -3.500000e-01 0.000000e+00 3.500000e-13 -1.609100e-24 -3.500000e-13 0.000000e+00 1.609125e-24
-3.600000e-01 -3.600000e-01 0.000000e+00 3.600000e-13 -1.616000e-24 -3.600000e-13 0.000000e+00 1.615991e-24
-3.700000e-01 -3.700000e-01 0.000000e+00 3.700000e-13 -1.623000e-24 -3.700000e-13 0.000000e+00 1.623009e-24
-3.800000e-01 -3.800000e-01 0.000000e+00 3.800000e-13 -1.630000e-24 -3.800000e-13 0.000000e+00 1.629976e-24
-3.900000e-01 -3.900000e-01 0.000000e+00 3.900000e-13 -1.636900e-24 -3.900000e-13 0.000000e+00 1.636893e-24
-4.000000e-01 -4.000000e-01 0.000000e+00 4.000000e-13 -1.643900e-24 -4.000000e-13 0.000000e+00 1.643910e-24
-4.100000e-01 -4.100000e-01 0.000000e+00 4.100000e-13 -1.650900e-24 -4.100000e-13 0.000000e+00 1.650878e-24
-4.200000e-01 -4.200000e-01 0.000000e+00 4.200000e-13 -1.657800e-24 -4.200000e-13 0.000000e+00 1.657794e-24
-4.300000e-01 -4.300000e-01 0.000000e+00 4.300000e-13 -1.664800e-24 -4.300000e-13 0.000000e+00 1.664812e-24
-4.400000e-01 -4.400000e-01 0.000000e+00 4.400000e-13 -1.671700e-24 -4.400000e-13 0.000000e+00 1.671678e-24
-4.500000e-01 -4.500000e-01 0.000000e+00 4.500000e-13 -1.678700e-24 -4.500000e-13 0.000000e+00 1.678696e-24
-4.600000e-01 -4.600000e-01 0.000000e+00 4.600000e-13 -1.685600e-24 -4.600000e-13 0.000000e+00 1.685562e-24
-4.700000e-01 -4.700000e-01 0.000000e+00 4.700000e-13 -1.692500e-24 -4.700000e-13 0.000000e+00 1.692529e-24
-4.800000e-01 -4.800000e-01 0.000000e+00 4.800000e-13 -1.699500e-24 -4.800000e-13 0.000000e+00 1.699497e-24
-4.900000e-01 -4.900000e-01 0.000000e+00 4.900000e-13 -1.706400e-24 -4.900000e-13 0.000000e+00 1.706363e-24
-5.000000e-01 -5.000000e-01 0.000000e+00 5.000000e-13 -1.713400e-24 -5.000000e-13 0.000000e+00 1.713431e-24
-5.100000e-01 -5.100000e-01 0.000000e+00 5.100000e-13 -1.720300e-24 -5.100000e-13 0.000000e+00 1.720297e-24
-5.200000e-01 -5.200000e-01 0.000000e+00 5.200000e-13 -1.727200e-24 -5.200000e-13 0.000000e+00 1.727164e-24
-5.300000e-01 -5.300000e-01 0.000000e+00 5.300000e-13 -1.734200e-24 -5.300000e-13 0.000000e+00 1.734232e-24
-5.400000e-01 -5.400000e-01 0.000000e+00 5.400000e-13 -1.741100e-24 -5.400000e-13 0.000000e+00 1.741098e-24
-5.500000e-01 -5.500000e-01 0.000000e+00 5.500000e-13 -1.748000e-24 -5.500000e-13 0.000000e+00 1.747964e-24
-5.600000e-01 -5.600000e-01 0.000000e+00 5.600000e-13 -1.755000e-24 -5.600000e-13 0.000000e+00 1.755032e-24
-5.700000e-01 -5.700000e-01 0.000000e+00 5.700000e-13 -1.761900e-24 -5.700000e-13 0.000000e+00 1.761899e-24
-5.800000e-01 -5.800000e-01 0.000000e+00 5.800000e-13 -1.768800e-24 -5.800000e-13 0.000000e+00 1.768765e-24
-5.900000e-01 -5.900000e-01 0.000000e+00 5.900000e-13 -1.775800e-24 -5.900000e-13 0.000000e+00 1.775833e-24
-6.000000e-01 -6.000000e-01 0.000000e+00 6.000000e-13 -1.782700e-24 -6.000000e-13 0.000000e+00 1.782699e-24
-6.100000e-01 -6.100000e-01 0.000000e+00 6.100000e-13 -1.789600e-24 -6.100000e-13 0.000000e+00 1.789566e-24
-6.200000e-01 -6.200000e-01 0.000000e+00 6.200000e-13 -1.796500e-24 -6.200000e-13 0.000000e+00 1.796533e-24
-6.300000e-01 -6.300000e-01 0.000000e+00 6.300000e-13 -1.803500e-24 -6.300000e-13 0.000000e+00 1.803500e-24
-6.400000e-01 -6.400000e-01 0.000000e+00 6.400000e-13 -1.810400e-24 -6.400000e-13 0.000000e+00 1.810366e-24
-6.500000e-01 -6.500000e-01 0.000000e+00 6.500000e-13 -1.817300e-24 -6.500000e-13 0.000000e+00 1.817334e-24
-6.600000e-01 -6.600000e-01 0.000000e+00 6.600000e-13 -1.824200e-24 -6.600000e-13 0.000000e+00 1.824200e-24
-6.700000e-01 -6.700000e-01 0.000000e+00 6.700000e-13 -1.831200e-24 -6.700000e-13 0.000000e+00 1.831167e-24
-6.800000e-01 -6.800000e-01 0.000000e+00 6.800000e-13 -1.838100e-24 -6.800000e-13 0.000000e+00 1.838134e-24
-6.900000e-01 -6.900000e-01 0.000000e+00 6.900000e-13 -1.845000e-24 -6.900000e-13 0.000000e+00 1.845001e-24
-7.000000e-01 -7.000000e-01 0.000000e+00 7.000000e-13 -1.851900e-24 -7.000000e-13 0.000000e+00 1.851867e-24
-7.100000e-01 -7.100000e-01 0.000000e+00 7.100000e-13 -1.858900e-24 -7.100000e-13 0.000000e+00 1.858935e-24
-7.200000e-01 -7.200000e-01 0.000000e+00 7.200000e-13 -1.865800e-24 -7.200000e-13 0.000000e+00 1.865801e-24
-7.300000e-01 -7.300000e-01 0.000000e+00 7.300000e-13 -1.872700e-24 -7.300000e-13 0.000000e+00 1.872667e-24
-7.400000e-01 -7.400000e-01 0.000000e+00 7.400000e-13 -1.879600e-24 -7.400000e-13 0.000000e+00 1.879635e-24
-7.500000e-01 -7.500000e-01 0.000000e+00 7.500000e-13 -1.886600e-24 -7.500000e-13 0.000000e+00 1.886602e-24
-7.600000e-01 -7.600000e-01 0.000000e+00 7.600000e-13 -1.893500e-24 -7.600000e-13 0.000000e+00 1.893468e-24
-7.700000e-01 -7.700000e-01 0.000000e+00 7.700000e-13 -1.900400e-24 -7.700000e-13 0.000000e+00 1.900435e-24
-7.800000e-01 -7.800000e-01 0.000000e+00 7.800000e-13 -1.907300e-24 -7.800000e-13 0.000000e+00 1.907302e-24
-7.900000e-01 -7.900000e-01 0.000000e+00 7.900000e-13 -1.914200e-24 -7.900000e-13 0.000000e+00 1.914168e-24
-8.000000e-01 -8.000000e-01 0.000000e+00 8.000000e-13 -1.921200e-24 -8.000000e-13 0.000000e+00 1.921236e-24
-8.100000e-01 -8.100000e-01 0.000000e+00 8.100000e-13 -1.928100e-24 -8.100000e-13 0.000000e+00 1.928102e-24
-8.200000e-01 -8.200000e-01 0.000000e+00 8.200000e-13 -1.935000e-24 -8.200000e-13 0.000000e+00 1.934969e-24
-8.300000e-01 -8.300000e-01 0.000000e+00 8.300000e-13 -1.941900e-24 -8.300000e-13 0.000000e+00 1.941936e-24
-8.400000e-01 -8.400000e-01 0.000000e+00 8.400000e-13 -1.948800e-24 -8.400000e-13 0.000000e+00 1.948802e-24
-8.500000e-01 -8.500000e-01 0.000000e+00 8.500000e-13 -1.955800e-24 -8.500000e-13 0.000000e+00 1.955769e-24
-8.600000e-01 -8.600000e-01 0.000000e+00 8.600000e-13 -1.962700e-24 -8.600000e-13 0.000000e+00 1.962736e-24
-8.700000e-01 -8.700000e-01 0.000000e+00 8.700000e-13 -1.969600e-24 -8.700000e-13 0.000000e+00 1.969603e-24
-8.800000e-01 -8.800000e-01 0.000000e+00 8.800000e-13 -1.976500e-24 -8.800000e-13 0.000000e+00 1.976469e-24
-8.900000e-01 -8.900000e-01 0.000000e+00 8.900000e-13 -1.983500e-24 -8.900000e-13 0.000000e+00 1.983537e-24
-9.000000e-01 -9.000000e-01 0.000000e+00 9.000000e-13 -1.990400e-24 -9.000000e-13 0.000000e+00 1.990403e-24
-9.100000e-01 -9.100000e-01 0.000000e+00 9.100000e-13 -1.997300e-24 -9.100000e-13 0.000000e+00 1.997270e-24
-9.200000e-01 -9.200000e-01 0.000000e+00 9.200000e-13 -2.004200e-24 -9.200000e-13 0.000000e+00 2.004136e-24
-9.300000e-01 -9.300000e-01 0.000000e+00 9.300000e-13 -2.011100e-24 -9.300000e-13 0.000000e+00 2.011002e-24
-9.400000e-01 -9.400000e-01 0.000000e+00 9.400000e-13 -2.018100e-24 -9.400000e-13 0.000000e+00 2.018070e-24
-9.500000e-01 -9.500000e-01 0.000000e+00 9.500000e-13 -2.025000e-24 -9.500000e-13 0.000000e+00 2.024937e-24
-9.600000e-01 -9.600000e-01 0.000000e+00 9.600000e-13 -2.031900e-24 -9.600000e-13 0.000000e+00 2.031803e-24
-9.700000e-01 -9.700000e-01 0.000000e+00 9.700000e-13 -2.038800e-24 -9.700000e-13 0.000000e+00 2.038871e-24
-9.800000e-01 -9.800000e-01 0.000000e+00 9.800000e-13 -2.045700e-24 -9.800000e-13 0.000000e+00 2.045737e-24
-9.900000e-01 -9.900000e-01 0.000000e+00 9.900000e-13 -2.052700e-24 -9.900000e-13 0.000000e+00 2.052603e-24
-1.000000e+00 -1.000000e+00 0.000000e+00 1.000000e-12 -2.059600e-24 -1.000000e-12 0.000000e+00 2.059672e-24
-1.010000e+00 -1.010000e+00 0.000000e+00 1.010000e-12 -2.066500e-24 -1.010000e-12 0.000000e+00 2.066538e-24
-1.020000e+00 -1.020000e+00 0.000000e+00 1.020000e-12 -2.073400e-24 -1.020000e-12 0.000000e+00 2.073404e-24
-1.030000e+00 -1.030000e+00 0.000000e+00 1.030000e-12 -2.080300e-24 -1.030000e-12 0.000000e+00 2.080270e-24
-1.040000e+00 -1.040000e+00 0.000000e+00 1.040000e-12 -2.087300e-24 -1.040000e-12 0.000000e+00 2.087339e-24
-1.050000e+00 -1.050000e+00 0.000000e+00 1.050000e-12 -2.094200e-24 -1.050000e-12 0.000000e+00 2.094205e-24
-1.060000e+00 -1.060000e+00 0.000000e+00 1.060000e-12 -2.101100e-24 -1.060000e-12 0.000000e+00 2.101071e-24
-1.070000e+00 -1.070000e+00 0.000000e+00 1.070000e-12 -2.108000e-24 -1.070000e-12 0.000000e+00 2.107937e-24
-1.080000e+00 -1.080000e+00 0.000000e+00 1.080000e-12 -2.114900e-24 -1.080000e-12 0.000000e+00 2.114804e-24
-1.090000e+00 -1.090000e+00 0.000000e+00 1.090000e-12 -2.121900e-24 -1.090000e-12 0.000000e+00 2.121872e-24
-1.100000e+00 -1.100000e+00 0.000000e+00 1.100000e-12 -2.128800e-24 -1.100000e-12 0.000000e+00 2.128738e-24
-1.110000e+00 -1.110000e+00 0.000000e+00 1.110000e-12 -2.135700e-24 -1.110000e-12 0.000000e+00 2.135604e-24
-1.120000e+00 -1.120000e+00 0.000000e+00 1.120000e-12 -2.142600e-24 -1.120000e-12 0.000000e+00 2.142672e-24
-1.130000e+00 -1.130000e+00 0.000000e+00 1.130000e-12 -2.149500e-24 -1.130000e-12 0.000000e+00 2.149539e-24
-1.140000e+00 -1.140000e+00 0.000000e+00 1.140000e-12 -2.156500e-24 -1.140000e-12 0.000000e+00 2.156405e-24
-1.150000e+00 -1.150000e+00 0.000000e+00 1.150000e-12 -2.163400e-24 -1.150000e-12 0.000000e+00 2.163473e-24
-1.160000e+00 -1.160000e+00 0.000000e+00 1.160000e-12 -2.170300e-24 -1.160000e-12 0.000000e+00 2.170339e-24
-1.170000e+00 -1.170000e+00 0.000000e+00 1.170000e-12 -2.177200e-24 -1.170000e-12 0.000000e+00 2.177206e-24
-1.180000e+00 -1.180000e+00 0.000000e+00 1.180000e-12 -2.184200e-24 -1.180000e-12 0.000000e+00 2.184274e-24
-1.190000e+00 -1.190000e+00 0.000000e+00 1.190000e-12 -2.191100e-24 -1.190000e-12 0.000000e+00 2.191140e-24
-1.200000e+00 -1.200000e+00 0.000000e+00 1.200000e-12 -2.198000e-24 -1.200000e-12 0.000000e+00 2.198006e-24
0.000000e+00 0.000000e+00 -2.000000e-01 0.000000e+00 0.000000e+00 0.000000e+00 0.000000e+00 0.000000e+00
-1.000000e-02 -1.000000e-02 -2.000000e-01 1.000000e-14 -2.214000e-21 -1.000000e-14 0.000000e+00 2.214000e-21
-2.000000e-02 -2.000000e-02 -2.000000e-01 2.000000e-14 -3.645500e-21 -2.000000e-14 0.000000e+00 3.645500e-21
-3.000000e-02 -3.000000e-02 -2.000000e-01 3.000000e-14 -4.493600e-21 -3.000000e-14 0.000000e+00 4.493600e-21
-4.000000e-02 -4.000000e-02 -2.000000e-01 4.000000e-14 -4.971200e-21 -4.000000e-14 0.000000e+00 4.971200e-21
-5.000000e-02 -5.000000e-02 -2.000000e-01 5.000000e-14 -5.242900e-21 -5.000000e-14 0.000000e+00 5.242900e-21
-6.000000e-02 -6.000000e-02 -2.000000e-01 6.000000e-14 -5.407100e-21 -6.000000e-14 0.000000e+00 5.407100e-21
-7.000000e-02 -7.000000e-02 -2.000000e-01 7.000000e-14 -5.515200e-21 -7.000000e-14 0.000000e+00 5.515200e-21
-8.000000e-02 -8.000000e-02 -2.000000e-01 8.000000e-14 -5.593000e-21 -8.000000e-14 0.000000e+00 5.593000e-21
-9.000000e-02 -9.000000e-02 -2.000000e-01 9.000000e-14 -5.653400e-21 -9.000000e-14 0.000000e+00 5.653400e-21
-1.000000e-01 -1.000000e-01 -2.000000e-01 1.000000e-13 -5.703400e-21 -1.000000e-13 0.000000e+00 5.703400e-21
-1.100000e-01 -1.100000e-01 -2.000000e-01 1.100000e-13 -5.746900e-21 -1.100000e-13 0.000000e+00 5.746900e-21
-1.200000e-01 -1.200000e-01 -2.000000e-01 1.200000e-13 -5.786200e-21 -1.200000e-13 0.000000e+00 5.786200e-21
-1.300000e-01 -1.300000e-01 -2.000000e-01 1.300000e-13 -5.822700e-21 -1.300000e-13 0.000000e+00 5.822700e-21
-1.400000e-01 -1.400000e-01 -2.000000e-01 1.400000e-13 -5.857100e-21 -1.400000e-13 0.000000e+00 5.857100e-21
-1.500000e-01 -1.500000e-01 -2.000000e-01 1.500000e-13 -5.890100e-21 -1.500000e-13 0.000000e+00 5.890100e-21
-1.600000e-01 -1.600000e-01 -2.000000e-01 1.600000e-13 -5.922000e-21 -1.600000e-13 0.000000e+00 5.922000e-21
-1.700000e-01 -1.700000e-01 -2.000000e-01 1.700000e-13 -5.953100e-21 -1.700000e-13 0.000000e+00 5.953100e-21
-1.800000e-01 -1.800000e-01 -2.000000e-01 1.800000e-13 -5.983600e-21 -1.800000e-13 0.000000e+00 5.983600e-21
-1.900000e-01 -1.900000e-01 -2.000000e-01 1.900000e-13 -6.013700e-21 -1.900000e-13 0.000000e+00 6.013700e-21
-2.000000e-01 -2.000000e-01 -2.000000e-01 2.000000e-13 -6.043400e-21 -2.000000e-13 0.000000e+00 6.043400e-21
-2.100000e-01 -2.100000e-01 -2.000000e-01 2.100000e-13 -6.072800e-21 -2.100000e-13 0.000000e+00 6.072800e-21
-2.200000e-01 -2.200000e-01 -2.000000e-01 2.200000e-13 -6.101900e-21 -2.200000e-13 0.000000e+00 6.101900e-21
-2.300000e-01 -2.300000e-01 -2.000000e-01 2.300000e-13 -6.130900e-21 -2.300000e-13 0.000000e+00 6.130900e-21
-2.400000e-01 -2.400000e-01 -2.000000e-01 2.400000e-13 -6.159700e-21 -2.400000e-13 0.000000e+00 6.159700e-21
-2.500000e-01 -2.500000e-01 -2.000000e-01 2.500000e-13 -6.188400e-21 -2.500000e-13 0.000000e+00 6.188400e-21
-2.600000e-01 -2.600000e-01 -2.000000e-01 2.600000e-13 -6.217000e-21 -2.600000e-13 0.000000e+00 6.217000e-21
-2.700000e-01 -2.700000e-01 -2.000000e-01 2.700000e-13 -6.245500e-21 -2.700000e-13 0.000000e+00 6.245500e-21
-2.800000e-01 -2.800000e-01 -2.000000e-01 2.800000e-13 -6.273900e-21 -2.800000e-13 0.000000e+00 6.273900e-21
-2.900000e-01 -2.900000e-01 -2.000000e-01 2.900000e-13 -6.302200e-21 -2.900000e-13 0.000000e+00 6.302200e-21
-3.000000e-01 -3.000000e-01 -2.000000e-01 3.000000e-13 -6.330500e-21 -3.000000e-13 0.000000e+00 6.330500e-21
-3.100000e-01 -3.100000e-01 -2.000000e-01 3.100000e-13 -6.358700e-21 -3.100000e-13 0.000000e+00 6.358700e-21
-3.200000e-01 -3.200000e-01 -2.000000e-01 3.200000e-13 -6.386900e-21 -3.200000e-13 0.000000e+00 6.386900e-21
-3.300000e-01 -3.300000e-01 -2.000000e-01 3.300000e-13 -6.415000e-21 -3.300000e-13 0.000000e+00 6.415000e-21
-3.400000e-01 -3.400000e-01 -2.000000e-01 3.400000e-13 -6.443200e-21 -3.400000e-13 0.000000e+00 6.443200e-21
-3.500000e-01 -3.500000e-01 -2.000000e-01 3.500000e-13 -6.471300e-21 -3.500000e-13 0.000000e+00 6.471300e-21
-3.600000e-01 -3.600000e-01 -2.000000e-01 3.600000e-13 -6.499300e-21 -3.600000e-13 0.000000e+00 6.499300e-21
-3.700000e-01 -3.700000e-01 -2.000000e-01 3.700000e-13 -6.527400e-21 -3.700000e-13 0.000000e+00 6.527400e-21
-3.800000e-01 -3.800000e-01 -2.000000e-01 3.800000e-13 -6.555400e-21 -3.800000e-13 0.000000e+00 6.555400e-21
-3.900000e-01 -3.900000e-01 -2.000000e-01 3.900000e-13 -6.583400e-21 -3.900000e-13 0.000000e+00 6.583400e-21
-4.000000e-01 -4.000000e-01 -2.000000e-01 4.000000e-13 -6.611400e-21 -4.000000e-13 0.000000e+00 6.611400e-21
-4.100000e-01 -4.100000e-01 -2.000000e-01 4.100000e-13 -6.639400e-21 -4.100000e-13 0.000000e+00 6.639400e-21
-4.200000e-01 -4.200000e-01 -2.000000e-01 4.200000e-13 -6.667300e-21 -4.200000e-13 0.000000e+00 6.667300e-21
-4.300000e-01 -4.300000e-01 -2.000000e-01 4.300000e-13 -6.695300e-21 -4.300000e-13 0.000000e+00 6.695300e-21
-4.400000e-01 -4.400000e-01 -2.000000e-01 4.400000e-13 -6.723200e-21 -4.400000e-13 0.000000e+00 6.723200e-21
-4.500000e-01 -4.500000e-01 -2.000000e-01 4.500000e-13 -6.751200e-21 -4.500000e-13 0.000000e+00 6.751200e-21
-4.600000e-01 -4.600000e-01 -2.000000e-01 4.600000e-13 -6.779100e-21 -4.600000e-13 0.000000e+00 6.779100e-21
-4.700000e-01 -4.700000e-01 -2.000000e-01 4.700000e-13 -6.807000e-21 -4.700000e-13 0.000000e+00 6.807000e-21
-4.800000e-01 -4.800000e-01 -2.000000e-01 4.800000e-13 -6.834900e-21 -4.800000e-13 0.000000e+00 6.834900e-21
-4.900000e-01 -4.900000e-01 -2.000000e-01 4.900000e-13 -6.862800e-21 -4.900000e-13 0.000000e+00 6.862800e-21
-5.000000e-01 -5.000000e-01 -2.000000e-01 5.000000e-13 -6.890700e-21 -5.000000e-13 0.000000e+00 6.890700e-21
-5.100000e-01 -5.100000e-01 -2.000000e-01 5.100000e-13 -6.918600e-21 -5.100000e-13 0.000000e+00 6.918600e-21
-5.200000e-01 -5.200000e-01 -2.000000e-01 5.200000e-13 -6.946500e-21 -5.200000e-13 0.000000e+00 6.946500e-21
-5.300000e-01 -5.300000e-01 -2.000000e-01 5.300000e-13 -6.974400e-21 -5.300000e-13 0.000000e+00 6.974400e-21
-5.400000e-01 -5.400000e-01 -2.000000e-01 5.400000e-13 -7.002300e-21 -5.400000e-13 0.000000e+00 7.002300e-21
-5.500000e-01 -5.500000e-01 -2.000000e-01 5.500000e-13 -7.030200e-21 -5.500000e-13 0.000000e+00 7.030200e-21
-5.600000e-01 -5.600000e-01 -2.000000e-01 5.600000e-13 -7.058000e-21 -5.600000e-13 0.000000e+00 7.058000e-21
-5.700000e-01 -5.700000e-01 -2.000000e-01 5.700000e-13 -7.085900e-21 -5.700000e-13 0.000000e+00 7.085900e-21
-5.800000e-01 -5.800000e-01 -2.000000e-01 5.800000e-13 -7.113800e-21 -5.800000e-13 0.000000e+00 7.113800e-21
-5.900000e-01 -5.900000e-01 -2.000000e-01 5.900000e-13 -7.141700e-21 -5.900000e-13 0.000000e+00 7.141700e-21
-6.000000e-01 -6.000000e-01 -2.000000e-01 6.000000e-13 -7.169500e-21 -6.000000e-13 0.000000e+00 7.169500e-21
-6.100000e-01 -6.100000e-01 -2.000000e-01 6.100000e-13 -7.197400e-21 -6.100000e-13 0.000000e+00 7.197400e-21
-6.200000e-01 -6.200000e-01 -2.000000e-01 6.200000e-13 -7.225200e-21 -6.200000e-13 0.000000e+00 7.225200e-21
-6.300000e-01 -6.300000e-01 -2.000000e-01 6.300000e-13 -7.253100e-21 -6.300000e-13 0.000000e+00 7.253100e-21
-6.400000e-01 -6.400000e-01 -2.000000e-01 6.400000e-13 -7.281000e-21 -6.400000e-13 0.000000e+00 7.281000e-21
-6.500000e-01 -6.500000e-01 -2.000000e-01 6.500000e-13 -7.308800e-21 -6.500000e-13 0.000000e+00 7.308800e-21
-6.600000e-01 -6.600000e-01 -2.000000e-01 6.600000e-13 -7.336700e-21 -6.600000e-13 0.000000e+00 7.336700e-21
-6.700000e-01 -6.700000e-01 -2.000000e-01 6.700000e-13 -7.364500e-21 -6.700000e-13 0.000000e+00 7.364500e-21
-6.800000e-01 -6.800000e-01 -2.000000e-01 6.800000e-13 -7.392400e-21 -6.800000e-13 0.000000e+00 7.392400e-21
-6.900000e-01 -6.900000e-01 -2.000000e-01 6.900000e-13 -7.420200e-21 -6.900000e-13 0.000000e+00 7.420200e-21
-7.000000e-01 -7.000000e-01 -2.000000e-01 7.000000e-13 -7.448100e-21 -7.000000e-13 0.000000e+00 7.448100e-21
-7.100000e-01 -7.100000e-01 -2.000000e-01 7.100000e-13 -7.475900e-21 -7.100000e-13 0.000000e+00 7.475900e-21
-7.200000e-01 -7.200000e-01 -2.000000e-01 7.200000e-13 -7.503700e-21 -7.200000e-13 0.000000e+00 7.503700e-21
-7.300000e-01 -7.300000e-01 -2.000000e-01 7.300000e-13 -7.531600e-21 -7.300000e-13 0.000000e+00 7.531600e-21
-7.400000e-01 -7.400000e-01 -2.000000e-01 7.400000e-13 -7.559400e-21 -7.400000e-13 0.000000e+00 7.559400e-21
-7.500000e-01 -7.500000e-01 -2.000000e-01 7.500000e-13 -7.587300e-21 -7.500000e-13 0.000000e+00 7.587300e-21
-7.600000e-01 -7.600000e-01 -2.000000e-01 7.600000e-13 -7.615100e-21 -7.600000e-13 0.000000e+00 7.615100e-21
-7.700000e-01 -7.700000e-01 -2.000000e-01 7.700000e-13 -7.642900e-21 -7.700000e-13 0.000000e+00 7.642900e-21
-7.800000e-01 -7.800000e-01 -2.000000e-01 7.800000e-13 -7.670800e-21 -7.800000e-13 0.000000e+00 7.670800e-21
-7.900000e-01 -7.900000e-01 -2.000000e-01 7.900000e-13 -7.698600e-21 -7.900000e-13 0.000000e+00 7.698600e-21
-8.000000e-01 -8.000000e-01 -2.000000e-01 8.000000e-13 -7.726500e-21 -8.000000e-13 0.000000e+00 7.726500e-21
-8.100000e-01 -8.100000e-01 -2.000000e-01 8.100000e-13 -7.754300e-21 -8.100000e-13 0.000000e+00 7.754300e-21
-8.200000e-01 -8.200000e-01 -2.000000e-01 8.200000e-13 -7.782100e-21 -8.200000e-13 0.000000e+00 7.782100e-21
-8.300000e-01 -8.300000e-01 -2.000000e-01 8.300000e-13 -7.810000e-21 -8.300000e-13 0.000000e+00 7.810000e-21
-8.400000e-01 -8.400000e-01 -2.000000e-01 8.400000e-13 -7.837800e-21 -8.400000e-13 0.000000e+00 7.837800e-21
-8.500000e-01 -8.500000e-01 -2.000000e-01 8.500000e-13 -7.865600e-21 -8.500000e-13 0.000000e+00 7.865600e-21
-8.600000e-01 -8.600000e-01 -2.000000e-01 8.600000e-13 -7.893500e-21 -8.600000e-13 0.000000e+00 7.893500e-21
-8.700000e-01 -8.700000e-01 -2.000000e-01 8.700000e-13 -7.921300e-21 -8.700000e-13 0.000000e+00 7.921300e-21
-8.800000e-01 -8.800000e-01 -2.000000e-01 8.800000e-13 -7.949100e-21 -8.800000e-13 0.000000e+00 7.949100e-21
-8.900000e-01 -8.900000e-01 -2.000000e-01 8.900000e-13 -7.977000e-21 -8.900000e-13 0.000000e+00 7.977000e-21
-9.000000e-01 -9.000000e-01 -2.000000e-01 9.000000e-13 -8.004800e-21 -9.000000e-13 0.000000e+00 8.004800e-21
-9.100000e-01 -9.100000e-01 -2.000000e-01 9.100000e-13 -8.032600e-21 -9.100000e-13 0.000000e+00 8.032600e-21
-9.200000e-01 -9.200000e-01 -2.000000e-01 9.200000e-13 -8.060500e-21 -9.200000e-13 0.000000e+00 8.060500e-21
-9.300000e-01 -9.300000e-01 -2.000000e-01 9.300000e-13 -8.088300e-21 -9.300000e-13 0.000000e+00 8.088300e-21
-9.400000e-01 -9.400000e-01 -2.000000e-01 9.400000e-13 -8.116100e-21 -9.400000e-13 0.000000e+00 8.116100e-21
-9.500000e-01 -9.500000e-01 -2.000000e-01 9.500000e-13 -8.144000e-21 -9.500000e-13 0.000000e+00 8.144000e-21
-9.600000e-01 -9.600000e-01 -2.000000e-01 9.600000e-13 -8.171800e-21 -9.600000e-13 0.000000e+00 8.171800e-21
-9.700000e-01 -9.700000e-01 -2.000000e-01 9.700000e-13 -8.199600e-21 -9.700000e-13 0.000000e+00 8.199600e-21
-9.800000e-01 -9.800000e-01 -2.000000e-01 9.800000e-13 -8.227500e-21 -9.800000e-13 0.000000e+00 8.227500e-21
-9.900000e-01 -9.900000e-01 -2.000000e-01 9.900000e-13 -8.255300e-21 -9.900000e-13 0.000000e+00 8.255300e-21
-1.000000e+00 -1.000000e+00 -2.000000e-01 1.000000e-12 -8.283100e-21 -1.000000e-12 0.000000e+00 8.283100e-21
-1.010000e+00 -1.010000e+00 -2.000000e-01 1.010000e-12 -8.310900e-21 -1.010000e-12 0.000000e+00 8.310900e-21
-1.020000e+00 -1.020000e+00 -2.000000e-01 1.020000e-12 -8.338800e-21 -1.020000e-12 0.000000e+00 8.338800e-21
-1.030000e+00 -1.030000e+00 -2.000000e-01 1.030000e-12 -8.366600e-21 -1.030000e-12 0.000000e+00 8.366600e-21
-1.040000e+00 -1.040000e+00 -2.000000e-01 1.040000e-12 -8.394400e-21 -1.040000e-12 0.000000e+00 8.394400e-21
-1.050000e+00 -1.050000e+00 -2.000000e-01 1.050000e-12 -8.422300e-21 -1.050000e-12 0.000000e+00 8.422300e-21
-1.060000e+00 -1.060000e+00 -2.000000e-01 1.060000e-12 -8.450100e-21 -1.060000e-12 0.000000e+00 8.450100e-21
-1.070000e+00 -1.070000e+00 -2.000000e-01 1.070000e-12 -8.477900e-21 -1.070000e-12 0.000000e+00 8.477900e-21
-1.080000e+00 -1.080000e+00 -2.000000e-01 1.080000e-12 -8.505800e-21 -1.080000e-12 0.000000e+00 8.505800e-21
-1.090000e+00 -1.090000e+00 -2.000000e-01 1.090000e-12 -8.533600e-21 -1.090000e-12 0.000000e+00 8.533600e-21
-1.100000e+00 -1.100000e+00 -2.000000e-01 1.100000e-12 -8.561400e-21 -1.100000e-12 0.000000e+00 8.561400e-21
-1.110000e+00 -1.110000e+00 -2.000000e-01 1.110000e-12 -8.589300e-21 -1.110000e-12 0.000000e+00 8.589300e-21
-1.120000e+00 -1.120000e+00 -2.000000e-01 1.120000e-12 -8.617100e-21 -1.120000e-12 0.000000e+00 8.617100e-21
-1.130000e+00 -1.130000e+00 -2.000000e-01 1.130000e-12 -8.644900e-21 -1.130000e-12 0.000000e+00 8.644900e-21
-1.140000e+00 -1.140000e+00 -2.000000e-01 1.140000e-12 -8.672800e-21 -1.140000e-12 0.000000e+00 8.672800e-21
-1.150000e+00 -1.150000e+00 -2.000000e-01 1.150000e-12 -8.700600e-21 -1.150000e-12 0.000000e+00 8.700600e-21
-1.160000e+00 -1.160000e+00 -2.000000e-01 1.160000e-12 -8.728500e-21 -1.160000e-12 0.000000e+00 8.728500e-21
-1.170000e+00 -1.170000e+00 -2.000000e-01 1.170000e-12 -8.756300e-21 -1.170000e-12 0.000000e+00 8.756300e-21
-1.180000e+00 -1.180000e+00 -2.000000e-01 1.180000e-12 -8.784100e-21 -1.180000e-12 0.000000e+00 8.784100e-21
-1.190000e+00 -1.190000e+00 -2.000000e-01 1.190000e-12 -8.812000e-21 -1.190000e-12 0.000000e+00 8.812000e-21
-1.200000e+00 -1.200000e+00 -2.000000e-01 1.200000e-12 -8.839800e-21 -1.200000e-12 0.000000e+00 8.839800e-21
0.000000e+00 0.000000e+00 -4.000000e-01 0.000000e+00 0.000000e+00 0.000000e+00 0.000000e+00 0.000000e+00
-1.000000e-02 -1.000000e-02 -4.000000e-01 1.000870e-14 -8.682100e-18 -1.000000e-14 0.000000e+00 1.790000e-20
-2.000000e-02 -2.000000e-02 -4.000000e-01 2.001430e-14 -1.429620e-17 -2.000000e-14 0.000000e+00 3.800000e-21
-3.000000e-02 -3.000000e-02 -4.000000e-01 3.001760e-14 -1.762280e-17 -3.000000e-14 0.000000e+00 2.280000e-20
-4.000000e-02 -4.000000e-02 -4.000000e-01 4.001950e-14 -1.949660e-17 -4.000000e-14 0.000000e+00 3.400000e-21
-5.000000e-02 -5.000000e-02 -4.000000e-01 5.002060e-14 -2.056240e-17 -5.000000e-14 0.000000e+00 3.760000e-20
-6.000000e-02 -6.000000e-02 -4.000000e-01 6.002120e-14 -2.120670e-17 -6.000000e-14 0.000000e+00 6.700000e-21
-7.000000e-02 -7.000000e-02 -4.000000e-01 7.002160e-14 -2.163080e-17 -7.000000e-14 0.000000e+00 3.080000e-20
-8.000000e-02 -8.000000e-02 -4.000000e-01 8.002190e-14 -2.193560e-17 -8.000000e-14 0.000000e+00 3.560000e-20
-9.000000e-02 -9.000000e-02 -4.000000e-01 9.002220e-14 -2.217250e-17 -9.000000e-14 0.000000e+00 2.750000e-20
-1.000000e-01 -1.000000e-01 -4.000000e-01 1.000224e-13 -2.236880e-17 -1.000000e-13 0.000000e+00 3.120000e-20
-1.100000e-01 -1.100000e-01 -4.000000e-01 1.100225e-13 -2.253960e-17 -1.100000e-13 0.000000e+00 3.960000e-20
-1.200000e-01 -1.200000e-01 -4.000000e-01 1.200227e-13 -2.269370e-17 -1.200000e-13 0.000000e+00 6.300000e-21
-1.300000e-01 -1.300000e-01 -4.000000e-01 1.300228e-13 -2.283650e-17 -1.300000e-13 0.000000e+00 3.650000e-20
-1.400000e-01 -1.400000e-01 -4.000000e-01 1.400230e-13 -2.297140e-17 -1.400000e-13 0.000000e+00 2.860000e-20
-1.500000e-01 -1.500000e-01 -4.000000e-01 1.500231e-13 -2.310070e-17 -1.500000e-13 0.000000e+00 7.000000e-22
-1.600000e-01 -1.600000e-01 -4.000000e-01 1.600232e-13 -2.322590e-17 -1.600000e-13 0.000000e+00 2.590000e-20
-1.700000e-01 -1.700000e-01 -4.000000e-01 1.700233e-13 -2.334800e-17 -1.700000e-13 0.000000e+00 4.800000e-20
-1.800000e-01 -1.800000e-01 -4.000000e-01 1.800235e-13 -2.346770e-17 -1.800000e-13 0.000000e+00 3.230000e-20
-1.900000e-01 -1.900000e-01 -4.000000e-01 1.900236e-13 -2.358550e-17 -1.900000e-13 0.000000e+00 1.450000e-20
-2.000000e-01 -2.000000e-01 -4.000000e-01 2.000237e-13 -2.370190e-17 -2.000000e-13 0.000000e+00 1.900000e-21
-2.100000e-01 -2.100000e-01 -4.000000e-01 2.100238e-13 -2.381720e-17 -2.100000e-13 0.000000e+00 1.720000e-20
-2.200000e-01 -2.200000e-01 -4.000000e-01 2.200239e-13 -2.393150e-17 -2.200000e-13 0.000000e+00 3.150000e-20
-2.300000e-01 -2.300000e-01 -4.000000e-01 2.300240e-13 -2.404510e-17 -2.300000e-13 0.000000e+00 4.510000e-20
-2.400000e-01 -2.400000e-01 -4.000000e-01 2.400242e-13 -2.415810e-17 -2.400000e-13 0.000000e+00 4.190000e-20
-2.500000e-01 -2.500000e-01 -4.000000e-01 2.500243e-13 -2.427060e-17 -2.500000e-13 0.000000e+00 2.940000e-20
-2.600000e-01 -2.600000e-01 -4.000000e-01 2.600244e-13 -2.438260e-17 -2.600000e-13 0.000000e+00 1.740000e-20
-2.700000e-01 -2.700000e-01 -4.000000e-01 2.700245e-13 -2.449430e-17 -2.700000e-13 0.000000e+00 5.700000e-21
-2.800000e-01 -2.800000e-01 -4.000000e-01 2.800246e-13 -2.460560e-17 -2.800000e-13 0.000000e+00 5.600000e-21
-2.900000e-01 -2.900000e-01 -4.000000e-01 2.900247e-13 -2.471670e-17 -2.900000e-13 0.000000e+00 1.670000e-20
-3.000000e-01 -3.000000e-01 -4.000000e-01 3.000248e-13 -2.482760e-17 -3.000000e-13 0.000000e+00 2.760000e-20
-3.100000e-01 -3.100000e-01 -4.000000e-01 3.100249e-13 -2.493830e-17 -3.100000e-13 0.000000e+00 3.830000e-20
-3.200000e-01 -3.200000e-01 -4.000000e-01 3.200250e-13 -2.504880e-17 -3.200000e-13 0.000000e+00 4.880000e-20
-3.300000e-01 -3.300000e-01 -4.000000e-01 3.300252e-13 -2.515920e-17 -3.300000e-13 0.000000e+00 4.080000e-20
-3.400000e-01 -3.400000e-01 -4.000000e-01 3.400253e-13 -2.526950e-17 -3.400000e-13 0.000000e+00 3.050000e-20
-3.500000e-01 -3.500000e-01 -4.000000e-01 3.500254e-13 -2.537960e-17 -3.500000e-13 0.000000e+00 2.040000e-20
-3.600000e-01 -3.600000e-01 -4.000000e-01 3.600255e-13 -2.548970e-17 -3.600000e-13 0.000000e+00 1.030000e-20
-3.700000e-01 -3.700000e-01 -4.000000e-01 3.700256e-13 -2.559960e-17 -3.700000e-13 0.000000e+00 4.000000e-22
-3.800000e-01 -3.800000e-01 -4.000000e-01 3.800257e-13 -2.570950e-17 -3.800000e-13 0.000000e+00 9.500000e-21
-3.900000e-01 -3.900000e-01 -4.000000e-01 3.900258e-13 -2.581930e-17 -3.900000e-13 0.000000e+00 1.930000e-20
-4.000000e-01 -4.000000e-01 -4.000000e-01 4.000259e-13 -2.592910e-17 -4.000000e-13 0.000000e+00 2.910000e-20
-4.100000e-01 -4.100000e-01 -4.000000e-01 4.100260e-13 -2.603880e-17 -4.100000e-13 0.000000e+00 3.880000e-20
-4.200000e-01 -4.200000e-01 -4.000000e-01 4.200261e-13 -2.614840e-17 -4.200000e-13 0.000000e+00 4.840000e-20
-4.300000e-01 -4.300000e-01 -4.000000e-01 4.300263e-13 -2.625800e-17 -4.300000e-13 0.000000e+00 4.200000e-20
-4.400000e-01 -4.400000e-01 -4.000000e-01 4.400264e-13 -2.636760e-17 -4.400000e-13 0.000000e+00 3.240000e-20
-4.500000e-01 -4.500000e-01 -4.000000e-01 4.500265e-13 -2.647710e-17 -4.500000e-13 0.000000e+00 2.290000e-20
-4.600000e-01 -4.600000e-01 -4.000000e-01 4.600266e-13 -2.658660e-17 -4.600000e-13 0.000000e+00 1.340000e-20
-4.700000e-01 -4.700000e-01 -4.000000e-01 4.700267e-13 -2.669610e-17 -4.700000e-13 0.000000e+00 3.900000e-21
-4.800000e-01 -4.800000e-01 -4.000000e-01 4.800268e-13 -2.680560e-17 -4.800000e-13 0.000000e+00 5.600000e-21
-4.900000e-01 -4.900000e-01 -4.000000e-01 4.900269e-13 -2.691500e-17 -4.900000e-13 0.000000e+00 1.500000e-20
-5.000000e-01 -5.000000e-01 -4.000000e-01 5.000270e-13 -2.702440e-17 -5.000000e-13 0.000000e+00 2.440000e-20
-5.100000e-01 -5.100000e-01 -4.000000e-01 5.100271e-13 -2.713370e-17 -5.100000e-13 0.000000e+00 3.370000e-20
-5.200000e-01 -5.200000e-01 -4.000000e-01 5.200272e-13 -2.724310e-17 -5.200000e-13 0.000000e+00 4.310000e-20
-5.300000e-01 -5.300000e-01 -4.000000e-01 5.300274e-13 -2.735240e-17 -5.300000e-13 0.000000e+00 4.760000e-20
-5.400000e-01 -5.400000e-01 -4.000000e-01 5.400275e-13 -2.746180e-17 -5.400000e-13 0.000000e+00 3.820000e-20
-5.500000e-01 -5.500000e-01 -4.000000e-01 5.500276e-13 -2.757110e-17 -5.500000e-13 0.000000e+00 2.890000e-20
-5.600000e-01 -5.600000e-01 -4.000000e-01 5.600277e-13 -2.768040e-17 -5.600000e-13 0.000000e+00 1.960000e-20
-5.700000e-01 -5.700000e-01 -4.000000e-01 5.700278e-13 -2.778970e-17 -5.700000e-13 0.000000e+00 1.030000e-20
-5.800000e-01 -5.800000e-01 -4.000000e-01 5.800279e-13 -2.789890e-17 -5.800000e-13 0.000000e+00 1.100000e-21
-5.900000e-01 -5.900000e-01 -4.000000e-01 5.900280e-13 -2.800820e-17 -5.900000e-13 0.000000e+00 8.200000e-21
-6.000000e-01 -6.000000e-01 -4.000000e-01 6.000281e-13 -2.811740e-17 -6.000000e-13 0.000000e+00 1.740000e-20
-6.100000e-01 -6.100000e-01 -4.000000e-01 6.100282e-13 -2.822670e-17 -6.100000e-13 0.000000e+00 2.670000e-20
-6.200000e-01 -6.200000e-01 -4.000000e-01 6.200283e-13 -2.833590e-17 -6.200000e-13 0.000000e+00 3.590000e-20
-6.300000e-01 -6.300000e-01 -4.000000e-01 6.300284e-13 -2.844510e-17 -6.300000e-13 0.000000e+00 4.510000e-20
-6.400000e-01 -6.400000e-01 -4.000000e-01 6.400286e-13 -2.855440e-17 -6.400000e-13 0.000000e+00 4.560000e-20
-6.500000e-01 -6.500000e-01 -4.000000e-01 6.500287e-13 -2.866360e-17 -6.500000e-13 0.000000e+00 3.640000e-20
-6.600000e-01 -6.600000e-01 -4.000000e-01 6.600288e-13 -2.877280e-17 -6.600000e-13 0.000000e+00 2.720000e-20
-6.700000e-01 -6.700000e-01 -4.000000e-01 6.700289e-13 -2.888200e-17 -6.700000e-13 0.000000e+00 1.800000e-20
-6.800000e-01 -6.800000e-01 -4.000000e-01 6.800290e-13 -2.899120e-17 -6.800000e-13 0.000000e+00 8.800000e-21
-6.900000e-01 -6.900000e-01 -4.000000e-01 6.900291e-13 -2.910030e-17 -6.900000e-13 0.000000e+00 3.000001e-22
-7.000000e-01 -7.000000e-01 -4.000000e-01 7.000292e-13 -2.920950e-17 -7.000000e-13 0.000000e+00 9.500000e-21
-7.100000e-01 -7.100000e-01 -4.000000e-01 7.100293e-13 -2.931870e-17 -7.100000e-13 0.000000e+00 1.870000e-20
-7.200000e-01 -7.200000e-01 -4.000000e-01 7.200294e-13 -2.942790e-17 -7.200000e-13 0.000000e+00 2.790000e-20
-7.300000e-01 -7.300000e-01 -4.000000e-01 7.300295e-13 -2.953710e-17 -7.300000e-13 0.000000e+00 3.710000e-20
-7.400000e-01 -7.400000e-01 -4.000000e-01 7.400296e-13 -2.964620e-17 -7.400000e-13 0.000000e+00 4.620000e-20
-7.500000e-01 -7.500000e-01 -4.000000e-01 7.500298e-13 -2.975540e-17 -7.500000e-13 0.000000e+00 4.460000e-20
-7.600000e-01 -7.600000e-01 -4.000000e-01 7.600299e-13 -2.986450e-17 -7.600000e-13 0.000000e+00 3.550000e-20
-7.700000e-01 -7.700000e-01 -4.000000e-01 7.700300e-13 -2.997370e-17 -7.700000e-13 0.000000e+00 2.630000e-20
-7.800000e-01 -7.800000e-01 -4.000000e-01 7.800301e-13 -3.008280e-17 -7.800000e-13 0.000000e+00 1.720000e-20
-7.900000e-01 -7.900000e-01 -4.000000e-01 7.900302e-13 -3.019200e-17 -7.900000e-13 0.000000e+00 8.000000e-21
-8.000000e-01 -8.000000e-01 -4.000000e-01 8.000303e-13 -3.030110e-17 -8.000000e-13 0.000000e+00 1.100000e-21
-8.100000e-01 -8.100000e-01 -4.000000e-01 8.100304e-13 -3.041030e-17 -8.100000e-13 0.000000e+00 1.030000e-20
-8.200000e-01 -8.200000e-01 -4.000000e-01 8.200305e-13 -3.051940e-17 -8.200000e-13 0.000000e+00 1.940000e-20
-8.300000e-01 -8.300000e-01 -4.000000e-01 8.300306e-13 -3.062860e-17 -8.300000e-13 0.000000e+00 2.860000e-20
-8.400000e-01 -8.400000e-01 -4.000000e-01 8.400307e-13 -3.073770e-17 -8.400000e-13 0.000000e+00 3.770000e-20
-8.500000e-01 -8.500000e-01 -4.000000e-01 8.500308e-13 -3.084680e-17 -8.500000e-13 0.000000e+00 4.680000e-20
-8.600000e-01 -8.600000e-01 -4.000000e-01 8.600310e-13 -3.095600e-17 -8.600000e-13 0.000000e+00 4.400000e-20
-8.700000e-01 -8.700000e-01 -4.000000e-01 8.700311e-13 -3.106510e-17 -8.700000e-13 0.000000e+00 3.490000e-20
-8.800000e-01 -8.800000e-01 -4.000000e-01 8.800312e-13 -3.117420e-17 -8.800000e-13 0.000000e+00 2.580000e-20
-8.900000e-01 -8.900000e-01 -4.000000e-01 8.900313e-13 -3.128340e-17 -8.900000e-13 0.000000e+00 1.660000e-20
-9.000000e-01 -9.000000e-01 -4.000000e-01 9.000314e-13 -3.139250e-17 -9.000000e-13 0.000000e+00 7.500000e-21
-9.100000e-01 -9.100000e-01 -4.000000e-01 9.100315e-13 -3.150160e-17 -9.100000e-13 0.000000e+00 1.600000e-21
-9.200000e-01 -9.200000e-01 -4.000000e-01 9.200316e-13 -3.161080e-17 -9.200000e-13 0.000000e+00 1.080000e-20
-9.300000e-01 -9.300000e-01 -4.000000e-01 9.300317e-13 -3.171990e-17 -9.300000e-13 0.000000e+00 1.990000e-20
-9.400000e-01 -9.400000e-01 -4.000000e-01 9.400318e-13 -3.182900e-17 -9.400000e-13 0.000000e+00 2.900000e-20
-9.500000e-01 -9.500000e-01 -4.000000e-01 9.500319e-13 -3.193810e-17 -9.500000e-13 0.000000e+00 3.810000e-20
-9.600000e-01 -9.600000e-01 -4.000000e-01 9.600320e-13 -3.204720e-17 -9.600000e-13 0.000000e+00 4.720000e-20
-9.700000e-01 -9.700000e-01 -4.000000e-01 9.700322e-13 -3.215640e-17 -9.700000e-13 0.000000e+00 4.360000e-20
-9.800000e-01 -9.800000e-01 -4.000000e-01 9.800323e-13 -3.226550e-17 -9.800000e-13 0.000000e+00 3.450000e-20
-9.900000e-01 -9.900000e-01 -4.000000e-01 9.900324e-13 -3.237460e-17 -9.900000e-13 0.000000e+00 2.540000e-20
-1.000000e+00 -1.000000e+00 -4.000000e-01 1.000000e-12 -3.248370e-17 -1.000000e-12 0.000000e+00 3.248370e-17
-1.010000e+00 -1.010000e+00 -4.000000e-01 1.010000e-12 -3.259280e-17 -1.010000e-12 0.000000e+00 3.259280e-17
-1.020000e+00 -1.020000e+00 -4.000000e-01 1.020000e-12 -3.270200e-17 -1.020000e-12 0.000000e+00 3.270200e-17
-1.030000e+00 -1.030000e+00 -4.000000e-01 1.030000e-12 -3.281110e-17 -1.030000e-12 0.000000e+00 3.281110e-17
-1.040000e+00 -1.040000e+00 -4.000000e-01 1.040000e-12 -3.292020e-17 -1.040000e-12 0.000000e+00 3.292020e-17
-1.050000e+00 -1.050000e+00 -4.000000e-01 1.050000e-12 -3.302930e-17 -1.050000e-12 0.000000e+00 3.302930e-17
-1.060000e+00 -1.060000e+00 -4.000000e-01 1.060000e-12 -3.313850e-17 -1.060000e-12 0.000000e+00 3.313850e-17
-1.070000e+00 -1.070000e+00 -4.000000e-01 1.070000e-12 -3.324760e-17 -1.070000e-12 0.000000e+00 3.324760e-17
-1.080000e+00 -1.080000e+00 -4.000000e-01 1.080000e-12 -3.335670e-17 -1.080000e-12 0.000000e+00 3.335670e-17
-1.090000e+00 -1.090000e+00 -4.000000e-01 1.090000e-12 -3.346580e-17 -1.090000e-12 0.000000e+00 3.346580e-17
-1.100000e+00 -1.100000e+00 -4.000000e-01 1.100000e-12 -3.357500e-17 -1.100000e-12 0.000000e+00 3.357500e-17
-1.110000e+00 -1.110000e+00 -4.000000e-01 1.110000e-12 -3.368410e-17 -1.110000e-12 0.000000e+00 3.368410e-17
-1.120000e+00 -1.120000e+00 -4.000000e-01 1.120000e-12 -3.379320e-17 -1.120000e-12 0.000000e+00 3.379320e-17
-1.130000e+00 -1.130000e+00 -4.000000e-01 1.130000e-12 -3.390240e-17 -1.130000e-12 0.000000e+00 3.390240e-17
-1.140000e+00 -1.140000e+00 -4.000000e-01 1.140000e-12 -3.401150e-17 -1.140000e-12 0.000000e+00 3.401150e-17
-1.150000e+00 -1.150000e+00 -4.000000e-01 1.150000e-12 -3.412070e-17 -1.150000e-12 0.000000e+00 3.412070e-17
-1.160000e+00 -1.160000e+00 -4.000000e-01 1.160000e-12 -3.422980e-17 -1.160000e-12 0.000000e+00 3.422980e-17
-1.170000e+00 -1.170000e+00 -4.000000e-01 1.170000e-12 -3.433900e-17 -1.170000e-12 0.000000e+00 3.433900e-17
-1.180000e+00 -1.180000e+00 -4.000000e-01 1.180000e-12 -3.444810e-17 -1.180000e-12 0.000000e+00 3.444810e-17
-1.190000e+00 -1.190000e+00 -4.000000e-01 1.190000e-12 -3.455730e-17 -1.190000e-12 0.000000e+00 3.455730e-17
-1.200000e+00 -1.200000e+00 -4.000000e-01 1.200000e-12 -3.466650e-17 -1.200000e-12 0.000000e+00 3.466650e-17
0.000000e+00 0.000000e+00 -6.000000e-01 0.000000e+00 0.000000e+00 0.000000e+00 0.000000e+00 0.000000e+00
-1.000000e-02 -1.000000e-02 -6.000000e-01 2.290280e-14 -1.290280e-14 -1.000000e-14 0.000000e+00 1.577722e-30
-2.000000e-02 -2.000000e-02 -6.000000e-01 4.246090e-14 -2.246090e-14 -2.000000e-14 0.000000e+00 0.000000e+00
-3.000000e-02 -3.000000e-02 -6.000000e-01 5.910420e-14 -2.910420e-14 -3.000000e-14 0.000000e+00 6.310887e-30
-4.000000e-02 -4.000000e-02 -6.000000e-01 7.343490e-14 -3.343490e-14 -4.000000e-14 0.000000e+00 0.000000e+00
-5.000000e-02 -5.000000e-02 -6.000000e-01 8.613170e-14 -3.613170e-14 -5.000000e-14 0.000000e+00 0.000000e+00
-6.000000e-02 -6.000000e-02 -6.000000e-01 9.779360e-14 -3.779360e-14 -6.000000e-14 0.000000e+00 1.262177e-29
-7.000000e-02 -7.000000e-02 -6.000000e-01 1.088460e-13 -3.884600e-14 -7.000000e-14 0.000000e+00 0.000000e+00
-8.000000e-02 -8.000000e-02 -6.000000e-01 1.195488e-13 -3.954880e-14 -8.000000e-14 0.000000e+00 0.000000e+00
-9.000000e-02 -9.000000e-02 -6.000000e-01 1.300495e-13 -4.004950e-14 -9.000000e-14 0.000000e+00 1.262177e-29
-1.000000e-01 -1.000000e-01 -6.000000e-01 1.404301e-13 -4.043010e-14 -1.000000e-13 0.000000e+00 1.262177e-29
-1.100000e-01 -1.100000e-01 -6.000000e-01 1.507369e-13 -4.073690e-14 -1.100000e-13 0.000000e+00 1.262177e-29
-1.200000e-01 -1.200000e-01 -6.000000e-01 1.609964e-13 -4.099640e-14 -1.200000e-13 0.000000e+00 2.524355e-29
-1.300000e-01 -1.300000e-01 -6.000000e-01 1.712247e-13 -4.122470e-14 -1.300000e-13 0.000000e+00 0.000000e+00
-1.400000e-01 -1.400000e-01 -6.000000e-01 1.814318e-13 -4.143180e-14 -1.400000e-13 0.000000e+00 0.000000e+00
-1.500000e-01 -1.500000e-01 -6.000000e-01 1.916240e-13 -4.162400e-14 -1.500000e-13 0.000000e+00 0.000000e+00
-1.600000e-01 -1.600000e-01 -6.000000e-01 2.018055e-13 -4.180550e-14 -1.600000e-13 0.000000e+00 2.524355e-29
-1.700000e-01 -1.700000e-01 -6.000000e-01 2.119791e-13 -4.197910e-14 -1.700000e-13 0.000000e+00 0.000000e+00
-1.800000e-01 -1.800000e-01 -6.000000e-01 2.221468e-13 -4.214680e-14 -1.800000e-13 0.000000e+00 2.524355e-29
-1.900000e-01 -1.900000e-01 -6.000000e-01 2.323100e-13 -4.231000e-14 -1.900000e-13 0.000000e+00 2.524355e-29
-2.000000e-01 -2.000000e-01 -6.000000e-01 2.424697e-13 -4.246970e-14 -2.000000e-13 0.000000e+00 0.000000e+00
-2.100000e-01 -2.100000e-01 -6.000000e-01 2.526266e-13 -4.262660e-14 -2.100000e-13 0.000000e+00 0.000000e+00
-2.200000e-01 -2.200000e-01 -6.000000e-01 2.627814e-13 -4.278140e-14 -2.200000e-13 0.000000e+00 0.000000e+00
-2.300000e-01 -2.300000e-01 -6.000000e-01 2.729344e-13 -4.293440e-14 -2.300000e-13 0.000000e+00 5.048710e-29
-2.400000e-01 -2.400000e-01 -6.000000e-01 2.830860e-13 -4.308600e-14 -2.400000e-13 0.000000e+00 0.000000e+00
-2.500000e-01 -2.500000e-01 -6.000000e-01 2.932365e-13 -4.323650e-14 -2.500000e-13 0.000000e+00 0.000000e+00
-2.600000e-01 -2.600000e-01 -6.000000e-01 3.033860e-13 -4.338600e-14 -2.600000e-13 0.000000e+00 5.048710e-29
-2.700000e-01 -2.700000e-01 -6.000000e-01 3.135346e-13 -4.353460e-14 -2.700000e-13 0.000000e+00 5.048710e-29
-2.800000e-01 -2.800000e-01 -6.000000e-01 3.236826e-13 -4.368260e-14 -2.800000e-13 0.000000e+00 0.000000e+00
-2.900000e-01 -2.900000e-01 -6.000000e-01 3.338300e-13 -4.383000e-14 -2.900000e-13 0.000000e+00 5.048710e-29
-3.000000e-01 -3.000000e-01 -6.000000e-01 3.439769e-13 -4.397690e-14 -3.000000e-13 0.000000e+00 0.000000e+00
-3.100000e-01 -3.100000e-01 -6.000000e-01 3.541234e-13 -4.412340e-14 -3.100000e-13 0.000000e+00 0.000000e+00
-3.200000e-01 -3.200000e-01 -6.000000e-01 3.642696e-13 -4.426960e-14 -3.200000e-13 0.000000e+00 0.000000e+00
-3.300000e-01 -3.300000e-01 -6.000000e-01 3.744154e-13 -4.441540e-14 -3.300000e-13 0.000000e+00 0.000000e+00
-3.400000e-01 -3.400000e-01 -6.000000e-01 3.845610e-13 -4.456100e-14 -3.400000e-13 0.000000e+00 0.000000e+00
-3.500000e-01 -3.500000e-01 -6.000000e-01 3.947063e-13 -4.470630e-14 -3.500000e-13 0.000000e+00 0.000000e+00
-3.600000e-01 -3.600000e-01 -6.000000e-01 4.048514e-13 -4.485140e-14 -3.600000e-13 0.000000e+00 0.000000e+00
-3.700000e-01 -3.700000e-01 -6.000000e-01 4.149963e-13 -4.499630e-14 -3.700000e-13 0.000000e+00 0.000000e+00
-3.800000e-01 -3.800000e-01 -6.000000e-01 4.251411e-13 -4.514110e-14 -3.800000e-13 0.000000e+00 5.048710e-29
-3.900000e-01 -3.900000e-01 -6.000000e-01 4.352857e-13 -4.528570e-14 -3.900000e-13 0.000000e+00 0.000000e+00
-4.000000e-01 -4.000000e-01 -6.000000e-01 4.454302e-13 -4.543020e-14 -4.000000e-13 0.000000e+00 5.048710e-29
-4.100000e-01 -4.100000e-01 -6.000000e-01 4.555746e-13 -4.557460e-14 -4.100000e-13 0.000000e+00 5.048710e-29
-4.200000e-01 -4.200000e-01 -6.000000e-01 4.657189e-13 -4.571890e-14 -4.200000e-13 0.000000e+00 0.000000e+00
-4.300000e-01 -4.300000e-01 -6.000000e-01 4.758631e-13 -4.586310e-14 -4.300000e-13 0.000000e+00 0.000000e+00
-4.400000e-01 -4.400000e-01 -6.000000e-01 4.860073e-13 -4.600730e-14 -4.400000e-13 0.000000e+00 0.000000e+00
-4.500000e-01 -4.500000e-01 -6.000000e-01 4.961513e-13 -4.615130e-14 -4.500000e-13 0.000000e+00 5.048710e-29
-4.600000e-01 -4.600000e-01 -6.000000e-01 5.062953e-13 -4.629530e-14 -4.600000e-13 0.000000e+00 1.009742e-28
-4.700000e-01 -4.700000e-01 -6.000000e-01 5.164392e-13 -4.643920e-14 -4.700000e-13 0.000000e+00 1.009742e-28
-4.800000e-01 -4.800000e-01 -6.000000e-01 5.265831e-13 -4.658310e-14 -4.800000e-13 0.000000e+00 1.009742e-28
-4.900000e-01 -4.900000e-01 -6.000000e-01 5.367269e-13 -4.672690e-14 -4.900000e-13 0.000000e+00 0.000000e+00
-5.000000e-01 -5.000000e-01 -6.000000e-01 5.468706e-13 -4.687060e-14 -5.000000e-13 0.000000e+00 0.000000e+00
-5.100000e-01 -5.100000e-01 -6.000000e-01 5.570144e-13 -4.701440e-14 -5.100000e-13 0.000000e+00 0.000000e+00
-5.200000e-01 -5.200000e-01 -6.000000e-01 5.671581e-13 -4.715810e-14 -5.200000e-13 0.000000e+00 0.000000e+00
-5.300000e-01 -5.300000e-01 -6.000000e-01 5.773017e-13 -4.730170e-14 -5.300000e-13 0.000000e+00 0.000000e+00
-5.400000e-01 -5.400000e-01 -6.000000e-01 5.874454e-13 -4.744540e-14 -5.400000e-13 0.000000e+00 1.009742e-28
-5.500000e-01 -5.500000e-01 -6.000000e-01 5.975889e-13 -4.758890e-14 -5.500000e-13 0.000000e+00 0.000000e+00
-5.600000e-01 -5.600000e-01 -6.000000e-01 6.077325e-13 -4.773250e-14 -5.600000e-13 0.000000e+00 0.000000e+00
-5.700000e-01 -5.700000e-01 -6.000000e-01 6.178761e-13 -4.787610e-14 -5.700000e-13 0.000000e+00 0.000000e+00
-5.800000e-01 -5.800000e-01 -6.000000e-01 6.280196e-13 -4.801960e-14 -5.800000e-13 0.000000e+00 0.000000e+00
-5.900000e-01 -5.900000e-01 -6.000000e-01 6.381631e-13 -4.816310e-14 -5.900000e-13 0.000000e+00 0.000000e+00
-6.000000e-01 -6.000000e-01 -6.000000e-01 6.483066e-13 -4.830660e-14 -6.000000e-13 0.000000e+00 0.000000e+00
-6.100000e-01 -6.100000e-01 -6.000000e-01 6.584500e-13 -4.845000e-14 -6.100000e-13 0.000000e+00 1.009742e-28
-6.200000e-01 -6.200000e-01 -6.000000e-01 6.685935e-13 -4.859350e-14 -6.200000e-13 0.000000e+00 1.009742e-28
-6.300000e-01 -6.300000e-01 -6.000000e-01 6.787369e-13 -4.873690e-14 -6.300000e-13 0.000000e+00 0.000000e+00
-6.400000e-01 -6.400000e-01 -6.000000e-01 6.888803e-13 -4.888030e-14 -6.400000e-13 0.000000e+00 0.000000e+00
-6.500000e-01 -6.500000e-01 -6.000000e-01 6.990237e-13 -4.902370e-14 -6.500000e-13 0.000000e+00 1.009742e-28
-6.600000e-01 -6.600000e-01 -6.000000e-01 7.091671e-13 -4.916710e-14 -6.600000e-13 0.000000e+00 0.000000e+00
-6.700000e-01 -6.700000e-01 -6.000000e-01 7.193105e-13 -4.931050e-14 -6.700000e-13 0.000000e+00 0.000000e+00
-6.800000e-01 -6.800000e-01 -6.000000e-01 7.294539e-13 -4.945390e-14 -6.800000e-13 0.000000e+00 0.000000e+00
-6.900000e-01 -6.900000e-01 -6.000000e-01 7.395972e-13 -4.959720e-14 -6.900000e-13 0.000000e+00 0.000000e+00
-7.000000e-01 -7.000000e-01 -6.000000e-01 7.497406e-13 -4.974060e-14 -7.000000e-13 0.000000e+00 0.000000e+00
-7.100000e-01 -7.100000e-01 -6.000000e-01 7.598839e-13 -4.988390e-14 -7.100000e-13 0.000000e+00 0.000000e+00
-7.200000e-01 -7.200000e-01 -6.000000e-01 7.700273e-13 -5.002730e-14 -7.200000e-13 0.000000e+00 0.000000e+00
-7.300000e-01 -7.300000e-01 -6.000000e-01 7.801706e-13 -5.017060e-14 -7.300000e-13 0.000000e+00 1.009742e-28
-7.400000e-01 -7.400000e-01 -6.000000e-01 7.903139e-13 -5.031390e-14 -7.400000e-13 0.000000e+00 1.009742e-28
-7.500000e-01 -7.500000e-01 -6.000000e-01 8.004572e-13 -5.045720e-14 -7.500000e-13 0.000000e+00 0.000000e+00
-7.600000e-01 -7.600000e-01 -6.000000e-01 8.106005e-13 -5.060050e-14 -7.600000e-13 0.000000e+00 0.000000e+00
-7.700000e-01 -7.700000e-01 -6.000000e-01 8.207438e-13 -5.074380e-14 -7.700000e-13 0.000000e+00 0.000000e+00
-7.800000e-01 -7.800000e-01 -6.000000e-01 8.308871e-13 -5.088710e-14 -7.800000e-13 0.000000e+00 1.009742e-28
-7.900000e-01 -7.900000e-01 -6.000000e-01 8.410304e-13 -5.103040e-14 -7.900000e-13 0.000000e+00 0.000000e+00
-8.000000e-01 -8.000000e-01 -6.000000e-01 8.511737e-13 -5.117370e-14 -8.000000e-13 0.000000e+00 1.009742e-28
-8.100000e-01 -8.100000e-01 -6.000000e-01 8.613170e-13 -5.131700e-14 -8.100000e-13 0.000000e+00 0.000000e+00
-8.200000e-01 -8.200000e-01 -6.000000e-01 8.714602e-13 -5.146020e-14 -8.200000e-13 0.000000e+00 0.000000e+00
-8.300000e-01 -8.300000e-01 -6.000000e-01 8.816035e-13 -5.160350e-14 -8.300000e-13 0.000000e+00 0.000000e+00
-8.400000e-01 -8.400000e-01 -6.000000e-01 8.917468e-13 -5.174680e-14 -8.400000e-13 0.000000e+00 0.000000e+00
-8.500000e-01 -8.500000e-01 -6.000000e-01 9.018900e-13 -5.189000e-14 -8.500000e-13 0.000000e+00 1.009742e-28
-8.600000e-01 -8.600000e-01 -6.000000e-01 9.120333e-13 -5.203330e-14 -8.600000e-13 0.000000e+00 1.009742e-28
-8.700000e-01 -8.700000e-01 -6.000000e-01 9.221765e-13 -5.217650e-14 -8.700000e-13 0.000000e+00 0.000000e+00
-8.800000e-01 -8.800000e-01 -6.000000e-01 9.323198e-13 -5.231980e-14 -8.800000e-13 0.000000e+00 0.000000e+00
-8.900000e-01 -8.900000e-01 -6.000000e-01 9.424630e-13 -5.246300e-14 -8.900000e-13 0.000000e+00 1.009742e-28
-9.000000e-01 -9.000000e-01 -6.000000e-01 9.526063e-13 -5.260630e-14 -9.000000e-13 0.000000e+00 1.009742e-28
-9.100000e-01 -9.100000e-01 -6.000000e-01 9.627495e-13 -5.274950e-14 -9.100000e-13 0.000000e+00 2.019484e-28
-9.200000e-01 -9.200000e-01 -6.000000e-01 9.728928e-13 -5.289280e-14 -9.200000e-13 0.000000e+00 0.000000e+00
-9.300000e-01 -9.300000e-01 -6.000000e-01 9.830360e-13 -5.303600e-14 -9.300000e-13 0.000000e+00 2.019484e-28
-9.400000e-01 -9.400000e-01 -6.000000e-01 9.931792e-13 -5.317920e-14 -9.400000e-13 0.000000e+00 2.019484e-28
-9.500000e-01 -9.500000e-01 -6.000000e-01 1.003300e-12 -5.332250e-14 -9.500000e-13 0.000000e+00 2.250000e-17
-9.600000e-01 -9.600000e-01 -6.000000e-01 1.013500e-12 -5.346570e-14 -9.600000e-13 0.000000e+00 3.430000e-17
-9.700000e-01 -9.700000e-01 -6.000000e-01 1.023600e-12 -5.360900e-14 -9.700000e-13 0.000000e+00 9.000000e-18
-9.800000e-01 -9.800000e-01 -6.000000e-01 1.033800e-12 -5.375220e-14 -9.800000e-13 0.000000e+00 4.780000e-17
-9.900000e-01 -9.900000e-01 -6.000000e-01 1.043900e-12 -5.389540e-14 -9.900000e-13 0.000000e+00 4.600000e-18
-1.000000e+00 -1.000000e+00 -6.000000e-01 1.054000e-12 -5.403860e-14 -1.000000e-12 0.000000e+00 3.860000e-17
-1.010000e+00 -1.010000e+00 -6.000000e-01 1.064200e-12 -5.418190e-14 -1.010000e-12 0.000000e+00 1.810000e-17
-1.020000e+00 -1.020000e+00 -6.000000e-01 1.074300e-12 -5.432510e-14 -1.020000e-12 0.000000e+00 2.510000e-17
-1.030000e+00 -1.030000e+00 -6.000000e-01 1.084500e-12 -5.446830e-14 -1.030000e-12 0.000000e+00 3.170000e-17
-1.040000e+00 -1.040000e+00 -6.000000e-01 1.094600e-12 -5.461160e-14 -1.040000e-12 0.000000e+00 1.160000e-17
-1.050000e+00 -1.050000e+00 -6.000000e-01 1.104800e-12 -5.475480e-14 -1.050000e-12 0.000000e+00 4.520000e-17
-1.060000e+00 -1.060000e+00 -6.000000e-01 1.114900e-12 -5.489800e-14 -1.060000e-12 0.000000e+00 2.000000e-18
-1.070000e+00 -1.070000e+00 -6.000000e-01 1.125000e-12 -5.504130e-14 -1.070000e-12 0.000000e+00 4.130000e-17
-1.080000e+00 -1.080000e+00 -6.000000e-01 1.135200e-12 -5.518450e-14 -1.080000e-12 0.000000e+00 1.550000e-17
-1.090000e+00 -1.090000e+00 -6.000000e-01 1.145300e-12 -5.532770e-14 -1.090000e-12 0.000000e+00 2.770000e-17
-1.100000e+00 -1.100000e+00 -6.000000e-01 1.155500e-12 -5.547100e-14 -1.100000e-12 0.000000e+00 2.900000e-17
-1.110000e+00 -1.110000e+00 -6.000000e-01 1.165600e-12 -5.561420e-14 -1.110000e-12 0.000000e+00 1.420000e-17
-1.120000e+00 -1.120000e+00 -6.000000e-01 1.175800e-12 -5.575750e-14 -1.120000e-12 0.000000e+00 4.250000e-17
-1.130000e+00 -1.130000e+00 -6.000000e-01 1.185900e-12 -5.590070e-14 -1.130000e-12 0.000000e+00 7.000000e-19
-1.140000e+00 -1.140000e+00 -6.000000e-01 1.196000e-12 -5.604400e-14 -1.140000e-12 0.000000e+00 4.400000e-17
-1.150000e+00 -1.150000e+00 -6.000000e-01 1.206200e-12 -5.618720e-14 -1.150000e-12 0.000000e+00 1.280000e-17
-1.160000e+00 -1.160000e+00 -6.000000e-01 1.216300e-12 -5.633050e-14 -1.160000e-12 0.000000e+00 3.050000e-17
-1.170000e+00 -1.170000e+00 -6.000000e-01 1.226500e-12 -5.647380e-14 -1.170000e-12 0.000000e+00 2.620000e-17
-1.180000e+00 -1.180000e+00 -6.000000e-01 1.236600e-12 -5.661710e-14 -1.180000e-12 0.000000e+00 1.710000e-17
-1.190000e+00 -1.190000e+00 -6.000000e-01 1.246800e-12 -5.676040e-14 -1.190000e-12 0.000000e+00 3.960000e-17
-1.200000e+00 -1.200000e+00 -6.000000e-01 1.256900e-12 -5.690370e-14 -1.200000e-12 0.000000e+00 3.700000e-18
0.000000e+00 0.000000e+00 -8.000000e-01 0.000000e+00 0.000000e+00 0.000000e+00 0.000000e+00 0.000000e+00
-1.000000e-02 -1.000000e-02 -8.000000e-01 1.798909e-13 -1.698909e-13 -1.000000e-14 0.000000e+00 1.893266e-29
-2.000000e-02 -2.000000e-02 -8.000000e-01 3.498283e-13 -3.298283e-13 -2.000000e-14 0.000000e+00 1.262177e-29
-3.000000e-02 -3.000000e-02 -8.000000e-01 5.098352e-13 -4.798352e-13 -3.000000e-14 0.000000e+00 3.155444e-29
-4.000000e-02 -4.000000e-02 -8.000000e-01 6.599411e-13 -6.199411e-13 -4.000000e-14 0.000000e+00 2.524355e-29
-5.000000e-02 -5.000000e-02 -8.000000e-01 8.001837e-13 -7.501837e-13 -5.000000e-14 0.000000e+00 8.835242e-29
-6.000000e-02 -6.000000e-02 -8.000000e-01 9.306124e-13 -8.706124e-13 -6.000000e-14 0.000000e+00 6.310887e-29
-7.000000e-02 -7.000000e-02 -8.000000e-01 1.051300e-12 -9.812917e-13 -7.000000e-14 0.000000e+00 8.300000e-18
-8.000000e-02 -8.000000e-02 -8.000000e-01 1.162300e-12 -1.082300e-12 -8.000000e-14 0.000000e+00 5.048710e-29
-9.000000e-02 -9.000000e-02 -8.000000e-01 1.263800e-12 -1.173800e-12 -9.000000e-14 0.000000e+00 1.262177e-29
-1.000000e-01 -1.000000e-01 -8.000000e-01 1.355800e-12 -1.255800e-12 -1.000000e-13 0.000000e+00 2.524355e-29
-1.100000e-01 -1.100000e-01 -8.000000e-01 1.438700e-12 -1.328700e-12 -1.100000e-13 0.000000e+00 1.262177e-28
-1.200000e-01 -1.200000e-01 -8.000000e-01 1.512600e-12 -1.392600e-12 -1.200000e-13 0.000000e+00 1.262177e-28
-1.300000e-01 -1.300000e-01 -8.000000e-01 1.578000e-12 -1.448000e-12 -1.300000e-13 0.000000e+00 5.048710e-29
-1.400000e-01 -1.400000e-01 -8.000000e-01 1.635200e-12 -1.495200e-12 -1.400000e-13 0.000000e+00 2.019484e-28
-1.500000e-01 -1.500000e-01 -8.000000e-01 1.684900e-12 -1.534900e-12 -1.500000e-13 0.000000e+00 1.514613e-28
-1.600000e-01 -1.600000e-01 -8.000000e-01 1.727600e-12 -1.567600e-12 -1.600000e-13 0.000000e+00 1.009742e-28
-1.700000e-01 -1.700000e-01 -8.000000e-01 1.764300e-12 -1.594300e-12 -1.700000e-13 0.000000e+00 1.262177e-28
-1.800000e-01 -1.800000e-01 -8.000000e-01 1.795800e-12 -1.615800e-12 -1.800000e-13 0.000000e+00 2.271919e-28
-1.900000e-01 -1.900000e-01 -8.000000e-01 1.822900e-12 -1.632900e-12 -1.900000e-13 0.000000e+00 2.271919e-28
-2.000000e-01 -2.000000e-01 -8.000000e-01 1.846500e-12 -1.646500e-12 -2.000000e-13 0.000000e+00 2.524355e-28
-2.100000e-01 -2.100000e-01 -8.000000e-01 1.867300e-12 -1.657300e-12 -2.100000e-13 0.000000e+00 1.009742e-28
-2.200000e-01 -2.200000e-01 -8.000000e-01 1.885900e-12 -1.665900e-12 -2.200000e-13 0.000000e+00 1.514613e-28
-2.300000e-01 -2.300000e-01 -8.000000e-01 1.903000e-12 -1.673000e-12 -2.300000e-13 0.000000e+00 2.019484e-28
-2.400000e-01 -2.400000e-01 -8.000000e-01 1.918700e-12 -1.678700e-12 -2.400000e-13 0.000000e+00 2.524355e-28
-2.500000e-01 -2.500000e-01 -8.000000e-01 1.933500e-12 -1.683500e-12 -2.500000e-13 0.000000e+00 2.524355e-28
-2.600000e-01 -2.600000e-01 -8.000000e-01 1.947700e-12 -1.687700e-12 -2.600000e-13 0.000000e+00 1.009742e-28
-2.700000e-01 -2.700000e-01 -8.000000e-01 1.961200e-12 -1.691200e-12 -2.700000e-13 0.000000e+00 2.524355e-28
-2.800000e-01 -2.800000e-01 -8.000000e-01 1.974400e-12 -1.694400e-12 -2.800000e-13 0.000000e+00 2.019484e-28
-2.900000e-01 -2.900000e-01 -8.000000e-01 1.987200e-12 -1.697200e-12 -2.900000e-13 0.000000e+00 2.524355e-28
-3.000000e-01 -3.000000e-01 -8.000000e-01 1.999800e-12 -1.699800e-12 -3.000000e-13 0.000000e+00 1.009742e-28
-3.100000e-01 -3.100000e-01 -8.000000e-01 2.012200e-12 -1.702200e-12 -3.100000e-13 0.000000e+00 1.514613e-28
-3.200000e-01 -3.200000e-01 -8.000000e-01 2.024400e-12 -1.704400e-12 -3.200000e-13 0.000000e+00 2.019484e-28
-3.300000e-01 -3.300000e-01 -8.000000e-01 2.036500e-12 -1.706500e-12 -3.300000e-13 0.000000e+00 2.019484e-28
-3.400000e-01 -3.400000e-01 -8.000000e-01 2.048500e-12 -1.708500e-12 -3.400000e-13 0.000000e+00 1.514613e-28
-3.500000e-01 -3.500000e-01 -8.000000e-01 2.060500e-12 -1.710500e-12 -3.500000e-13 0.000000e+00 5.048710e-28
-3.600000e-01 -3.600000e-01 -8.000000e-01 2.072300e-12 -1.712300e-12 -3.600000e-13 0.000000e+00 5.048710e-29
-3.700000e-01 -3.700000e-01 -8.000000e-01 2.084200e-12 -1.714200e-12 -3.700000e-13 0.000000e+00 0.000000e+00
-3.800000e-01 -3.800000e-01 -8.000000e-01 2.095900e-12 -1.715900e-12 -3.800000e-13 0.000000e+00 5.048710e-29
-3.900000e-01 -3.900000e-01 -8.000000e-01 2.107600e-12 -1.717600e-12 -3.900000e-13 0.000000e+00 1.009742e-28
-4.000000e-01 -4.000000e-01 -8.000000e-01 2.119300e-12 -1.719300e-12 -4.000000e-13 0.000000e+00 1.009742e-28
-4.100000e-01 -4.100000e-01 -8.000000e-01 2.131000e-12 -1.721000e-12 -4.100000e-13 0.000000e+00 3.534097e-28
-4.200000e-01 -4.200000e-01 -8.000000e-01 2.142700e-12 -1.722700e-12 -4.200000e-13 0.000000e+00 2.019484e-28
-4.300000e-01 -4.300000e-01 -8.000000e-01 2.154300e-12 -1.724300e-12 -4.300000e-13 0.000000e+00 3.534097e-28
-4.400000e-01 -4.400000e-01 -8.000000e-01 2.165900e-12 -1.725900e-12 -4.400000e-13 0.000000e+00 3.029226e-28
-4.500000e-01 -4.500000e-01 -8.000000e-01 2.177500e-12 -1.727500e-12 -4.500000e-13 0.000000e+00 2.524355e-28
-4.600000e-01 -4.600000e-01 -8.000000e-01 2.189100e-12 -1.729100e-12 -4.600000e-13 0.000000e+00 4.038968e-28
-4.700000e-01 -4.700000e-01 -8.000000e-01 2.200600e-12 -1.730600e-12 -4.700000e-13 0.000000e+00 2.019484e-28
-4.800000e-01 -4.800000e-01 -8.000000e-01 2.212200e-12 -1.732200e-12 -4.800000e-13 0.000000e+00 3.029226e-28
-4.900000e-01 -4.900000e-01 -8.000000e-01 2.223700e-12 -1.733700e-12 -4.900000e-13 0.000000e+00 1.009742e-28
-5.000000e-01 -5.000000e-01 -8.000000e-01 2.235300e-12 -1.735300e-12 -5.000000e-13 0.000000e+00 1.009742e-28
-5.100000e-01 -5.100000e-01 -8.000000e-01 2.246800e-12 -1.736800e-12 -5.100000e-13 0.000000e+00 2.019484e-28
-5.200000e-01 -5.200000e-01 -8.000000e-01 2.258400e-12 -1.738400e-12 -5.200000e-13 0.000000e+00 2.019484e-28
-5.300000e-01 -5.300000e-01 -8.000000e-01 2.269900e-12 -1.739900e-12 -5.300000e-13 0.000000e+00 1.009742e-28
-5.400000e-01 -5.400000e-01 -8.000000e-01 2.281400e-12 -1.741400e-12 -5.400000e-13 0.000000e+00 1.009742e-28
-5.500000e-01 -5.500000e-01 -8.000000e-01 2.292900e-12 -1.742900e-12 -5.500000e-13 0.000000e+00 2.019484e-28
-5.600000e-01 -5.600000e-01 -8.000000e-01 2.304400e-12 -1.744400e-12 -5.600000e-13 0.000000e+00 2.019484e-28
-5.700000e-01 -5.700000e-01 -8.000000e-01 2.315900e-12 -1.745900e-12 -5.700000e-13 0.000000e+00 2.019484e-28
-5.800000e-01 -5.800000e-01 -8.000000e-01 2.327400e-12 -1.747400e-12 -5.800000e-13 0.000000e+00 1.009742e-28
-5.900000e-01 -5.900000e-01 -8.000000e-01 2.339000e-12 -1.749000e-12 -5.900000e-13 0.000000e+00 1.009742e-28
-6.000000e-01 -6.000000e-01 -8.000000e-01 2.350500e-12 -1.750500e-12 -6.000000e-13 0.000000e+00 2.019484e-28
-6.100000e-01 -6.100000e-01 -8.000000e-01 2.362000e-12 -1.752000e-12 -6.100000e-13 0.000000e+00 2.019484e-28
-6.200000e-01 -6.200000e-01 -8.000000e-01 2.373500e-12 -1.753500e-12 -6.200000e-13 0.000000e+00 1.009742e-28
-6.300000e-01 -6.300000e-01 -8.000000e-01 2.384900e-12 -1.754900e-12 -6.300000e-13 0.000000e+00 1.009742e-28
-6.400000e-01 -6.400000e-01 -8.000000e-01 2.396400e-12 -1.756400e-12 -6.400000e-13 0.000000e+00 2.019484e-28
-6.500000e-01 -6.500000e-01 -8.000000e-01 2.407900e-12 -1.757900e-12 -6.500000e-13 0.000000e+00 2.019484e-28
-6.600000e-01 -6.600000e-01 -8.000000e-01 2.419400e-12 -1.759400e-12 -6.600000e-13 0.000000e+00 0.000000e+00
-6.700000e-01 -6.700000e-01 -8.000000e-01 2.430900e-12 -1.760900e-12 -6.700000e-13 0.000000e+00 3.029226e-28
-6.800000e-01 -6.800000e-01 -8.000000e-01 2.442400e-12 -1.762400e-12 -6.800000e-13 0.000000e+00 3.029226e-28
-6.900000e-01 -6.900000e-01 -8.000000e-01 2.453900e-12 -1.763900e-12 -6.900000e-13 0.000000e+00 2.019484e-28
-7.000000e-01 -7.000000e-01 -8.000000e-01 2.465400e-12 -1.765400e-12 -7.000000e-13 0.000000e+00 6.058452e-28
-7.100000e-01 -7.100000e-01 -8.000000e-01 2.476900e-12 -1.766900e-12 -7.100000e-13 0.000000e+00 1.009742e-28
-7.200000e-01 -7.200000e-01 -8.000000e-01 2.488300e-12 -1.768300e-12 -7.200000e-13 0.000000e+00 3.029226e-28
-7.300000e-01 -7.300000e-01 -8.000000e-01 2.499800e-12 -1.769800e-12 -7.300000e-13 0.000000e+00 1.009742e-28
-7.400000e-01 -7.400000e-01 -8.000000e-01 2.511300e-12 -1.771300e-12 -7.400000e-13 0.000000e+00 2.019484e-28
-7.500000e-01 -7.500000e-01 -8.000000e-01 2.522800e-12 -1.772800e-12 -7.500000e-13 0.000000e+00 2.019484e-28
-7.600000e-01 -7.600000e-01 -8.000000e-01 2.534300e-12 -1.774300e-12 -7.600000e-13 0.000000e+00 3.029226e-28
-7.700000e-01 -7.700000e-01 -8.000000e-01 2.545800e-12 -1.775800e-12 -7.700000e-13 0.000000e+00 1.009742e-28
-7.800000e-01 -7.800000e-01 -8.000000e-01 2.557200e-12 -1.777200e-12 -7.800000e-13 0.000000e+00 0.000000e+00
-7.900000e-01 -7.900000e-01 -8.000000e-01 2.568700e-12 -1.778700e-12 -7.900000e-13 0.000000e+00 2.019484e-28
-8.000000e-01 -8.000000e-01 -8.000000e-01 2.580200e-12 -1.780200e-12 -8.000000e-13 0.000000e+00 2.019484e-28
-8.100000e-01 -8.100000e-01 -8.000000e-01 2.591700e-12 -1.781700e-12 -8.100000e-13 0.000000e+00 1.009742e-28
-8.200000e-01 -8.200000e-01 -8.000000e-01 2.603200e-12 -1.783200e-12 -8.200000e-13 0.000000e+00 1.009742e-28
-8.300000e-01 -8.300000e-01 -8.000000e-01 2.614600e-12 -1.784600e-12 -8.300000e-13 0.000000e+00 2.019484e-28
-8.400000e-01 -8.400000e-01 -8.000000e-01 2.626100e-12 -1.786100e-12 -8.400000e-13 0.000000e+00 2.019484e-28
-8.500000e-01 -8.500000e-01 -8.000000e-01 2.637600e-12 -1.787600e-12 -8.500000e-13 0.000000e+00 1.009742e-28
-8.600000e-01 -8.600000e-01 -8.000000e-01 2.649100e-12 -1.789100e-12 -8.600000e-13 0.000000e+00 3.029226e-28
-8.700000e-01 -8.700000e-01 -8.000000e-01 2.660500e-12 -1.790500e-12 -8.700000e-13 0.000000e+00 1.009742e-28
-8.800000e-01 -8.800000e-01 -8.000000e-01 2.672000e-12 -1.792000e-12 -8.800000e-13 0.000000e+00 2.019484e-28
-8.900000e-01 -8.900000e-01 -8.000000e-01 2.683500e-12 -1.793500e-12 -8.900000e-13 0.000000e+00 0.000000e+00
-9.000000e-01 -9.000000e-01 -8.000000e-01 2.695000e-12 -1.795000e-12 -9.000000e-13 0.000000e+00 3.029226e-28
-9.100000e-01 -9.100000e-01 -8.000000e-01 2.706400e-12 -1.796400e-12 -9.100000e-13 0.000000e+00 2.019484e-28
-9.200000e-01 -9.200000e-01 -8.000000e-01 2.717900e-12 -1.797900e-12 -9.200000e-13 0.000000e+00 2.019484e-28
-9.300000e-01 -9.300000e-01 -8.000000e-01 2.729400e-12 -1.799400e-12 -9.300000e-13 0.000000e+00 0.000000e+00
-9.400000e-01 -9.400000e-01 -8.000000e-01 2.740900e-12 -1.800900e-12 -9.400000e-13 0.000000e+00 2.019484e-28
-9.500000e-01 -9.500000e-01 -8.000000e-01 2.752400e-12 -1.802400e-12 -9.500000e-13 0.000000e+00 4.038968e-28
-9.600000e-01 -9.600000e-01 -8.000000e-01 2.763800e-12 -1.803800e-12 -9.600000e-13 0.000000e+00 6.058452e-28
-9.700000e-01 -9.700000e-01 -8.000000e-01 2.775300e-12 -1.805300e-12 -9.700000e-13 0.000000e+00 2.019484e-28
-9.800000e-01 -9.800000e-01 -8.000000e-01 2.786800e-12 -1.806800e-12 -9.800000e-13 0.000000e+00 2.019484e-28
-9.900000e-01 -9.900000e-01 -8.000000e-01 2.798300e-12 -1.808300e-12 -9.900000e-13 0.000000e+00 2.019484e-28
-1.000000e+00 -1.000000e+00 -8.000000e-01 2.809700e-12 -1.809700e-12 -1.000000e-12 0.000000e+00 4.038968e-28
-1.010000e+00 -1.010000e+00 -8.000000e-01 2.821200e-12 -1.811200e-12 -1.010000e-12 0.000000e+00 4.038968e-28
-1.020000e+00 -1.020000e+00 -8.000000e-01 2.832700e-12 -1.812700e-12 -1.020000e-12 0.000000e+00 2.019484e-28
-1.030000e+00 -1.030000e+00 -8.000000e-01 2.844200e-12 -1.814200e-12 -1.030000e-12 0.000000e+00 2.019484e-28
-1.040000e+00 -1.040000e+00 -8.000000e-01 2.855600e-12 -1.815600e-12 -1.040000e-12 0.000000e+00 4.038968e-28
-1.050000e+00 -1.050000e+00 -8.000000e-01 2.867100e-12 -1.817100e-12 -1.050000e-12 0.000000e+00 4.038968e-28
-1.060000e+00 -1.060000e+00 -8.000000e-01 2.878600e-12 -1.818600e-12 -1.060000e-12 0.000000e+00 2.019484e-28
-1.070000e+00 -1.070000e+00 -8.000000e-01 2.890000e-12 -1.820000e-12 -1.070000e-12 0.000000e+00 0.000000e+00
-1.080000e+00 -1.080000e+00 -8.000000e-01 2.901500e-12 -1.821500e-12 -1.080000e-12 0.000000e+00 2.019484e-28
-1.090000e+00 -1.090000e+00 -8.000000e-01 2.913000e-12 -1.823000e-12 -1.090000e-12 0.000000e+00 0.000000e+00
-1.100000e+00 -1.100000e+00 -8.000000e-01 2.924500e-12 -1.824500e-12 -1.100000e-12 0.000000e+00 4.038968e-28
-1.110000e+00 -1.110000e+00 -8.000000e-01 2.935900e-12 -1.825900e-12 -1.110000e-12 0.000000e+00 2.019484e-28
-1.120000e+00 -1.120000e+00 -8.000000e-01 2.947400e-12 -1.827400e-12 -1.120000e-12 0.000000e+00 0.000000e+00
-1.130000e+00 -1.130000e+00 -8.000000e-01 2.958900e-12 -1.828900e-12 -1.130000e-12 0.000000e+00 0.000000e+00
-1.140000e+00 -1.140000e+00 -8.000000e-01 2.970400e-12 -1.830400e-12 -1.140000e-12 0.000000e+00 2.019484e-28
-1.150000e+00 -1.150000e+00 -8.000000e-01 2.981800e-12 -1.831800e-12 -1.150000e-12 0.000000e+00 2.019484e-28
-1.160000e+00 -1.160000e+00 -8.000000e-01 2.993300e-12 -1.833300e-12 -1.160000e-12 0.000000e+00 4.038968e-28
-1.170000e+00 -1.170000e+00 -8.000000e-01 3.004800e-12 -1.834800e-12 -1.170000e-12 0.000000e+00 2.019484e-28
-1.180000e+00 -1.180000e+00 -8.000000e-01 3.016300e-12 -1.836300e-12 -1.180000e-12 0.000000e+00 0.000000e+00
-1.190000e+00 -1.190000e+00 -8.000000e-01 3.027700e-12 -1.837700e-12 -1.190000e-12 0.000000e+00 0.000000e+00
-1.200000e+00 -1.200000e+00 -8.000000e-01 3.039200e-12 -1.839200e-12 -1.200000e-12 0.000000e+00 2.019484e-28
0.000000e+00 0.000000e+00 -1.000000e+00 0.000000e+00 0.000000e+00 0.000000e+00 0.000000e+00 0.000000e+00
-1.000000e-02 -1.000000e-02 -1.000000e+00 3.297879e-13 -3.197879e-13 -1.000000e-14 0.000000e+00 6.310887e-30
-2.000000e-02 -2.000000e-02 -1.000000e+00 6.498989e-13 -6.298989e-13 -2.000000e-14 0.000000e+00 1.262177e-29
-3.000000e-02 -3.000000e-02 -1.000000e+00 9.603363e-13 -9.303363e-13 -3.000000e-14 0.000000e+00 6.941976e-29
-4.000000e-02 -4.000000e-02 -1.000000e+00 1.261100e-12 -1.221100e-12 -4.000000e-14 0.000000e+00 2.524355e-29
-5.000000e-02 -5.000000e-02 -1.000000e+00 1.552200e-12 -1.502200e-12 -5.000000e-14 0.000000e+00 1.262177e-29
-6.000000e-02 -6.000000e-02 -1.000000e+00 1.833600e-12 -1.773600e-12 -6.000000e-14 0.000000e+00 2.650573e-28
-7.000000e-02 -7.000000e-02 -1.000000e+00 2.105400e-12 -2.035400e-12 -7.000000e-14 0.000000e+00 1.009742e-28
-8.000000e-02 -8.000000e-02 -1.000000e+00 2.367600e-12 -2.287600e-12 -8.000000e-14 0.000000e+00 5.048710e-29
-9.000000e-02 -9.000000e-02 -1.000000e+00 2.620100e-12 -2.530100e-12 -9.000000e-14 0.000000e+00 1.893266e-28
-1.000000e-01 -1.000000e-01 -1.000000e+00 2.863000e-12 -2.763000e-12 -1.000000e-13 0.000000e+00 2.524355e-29
-1.100000e-01 -1.100000e-01 -1.000000e+00 3.096200e-12 -2.986200e-12 -1.100000e-13 0.000000e+00 1.262177e-28
-1.200000e-01 -1.200000e-01 -1.000000e+00 3.319900e-12 -3.199900e-12 -1.200000e-13 0.000000e+00 2.776790e-28
-1.300000e-01 -1.300000e-01 -1.000000e+00 3.533900e-12 -3.403900e-12 -1.300000e-13 0.000000e+00 5.048710e-29
-1.400000e-01 -1.400000e-01 -1.000000e+00 3.738400e-12 -3.598400e-12 -1.400000e-13 0.000000e+00 2.019484e-28
-1.500000e-01 -1.500000e-01 -1.000000e+00 3.933400e-12 -3.783400e-12 -1.500000e-13 0.000000e+00 5.048710e-29
-1.600000e-01 -1.600000e-01 -1.000000e+00 4.118800e-12 -3.958800e-12 -1.600000e-13 0.000000e+00 1.009742e-28
-1.700000e-01 -1.700000e-01 -1.000000e+00 4.294700e-12 -4.124700e-12 -1.700000e-13 0.000000e+00 5.301145e-28
-1.800000e-01 -1.800000e-01 -1.000000e+00 4.461200e-12 -4.281200e-12 -1.800000e-13 0.000000e+00 3.786532e-28
-1.900000e-01 -1.900000e-01 -1.000000e+00 4.618300e-12 -4.428300e-12 -1.900000e-13 0.000000e+00 1.034986e-27
-2.000000e-01 -2.000000e-01 -1.000000e+00 4.766100e-12 -4.566100e-12 -2.000000e-13 0.000000e+00 7.573065e-28
-2.100000e-01 -2.100000e-01 -1.000000e+00 4.904600e-12 -4.694600e-12 -2.100000e-13 0.000000e+00 7.068194e-28
-2.200000e-01 -2.200000e-01 -1.000000e+00 5.033900e-12 -4.813900e-12 -2.200000e-13 0.000000e+00 2.524355e-28
-2.300000e-01 -2.300000e-01 -1.000000e+00 5.154200e-12 -4.924200e-12 -2.300000e-13 0.000000e+00 4.038968e-28
-2.400000e-01 -2.400000e-01 -1.000000e+00 5.265500e-12 -5.025500e-12 -2.400000e-13 0.000000e+00 2.524355e-28
-2.500000e-01 -2.500000e-01 -1.000000e+00 5.368100e-12 -5.118100e-12 -2.500000e-13 0.000000e+00 5.048710e-29
-2.600000e-01 -2.600000e-01 -1.000000e+00 5.462100e-12 -5.202100e-12 -2.600000e-13 0.000000e+00 9.087678e-28
-2.700000e-01 -2.700000e-01 -1.000000e+00 5.547800e-12 -5.277800e-12 -2.700000e-13 0.000000e+00 5.553581e-28
-2.800000e-01 -2.800000e-01 -1.000000e+00 5.625600e-12 -5.345600e-12 -2.800000e-13 0.000000e+00 4.038968e-28
-2.900000e-01 -2.900000e-01 -1.000000e+00 5.695700e-12 -5.405700e-12 -2.900000e-13 0.000000e+00 2.524355e-28
-3.000000e-01 -3.000000e-01 -1.000000e+00 5.758600e-12 -5.458600e-12 -3.000000e-13 0.000000e+00 7.068194e-28
-3.100000e-01 -3.100000e-01 -1.000000e+00 5.814700e-12 -5.504700e-12 -3.100000e-13 0.000000e+00 8.582807e-28
-3.200000e-01 -3.200000e-01 -1.000000e+00 5.864700e-12 -5.544700e-12 -3.200000e-13 0.000000e+00 2.019484e-28
-3.300000e-01 -3.300000e-01 -1.000000e+00 5.909100e-12 -5.579100e-12 -3.300000e-13 0.000000e+00 4.038968e-28
-3.400000e-01 -3.400000e-01 -1.000000e+00 5.948500e-12 -5.608500e-12 -3.400000e-13 0.000000e+00 5.553581e-28
-3.500000e-01 -3.500000e-01 -1.000000e+00 5.983500e-12 -5.633500e-12 -3.500000e-13 0.000000e+00 7.068194e-28
-3.600000e-01 -3.600000e-01 -1.000000e+00 6.014700e-12 -5.654700e-12 -3.600000e-13 0.000000e+00 5.048710e-29
-3.700000e-01 -3.700000e-01 -1.000000e+00 6.042800e-12 -5.672800e-12 -3.700000e-13 0.000000e+00 6.058452e-28
-3.800000e-01 -3.800000e-01 -1.000000e+00 6.068100e-12 -5.688100e-12 -3.800000e-13 0.000000e+00 4.543839e-28
-3.900000e-01 -3.900000e-01 -1.000000e+00 6.091300e-12 -5.701300e-12 -3.900000e-13 0.000000e+00 5.048710e-28
-4.000000e-01 -4.000000e-01 -1.000000e+00 6.112500e-12 -5.712500e-12 -4.000000e-13 0.000000e+00 1.009742e-28
-4.100000e-01 -4.100000e-01 -1.000000e+00 6.132300e-12 -5.722300e-12 -4.100000e-13 0.000000e+00 5.048710e-29
-4.200000e-01 -4.200000e-01 -1.000000e+00 6.150900e-12 -5.730900e-12 -4.200000e-13 0.000000e+00 6.058452e-28
-4.300000e-01 -4.300000e-01 -1.000000e+00 6.168500e-12 -5.738500e-12 -4.300000e-13 0.000000e+00 4.543839e-28
-4.400000e-01 -4.400000e-01 -1.000000e+00 6.185200e-12 -5.745200e-12 -4.400000e-13 0.000000e+00 5.048710e-28
-4.500000e-01 -4.500000e-01 -1.000000e+00 6.201300e-12 -5.751300e-12 -4.500000e-13 0.000000e+00 1.514613e-28
-4.600000e-01 -4.600000e-01 -1.000000e+00 6.216900e-12 -5.756900e-12 -4.600000e-13 0.000000e+00 0.000000e+00
-4.700000e-01 -4.700000e-01 -1.000000e+00 6.232000e-12 -5.762000e-12 -4.700000e-13 0.000000e+00 1.009742e-27
-4.800000e-01 -4.800000e-01 -1.000000e+00 6.246800e-12 -5.766800e-12 -4.800000e-13 0.000000e+00 3.029226e-28
-4.900000e-01 -4.900000e-01 -1.000000e+00 6.261200e-12 -5.771200e-12 -4.900000e-13 0.000000e+00 1.110716e-27
-5.000000e-01 -5.000000e-01 -1.000000e+00 6.275400e-12 -5.775400e-12 -5.000000e-13 0.000000e+00 7.068194e-28
-5.100000e-01 -5.100000e-01 -1.000000e+00 6.289400e-12 -5.779400e-12 -5.100000e-13 0.000000e+00 0.000000e+00
-5.200000e-01 -5.200000e-01 -1.000000e+00 6.303200e-12 -5.783200e-12 -5.200000e-13 0.000000e+00 2.019484e-28
-5.300000e-01 -5.300000e-01 -1.000000e+00 6.316900e-12 -5.786900e-12 -5.300000e-13 0.000000e+00 3.029226e-28
-5.400000e-01 -5.400000e-01 -1.000000e+00 6.330400e-12 -5.790400e-12 -5.400000e-13 0.000000e+00 3.029226e-28
-5.500000e-01 -5.500000e-01 -1.000000e+00 6.343800e-12 -5.793800e-12 -5.500000e-13 0.000000e+00 2.019484e-28
-5.600000e-01 -5.600000e-01 -1.000000e+00 6.357200e-12 -5.797200e-12 -5.600000e-13 0.000000e+00 8.077936e-28
-5.700000e-01 -5.700000e-01 -1.000000e+00 6.370500e-12 -5.800500e-12 -5.700000e-13 0.000000e+00 6.058452e-28
-5.800000e-01 -5.800000e-01 -1.000000e+00 6.383700e-12 -5.803700e-12 -5.800000e-13 0.000000e+00 3.029226e-28
-5.900000e-01 -5.900000e-01 -1.000000e+00 6.396800e-12 -5.806800e-12 -5.900000e-13 0.000000e+00 3.029226e-28
-6.000000e-01 -6.000000e-01 -1.000000e+00 6.409900e-12 -5.809900e-12 -6.000000e-13 0.000000e+00 2.019484e-28
-6.100000e-01 -6.100000e-01 -1.000000e+00 6.422900e-12 -5.812900e-12 -6.100000e-13 0.000000e+00 0.000000e+00
-6.200000e-01 -6.200000e-01 -1.000000e+00 6.435900e-12 -5.815900e-12 -6.200000e-13 0.000000e+00 1.009742e-28
-6.300000e-01 -6.300000e-01 -1.000000e+00 6.448900e-12 -5.818900e-12 -6.300000e-13 0.000000e+00 3.029226e-28
-6.400000e-01 -6.400000e-01 -1.000000e+00 6.461900e-12 -5.821900e-12 -6.400000e-13 0.000000e+00 4.038968e-28
-6.500000e-01 -6.500000e-01 -1.000000e+00 6.474800e-12 -5.824800e-12 -6.500000e-13 0.000000e+00 2.019484e-28
-6.600000e-01 -6.600000e-01 -1.000000e+00 6.487700e-12 -5.827700e-12 -6.600000e-13 0.000000e+00 0.000000e+00
-6.700000e-01 -6.700000e-01 -1.000000e+00 6.500500e-12 -5.830500e-12 -6.700000e-13 0.000000e+00 1.009742e-28
-6.800000e-01 -6.800000e-01 -1.000000e+00 6.513400e-12 -5.833400e-12 -6.800000e-13 0.000000e+00 3.029226e-28
-6.900000e-01 -6.900000e-01 -1.000000e+00 6.526200e-12 -5.836200e-12 -6.900000e-13 0.000000e+00 4.038968e-28
-7.000000e-01 -7.000000e-01 -1.000000e+00 6.539100e-12 -5.839100e-12 -7.000000e-13 0.000000e+00 2.019484e-28
-7.100000e-01 -7.100000e-01 -1.000000e+00 6.551900e-12 -5.841900e-12 -7.100000e-13 0.000000e+00 1.009742e-28
-7.200000e-01 -7.200000e-01 -1.000000e+00 6.564700e-12 -5.844700e-12 -7.200000e-13 0.000000e+00 9.087678e-28
-7.300000e-01 -7.300000e-01 -1.000000e+00 6.577500e-12 -5.847500e-12 -7.300000e-13 0.000000e+00 5.048710e-28
-7.400000e-01 -7.400000e-01 -1.000000e+00 6.590200e-12 -5.850200e-12 -7.400000e-13 0.000000e+00 4.038968e-28
-7.500000e-01 -7.500000e-01 -1.000000e+00 6.603000e-12 -5.853000e-12 -7.500000e-13 0.000000e+00 2.019484e-28
-7.600000e-01 -7.600000e-01 -1.000000e+00 6.615800e-12 -5.855800e-12 -7.600000e-13 0.000000e+00 1.009742e-28
-7.700000e-01 -7.700000e-01 -1.000000e+00 6.628500e-12 -5.858500e-12 -7.700000e-13 0.000000e+00 7.068194e-28
-7.800000e-01 -7.800000e-01 -1.000000e+00 6.641300e-12 -5.861300e-12 -7.800000e-13 0.000000e+00 2.019484e-28
-7.900000e-01 -7.900000e-01 -1.000000e+00 6.654000e-12 -5.864000e-12 -7.900000e-13 0.000000e+00 4.038968e-28
-8.000000e-01 -8.000000e-01 -1.000000e+00 6.666800e-12 -5.866800e-12 -8.000000e-13 0.000000e+00 6.058452e-28
-8.100000e-01 -8.100000e-01 -1.000000e+00 6.679500e-12 -5.869500e-12 -8.100000e-13 0.000000e+00 9.087678e-28
-8.200000e-01 -8.200000e-01 -1.000000e+00 6.692200e-12 -5.872200e-12 -8.200000e-13 0.000000e+00 7.068194e-28
-8.300000e-01 -8.300000e-01 -1.000000e+00 6.704900e-12 -5.874900e-12 -8.300000e-13 0.000000e+00 6.058452e-28
-8.400000e-01 -8.400000e-01 -1.000000e+00 6.717700e-12 -5.877700e-12 -8.400000e-13 0.000000e+00 4.038968e-28
-8.500000e-01 -8.500000e-01 -1.000000e+00 6.730400e-12 -5.880400e-12 -8.500000e-13 0.000000e+00 5.048710e-28
-8.600000e-01 -8.600000e-01 -1.000000e+00 6.743100e-12 -5.883100e-12 -8.600000e-13 0.000000e+00 7.068194e-28
-8.700000e-01 -8.700000e-01 -1.000000e+00 6.755800e-12 -5.885800e-12 -8.700000e-13 0.000000e+00 1.009742e-28
-8.800000e-01 -8.800000e-01 -1.000000e+00 6.768500e-12 -5.888500e-12 -8.800000e-13 0.000000e+00 1.009742e-27
-8.900000e-01 -8.900000e-01 -1.000000e+00 6.781200e-12 -5.891200e-12 -8.900000e-13 0.000000e+00 4.038968e-28
-9.000000e-01 -9.000000e-01 -1.000000e+00 6.793900e-12 -5.893900e-12 -9.000000e-13 0.000000e+00 3.029226e-28
-9.100000e-01 -9.100000e-01 -1.000000e+00 6.806600e-12 -5.896600e-12 -9.100000e-13 0.000000e+00 2.019484e-28
-9.200000e-01 -9.200000e-01 -1.000000e+00 6.819300e-12 -5.899300e-12 -9.200000e-13 0.000000e+00 0.000000e+00
-9.300000e-01 -9.300000e-01 -1.000000e+00 6.832000e-12 -5.902000e-12 -9.300000e-13 0.000000e+00 2.019484e-28
-9.400000e-01 -9.400000e-01 -1.000000e+00 6.844700e-12 -5.904700e-12 -9.400000e-13 0.000000e+00 4.038968e-28
-9.500000e-01 -9.500000e-01 -1.000000e+00 6.857400e-12 -5.907400e-12 -9.500000e-13 0.000000e+00 6.058452e-28
-9.600000e-01 -9.600000e-01 -1.000000e+00 6.870100e-12 -5.910100e-12 -9.600000e-13 0.000000e+00 2.019484e-28
-9.700000e-01 -9.700000e-01 -1.000000e+00 6.882800e-12 -5.912800e-12 -9.700000e-13 0.000000e+00 0.000000e+00
-9.800000e-01 -9.800000e-01 -1.000000e+00 6.895500e-12 -5.915500e-12 -9.800000e-13 0.000000e+00 2.019484e-28
-9.900000e-01 -9.900000e-01 -1.000000e+00 6.908100e-12 -5.918100e-12 -9.900000e-13 0.000000e+00 4.038968e-28
-1.000000e+00 -1.000000e+00 -1.000000e+00 6.920800e-12 -5.920800e-12 -1.000000e-12 0.000000e+00 2.019484e-28
-1.010000e+00 -1.010000e+00 -1.000000e+00 6.933500e-12 -5.923500e-12 -1.010000e-12 0.000000e+00 8.077936e-28
-1.020000e+00 -1.020000e+00 -1.000000e+00 6.946200e-12 -5.926200e-12 -1.020000e-12 0.000000e+00 0.000000e+00
-1.030000e+00 -1.030000e+00 -1.000000e+00 6.958900e-12 -5.928900e-12 -1.030000e-12 0.000000e+00 2.019484e-28
-1.040000e+00 -1.040000e+00 -1.000000e+00 6.971600e-12 -5.931600e-12 -1.040000e-12 0.000000e+00 1.211690e-27
-1.050000e+00 -1.050000e+00 -1.000000e+00 6.984200e-12 -5.934200e-12 -1.050000e-12 0.000000e+00 6.058452e-28
-1.060000e+00 -1.060000e+00 -1.000000e+00 6.996900e-12 -5.936900e-12 -1.060000e-12 0.000000e+00 2.019484e-28
-1.070000e+00 -1.070000e+00 -1.000000e+00 7.009600e-12 -5.939600e-12 -1.070000e-12 0.000000e+00 8.077936e-28
-1.080000e+00 -1.080000e+00 -1.000000e+00 7.022300e-12 -5.942300e-12 -1.080000e-12 0.000000e+00 6.058452e-28
-1.090000e+00 -1.090000e+00 -1.000000e+00 7.035000e-12 -5.945000e-12 -1.090000e-12 0.000000e+00 4.038968e-28
-1.100000e+00 -1.100000e+00 -1.000000e+00 7.047600e-12 -5.947600e-12 -1.100000e-12 0.000000e+00 4.038968e-28
-1.110000e+00 -1.110000e+00 -1.000000e+00 7.060300e-12 -5.950300e-12 -1.110000e-12 0.000000e+00 1.009742e-27
-1.120000e+00 -1.120000e+00 -1.000000e+00 7.073000e-12 -5.953000e-12 -1.120000e-12 0.000000e+00 0.000000e+00
-1.130000e+00 -1.130000e+00 -1.000000e+00 7.085700e-12 -5.955700e-12 -1.130000e-12 0.000000e+00 4.038968e-28
-1.140000e+00 -1.140000e+00 -1.000000e+00 7.098300e-12 -5.958300e-12 -1.140000e-12 0.000000e+00 2.019484e-28
-1.150000e+00 -1.150000e+00 -1.000000e+00 7.111000e-12 -5.961000e-12 -1.150000e-12 0.000000e+00 2.019484e-28
-1.160000e+00 -1.160000e+00 -1.000000e+00 7.123700e-12 -5.963700e-12 -1.160000e-12 0.000000e+00 8.077936e-28
-1.170000e+00 -1.170000e+00 -1.000000e+00 7.136400e-12 -5.966400e-12 -1.170000e-12 0.000000e+00 2.019484e-28
-1.180000e+00 -1.180000e+00 -1.000000e+00 7.149000e-12 -5.969000e-12 -1.180000e-12 0.000000e+00 4.038968e-28
-1.190000e+00 -1.190000e+00 -1.000000e+00 7.161700e-12 -5.971700e-12 -1.190000e-12 0.000000e+00 1.211690e-27
-1.200000e+00 -1.200000e+00 -1.000000e+00 7.174400e-12 -5.974400e-12 -1.200000e-12 0.000000e+00 2.019484e-28
0.000000e+00 0.000000e+00 -1.200000e+00 0.000000e+00 0.000000e+00 0.000000e+00 0.000000e+00 0.000000e+00
-1.000000e-02 -1.000000e-02 -1.200000e+00 4.473216e-13 -4.373216e-13 -1.000000e-14 0.000000e+00 6.310887e-30
-2.000000e-02 -2.000000e-02 -1.200000e+00 8.857150e-13 -8.657150e-13 -2.000000e-14 0.000000e+00 1.262177e-29
-3.000000e-02 -3.000000e-02 -1.200000e+00 1.315200e-12 -1.285200e-12 -3.000000e-14 0.000000e+00 6.941976e-29
-4.000000e-02 -4.000000e-02 -1.200000e+00 1.735700e-12 -1.695700e-12 -4.000000e-14 0.000000e+00 2.524355e-29
-5.000000e-02 -5.000000e-02 -1.200000e+00 2.147300e-12 -2.097300e-12 -5.000000e-14 0.000000e+00 1.262177e-29
-6.000000e-02 -6.000000e-02 -1.200000e+00 2.550000e-12 -2.490000e-12 -6.000000e-14 0.000000e+00 2.650573e-28
-7.000000e-02 -7.000000e-02 -1.200000e+00 2.943800e-12 -2.873800e-12 -7.000000e-14 0.000000e+00 1.009742e-28
-8.000000e-02 -8.000000e-02 -1.200000e+00 3.328600e-12 -3.248600e-12 -8.000000e-14 0.000000e+00 3.534097e-28
-9.000000e-02 -9.000000e-02 -1.200000e+00 3.704600e-12 -3.614600e-12 -9.000000e-14 0.000000e+00 6.184669e-28
-1.000000e-01 -1.000000e-01 -1.200000e+00 4.071600e-12 -3.971600e-12 -1.000000e-13 0.000000e+00 2.524355e-29
-1.100000e-01 -1.100000e-01 -1.200000e+00 4.429700e-12 -4.319700e-12 -1.100000e-13 0.000000e+00 1.262177e-28
-1.200000e-01 -1.200000e-01 -1.200000e+00 4.778900e-12 -4.658900e-12 -1.200000e-13 0.000000e+00 2.776790e-28
-1.300000e-01 -1.300000e-01 -1.200000e+00 5.119200e-12 -4.989200e-12 -1.300000e-13 0.000000e+00 3.534097e-28
-1.400000e-01 -1.400000e-01 -1.200000e+00 5.450600e-12 -5.310600e-12 -1.400000e-13 0.000000e+00 2.019484e-28
-1.500000e-01 -1.500000e-01 -1.200000e+00 5.773000e-12 -5.623000e-12 -1.500000e-13 0.000000e+00 5.048710e-29
-1.600000e-01 -1.600000e-01 -1.200000e+00 6.086600e-12 -5.926600e-12 -1.600000e-13 0.000000e+00 1.009742e-28
-1.700000e-01 -1.700000e-01 -1.200000e+00 6.391300e-12 -6.221300e-12 -1.700000e-13 0.000000e+00 2.776790e-28
-1.800000e-01 -1.800000e-01 -1.200000e+00 6.687100e-12 -6.507100e-12 -1.800000e-13 0.000000e+00 3.786532e-28
-1.900000e-01 -1.900000e-01 -1.200000e+00 6.974000e-12 -6.784000e-12 -1.900000e-13 0.000000e+00 5.806016e-28
-2.000000e-01 -2.000000e-01 -1.200000e+00 7.252000e-12 -7.052000e-12 -2.000000e-13 0.000000e+00 5.048710e-29
-2.100000e-01 -2.100000e-01 -1.200000e+00 7.521200e-12 -7.311200e-12 -2.100000e-13 0.000000e+00 1.009742e-28
-2.200000e-01 -2.200000e-01 -1.200000e+00 7.781500e-12 -7.561500e-12 -2.200000e-13 0.000000e+00 2.524355e-28
-2.300000e-01 -2.300000e-01 -1.200000e+00 8.033000e-12 -7.803000e-12 -2.300000e-13 0.000000e+00 1.211690e-27
-2.400000e-01 -2.400000e-01 -1.200000e+00 8.275600e-12 -8.035600e-12 -2.400000e-13 0.000000e+00 5.553581e-28
-2.500000e-01 -2.500000e-01 -1.200000e+00 8.509400e-12 -8.259400e-12 -2.500000e-13 0.000000e+00 7.573065e-28
-2.600000e-01 -2.600000e-01 -1.200000e+00 8.734400e-12 -8.474400e-12 -2.600000e-13 0.000000e+00 9.087678e-28
-2.700000e-01 -2.700000e-01 -1.200000e+00 8.950700e-12 -8.680700e-12 -2.700000e-13 0.000000e+00 5.553581e-28
-2.800000e-01 -2.800000e-01 -1.200000e+00 9.158100e-12 -8.878100e-12 -2.800000e-13 0.000000e+00 4.038968e-28
-2.900000e-01 -2.900000e-01 -1.200000e+00 9.356800e-12 -9.066800e-12 -2.900000e-13 0.000000e+00 2.524355e-28
-3.000000e-01 -3.000000e-01 -1.200000e+00 9.546800e-12 -9.246800e-12 -3.000000e-13 0.000000e+00 1.009742e-28
-3.100000e-01 -3.100000e-01 -1.200000e+00 9.728100e-12 -9.418100e-12 -3.100000e-13 0.000000e+00 5.048710e-29
-3.200000e-01 -3.200000e-01 -1.200000e+00 9.900800e-12 -9.580800e-12 -3.200000e-13 0.000000e+00 2.019484e-28
-3.300000e-01 -3.300000e-01 -1.200000e+00 1.006480e-11 -9.734800e-12 -3.300000e-13 0.000000e+00 4.038968e-28
-3.400000e-01 -3.400000e-01 -1.200000e+00 1.022040e-11 -9.880400e-12 -3.400000e-13 0.000000e+00 5.553581e-28
-3.500000e-01 -3.500000e-01 -1.200000e+00 1.036740e-11 -1.001740e-11 -3.500000e-13 0.000000e+00 7.068194e-28
-3.600000e-01 -3.600000e-01 -1.200000e+00 1.050610e-11 -1.014610e-11 -3.600000e-13 0.000000e+00 7.573065e-28
-3.700000e-01 -3.700000e-01 -1.200000e+00 1.063640e-11 -1.026640e-11 -3.700000e-13 0.000000e+00 6.058452e-28
-3.800000e-01 -3.800000e-01 -1.200000e+00 1.075860e-11 -1.037860e-11 -3.800000e-13 0.000000e+00 4.543839e-28
-3.900000e-01 -3.900000e-01 -1.200000e+00 1.087270e-11 -1.048270e-11 -3.900000e-13 0.000000e+00 1.312665e-27
-4.000000e-01 -4.000000e-01 -1.200000e+00 1.097900e-11 -1.057900e-11 -4.000000e-13 0.000000e+00 1.716561e-27
-4.100000e-01 -4.100000e-01 -1.200000e+00 1.107750e-11 -1.066750e-11 -4.100000e-13 0.000000e+00 5.048710e-29
-4.200000e-01 -4.200000e-01 -1.200000e+00 1.116850e-11 -1.074850e-11 -4.200000e-13 0.000000e+00 2.019484e-28
-4.300000e-01 -4.300000e-01 -1.200000e+00 1.125220e-11 -1.082220e-11 -4.300000e-13 0.000000e+00 3.534097e-28
-4.400000e-01 -4.400000e-01 -1.200000e+00 1.132900e-11 -1.088900e-11 -4.400000e-13 0.000000e+00 2.120458e-27
-4.500000e-01 -4.500000e-01 -1.200000e+00 1.139910e-11 -1.094910e-11 -4.500000e-13 0.000000e+00 6.563323e-28
-4.600000e-01 -4.600000e-01 -1.200000e+00 1.146300e-11 -1.100300e-11 -4.600000e-13 0.000000e+00 2.423381e-27
-4.700000e-01 -4.700000e-01 -1.200000e+00 1.152100e-11 -1.105100e-11 -4.700000e-13 0.000000e+00 6.058452e-28
-4.800000e-01 -4.800000e-01 -1.200000e+00 1.157350e-11 -1.109350e-11 -4.800000e-13 0.000000e+00 5.048710e-28
-4.900000e-01 -4.900000e-01 -1.200000e+00 1.162110e-11 -1.113110e-11 -4.900000e-13 0.000000e+00 3.029226e-28
-5.000000e-01 -5.000000e-01 -1.200000e+00 1.166410e-11 -1.116410e-11 -5.000000e-13 0.000000e+00 1.514613e-27
-5.100000e-01 -5.100000e-01 -1.200000e+00 1.170310e-11 -1.119310e-11 -5.100000e-13 0.000000e+00 0.000000e+00
-5.200000e-01 -5.200000e-01 -1.200000e+00 1.173850e-11 -1.121850e-11 -5.200000e-13 0.000000e+00 1.413639e-27
-5.300000e-01 -5.300000e-01 -1.200000e+00 1.177070e-11 -1.124070e-11 -5.300000e-13 0.000000e+00 1.312665e-27
-5.400000e-01 -5.400000e-01 -1.200000e+00 1.180030e-11 -1.126030e-11 -5.400000e-13 0.000000e+00 1.110716e-27
-5.500000e-01 -5.500000e-01 -1.200000e+00 1.182740e-11 -1.127740e-11 -5.500000e-13 0.000000e+00 6.058452e-28
-5.600000e-01 -5.600000e-01 -1.200000e+00 1.185250e-11 -1.129250e-11 -5.600000e-13 0.000000e+00 2.423381e-27
-5.700000e-01 -5.700000e-01 -1.200000e+00 1.187600e-11 -1.130600e-11 -5.700000e-13 0.000000e+00 1.009742e-27
-5.800000e-01 -5.800000e-01 -1.200000e+00 1.189790e-11 -1.131790e-11 -5.800000e-13 0.000000e+00 1.110716e-27
-5.900000e-01 -5.900000e-01 -1.200000e+00 1.191870e-11 -1.132870e-11 -5.900000e-13 0.000000e+00 3.029226e-28
-6.000000e-01 -6.000000e-01 -1.200000e+00 1.193840e-11 -1.133840e-11 -6.000000e-13 0.000000e+00 2.019484e-28
-6.100000e-01 -6.100000e-01 -1.200000e+00 1.195730e-11 -1.134730e-11 -6.100000e-13 0.000000e+00 0.000000e+00
-6.200000e-01 -6.200000e-01 -1.200000e+00 1.197540e-11 -1.135540e-11 -6.200000e-13 0.000000e+00 1.716561e-27
-6.300000e-01 -6.300000e-01 -1.200000e+00 1.199280e-11 -1.136280e-11 -6.300000e-13 0.000000e+00 1.918510e-27
-6.400000e-01 -6.400000e-01 -1.200000e+00 1.200980e-11 -1.136980e-11 -6.400000e-13 0.000000e+00 4.038968e-28
-6.500000e-01 -6.500000e-01 -1.200000e+00 1.202630e-11 -1.137630e-11 -6.500000e-13 0.000000e+00 6.058452e-28
-6.600000e-01 -6.600000e-01 -1.200000e+00 1.204250e-11 -1.138250e-11 -6.600000e-13 0.000000e+00 8.077936e-28
-6.700000e-01 -6.700000e-01 -1.200000e+00 1.205830e-11 -1.138830e-11 -6.700000e-13 0.000000e+00 9.087678e-28
-6.800000e-01 -6.800000e-01 -1.200000e+00 1.207390e-11 -1.139390e-11 -6.800000e-13 0.000000e+00 5.048710e-28
-6.900000e-01 -6.900000e-01 -1.200000e+00 1.208920e-11 -1.139920e-11 -6.900000e-13 0.000000e+00 2.019484e-27
-7.000000e-01 -7.000000e-01 -1.200000e+00 1.210430e-11 -1.140430e-11 -7.000000e-13 0.000000e+00 2.019484e-28
-7.100000e-01 -7.100000e-01 -1.200000e+00 1.211920e-11 -1.140920e-11 -7.100000e-13 0.000000e+00 1.009742e-28
-7.200000e-01 -7.200000e-01 -1.200000e+00 1.213400e-11 -1.141400e-11 -7.200000e-13 0.000000e+00 1.009742e-28
-7.300000e-01 -7.300000e-01 -1.200000e+00 1.214870e-11 -1.141870e-11 -7.300000e-13 0.000000e+00 3.029226e-28
-7.400000e-01 -7.400000e-01 -1.200000e+00 1.216320e-11 -1.142320e-11 -7.400000e-13 0.000000e+00 1.211690e-27
-7.500000e-01 -7.500000e-01 -1.200000e+00 1.217770e-11 -1.142770e-11 -7.500000e-13 0.000000e+00 1.009742e-27
-7.600000e-01 -7.600000e-01 -1.200000e+00 1.219200e-11 -1.143200e-11 -7.600000e-13 0.000000e+00 9.087678e-28
-7.700000e-01 -7.700000e-01 -1.200000e+00 1.220630e-11 -1.143630e-11 -7.700000e-13 0.000000e+00 9.087678e-28
-7.800000e-01 -7.800000e-01 -1.200000e+00 1.222050e-11 -1.144050e-11 -7.800000e-13 0.000000e+00 6.058452e-28
-7.900000e-01 -7.900000e-01 -1.200000e+00 1.223470e-11 -1.144470e-11 -7.900000e-13 0.000000e+00 1.211690e-27
-8.000000e-01 -8.000000e-01 -1.200000e+00 1.224880e-11 -1.144880e-11 -8.000000e-13 0.000000e+00 1.817536e-27
-8.100000e-01 -8.100000e-01 -1.200000e+00 1.226290e-11 -1.145290e-11 -8.100000e-13 0.000000e+00 1.009742e-28
-8.200000e-01 -8.200000e-01 -1.200000e+00 1.227690e-11 -1.145690e-11 -8.200000e-13 0.000000e+00 1.009742e-28
-8.300000e-01 -8.300000e-01 -1.200000e+00 1.229090e-11 -1.146090e-11 -8.300000e-13 0.000000e+00 1.413639e-27
-8.400000e-01 -8.400000e-01 -1.200000e+00 1.230480e-11 -1.146480e-11 -8.400000e-13 0.000000e+00 4.038968e-28
-8.500000e-01 -8.500000e-01 -1.200000e+00 1.231870e-11 -1.146870e-11 -8.500000e-13 0.000000e+00 5.048710e-28
-8.600000e-01 -8.600000e-01 -1.200000e+00 1.233260e-11 -1.147260e-11 -8.600000e-13 0.000000e+00 9.087678e-28
-8.700000e-01 -8.700000e-01 -1.200000e+00 1.234650e-11 -1.147650e-11 -8.700000e-13 0.000000e+00 9.087678e-28
-8.800000e-01 -8.800000e-01 -1.200000e+00 1.236030e-11 -1.148030e-11 -8.800000e-13 0.000000e+00 1.009742e-27
-8.900000e-01 -8.900000e-01 -1.200000e+00 1.237420e-11 -1.148420e-11 -8.900000e-13 0.000000e+00 4.038968e-28
-9.000000e-01 -9.000000e-01 -1.200000e+00 1.238800e-11 -1.148800e-11 -9.000000e-13 0.000000e+00 3.029226e-28
-9.100000e-01 -9.100000e-01 -1.200000e+00 1.240180e-11 -1.149180e-11 -9.100000e-13 0.000000e+00 2.019484e-28
-9.200000e-01 -9.200000e-01 -1.200000e+00 1.241550e-11 -1.149550e-11 -9.200000e-13 0.000000e+00 0.000000e+00
-9.300000e-01 -9.300000e-01 -1.200000e+00 1.242930e-11 -1.149930e-11 -9.300000e-13 0.000000e+00 2.019484e-28
-9.400000e-01 -9.400000e-01 -1.200000e+00 1.244310e-11 -1.150310e-11 -9.400000e-13 0.000000e+00 1.211690e-27
-9.500000e-01 -9.500000e-01 -1.200000e+00 1.245680e-11 -1.150680e-11 -9.500000e-13 0.000000e+00 1.009742e-27
-9.600000e-01 -9.600000e-01 -1.200000e+00 1.247050e-11 -1.151050e-11 -9.600000e-13 0.000000e+00 1.009742e-27
-9.700000e-01 -9.700000e-01 -1.200000e+00 1.248430e-11 -1.151430e-11 -9.700000e-13 0.000000e+00 8.077936e-28
-9.800000e-01 -9.800000e-01 -1.200000e+00 1.249800e-11 -1.151800e-11 -9.800000e-13 0.000000e+00 6.058452e-28
-9.900000e-01 -9.900000e-01 -1.200000e+00 1.251170e-11 -1.152170e-11 -9.900000e-13 0.000000e+00 1.211690e-27
-1.000000e+00 -1.000000e+00 -1.200000e+00 1.252540e-11 -1.152540e-11 -1.000000e-12 0.000000e+00 1.413639e-27
-1.010000e+00 -1.010000e+00 -1.200000e+00 1.253910e-11 -1.152910e-11 -1.010000e-12 0.000000e+00 1.615587e-27
-1.020000e+00 -1.020000e+00 -1.200000e+00 1.255270e-11 -1.153270e-11 -1.020000e-12 0.000000e+00 1.615587e-27
-1.030000e+00 -1.030000e+00 -1.200000e+00 1.256640e-11 -1.153640e-11 -1.030000e-12 0.000000e+00 1.413639e-27
-1.040000e+00 -1.040000e+00 -1.200000e+00 1.258010e-11 -1.154010e-11 -1.040000e-12 0.000000e+00 1.211690e-27
-1.050000e+00 -1.050000e+00 -1.200000e+00 1.259380e-11 -1.154380e-11 -1.050000e-12 0.000000e+00 6.058452e-28
-1.060000e+00 -1.060000e+00 -1.200000e+00 1.260740e-11 -1.154740e-11 -1.060000e-12 0.000000e+00 6.058452e-28
-1.070000e+00 -1.070000e+00 -1.200000e+00 1.262110e-11 -1.155110e-11 -1.070000e-12 0.000000e+00 8.077936e-28
-1.080000e+00 -1.080000e+00 -1.200000e+00 1.263470e-11 -1.155470e-11 -1.080000e-12 0.000000e+00 6.058452e-28
-1.090000e+00 -1.090000e+00 -1.200000e+00 1.264840e-11 -1.155840e-11 -1.090000e-12 0.000000e+00 4.038968e-28
-1.100000e+00 -1.100000e+00 -1.200000e+00 1.266200e-11 -1.156200e-11 -1.100000e-12 0.000000e+00 1.211690e-27
-1.110000e+00 -1.110000e+00 -1.200000e+00 1.267570e-11 -1.156570e-11 -1.110000e-12 0.000000e+00 1.413639e-27
-1.120000e+00 -1.120000e+00 -1.200000e+00 1.268930e-11 -1.156930e-11 -1.120000e-12 0.000000e+00 1.615587e-27
-1.130000e+00 -1.130000e+00 -1.200000e+00 1.270300e-11 -1.157300e-11 -1.130000e-12 0.000000e+00 1.211690e-27
-1.140000e+00 -1.140000e+00 -1.200000e+00 1.271660e-11 -1.157660e-11 -1.140000e-12 0.000000e+00 6.058452e-28
-1.150000e+00 -1.150000e+00 -1.200000e+00 1.273020e-11 -1.158020e-11 -1.150000e-12 0.000000e+00 6.058452e-28
-1.160000e+00 -1.160000e+00 -1.200000e+00 1.274390e-11 -1.158390e-11 -1.160000e-12 0.000000e+00 8.077936e-28
-1.170000e+00 -1.170000e+00 -1.200000e+00 1.275750e-11 -1.158750e-11 -1.170000e-12 0.000000e+00 6.058452e-28
-1.180000e+00 -1.180000e+00 -1.200000e+00 1.277110e-11 -1.159110e-11 -1.180000e-12 0.000000e+00 4.038968e-28
-1.190000e+00 -1.190000e+00 -1.200000e+00 1.278480e-11 -1.159480e-11 -1.190000e-12 0.000000e+00 1.211690e-27
-1.200000e+00 -1.200000e+00 -1.200000e+00 1.279840e-11 -1.159840e-11 -1.200000e-12 0.000000e+00 1.413639e-27