Title: HSPICE charge conservation analysis
Plotname: Transient Analysis
Flags: real
No. Variables: 6
No. Points: 501
Variables:
	0	time	time
	1	v(gate_3)	voltage
	2	i(vgq)	current
	3	i(vdq)	current
	4	i(vsq)	current
	5	i(vbq)	current
Values:
 0	0.0000000000e+00
	0.0000000000e+00
	0.0000000000e+00
	1.0001000000e-12
	-4.8884000000e-20
	-1.0000000000e-12

 1	1.0000000000e-11
	0.0000000000e+00
	5.7752770000e-16
	1.7086900000e-14
	-1.6253300000e-14
	-1.4112000000e-15

 2	2.0000000000e-11
	0.0000000000e+00
	-7.4038000000e-15
	1.7732000000e-15
	-3.3462000000e-15
	8.9769000000e-15

 3	3.0000000000e-11
	0.0000000000e+00
	-4.4657000000e-15
	1.3848000000e-15
	-1.7199000000e-15
	4.8008000000e-15

 4	4.0000000000e-11
	0.0000000000e+00
	-1.9037000000e-15
	1.0505000000e-15
	-3.1517840000e-16
	1.1684000000e-15

 5	5.0000000000e-11
	0.0000000000e+00
	-1.6527000000e-15
	1.0486000000e-15
	-2.7114160000e-16
	8.7529220000e-16

 6	6.0000000000e-11
	0.0000000000e+00
	-1.4017000000e-15
	1.0466000000e-15
	-2.2710480000e-16
	5.8221310000e-16

 7	7.0000000000e-11
	0.0000000000e+00
	-1.1508000000e-15
	1.0447000000e-15
	-1.8306800000e-16
	2.8913400000e-16

 8	8.0000000000e-11
	0.0000000000e+00
	-8.9976980000e-16
	1.0427000000e-15
	-1.3903120000e-16
	-3.9451000000e-18

 9	9.0000000000e-11
	0.0000000000e+00
	-6.4878110000e-16
	1.0408000000e-15
	-9.4994400000e-17
	-2.9702420000e-16

 10	1.0000000000e-10
	0.0000000000e+00
	-3.9779230000e-16
	1.0389000000e-15
	-5.0957600000e-17
	-5.9010330000e-16

 11	1.1000000000e-10
	0.0000000000e+00
	-1.4680360000e-16
	1.0369000000e-15
	-6.9208000000e-18
	-8.8318240000e-16

 12	1.2000000000e-10
	0.0000000000e+00
	1.0418510000e-16
	1.0350000000e-15
	3.7116000000e-17
	-1.1763000000e-15

 13	1.3000000000e-10
	0.0000000000e+00
	1.1320450000e-16
	1.0351000000e-15
	3.8013000000e-17
	-1.1863000000e-15

 14	1.4000000000e-10
	0.0000000000e+00
	1.0895120000e-16
	1.0354000000e-15
	3.6543600000e-17
	-1.1809000000e-15

 15	1.5000000000e-10
	0.0000000000e+00
	1.0469790000e-16
	1.0356000000e-15
	3.5074300000e-17
	-1.1754000000e-15

 16	1.6000000000e-10
	0.0000000000e+00
	1.0044460000e-16
	1.0359000000e-15
	3.3604900000e-17
	-1.1699000000e-15

 17	1.7000000000e-10
	0.0000000000e+00
	9.6191400000e-17
	1.0361000000e-15
	3.2135500000e-17
	-1.1645000000e-15

 18	1.8000000000e-10
	0.0000000000e+00
	9.1938100000e-17
	1.0364000000e-15
	3.0666200000e-17
	-1.1590000000e-15

 19	1.9000000000e-10
	0.0000000000e+00
	8.7684800000e-17
	1.0367000000e-15
	2.9196800000e-17
	-1.1536000000e-15

 20	2.0000000000e-10
	0.0000000000e+00
	8.3431500000e-17
	1.0369000000e-15
	2.7727500000e-17
	-1.1481000000e-15

 21	2.1000000000e-10
	0.0000000000e+00
	7.9178300000e-17
	1.0372000000e-15
	2.6258100000e-17
	-1.1426000000e-15

 22	2.2000000000e-10
	0.0000000000e+00
	7.4925000000e-17
	1.0375000000e-15
	2.4788700000e-17
	-1.1372000000e-15

 23	2.3000000000e-10
	0.0000000000e+00
	7.0671700000e-17
	1.0377000000e-15
	2.3319400000e-17
	-1.1317000000e-15

 24	2.4000000000e-10
	0.0000000000e+00
	6.6418400000e-17
	1.0380000000e-15
	2.1850000000e-17
	-1.1262000000e-15

 25	2.5000000000e-10
	0.0000000000e+00
	6.2165200000e-17
	1.0382000000e-15
	2.0380600000e-17
	-1.1208000000e-15

 26	2.6000000000e-10
	0.0000000000e+00
	5.7911900000e-17
	1.0385000000e-15
	1.8911300000e-17
	-1.1153000000e-15

 27	2.7000000000e-10
	0.0000000000e+00
	5.3658600000e-17
	1.0388000000e-15
	1.7441900000e-17
	-1.1099000000e-15

 28	2.8000000000e-10
	0.0000000000e+00
	4.9405300000e-17
	1.0390000000e-15
	1.5972600000e-17
	-1.1044000000e-15

 29	2.9000000000e-10
	0.0000000000e+00
	4.5152100000e-17
	1.0393000000e-15
	1.4503200000e-17
	-1.0989000000e-15

 30	3.0000000000e-10
	0.0000000000e+00
	4.0898800000e-17
	1.0395000000e-15
	1.3033800000e-17
	-1.0935000000e-15

 31	3.1000000000e-10
	0.0000000000e+00
	3.6645500000e-17
	1.0398000000e-15
	1.1564500000e-17
	-1.0880000000e-15

 32	3.2000000000e-10
	0.0000000000e+00
	3.2392200000e-17
	1.0401000000e-15
	1.0095100000e-17
	-1.0825000000e-15

 33	3.3000000000e-10
	0.0000000000e+00
	2.8139000000e-17
	1.0403000000e-15
	8.6257000000e-18
	-1.0771000000e-15

 34	3.4000000000e-10
	0.0000000000e+00
	2.3885700000e-17
	1.0406000000e-15
	7.1564000000e-18
	-1.0716000000e-15

 35	3.5000000000e-10
	0.0000000000e+00
	1.9632400000e-17
	1.0408000000e-15
	5.6870000000e-18
	-1.0662000000e-15

 36	3.6000000000e-10
	0.0000000000e+00
	1.5379100000e-17
	1.0411000000e-15
	4.2177000000e-18
	-1.0607000000e-15

 37	3.7000000000e-10
	0.0000000000e+00
	1.1125900000e-17
	1.0414000000e-15
	2.7483000000e-18
	-1.0552000000e-15

 38	3.8000000000e-10
	0.0000000000e+00
	1.0487500000e-17
	1.0414000000e-15
	2.5674000000e-18
	-1.0544000000e-15

 39	3.9000000000e-10
	0.0000000000e+00
	1.0047500000e-17
	1.0414000000e-15
	2.4572000000e-18
	-1.0539000000e-15

 40	4.0000000000e-10
	0.0000000000e+00
	9.6075000000e-18
	1.0414000000e-15
	2.3470000000e-18
	-1.0534000000e-15

 41	4.1000000000e-10
	0.0000000000e+00
	9.1674000000e-18
	1.0414000000e-15
	2.2368000000e-18
	-1.0528000000e-15

 42	4.2000000000e-10
	0.0000000000e+00
	8.7274000000e-18
	1.0414000000e-15
	2.1266000000e-18
	-1.0523000000e-15

 43	4.3000000000e-10
	0.0000000000e+00
	8.2874000000e-18
	1.0414000000e-15
	2.0164000000e-18
	-1.0518000000e-15

 44	4.4000000000e-10
	0.0000000000e+00
	7.8473000000e-18
	1.0415000000e-15
	1.9062000000e-18
	-1.0512000000e-15

 45	4.5000000000e-10
	0.0000000000e+00
	7.4073000000e-18
	1.0415000000e-15
	1.7960000000e-18
	-1.0507000000e-15

 46	4.6000000000e-10
	0.0000000000e+00
	6.9673000000e-18
	1.0415000000e-15
	1.6857000000e-18
	-1.0501000000e-15

 47	4.7000000000e-10
	0.0000000000e+00
	6.5272000000e-18
	1.0415000000e-15
	1.5755000000e-18
	-1.0496000000e-15

 48	4.8000000000e-10
	0.0000000000e+00
	6.0872000000e-18
	1.0415000000e-15
	1.4653000000e-18
	-1.0491000000e-15

 49	4.9000000000e-10
	0.0000000000e+00
	5.6472000000e-18
	1.0415000000e-15
	1.3551000000e-18
	-1.0485000000e-15

 50	5.0000000000e-10
	0.0000000000e+00
	5.2071000000e-18
	1.0415000000e-15
	1.2449000000e-18
	-1.0480000000e-15

 51	5.1000000000e-10
	0.0000000000e+00
	4.7671000000e-18
	1.0415000000e-15
	1.1347000000e-18
	-1.0475000000e-15

 52	5.2000000000e-10
	0.0000000000e+00
	4.3271000000e-18
	1.0416000000e-15
	1.0245000000e-18
	-1.0469000000e-15

 53	5.3000000000e-10
	0.0000000000e+00
	3.8870000000e-18
	1.0416000000e-15
	9.1429000000e-19
	-1.0464000000e-15

 54	5.4000000000e-10
	0.0000000000e+00
	3.4470000000e-18
	1.0416000000e-15
	8.0408000000e-19
	-1.0458000000e-15

 55	5.5000000000e-10
	0.0000000000e+00
	3.0070000000e-18
	1.0416000000e-15
	6.9388000000e-19
	-1.0453000000e-15

 56	5.6000000000e-10
	0.0000000000e+00
	2.5669000000e-18
	1.0416000000e-15
	5.8367000000e-19
	-1.0448000000e-15

 57	5.7000000000e-10
	0.0000000000e+00
	2.1269000000e-18
	1.0416000000e-15
	4.7346000000e-19
	-1.0442000000e-15

 58	5.8000000000e-10
	0.0000000000e+00
	1.6869000000e-18
	1.0416000000e-15
	3.6325000000e-19
	-1.0437000000e-15

 59	5.9000000000e-10
	0.0000000000e+00
	1.2468000000e-18
	1.0417000000e-15
	2.5305000000e-19
	-1.0432000000e-15

 60	6.0000000000e-10
	0.0000000000e+00
	8.0680000000e-19
	1.0417000000e-15
	1.4284000000e-19
	-1.0426000000e-15

 61	6.1000000000e-10
	0.0000000000e+00
	3.6676000000e-19
	1.0417000000e-15
	3.2631000000e-20
	-1.0421000000e-15

 62	6.2000000000e-10
	0.0000000000e+00
	-7.3270000000e-20
	1.0417000000e-15
	-7.7577000000e-20
	-1.0415000000e-15

 63	6.3000000000e-10
	0.0000000000e+00
	-9.2749000000e-20
	1.0417000000e-15
	-8.2721000000e-20
	-1.0415000000e-15

 64	6.4000000000e-10
	0.0000000000e+00
	-8.9159000000e-20
	1.0417000000e-15
	-8.2101000000e-20
	-1.0415000000e-15

 65	6.5000000000e-10
	0.0000000000e+00
	-8.5569000000e-20
	1.0417000000e-15
	-8.1482000000e-20
	-1.0415000000e-15

 66	6.6000000000e-10
	0.0000000000e+00
	-8.1980000000e-20
	1.0417000000e-15
	-8.0862000000e-20
	-1.0415000000e-15

 67	6.7000000000e-10
	0.0000000000e+00
	-7.8390000000e-20
	1.0417000000e-15
	-8.0243000000e-20
	-1.0415000000e-15

 68	6.8000000000e-10
	0.0000000000e+00
	-7.4800000000e-20
	1.0417000000e-15
	-7.9623000000e-20
	-1.0415000000e-15

 69	6.9000000000e-10
	0.0000000000e+00
	-7.1211000000e-20
	1.0417000000e-15
	-7.9004000000e-20
	-1.0415000000e-15

 70	7.0000000000e-10
	0.0000000000e+00
	-6.7621000000e-20
	1.0417000000e-15
	-7.8384000000e-20
	-1.0415000000e-15

 71	7.1000000000e-10
	0.0000000000e+00
	-6.4031000000e-20
	1.0417000000e-15
	-7.7765000000e-20
	-1.0415000000e-15

 72	7.2000000000e-10
	0.0000000000e+00
	-6.0441000000e-20
	1.0417000000e-15
	-7.7146000000e-20
	-1.0416000000e-15

 73	7.3000000000e-10
	0.0000000000e+00
	-5.6852000000e-20
	1.0417000000e-15
	-7.6526000000e-20
	-1.0416000000e-15

 74	7.4000000000e-10
	0.0000000000e+00
	-5.3262000000e-20
	1.0417000000e-15
	-7.5907000000e-20
	-1.0416000000e-15

 75	7.5000000000e-10
	0.0000000000e+00
	-4.9672000000e-20
	1.0417000000e-15
	-7.5287000000e-20
	-1.0416000000e-15

 76	7.6000000000e-10
	0.0000000000e+00
	-4.6083000000e-20
	1.0417000000e-15
	-7.4668000000e-20
	-1.0416000000e-15

 77	7.7000000000e-10
	0.0000000000e+00
	-4.2493000000e-20
	1.0417000000e-15
	-7.4048000000e-20
	-1.0416000000e-15

 78	7.8000000000e-10
	0.0000000000e+00
	-3.8903000000e-20
	1.0417000000e-15
	-7.3429000000e-20
	-1.0416000000e-15

 79	7.9000000000e-10
	0.0000000000e+00
	-3.5313000000e-20
	1.0417000000e-15
	-7.2810000000e-20
	-1.0416000000e-15

 80	8.0000000000e-10
	0.0000000000e+00
	-3.1724000000e-20
	1.0417000000e-15
	-7.2190000000e-20
	-1.0416000000e-15

 81	8.1000000000e-10
	0.0000000000e+00
	-2.8134000000e-20
	1.0417000000e-15
	-7.1571000000e-20
	-1.0416000000e-15

 82	8.2000000000e-10
	0.0000000000e+00
	-2.4544000000e-20
	1.0417000000e-15
	-7.0951000000e-20
	-1.0416000000e-15

 83	8.3000000000e-10
	0.0000000000e+00
	-2.0955000000e-20
	1.0417000000e-15
	-7.0332000000e-20
	-1.0416000000e-15

 84	8.4000000000e-10
	0.0000000000e+00
	-1.7365000000e-20
	1.0417000000e-15
	-6.9712000000e-20
	-1.0416000000e-15

 85	8.5000000000e-10
	0.0000000000e+00
	-1.3775000000e-20
	1.0417000000e-15
	-6.9093000000e-20
	-1.0416000000e-15

 86	8.6000000000e-10
	0.0000000000e+00
	-1.0185000000e-20
	1.0417000000e-15
	-6.8474000000e-20
	-1.0416000000e-15

 87	8.7000000000e-10
	0.0000000000e+00
	-6.5958000000e-21
	1.0417000000e-15
	-6.7854000000e-20
	-1.0416000000e-15

 88	8.8000000000e-10
	0.0000000000e+00
	-5.7374000000e-21
	1.0417000000e-15
	-6.6250000000e-20
	-1.0416000000e-15

 89	8.9000000000e-10
	0.0000000000e+00
	-5.0289000000e-21
	1.0417000000e-15
	-6.4591000000e-20
	-1.0416000000e-15

 90	9.0000000000e-10
	0.0000000000e+00
	-4.3204000000e-21
	1.0417000000e-15
	-6.2933000000e-20
	-1.0416000000e-15

 91	9.1000000000e-10
	0.0000000000e+00
	-3.6118000000e-21
	1.0417000000e-15
	-6.1274000000e-20
	-1.0416000000e-15

 92	9.2000000000e-10
	0.0000000000e+00
	-2.9033000000e-21
	1.0417000000e-15
	-5.9616000000e-20
	-1.0416000000e-15

 93	9.3000000000e-10
	0.0000000000e+00
	-2.1948000000e-21
	1.0417000000e-15
	-5.7957000000e-20
	-1.0416000000e-15

 94	9.4000000000e-10
	0.0000000000e+00
	-1.4862000000e-21
	1.0417000000e-15
	-5.6299000000e-20
	-1.0416000000e-15

 95	9.5000000000e-10
	0.0000000000e+00
	-7.7771000000e-22
	1.0417000000e-15
	-5.4640000000e-20
	-1.0416000000e-15

 96	9.6000000000e-10
	0.0000000000e+00
	-6.9179000000e-23
	1.0417000000e-15
	-5.2982000000e-20
	-1.0416000000e-15

 97	9.7000000000e-10
	0.0000000000e+00
	6.3935000000e-22
	1.0417000000e-15
	-5.1324000000e-20
	-1.0416000000e-15

 98	9.8000000000e-10
	0.0000000000e+00
	1.3479000000e-21
	1.0417000000e-15
	-4.9665000000e-20
	-1.0416000000e-15

 99	9.9000000000e-10
	0.0000000000e+00
	2.0564000000e-21
	1.0417000000e-15
	-4.8007000000e-20
	-1.0416000000e-15

 100	1.0000000000e-09
	0.0000000000e+00
	2.7649000000e-21
	1.0417000000e-15
	-4.6348000000e-20
	-1.0416000000e-15

 101	1.0100000000e-09
	-1.0000000000e-02
	8.2007000000e-06
	-1.0034000000e-06
	-1.0069000000e-06
	-6.1904000000e-06

 102	1.0200000000e-09
	-2.0000000000e-02
	1.6401400000e-05
	-2.0067000000e-06
	-2.0138000000e-06
	-1.2380900000e-05

 103	1.0300000000e-09
	-3.0000000000e-02
	2.4602200000e-05
	-3.0101000000e-06
	-3.0207000000e-06
	-1.8571300000e-05

 104	1.0400000000e-09
	-4.0000000000e-02
	2.6395000000e-05
	-3.2238000000e-06
	-3.2337000000e-06
	-1.9937500000e-05

 105	1.0500000000e-09
	-5.0000000000e-02
	2.6158100000e-05
	-3.2163000000e-06
	-3.2257000000e-06
	-1.9716100000e-05

 106	1.0600000000e-09
	-6.0000000000e-02
	2.5905000000e-05
	-3.2188000000e-06
	-3.2284000000e-06
	-1.9457800000e-05

 107	1.0700000000e-09
	-7.0000000000e-02
	2.5651900000e-05
	-3.2212000000e-06
	-3.2311000000e-06
	-1.9199500000e-05

 108	1.0800000000e-09
	-8.0000000000e-02
	2.5419300000e-05
	-3.2229000000e-06
	-3.2329000000e-06
	-1.8963500000e-05

 109	1.0900000000e-09
	-9.0000000000e-02
	2.5228500000e-05
	-3.2229000000e-06
	-3.2330000000e-06
	-1.8772600000e-05

 110	1.1000000000e-09
	-1.0000000000e-01
	2.5037700000e-05
	-3.2229000000e-06
	-3.2331000000e-06
	-1.8581700000e-05

 111	1.1100000000e-09
	-1.1000000000e-01
	2.4846900000e-05
	-3.2229000000e-06
	-3.2332000000e-06
	-1.8390800000e-05

 112	1.1200000000e-09
	-1.2000000000e-01
	2.4656100000e-05
	-3.2229000000e-06
	-3.2332000000e-06
	-1.8199900000e-05

 113	1.1300000000e-09
	-1.3000000000e-01
	2.4465300000e-05
	-3.2230000000e-06
	-3.2333000000e-06
	-1.8009000000e-05

 114	1.1400000000e-09
	-1.4000000000e-01
	2.4274400000e-05
	-3.2230000000e-06
	-3.2334000000e-06
	-1.7818100000e-05

 115	1.1500000000e-09
	-1.5000000000e-01
	2.4083600000e-05
	-3.2230000000e-06
	-3.2335000000e-06
	-1.7627200000e-05

 116	1.1600000000e-09
	-1.6000000000e-01
	2.3943200000e-05
	-3.2230000000e-06
	-3.2335000000e-06
	-1.7486600000e-05

 117	1.1700000000e-09
	-1.7000000000e-01
	2.3804600000e-05
	-3.2231000000e-06
	-3.2336000000e-06
	-1.7347900000e-05

 118	1.1800000000e-09
	-1.8000000000e-01
	2.3666000000e-05
	-3.2231000000e-06
	-3.2336000000e-06
	-1.7209200000e-05

 119	1.1900000000e-09
	-1.9000000000e-01
	2.3527300000e-05
	-3.2232000000e-06
	-3.2337000000e-06
	-1.7070500000e-05

 120	1.2000000000e-09
	-2.0000000000e-01
	2.3388700000e-05
	-3.2232000000e-06
	-3.2337000000e-06
	-1.6931800000e-05

 121	1.2100000000e-09
	-2.1000000000e-01
	2.3250100000e-05
	-3.2233000000e-06
	-3.2338000000e-06
	-1.6793100000e-05

 122	1.2200000000e-09
	-2.2000000000e-01
	2.3111500000e-05
	-3.2234000000e-06
	-3.2338000000e-06
	-1.6654400000e-05

 123	1.2300000000e-09
	-2.3000000000e-01
	2.2972900000e-05
	-3.2234000000e-06
	-3.2338000000e-06
	-1.6515700000e-05

 124	1.2400000000e-09
	-2.4000000000e-01
	2.2834300000e-05
	-3.2235000000e-06
	-3.2339000000e-06
	-1.6377000000e-05

 125	1.2500000000e-09
	-2.5000000000e-01
	2.2695700000e-05
	-3.2235000000e-06
	-3.2339000000e-06
	-1.6238300000e-05

 126	1.2600000000e-09
	-2.6000000000e-01
	2.2557100000e-05
	-3.2236000000e-06
	-3.2340000000e-06
	-1.6099600000e-05

 127	1.2700000000e-09
	-2.7000000000e-01
	2.2418500000e-05
	-3.2236000000e-06
	-3.2340000000e-06
	-1.5960900000e-05

 128	1.2800000000e-09
	-2.8000000000e-01
	2.2279900000e-05
	-3.2237000000e-06
	-3.2341000000e-06
	-1.5822200000e-05

 129	1.2900000000e-09
	-2.9000000000e-01
	2.2141300000e-05
	-3.2237000000e-06
	-3.2341000000e-06
	-1.5683500000e-05

 130	1.3000000000e-09
	-3.0000000000e-01
	2.2002700000e-05
	-3.2238000000e-06
	-3.2342000000e-06
	-1.5544800000e-05

 131	1.3100000000e-09
	-3.1000000000e-01
	2.1864100000e-05
	-3.2238000000e-06
	-3.2342000000e-06
	-1.5406100000e-05

 132	1.3200000000e-09
	-3.2000000000e-01
	2.1725500000e-05
	-3.2239000000e-06
	-3.2343000000e-06
	-1.5267400000e-05

 133	1.3300000000e-09
	-3.3000000000e-01
	2.1586900000e-05
	-3.2239000000e-06
	-3.2343000000e-06
	-1.5128700000e-05

 134	1.3400000000e-09
	-3.4000000000e-01
	2.1448300000e-05
	-3.2240000000e-06
	-3.2344000000e-06
	-1.4989900000e-05

 135	1.3500000000e-09
	-3.5000000000e-01
	2.1309700000e-05
	-3.2240000000e-06
	-3.2344000000e-06
	-1.4851200000e-05

 136	1.3600000000e-09
	-3.6000000000e-01
	2.1171100000e-05
	-3.2241000000e-06
	-3.2344000000e-06
	-1.4712500000e-05

 137	1.3700000000e-09
	-3.7000000000e-01
	2.1032500000e-05
	-3.2241000000e-06
	-3.2345000000e-06
	-1.4573800000e-05

 138	1.3800000000e-09
	-3.8000000000e-01
	2.0893900000e-05
	-3.2242000000e-06
	-3.2345000000e-06
	-1.4435100000e-05

 139	1.3900000000e-09
	-3.9000000000e-01
	2.0780100000e-05
	-3.2243000000e-06
	-3.2346000000e-06
	-1.4321300000e-05

 140	1.4000000000e-09
	-4.0000000000e-01
	2.0704800000e-05
	-3.2244000000e-06
	-3.2346000000e-06
	-1.4245900000e-05

 141	1.4100000000e-09
	-4.1000000000e-01
	2.0629500000e-05
	-3.2244000000e-06
	-3.2346000000e-06
	-1.4170500000e-05

 142	1.4200000000e-09
	-4.2000000000e-01
	2.0554200000e-05
	-3.2245000000e-06
	-3.2346000000e-06
	-1.4095000000e-05

 143	1.4300000000e-09
	-4.3000000000e-01
	2.0478900000e-05
	-3.2246000000e-06
	-3.2347000000e-06
	-1.4019600000e-05

 144	1.4400000000e-09
	-4.4000000000e-01
	2.0403600000e-05
	-3.2247000000e-06
	-3.2347000000e-06
	-1.3944200000e-05

 145	1.4500000000e-09
	-4.5000000000e-01
	2.0328300000e-05
	-3.2248000000e-06
	-3.2347000000e-06
	-1.3868800000e-05

 146	1.4600000000e-09
	-4.6000000000e-01
	2.0253000000e-05
	-3.2249000000e-06
	-3.2347000000e-06
	-1.3793400000e-05

 147	1.4700000000e-09
	-4.7000000000e-01
	2.0177700000e-05
	-3.2250000000e-06
	-3.2348000000e-06
	-1.3717900000e-05

 148	1.4800000000e-09
	-4.8000000000e-01
	2.0102400000e-05
	-3.2251000000e-06
	-3.2348000000e-06
	-1.3642500000e-05

 149	1.4900000000e-09
	-4.9000000000e-01
	2.0027100000e-05
	-3.2252000000e-06
	-3.2348000000e-06
	-1.3567100000e-05

 150	1.5000000000e-09
	-5.0000000000e-01
	1.9951800000e-05
	-3.2253000000e-06
	-3.2348000000e-06
	-1.3491700000e-05

 151	1.5100000000e-09
	-5.1000000000e-01
	1.9876400000e-05
	-3.2253000000e-06
	-3.2349000000e-06
	-1.3416200000e-05

 152	1.5200000000e-09
	-5.2000000000e-01
	1.9801100000e-05
	-3.2254000000e-06
	-3.2349000000e-06
	-1.3340800000e-05

 153	1.5300000000e-09
	-5.3000000000e-01
	1.9725800000e-05
	-3.2255000000e-06
	-3.2349000000e-06
	-1.3265400000e-05

 154	1.5400000000e-09
	-5.4000000000e-01
	1.9650500000e-05
	-3.2256000000e-06
	-3.2349000000e-06
	-1.3190000000e-05

 155	1.5500000000e-09
	-5.5000000000e-01
	1.9575200000e-05
	-3.2257000000e-06
	-3.2350000000e-06
	-1.3114600000e-05

 156	1.5600000000e-09
	-5.6000000000e-01
	1.9499900000e-05
	-3.2258000000e-06
	-3.2350000000e-06
	-1.3039100000e-05

 157	1.5700000000e-09
	-5.7000000000e-01
	1.9424600000e-05
	-3.2259000000e-06
	-3.2350000000e-06
	-1.2963700000e-05

 158	1.5800000000e-09
	-5.8000000000e-01
	1.9349300000e-05
	-3.2260000000e-06
	-3.2350000000e-06
	-1.2888300000e-05

 159	1.5900000000e-09
	-5.9000000000e-01
	1.9274000000e-05
	-3.2261000000e-06
	-3.2350000000e-06
	-1.2812900000e-05

 160	1.6000000000e-09
	-6.0000000000e-01
	1.9198700000e-05
	-3.2262000000e-06
	-3.2351000000e-06
	-1.2737400000e-05

 161	1.6100000000e-09
	-6.1000000000e-01
	1.9123400000e-05
	-3.2262000000e-06
	-3.2351000000e-06
	-1.2662000000e-05

 162	1.6200000000e-09
	-6.2000000000e-01
	1.9048100000e-05
	-3.2263000000e-06
	-3.2351000000e-06
	-1.2586600000e-05

 163	1.6300000000e-09
	-6.3000000000e-01
	1.8972800000e-05
	-3.2264000000e-06
	-3.2351000000e-06
	-1.2511200000e-05

 164	1.6400000000e-09
	-6.4000000000e-01
	1.8913100000e-05
	-3.2296000000e-06
	-3.2401000000e-06
	-1.2443400000e-05

 165	1.6500000000e-09
	-6.5000000000e-01
	1.8877600000e-05
	-3.2375000000e-06
	-3.2526000000e-06
	-1.2387500000e-05

 166	1.6600000000e-09
	-6.6000000000e-01
	1.8842100000e-05
	-3.2454000000e-06
	-3.2651000000e-06
	-1.2331600000e-05

 167	1.6700000000e-09
	-6.7000000000e-01
	1.8806700000e-05
	-3.2533000000e-06
	-3.2776000000e-06
	-1.2275700000e-05

 168	1.6800000000e-09
	-6.8000000000e-01
	1.8771200000e-05
	-3.2612000000e-06
	-3.2902000000e-06
	-1.2219800000e-05

 169	1.6900000000e-09
	-6.9000000000e-01
	1.8735700000e-05
	-3.2691000000e-06
	-3.3027000000e-06
	-1.2163900000e-05

 170	1.7000000000e-09
	-7.0000000000e-01
	1.8700200000e-05
	-3.2770000000e-06
	-3.3152000000e-06
	-1.2108000000e-05

 171	1.7100000000e-09
	-7.1000000000e-01
	1.8664700000e-05
	-3.2849000000e-06
	-3.3277000000e-06
	-1.2052100000e-05

 172	1.7200000000e-09
	-7.2000000000e-01
	1.8629300000e-05
	-3.2928000000e-06
	-3.3403000000e-06
	-1.1996200000e-05

 173	1.7300000000e-09
	-7.3000000000e-01
	1.8593800000e-05
	-3.3007000000e-06
	-3.3528000000e-06
	-1.1940300000e-05

 174	1.7400000000e-09
	-7.4000000000e-01
	1.8558300000e-05
	-3.3086000000e-06
	-3.3653000000e-06
	-1.1884400000e-05

 175	1.7500000000e-09
	-7.5000000000e-01
	1.8522800000e-05
	-3.3165000000e-06
	-3.3778000000e-06
	-1.1828500000e-05

 176	1.7600000000e-09
	-7.6000000000e-01
	1.8487400000e-05
	-3.3244000000e-06
	-3.3904000000e-06
	-1.1772600000e-05

 177	1.7700000000e-09
	-7.7000000000e-01
	1.8451900000e-05
	-3.3323000000e-06
	-3.4029000000e-06
	-1.1716700000e-05

 178	1.7800000000e-09
	-7.8000000000e-01
	1.8416400000e-05
	-3.3402000000e-06
	-3.4154000000e-06
	-1.1660800000e-05

 179	1.7900000000e-09
	-7.9000000000e-01
	1.8380900000e-05
	-3.3481000000e-06
	-3.4279000000e-06
	-1.1604900000e-05

 180	1.8000000000e-09
	-8.0000000000e-01
	1.8345400000e-05
	-3.3560000000e-06
	-3.4405000000e-06
	-1.1549000000e-05

 181	1.8100000000e-09
	-8.1000000000e-01
	1.8310000000e-05
	-3.3639000000e-06
	-3.4530000000e-06
	-1.1493100000e-05

 182	1.8200000000e-09
	-8.2000000000e-01
	1.8274500000e-05
	-3.3718000000e-06
	-3.4655000000e-06
	-1.1437200000e-05

 183	1.8300000000e-09
	-8.3000000000e-01
	1.8239000000e-05
	-3.3797000000e-06
	-3.4780000000e-06
	-1.1381300000e-05

 184	1.8400000000e-09
	-8.4000000000e-01
	1.8203500000e-05
	-3.3876000000e-06
	-3.4905000000e-06
	-1.1325400000e-05

 185	1.8500000000e-09
	-8.5000000000e-01
	1.8168000000e-05
	-3.3955000000e-06
	-3.5031000000e-06
	-1.1269400000e-05

 186	1.8600000000e-09
	-8.6000000000e-01
	1.8132600000e-05
	-3.4034000000e-06
	-3.5156000000e-06
	-1.1213500000e-05

 187	1.8700000000e-09
	-8.7000000000e-01
	1.8097100000e-05
	-3.4113000000e-06
	-3.5281000000e-06
	-1.1157600000e-05

 188	1.8800000000e-09
	-8.8000000000e-01
	1.8061600000e-05
	-3.4192000000e-06
	-3.5406000000e-06
	-1.1101700000e-05

 189	1.8900000000e-09
	-8.9000000000e-01
	1.8236300000e-05
	-3.5643000000e-06
	-3.7710000000e-06
	-1.0901000000e-05

 190	1.9000000000e-09
	-9.0000000000e-01
	1.8735300000e-05
	-3.9213000000e-06
	-4.3375000000e-06
	-1.0476600000e-05

 191	1.9100000000e-09
	-9.1000000000e-01
	1.9234300000e-05
	-4.2782000000e-06
	-4.9040000000e-06
	-1.0052100000e-05

 192	1.9200000000e-09
	-9.2000000000e-01
	1.9733300000e-05
	-4.6351000000e-06
	-5.4705000000e-06
	-9.6277000000e-06

 193	1.9300000000e-09
	-9.3000000000e-01
	2.0232300000e-05
	-4.9920000000e-06
	-6.0370000000e-06
	-9.2033000000e-06

 194	1.9400000000e-09
	-9.4000000000e-01
	2.0731300000e-05
	-5.3490000000e-06
	-6.6035000000e-06
	-8.7789000000e-06

 195	1.9500000000e-09
	-9.5000000000e-01
	2.1230300000e-05
	-5.7059000000e-06
	-7.1700000000e-06
	-8.3545000000e-06

 196	1.9600000000e-09
	-9.6000000000e-01
	2.1729400000e-05
	-6.0628000000e-06
	-7.7365000000e-06
	-7.9301000000e-06

 197	1.9700000000e-09
	-9.7000000000e-01
	2.2228400000e-05
	-6.4197000000e-06
	-8.3030000000e-06
	-7.5057000000e-06

 198	1.9800000000e-09
	-9.8000000000e-01
	2.2727400000e-05
	-6.7767000000e-06
	-8.8695000000e-06
	-7.0813000000e-06

 199	1.9900000000e-09
	-9.9000000000e-01
	2.3226400000e-05
	-7.1336000000e-06
	-9.4360000000e-06
	-6.6569000000e-06

 200	2.0000000000e-09
	-1.0000000000e+00
	2.3725400000e-05
	-7.4905000000e-06
	-1.0002500000e-05
	-6.2325000000e-06

 201	2.0100000000e-09
	-1.0000000000e+00
	1.6155700000e-05
	-5.0436000000e-06
	-6.8553000000e-06
	-4.2568000000e-06

 202	2.0200000000e-09
	-1.0000000000e+00
	8.5860000000e-06
	-2.5967000000e-06
	-3.7082000000e-06
	-2.2811000000e-06

 203	2.0300000000e-09
	-1.0000000000e+00
	1.0163000000e-06
	-1.4982150000e-07
	-5.6113800000e-07
	-3.0534480000e-07

 204	2.0400000000e-09
	-1.0000000000e+00
	-2.6060000000e-09
	1.6837170000e-07
	-1.2990020000e-07
	-3.5865600000e-08

 205	2.0500000000e-09
	-1.0000000000e+00
	-1.0918600000e-08
	1.6396850000e-07
	-1.3602190000e-07
	-1.7028000000e-08

 206	2.0600000000e-09
	-1.0000000000e+00
	-6.9510000000e-09
	1.5652750000e-07
	-1.5025370000e-07
	6.7722890000e-10

 207	2.0700000000e-09
	-1.0000000000e+00
	-2.9834000000e-09
	1.4908640000e-07
	-1.6448540000e-07
	1.8382400000e-08

 208	2.0800000000e-09
	-1.0000000000e+00
	-1.3522000000e-09
	1.4665740000e-07
	-1.6920600000e-07
	2.3900900000e-08

 209	2.0900000000e-09
	-1.0000000000e+00
	-1.2305000000e-09
	1.4746650000e-07
	-1.6778160000e-07
	2.1545600000e-08

 210	2.1000000000e-09
	-1.0000000000e+00
	-1.1089000000e-09
	1.4827570000e-07
	-1.6635710000e-07
	1.9190300000e-08

 211	2.1100000000e-09
	-1.0000000000e+00
	-9.8718440000e-10
	1.4908490000e-07
	-1.6493270000e-07
	1.6835000000e-08

 212	2.1200000000e-09
	-1.0000000000e+00
	-8.6550280000e-10
	1.4989410000e-07
	-1.6350830000e-07
	1.4479700000e-08

 213	2.1300000000e-09
	-1.0000000000e+00
	-7.4382120000e-10
	1.5070330000e-07
	-1.6208380000e-07
	1.2124300000e-08

 214	2.1400000000e-09
	-1.0000000000e+00
	-6.2213960000e-10
	1.5151250000e-07
	-1.6065940000e-07
	9.7690000000e-09

 215	2.1500000000e-09
	-1.0000000000e+00
	-5.0045790000e-10
	1.5232170000e-07
	-1.5923500000e-07
	7.4137000000e-09

 216	2.1600000000e-09
	-1.0000000000e+00
	-3.7877630000e-10
	1.5313090000e-07
	-1.5781050000e-07
	5.0584000000e-09

 217	2.1700000000e-09
	-1.0000000000e+00
	-2.5709470000e-10
	1.5394010000e-07
	-1.5638610000e-07
	2.7031000000e-09

 218	2.1800000000e-09
	-1.0000000000e+00
	-1.5866650000e-10
	1.5458720000e-07
	-1.5524700000e-07
	8.1847080000e-10

 219	2.1900000000e-09
	-1.0000000000e+00
	-1.5157440000e-10
	1.5459780000e-07
	-1.5522880000e-07
	7.8251150000e-10

 220	2.2000000000e-09
	-1.0000000000e+00
	-1.4448240000e-10
	1.5460840000e-07
	-1.5521050000e-07
	7.4655220000e-10

 221	2.2100000000e-09
	-1.0000000000e+00
	-1.3739030000e-10
	1.5461900000e-07
	-1.5519220000e-07
	7.1059290000e-10

 222	2.2200000000e-09
	-1.0000000000e+00
	-1.3029830000e-10
	1.5462970000e-07
	-1.5517400000e-07
	6.7463360000e-10

 223	2.2300000000e-09
	-1.0000000000e+00
	-1.2320620000e-10
	1.5464030000e-07
	-1.5515570000e-07
	6.3867430000e-10

 224	2.2400000000e-09
	-1.0000000000e+00
	-1.1611420000e-10
	1.5465090000e-07
	-1.5513750000e-07
	6.0271500000e-10

 225	2.2500000000e-09
	-1.0000000000e+00
	-1.0902220000e-10
	1.5466150000e-07
	-1.5511920000e-07
	5.6675570000e-10

 226	2.2600000000e-09
	-1.0000000000e+00
	-1.0193010000e-10
	1.5467210000e-07
	-1.5510100000e-07
	5.3079650000e-10

 227	2.2700000000e-09
	-1.0000000000e+00
	-9.4838100000e-11
	1.5468270000e-07
	-1.5508270000e-07
	4.9483720000e-10

 228	2.2800000000e-09
	-1.0000000000e+00
	-8.7746000000e-11
	1.5469330000e-07
	-1.5506450000e-07
	4.5887790000e-10

 229	2.2900000000e-09
	-1.0000000000e+00
	-8.0654000000e-11
	1.5470390000e-07
	-1.5504620000e-07
	4.2291860000e-10

 230	2.3000000000e-09
	-1.0000000000e+00
	-7.3561900000e-11
	1.5471460000e-07
	-1.5502790000e-07
	3.8695930000e-10

 231	2.3100000000e-09
	-1.0000000000e+00
	-6.6469900000e-11
	1.5472520000e-07
	-1.5500970000e-07
	3.5100000000e-10

 232	2.3200000000e-09
	-1.0000000000e+00
	-5.9377800000e-11
	1.5473580000e-07
	-1.5499140000e-07
	3.1504070000e-10

 233	2.3300000000e-09
	-1.0000000000e+00
	-5.2285800000e-11
	1.5474640000e-07
	-1.5497320000e-07
	2.7908140000e-10

 234	2.3400000000e-09
	-1.0000000000e+00
	-4.5193800000e-11
	1.5475700000e-07
	-1.5495490000e-07
	2.4312210000e-10

 235	2.3500000000e-09
	-1.0000000000e+00
	-3.8101700000e-11
	1.5476760000e-07
	-1.5493670000e-07
	2.0716280000e-10

 236	2.3600000000e-09
	-1.0000000000e+00
	-3.1009700000e-11
	1.5477820000e-07
	-1.5491840000e-07
	1.7120350000e-10

 237	2.3700000000e-09
	-1.0000000000e+00
	-2.3917600000e-11
	1.5478880000e-07
	-1.5490020000e-07
	1.3524420000e-10

 238	2.3800000000e-09
	-1.0000000000e+00
	-1.6825600000e-11
	1.5479940000e-07
	-1.5488190000e-07
	9.9284900000e-11

 239	2.3900000000e-09
	-1.0000000000e+00
	-9.7335000000e-12
	1.5481010000e-07
	-1.5486370000e-07
	6.3325600000e-11

 240	2.4000000000e-09
	-1.0000000000e+00
	-2.6415000000e-12
	1.5482070000e-07
	-1.5484540000e-07
	2.7366300000e-11

 241	2.4100000000e-09
	-1.0000000000e+00
	4.4505000000e-12
	1.5483130000e-07
	-1.5482710000e-07
	-8.5930000000e-12

 242	2.4200000000e-09
	-1.0000000000e+00
	1.1542600000e-11
	1.5484190000e-07
	-1.5480890000e-07
	-4.4552300000e-11

 243	2.4300000000e-09
	-1.0000000000e+00
	1.7058000000e-11
	1.5485020000e-07
	-1.5479460000e-07
	-7.2628200000e-11

 244	2.4400000000e-09
	-1.0000000000e+00
	1.6380400000e-11
	1.5484940000e-07
	-1.5479600000e-07
	-6.9739200000e-11

 245	2.4500000000e-09
	-1.0000000000e+00
	1.5702900000e-11
	1.5484850000e-07
	-1.5479740000e-07
	-6.6850300000e-11

 246	2.4600000000e-09
	-1.0000000000e+00
	1.5025300000e-11
	1.5484770000e-07
	-1.5479880000e-07
	-6.3961400000e-11

 247	2.4700000000e-09
	-1.0000000000e+00
	1.4347800000e-11
	1.5484690000e-07
	-1.5480010000e-07
	-6.1072400000e-11

 248	2.4800000000e-09
	-1.0000000000e+00
	1.3670200000e-11
	1.5484600000e-07
	-1.5480150000e-07
	-5.8183500000e-11

 249	2.4900000000e-09
	-1.0000000000e+00
	1.2992600000e-11
	1.5484520000e-07
	-1.5480290000e-07
	-5.5294600000e-11

 250	2.5000000000e-09
	-1.0000000000e+00
	1.2315100000e-11
	1.5484440000e-07
	-1.5480430000e-07
	-5.2405700000e-11

 251	2.5100000000e-09
	-1.0000000000e+00
	1.1637500000e-11
	1.5484350000e-07
	-1.5480570000e-07
	-4.9516700000e-11

 252	2.5200000000e-09
	-1.0000000000e+00
	1.0960000000e-11
	1.5484270000e-07
	-1.5480700000e-07
	-4.6627800000e-11

 253	2.5300000000e-09
	-1.0000000000e+00
	1.0282400000e-11
	1.5484190000e-07
	-1.5480840000e-07
	-4.3738900000e-11

 254	2.5400000000e-09
	-1.0000000000e+00
	9.6049000000e-12
	1.5484110000e-07
	-1.5480980000e-07
	-4.0849900000e-11

 255	2.5500000000e-09
	-1.0000000000e+00
	8.9273000000e-12
	1.5484020000e-07
	-1.5481120000e-07
	-3.7961000000e-11

 256	2.5600000000e-09
	-1.0000000000e+00
	8.2498000000e-12
	1.5483940000e-07
	-1.5481260000e-07
	-3.5072100000e-11

 257	2.5700000000e-09
	-1.0000000000e+00
	7.5722000000e-12
	1.5483860000e-07
	-1.5481390000e-07
	-3.2183100000e-11

 258	2.5800000000e-09
	-1.0000000000e+00
	6.8946000000e-12
	1.5483770000e-07
	-1.5481530000e-07
	-2.9294200000e-11

 259	2.5900000000e-09
	-1.0000000000e+00
	6.2171000000e-12
	1.5483690000e-07
	-1.5481670000e-07
	-2.6405300000e-11

 260	2.6000000000e-09
	-1.0000000000e+00
	5.5395000000e-12
	1.5483610000e-07
	-1.5481810000e-07
	-2.3516400000e-11

 261	2.6100000000e-09
	-1.0000000000e+00
	4.8620000000e-12
	1.5483520000e-07
	-1.5481950000e-07
	-2.0627400000e-11

 262	2.6200000000e-09
	-1.0000000000e+00
	4.1844000000e-12
	1.5483440000e-07
	-1.5482090000e-07
	-1.7738500000e-11

 263	2.6300000000e-09
	-1.0000000000e+00
	3.5069000000e-12
	1.5483360000e-07
	-1.5482220000e-07
	-1.4849600000e-11

 264	2.6400000000e-09
	-1.0000000000e+00
	2.8293000000e-12
	1.5483270000e-07
	-1.5482360000e-07
	-1.1960600000e-11

 265	2.6500000000e-09
	-1.0000000000e+00
	2.1518000000e-12
	1.5483190000e-07
	-1.5482500000e-07
	-9.0717000000e-12

 266	2.6600000000e-09
	-1.0000000000e+00
	1.4742000000e-12
	1.5483110000e-07
	-1.5482640000e-07
	-6.1828000000e-12

 267	2.6700000000e-09
	-1.0000000000e+00
	7.9665530000e-13
	1.5483030000e-07
	-1.5482780000e-07
	-3.2938000000e-12

 268	2.6800000000e-09
	-1.0000000000e+00
	2.5438020000e-13
	1.5482960000e-07
	-1.5482890000e-07
	-9.8261780000e-13

 269	2.6900000000e-09
	-1.0000000000e+00
	2.4346580000e-13
	1.5482960000e-07
	-1.5482890000e-07
	-9.4057100000e-13

 270	2.7000000000e-09
	-1.0000000000e+00
	2.3255140000e-13
	1.5482960000e-07
	-1.5482890000e-07
	-8.9852410000e-13

 271	2.7100000000e-09
	-1.0000000000e+00
	2.2163700000e-13
	1.5482960000e-07
	-1.5482890000e-07
	-8.5647720000e-13

 272	2.7200000000e-09
	-1.0000000000e+00
	2.1072250000e-13
	1.5482950000e-07
	-1.5482890000e-07
	-8.1443030000e-13

 273	2.7300000000e-09
	-1.0000000000e+00
	1.9980810000e-13
	1.5482950000e-07
	-1.5482900000e-07
	-7.7238350000e-13

 274	2.7400000000e-09
	-1.0000000000e+00
	1.8889370000e-13
	1.5482950000e-07
	-1.5482900000e-07
	-7.3033660000e-13

 275	2.7500000000e-09
	-1.0000000000e+00
	1.7797930000e-13
	1.5482950000e-07
	-1.5482900000e-07
	-6.8828970000e-13

 276	2.7600000000e-09
	-1.0000000000e+00
	1.6706480000e-13
	1.5482950000e-07
	-1.5482900000e-07
	-6.4624280000e-13

 277	2.7700000000e-09
	-1.0000000000e+00
	1.5615040000e-13
	1.5482950000e-07
	-1.5482900000e-07
	-6.0419600000e-13

 278	2.7800000000e-09
	-1.0000000000e+00
	1.4523600000e-13
	1.5482950000e-07
	-1.5482910000e-07
	-5.6214910000e-13

 279	2.7900000000e-09
	-1.0000000000e+00
	1.3432160000e-13
	1.5482950000e-07
	-1.5482910000e-07
	-5.2010220000e-13

 280	2.8000000000e-09
	-1.0000000000e+00
	1.2340710000e-13
	1.5482950000e-07
	-1.5482910000e-07
	-4.7805530000e-13

 281	2.8100000000e-09
	-1.0000000000e+00
	1.1249270000e-13
	1.5482940000e-07
	-1.5482910000e-07
	-4.3600850000e-13

 282	2.8200000000e-09
	-1.0000000000e+00
	1.0157830000e-13
	1.5482940000e-07
	-1.5482910000e-07
	-3.9396160000e-13

 283	2.8300000000e-09
	-1.0000000000e+00
	9.0663900000e-14
	1.5482940000e-07
	-1.5482920000e-07
	-3.5191470000e-13

 284	2.8400000000e-09
	-1.0000000000e+00
	7.9749400000e-14
	1.5482940000e-07
	-1.5482920000e-07
	-3.0986780000e-13

 285	2.8500000000e-09
	-1.0000000000e+00
	6.8835000000e-14
	1.5482940000e-07
	-1.5482920000e-07
	-2.6782100000e-13

 286	2.8600000000e-09
	-1.0000000000e+00
	5.7920600000e-14
	1.5482940000e-07
	-1.5482920000e-07
	-2.2577410000e-13

 287	2.8700000000e-09
	-1.0000000000e+00
	4.7006200000e-14
	1.5482940000e-07
	-1.5482920000e-07
	-1.8372720000e-13

 288	2.8800000000e-09
	-1.0000000000e+00
	3.6091700000e-14
	1.5482940000e-07
	-1.5482930000e-07
	-1.4168040000e-13

 289	2.8900000000e-09
	-1.0000000000e+00
	2.5177300000e-14
	1.5482940000e-07
	-1.5482930000e-07
	-9.9633500000e-14

 290	2.9000000000e-09
	-1.0000000000e+00
	1.4262900000e-14
	1.5482930000e-07
	-1.5482930000e-07
	-5.7586600000e-14

 291	2.9100000000e-09
	-1.0000000000e+00
	3.3485000000e-15
	1.5482930000e-07
	-1.5482930000e-07
	-1.5539700000e-14

 292	2.9200000000e-09
	-1.0000000000e+00
	-7.5660000000e-15
	1.5482930000e-07
	-1.5482930000e-07
	2.6507100000e-14

 293	2.9300000000e-09
	-1.0000000000e+00
	-1.6135800000e-14
	1.5482930000e-07
	-1.5482940000e-07
	5.9534800000e-14

 294	2.9400000000e-09
	-1.0000000000e+00
	-1.5496300000e-14
	1.5482930000e-07
	-1.5482940000e-07
	5.7136100000e-14

 295	2.9500000000e-09
	-1.0000000000e+00
	-1.4856800000e-14
	1.5482930000e-07
	-1.5482940000e-07
	5.4737300000e-14

 296	2.9600000000e-09
	-1.0000000000e+00
	-1.4217400000e-14
	1.5482930000e-07
	-1.5482940000e-07
	5.2338600000e-14

 297	2.9700000000e-09
	-1.0000000000e+00
	-1.3577900000e-14
	1.5482930000e-07
	-1.5482940000e-07
	4.9939900000e-14

 298	2.9800000000e-09
	-1.0000000000e+00
	-1.2938400000e-14
	1.5482930000e-07
	-1.5482930000e-07
	4.7541200000e-14

 299	2.9900000000e-09
	-1.0000000000e+00
	-1.2298900000e-14
	1.5482930000e-07
	-1.5482930000e-07
	4.5142400000e-14

 300	3.0000000000e-09
	-1.0000000000e+00
	-1.1659500000e-14
	1.5482930000e-07
	-1.5482930000e-07
	4.2743700000e-14

 301	3.0100000000e-09
	-1.0000000000e+00
	-1.1020000000e-14
	1.5482930000e-07
	-1.5482930000e-07
	4.0345000000e-14

 302	3.0200000000e-09
	-1.0000000000e+00
	-1.0380500000e-14
	1.5482930000e-07
	-1.5482930000e-07
	3.7946300000e-14

 303	3.0300000000e-09
	-1.0000000000e+00
	-9.7410000000e-15
	1.5482930000e-07
	-1.5482930000e-07
	3.5547500000e-14

 304	3.0400000000e-09
	-1.0000000000e+00
	-9.1016000000e-15
	1.5482930000e-07
	-1.5482930000e-07
	3.3148800000e-14

 305	3.0500000000e-09
	-1.0000000000e+00
	-8.4621000000e-15
	1.5482930000e-07
	-1.5482930000e-07
	3.0750100000e-14

 306	3.0600000000e-09
	-1.0000000000e+00
	-7.8226000000e-15
	1.5482930000e-07
	-1.5482930000e-07
	2.8351400000e-14

 307	3.0700000000e-09
	-1.0000000000e+00
	-7.1831000000e-15
	1.5482930000e-07
	-1.5482930000e-07
	2.5952600000e-14

 308	3.0800000000e-09
	-1.0000000000e+00
	-6.5437000000e-15
	1.5482930000e-07
	-1.5482930000e-07
	2.3553900000e-14

 309	3.0900000000e-09
	-1.0000000000e+00
	-5.9042000000e-15
	1.5482930000e-07
	-1.5482930000e-07
	2.1155200000e-14

 310	3.1000000000e-09
	-1.0000000000e+00
	-5.2647000000e-15
	1.5482930000e-07
	-1.5482930000e-07
	1.8756500000e-14

 311	3.1100000000e-09
	-1.0000000000e+00
	-4.6252000000e-15
	1.5482930000e-07
	-1.5482930000e-07
	1.6357700000e-14

 312	3.1200000000e-09
	-1.0000000000e+00
	-3.9858000000e-15
	1.5482930000e-07
	-1.5482930000e-07
	1.3959000000e-14

 313	3.1300000000e-09
	-1.0000000000e+00
	-3.3463000000e-15
	1.5482930000e-07
	-1.5482930000e-07
	1.1560300000e-14

 314	3.1400000000e-09
	-1.0000000000e+00
	-2.7068000000e-15
	1.5482930000e-07
	-1.5482930000e-07
	9.1616000000e-15

 315	3.1500000000e-09
	-1.0000000000e+00
	-2.0673000000e-15
	1.5482930000e-07
	-1.5482930000e-07
	6.7628000000e-15

 316	3.1600000000e-09
	-1.0000000000e+00
	-1.4279000000e-15
	1.5482930000e-07
	-1.5482930000e-07
	4.3641000000e-15

 317	3.1700000000e-09
	-1.0000000000e+00
	-7.8839270000e-16
	1.5482930000e-07
	-1.5482930000e-07
	1.9654000000e-15

 318	3.1800000000e-09
	-1.0000000000e+00
	-2.7634240000e-16
	1.5482930000e-07
	-1.5482930000e-07
	4.4121600000e-17

 319	3.1900000000e-09
	-1.0000000000e+00
	-2.6479830000e-16
	1.5482930000e-07
	-1.5482930000e-07
	-1.7874000000e-18

 320	3.2000000000e-09
	-1.0000000000e+00
	-2.5325410000e-16
	1.5482930000e-07
	-1.5482930000e-07
	-4.7696300000e-17

 321	3.2100000000e-09
	-1.0000000000e+00
	-2.4171000000e-16
	1.5482930000e-07
	-1.5482930000e-07
	-9.3605300000e-17

 322	3.2200000000e-09
	-1.0000000000e+00
	-2.3016580000e-16
	1.5482930000e-07
	-1.5482930000e-07
	-1.3951420000e-16

 323	3.2300000000e-09
	-1.0000000000e+00
	-2.1862160000e-16
	1.5482930000e-07
	-1.5482930000e-07
	-1.8542310000e-16

 324	3.2400000000e-09
	-1.0000000000e+00
	-2.0707750000e-16
	1.5482930000e-07
	-1.5482930000e-07
	-2.3133210000e-16

 325	3.2500000000e-09
	-1.0000000000e+00
	-1.9553330000e-16
	1.5482930000e-07
	-1.5482930000e-07
	-2.7724100000e-16

 326	3.2600000000e-09
	-1.0000000000e+00
	-1.8398910000e-16
	1.5482930000e-07
	-1.5482930000e-07
	-3.2315000000e-16

 327	3.2700000000e-09
	-1.0000000000e+00
	-1.7244500000e-16
	1.5482930000e-07
	-1.5482930000e-07
	-3.6905890000e-16

 328	3.2800000000e-09
	-1.0000000000e+00
	-1.6090080000e-16
	1.5482930000e-07
	-1.5482930000e-07
	-4.1496790000e-16

 329	3.2900000000e-09
	-1.0000000000e+00
	-1.4935670000e-16
	1.5482930000e-07
	-1.5482930000e-07
	-4.6087680000e-16

 330	3.3000000000e-09
	-1.0000000000e+00
	-1.3781250000e-16
	1.5482930000e-07
	-1.5482930000e-07
	-5.0678570000e-16

 331	3.3100000000e-09
	-1.0000000000e+00
	-1.2626830000e-16
	1.5482930000e-07
	-1.5482930000e-07
	-5.5269470000e-16

 332	3.3200000000e-09
	-1.0000000000e+00
	-1.1472420000e-16
	1.5482930000e-07
	-1.5482930000e-07
	-5.9860360000e-16

 333	3.3300000000e-09
	-1.0000000000e+00
	-1.0318000000e-16
	1.5482930000e-07
	-1.5482930000e-07
	-6.4451260000e-16

 334	3.3400000000e-09
	-1.0000000000e+00
	-9.1635900000e-17
	1.5482930000e-07
	-1.5482930000e-07
	-6.9042150000e-16

 335	3.3500000000e-09
	-1.0000000000e+00
	-8.0091700000e-17
	1.5482930000e-07
	-1.5482930000e-07
	-7.3633050000e-16

 336	3.3600000000e-09
	-1.0000000000e+00
	-6.8547500000e-17
	1.5482930000e-07
	-1.5482930000e-07
	-7.8223940000e-16

 337	3.3700000000e-09
	-1.0000000000e+00
	-5.7003400000e-17
	1.5482930000e-07
	-1.5482930000e-07
	-8.2814830000e-16

 338	3.3800000000e-09
	-1.0000000000e+00
	-4.5459200000e-17
	1.5482930000e-07
	-1.5482930000e-07
	-8.7405730000e-16

 339	3.3900000000e-09
	-1.0000000000e+00
	-3.3915000000e-17
	1.5482930000e-07
	-1.5482930000e-07
	-9.1996620000e-16

 340	3.4000000000e-09
	-1.0000000000e+00
	-2.2370900000e-17
	1.5482930000e-07
	-1.5482930000e-07
	-9.6587520000e-16

 341	3.4100000000e-09
	-1.0000000000e+00
	-1.0826700000e-17
	1.5482930000e-07
	-1.5482930000e-07
	-1.0118000000e-15

 342	3.4200000000e-09
	-1.0000000000e+00
	7.1744000000e-19
	1.5482930000e-07
	-1.5482930000e-07
	-1.0577000000e-15

 343	3.4300000000e-09
	-1.0000000000e+00
	9.8406000000e-18
	1.5482930000e-07
	-1.5482930000e-07
	-1.0939000000e-15

 344	3.4400000000e-09
	-1.0000000000e+00
	9.4543000000e-18
	1.5482930000e-07
	-1.5482930000e-07
	-1.0918000000e-15

 345	3.4500000000e-09
	-1.0000000000e+00
	9.0680000000e-18
	1.5482930000e-07
	-1.5482930000e-07
	-1.0898000000e-15

 346	3.4600000000e-09
	-1.0000000000e+00
	8.6817000000e-18
	1.5482930000e-07
	-1.5482930000e-07
	-1.0877000000e-15

 347	3.4700000000e-09
	-1.0000000000e+00
	8.2954000000e-18
	1.5482930000e-07
	-1.5482930000e-07
	-1.0856000000e-15

 348	3.4800000000e-09
	-1.0000000000e+00
	7.9091000000e-18
	1.5482930000e-07
	-1.5482930000e-07
	-1.0836000000e-15

 349	3.4900000000e-09
	-1.0000000000e+00
	7.5228000000e-18
	1.5482930000e-07
	-1.5482930000e-07
	-1.0815000000e-15

 350	3.5000000000e-09
	-1.0000000000e+00
	7.1365000000e-18
	1.5482930000e-07
	-1.5482930000e-07
	-1.0795000000e-15

 351	3.5100000000e-09
	-1.0000000000e+00
	6.7502000000e-18
	1.5482930000e-07
	-1.5482930000e-07
	-1.0774000000e-15

 352	3.5200000000e-09
	-1.0000000000e+00
	6.3638000000e-18
	1.5482930000e-07
	-1.5482930000e-07
	-1.0753000000e-15

 353	3.5300000000e-09
	-1.0000000000e+00
	5.9775000000e-18
	1.5482930000e-07
	-1.5482930000e-07
	-1.0733000000e-15

 354	3.5400000000e-09
	-1.0000000000e+00
	5.5912000000e-18
	1.5482930000e-07
	-1.5482930000e-07
	-1.0712000000e-15

 355	3.5500000000e-09
	-1.0000000000e+00
	5.2049000000e-18
	1.5482930000e-07
	-1.5482930000e-07
	-1.0692000000e-15

 356	3.5600000000e-09
	-1.0000000000e+00
	4.8186000000e-18
	1.5482930000e-07
	-1.5482930000e-07
	-1.0671000000e-15

 357	3.5700000000e-09
	-1.0000000000e+00
	4.4323000000e-18
	1.5482930000e-07
	-1.5482930000e-07
	-1.0650000000e-15

 358	3.5800000000e-09
	-1.0000000000e+00
	4.0460000000e-18
	1.5482930000e-07
	-1.5482930000e-07
	-1.0630000000e-15

 359	3.5900000000e-09
	-1.0000000000e+00
	3.6597000000e-18
	1.5482930000e-07
	-1.5482930000e-07
	-1.0609000000e-15

 360	3.6000000000e-09
	-1.0000000000e+00
	3.2734000000e-18
	1.5482930000e-07
	-1.5482930000e-07
	-1.0589000000e-15

 361	3.6100000000e-09
	-1.0000000000e+00
	2.8871000000e-18
	1.5482930000e-07
	-1.5482930000e-07
	-1.0568000000e-15

 362	3.6200000000e-09
	-1.0000000000e+00
	2.5008000000e-18
	1.5482930000e-07
	-1.5482930000e-07
	-1.0548000000e-15

 363	3.6300000000e-09
	-1.0000000000e+00
	2.1145000000e-18
	1.5482930000e-07
	-1.5482930000e-07
	-1.0527000000e-15

 364	3.6400000000e-09
	-1.0000000000e+00
	1.7282000000e-18
	1.5482930000e-07
	-1.5482930000e-07
	-1.0506000000e-15

 365	3.6500000000e-09
	-1.0000000000e+00
	1.3419000000e-18
	1.5482930000e-07
	-1.5482930000e-07
	-1.0486000000e-15

 366	3.6600000000e-09
	-1.0000000000e+00
	9.5559000000e-19
	1.5482930000e-07
	-1.5482930000e-07
	-1.0465000000e-15

 367	3.6700000000e-09
	-1.0000000000e+00
	5.6928000000e-19
	1.5482930000e-07
	-1.5482930000e-07
	-1.0445000000e-15

 368	3.6800000000e-09
	-1.0000000000e+00
	2.5918000000e-19
	1.5482930000e-07
	-1.5482930000e-07
	-1.0428000000e-15

 369	3.6900000000e-09
	-1.0000000000e+00
	2.4840000000e-19
	1.5482930000e-07
	-1.5482930000e-07
	-1.0428000000e-15

 370	3.7000000000e-09
	-1.0000000000e+00
	2.3763000000e-19
	1.5482930000e-07
	-1.5482930000e-07
	-1.0427000000e-15

 371	3.7100000000e-09
	-1.0000000000e+00
	2.2685000000e-19
	1.5482930000e-07
	-1.5482930000e-07
	-1.0427000000e-15

 372	3.7200000000e-09
	-1.0000000000e+00
	2.1607000000e-19
	1.5482930000e-07
	-1.5482930000e-07
	-1.0426000000e-15

 373	3.7300000000e-09
	-1.0000000000e+00
	2.0529000000e-19
	1.5482930000e-07
	-1.5482930000e-07
	-1.0426000000e-15

 374	3.7400000000e-09
	-1.0000000000e+00
	1.9451000000e-19
	1.5482930000e-07
	-1.5482930000e-07
	-1.0425000000e-15

 375	3.7500000000e-09
	-1.0000000000e+00
	1.8373000000e-19
	1.5482930000e-07
	-1.5482930000e-07
	-1.0425000000e-15

 376	3.7600000000e-09
	-1.0000000000e+00
	1.7295000000e-19
	1.5482930000e-07
	-1.5482930000e-07
	-1.0424000000e-15

 377	3.7700000000e-09
	-1.0000000000e+00
	1.6217000000e-19
	1.5482930000e-07
	-1.5482930000e-07
	-1.0424000000e-15

 378	3.7800000000e-09
	-1.0000000000e+00
	1.5139000000e-19
	1.5482930000e-07
	-1.5482930000e-07
	-1.0423000000e-15

 379	3.7900000000e-09
	-1.0000000000e+00
	1.4062000000e-19
	1.5482930000e-07
	-1.5482930000e-07
	-1.0423000000e-15

 380	3.8000000000e-09
	-1.0000000000e+00
	1.2984000000e-19
	1.5482930000e-07
	-1.5482930000e-07
	-1.0422000000e-15

 381	3.8100000000e-09
	-1.0000000000e+00
	1.1906000000e-19
	1.5482930000e-07
	-1.5482930000e-07
	-1.0422000000e-15

 382	3.8200000000e-09
	-1.0000000000e+00
	1.0828000000e-19
	1.5482930000e-07
	-1.5482930000e-07
	-1.0421000000e-15

 383	3.8300000000e-09
	-1.0000000000e+00
	9.7500000000e-20
	1.5482930000e-07
	-1.5482930000e-07
	-1.0420000000e-15

 384	3.8400000000e-09
	-1.0000000000e+00
	8.6721000000e-20
	1.5482930000e-07
	-1.5482930000e-07
	-1.0420000000e-15

 385	3.8500000000e-09
	-1.0000000000e+00
	7.5942000000e-20
	1.5482930000e-07
	-1.5482930000e-07
	-1.0419000000e-15

 386	3.8600000000e-09
	-1.0000000000e+00
	6.5163000000e-20
	1.5482930000e-07
	-1.5482930000e-07
	-1.0419000000e-15

 387	3.8700000000e-09
	-1.0000000000e+00
	5.4385000000e-20
	1.5482930000e-07
	-1.5482930000e-07
	-1.0418000000e-15

 388	3.8800000000e-09
	-1.0000000000e+00
	4.3606000000e-20
	1.5482930000e-07
	-1.5482930000e-07
	-1.0418000000e-15

 389	3.8900000000e-09
	-1.0000000000e+00
	3.2827000000e-20
	1.5482930000e-07
	-1.5482930000e-07
	-1.0417000000e-15

 390	3.9000000000e-09
	-1.0000000000e+00
	2.2048000000e-20
	1.5482930000e-07
	-1.5482930000e-07
	-1.0417000000e-15

 391	3.9100000000e-09
	-1.0000000000e+00
	1.1269000000e-20
	1.5482930000e-07
	-1.5482930000e-07
	-1.0416000000e-15

 392	3.9200000000e-09
	-1.0000000000e+00
	4.9018000000e-22
	1.5482930000e-07
	-1.5482930000e-07
	-1.0416000000e-15

 393	3.9300000000e-09
	-1.0000000000e+00
	-8.0429000000e-21
	1.5482930000e-07
	-1.5482930000e-07
	-1.0416000000e-15

 394	3.9400000000e-09
	-1.0000000000e+00
	-7.7546000000e-21
	1.5482930000e-07
	-1.5482930000e-07
	-1.0416000000e-15

 395	3.9500000000e-09
	-1.0000000000e+00
	-7.4663000000e-21
	1.5482930000e-07
	-1.5482930000e-07
	-1.0416000000e-15

 396	3.9600000000e-09
	-1.0000000000e+00
	-7.1780000000e-21
	1.5482930000e-07
	-1.5482930000e-07
	-1.0416000000e-15

 397	3.9700000000e-09
	-1.0000000000e+00
	-6.8897000000e-21
	1.5482930000e-07
	-1.5482930000e-07
	-1.0416000000e-15

 398	3.9800000000e-09
	-1.0000000000e+00
	-6.6015000000e-21
	1.5482930000e-07
	-1.5482930000e-07
	-1.0416000000e-15

 399	3.9900000000e-09
	-1.0000000000e+00
	-6.3132000000e-21
	1.5482930000e-07
	-1.5482930000e-07
	-1.0416000000e-15

 400	4.0000000000e-09
	-1.0000000000e+00
	-6.0249000000e-21
	1.5482930000e-07
	-1.5482930000e-07
	-1.0416000000e-15

 401	4.0100000000e-09
	-1.0000000000e+00
	-5.7366000000e-21
	1.5482930000e-07
	-1.5482930000e-07
	-1.0416000000e-15

 402	4.0200000000e-09
	-1.0000000000e+00
	-5.4483000000e-21
	1.5482930000e-07
	-1.5482930000e-07
	-1.0416000000e-15

 403	4.0300000000e-09
	-1.0000000000e+00
	-5.1601000000e-21
	1.5482930000e-07
	-1.5482930000e-07
	-1.0416000000e-15

 404	4.0400000000e-09
	-1.0000000000e+00
	-4.8718000000e-21
	1.5482930000e-07
	-1.5482930000e-07
	-1.0416000000e-15

 405	4.0500000000e-09
	-1.0000000000e+00
	-4.5835000000e-21
	1.5482930000e-07
	-1.5482930000e-07
	-1.0416000000e-15

 406	4.0600000000e-09
	-1.0000000000e+00
	-4.2952000000e-21
	1.5482930000e-07
	-1.5482930000e-07
	-1.0416000000e-15

 407	4.0700000000e-09
	-1.0000000000e+00
	-4.0069000000e-21
	1.5482930000e-07
	-1.5482930000e-07
	-1.0416000000e-15

 408	4.0800000000e-09
	-1.0000000000e+00
	-3.7187000000e-21
	1.5482930000e-07
	-1.5482930000e-07
	-1.0416000000e-15

 409	4.0900000000e-09
	-1.0000000000e+00
	-3.4304000000e-21
	1.5482930000e-07
	-1.5482930000e-07
	-1.0416000000e-15

 410	4.1000000000e-09
	-1.0000000000e+00
	-3.1421000000e-21
	1.5482930000e-07
	-1.5482930000e-07
	-1.0416000000e-15

 411	4.1100000000e-09
	-1.0000000000e+00
	-2.8538000000e-21
	1.5482930000e-07
	-1.5482930000e-07
	-1.0416000000e-15

 412	4.1200000000e-09
	-1.0000000000e+00
	-2.5655000000e-21
	1.5482930000e-07
	-1.5482930000e-07
	-1.0416000000e-15

 413	4.1300000000e-09
	-1.0000000000e+00
	-2.2773000000e-21
	1.5482930000e-07
	-1.5482930000e-07
	-1.0416000000e-15

 414	4.1400000000e-09
	-1.0000000000e+00
	-1.9890000000e-21
	1.5482930000e-07
	-1.5482930000e-07
	-1.0416000000e-15

 415	4.1500000000e-09
	-1.0000000000e+00
	-1.7007000000e-21
	1.5482930000e-07
	-1.5482930000e-07
	-1.0416000000e-15

 416	4.1600000000e-09
	-1.0000000000e+00
	-1.4124000000e-21
	1.5482930000e-07
	-1.5482930000e-07
	-1.0416000000e-15

 417	4.1700000000e-09
	-1.0000000000e+00
	-1.1241000000e-21
	1.5482930000e-07
	-1.5482930000e-07
	-1.0416000000e-15

 418	4.1800000000e-09
	-1.0000000000e+00
	-8.3266000000e-22
	1.5482930000e-07
	-1.5482930000e-07
	-1.0416000000e-15

 419	4.1900000000e-09
	-1.0000000000e+00
	-5.2860000000e-22
	1.5482930000e-07
	-1.5482930000e-07
	-1.0416000000e-15

 420	4.2000000000e-09
	-1.0000000000e+00
	-2.2454000000e-22
	1.5482930000e-07
	-1.5482930000e-07
	-1.0416000000e-15

 421	4.2100000000e-09
	-1.0000000000e+00
	7.9525000000e-23
	1.5482930000e-07
	-1.5482930000e-07
	-1.0416000000e-15

 422	4.2200000000e-09
	-1.0000000000e+00
	3.8359000000e-22
	1.5482930000e-07
	-1.5482930000e-07
	-1.0416000000e-15

 423	4.2300000000e-09
	-1.0000000000e+00
	6.8765000000e-22
	1.5482930000e-07
	-1.5482930000e-07
	-1.0416000000e-15

 424	4.2400000000e-09
	-1.0000000000e+00
	9.9171000000e-22
	1.5482930000e-07
	-1.5482930000e-07
	-1.0416000000e-15

 425	4.2500000000e-09
	-1.0000000000e+00
	1.2958000000e-21
	1.5482930000e-07
	-1.5482930000e-07
	-1.0416000000e-15

 426	4.2600000000e-09
	-1.0000000000e+00
	1.5998000000e-21
	1.5482930000e-07
	-1.5482930000e-07
	-1.0416000000e-15

 427	4.2700000000e-09
	-1.0000000000e+00
	1.9039000000e-21
	1.5482930000e-07
	-1.5482930000e-07
	-1.0416000000e-15

 428	4.2800000000e-09
	-1.0000000000e+00
	2.2079000000e-21
	1.5482930000e-07
	-1.5482930000e-07
	-1.0416000000e-15

 429	4.2900000000e-09
	-1.0000000000e+00
	2.5120000000e-21
	1.5482930000e-07
	-1.5482930000e-07
	-1.0416000000e-15

 430	4.3000000000e-09
	-1.0000000000e+00
	2.8161000000e-21
	1.5482930000e-07
	-1.5482930000e-07
	-1.0416000000e-15

 431	4.3100000000e-09
	-1.0000000000e+00
	3.1201000000e-21
	1.5482930000e-07
	-1.5482930000e-07
	-1.0416000000e-15

 432	4.3200000000e-09
	-1.0000000000e+00
	3.4242000000e-21
	1.5482930000e-07
	-1.5482930000e-07
	-1.0416000000e-15

 433	4.3300000000e-09
	-1.0000000000e+00
	3.7282000000e-21
	1.5482930000e-07
	-1.5482930000e-07
	-1.0416000000e-15

 434	4.3400000000e-09
	-1.0000000000e+00
	4.0323000000e-21
	1.5482930000e-07
	-1.5482930000e-07
	-1.0416000000e-15

 435	4.3500000000e-09
	-1.0000000000e+00
	4.3364000000e-21
	1.5482930000e-07
	-1.5482930000e-07
	-1.0416000000e-15

 436	4.3600000000e-09
	-1.0000000000e+00
	4.6404000000e-21
	1.5482930000e-07
	-1.5482930000e-07
	-1.0416000000e-15

 437	4.3700000000e-09
	-1.0000000000e+00
	4.9445000000e-21
	1.5482930000e-07
	-1.5482930000e-07
	-1.0416000000e-15

 438	4.3800000000e-09
	-1.0000000000e+00
	5.2486000000e-21
	1.5482930000e-07
	-1.5482930000e-07
	-1.0416000000e-15

 439	4.3900000000e-09
	-1.0000000000e+00
	5.5526000000e-21
	1.5482930000e-07
	-1.5482930000e-07
	-1.0416000000e-15

 440	4.4000000000e-09
	-1.0000000000e+00
	5.8567000000e-21
	1.5482930000e-07
	-1.5482930000e-07
	-1.0416000000e-15

 441	4.4100000000e-09
	-1.0000000000e+00
	6.1607000000e-21
	1.5482930000e-07
	-1.5482930000e-07
	-1.0416000000e-15

 442	4.4200000000e-09
	-1.0000000000e+00
	6.4648000000e-21
	1.5482930000e-07
	-1.5482930000e-07
	-1.0416000000e-15

 443	4.4300000000e-09
	-1.0000000000e+00
	6.7069000000e-21
	1.5482930000e-07
	-1.5482930000e-07
	-1.0416000000e-15

 444	4.4400000000e-09
	-1.0000000000e+00
	6.7058000000e-21
	1.5482930000e-07
	-1.5482930000e-07
	-1.0416000000e-15

 445	4.4500000000e-09
	-1.0000000000e+00
	6.7048000000e-21
	1.5482930000e-07
	-1.5482930000e-07
	-1.0416000000e-15

 446	4.4600000000e-09
	-1.0000000000e+00
	6.7037000000e-21
	1.5482930000e-07
	-1.5482930000e-07
	-1.0416000000e-15

 447	4.4700000000e-09
	-1.0000000000e+00
	6.7026000000e-21
	1.5482930000e-07
	-1.5482930000e-07
	-1.0416000000e-15

 448	4.4800000000e-09
	-1.0000000000e+00
	6.7015000000e-21
	1.5482930000e-07
	-1.5482930000e-07
	-1.0416000000e-15

 449	4.4900000000e-09
	-1.0000000000e+00
	6.7004000000e-21
	1.5482930000e-07
	-1.5482930000e-07
	-1.0416000000e-15

 450	4.5000000000e-09
	-1.0000000000e+00
	6.6994000000e-21
	1.5482930000e-07
	-1.5482930000e-07
	-1.0416000000e-15

 451	4.5100000000e-09
	-1.0000000000e+00
	6.6983000000e-21
	1.5482930000e-07
	-1.5482930000e-07
	-1.0416000000e-15

 452	4.5200000000e-09
	-1.0000000000e+00
	6.6972000000e-21
	1.5482930000e-07
	-1.5482930000e-07
	-1.0416000000e-15

 453	4.5300000000e-09
	-1.0000000000e+00
	6.6961000000e-21
	1.5482930000e-07
	-1.5482930000e-07
	-1.0416000000e-15

 454	4.5400000000e-09
	-1.0000000000e+00
	6.6950000000e-21
	1.5482930000e-07
	-1.5482930000e-07
	-1.0416000000e-15

 455	4.5500000000e-09
	-1.0000000000e+00
	6.6939000000e-21
	1.5482930000e-07
	-1.5482930000e-07
	-1.0416000000e-15

 456	4.5600000000e-09
	-1.0000000000e+00
	6.6929000000e-21
	1.5482930000e-07
	-1.5482930000e-07
	-1.0416000000e-15

 457	4.5700000000e-09
	-1.0000000000e+00
	6.6918000000e-21
	1.5482930000e-07
	-1.5482930000e-07
	-1.0416000000e-15

 458	4.5800000000e-09
	-1.0000000000e+00
	6.6907000000e-21
	1.5482930000e-07
	-1.5482930000e-07
	-1.0416000000e-15

 459	4.5900000000e-09
	-1.0000000000e+00
	6.6896000000e-21
	1.5482930000e-07
	-1.5482930000e-07
	-1.0416000000e-15

 460	4.6000000000e-09
	-1.0000000000e+00
	6.6885000000e-21
	1.5482930000e-07
	-1.5482930000e-07
	-1.0416000000e-15

 461	4.6100000000e-09
	-1.0000000000e+00
	6.6874000000e-21
	1.5482930000e-07
	-1.5482930000e-07
	-1.0416000000e-15

 462	4.6200000000e-09
	-1.0000000000e+00
	6.6864000000e-21
	1.5482930000e-07
	-1.5482930000e-07
	-1.0416000000e-15

 463	4.6300000000e-09
	-1.0000000000e+00
	6.6853000000e-21
	1.5482930000e-07
	-1.5482930000e-07
	-1.0416000000e-15

 464	4.6400000000e-09
	-1.0000000000e+00
	6.6842000000e-21
	1.5482930000e-07
	-1.5482930000e-07
	-1.0416000000e-15

 465	4.6500000000e-09
	-1.0000000000e+00
	6.6831000000e-21
	1.5482930000e-07
	-1.5482930000e-07
	-1.0416000000e-15

 466	4.6600000000e-09
	-1.0000000000e+00
	6.6820000000e-21
	1.5482930000e-07
	-1.5482930000e-07
	-1.0416000000e-15

 467	4.6700000000e-09
	-1.0000000000e+00
	6.6810000000e-21
	1.5482930000e-07
	-1.5482930000e-07
	-1.0416000000e-15

 468	4.6800000000e-09
	-1.0000000000e+00
	6.6800000000e-21
	1.5482930000e-07
	-1.5482930000e-07
	-1.0416000000e-15

 469	4.6900000000e-09
	-1.0000000000e+00
	6.6797000000e-21
	1.5482930000e-07
	-1.5482930000e-07
	-1.0416000000e-15

 470	4.7000000000e-09
	-1.0000000000e+00
	6.6795000000e-21
	1.5482930000e-07
	-1.5482930000e-07
	-1.0416000000e-15

 471	4.7100000000e-09
	-1.0000000000e+00
	6.6792000000e-21
	1.5482930000e-07
	-1.5482930000e-07
	-1.0416000000e-15

 472	4.7200000000e-09
	-1.0000000000e+00
	6.6789000000e-21
	1.5482930000e-07
	-1.5482930000e-07
	-1.0416000000e-15

 473	4.7300000000e-09
	-1.0000000000e+00
	6.6786000000e-21
	1.5482930000e-07
	-1.5482930000e-07
	-1.0416000000e-15

 474	4.7400000000e-09
	-1.0000000000e+00
	6.6783000000e-21
	1.5482930000e-07
	-1.5482930000e-07
	-1.0416000000e-15

 475	4.7500000000e-09
	-1.0000000000e+00
	6.6780000000e-21
	1.5482930000e-07
	-1.5482930000e-07
	-1.0416000000e-15

 476	4.7600000000e-09
	-1.0000000000e+00
	6.6777000000e-21
	1.5482930000e-07
	-1.5482930000e-07
	-1.0416000000e-15

 477	4.7700000000e-09
	-1.0000000000e+00
	6.6775000000e-21
	1.5482930000e-07
	-1.5482930000e-07
	-1.0416000000e-15

 478	4.7800000000e-09
	-1.0000000000e+00
	6.6772000000e-21
	1.5482930000e-07
	-1.5482930000e-07
	-1.0416000000e-15

 479	4.7900000000e-09
	-1.0000000000e+00
	6.6769000000e-21
	1.5482930000e-07
	-1.5482930000e-07
	-1.0416000000e-15

 480	4.8000000000e-09
	-1.0000000000e+00
	6.6766000000e-21
	1.5482930000e-07
	-1.5482930000e-07
	-1.0416000000e-15

 481	4.8100000000e-09
	-1.0000000000e+00
	6.6763000000e-21
	1.5482930000e-07
	-1.5482930000e-07
	-1.0416000000e-15

 482	4.8200000000e-09
	-1.0000000000e+00
	6.6760000000e-21
	1.5482930000e-07
	-1.5482930000e-07
	-1.0416000000e-15

 483	4.8300000000e-09
	-1.0000000000e+00
	6.6757000000e-21
	1.5482930000e-07
	-1.5482930000e-07
	-1.0416000000e-15

 484	4.8400000000e-09
	-1.0000000000e+00
	6.6755000000e-21
	1.5482930000e-07
	-1.5482930000e-07
	-1.0416000000e-15

 485	4.8500000000e-09
	-1.0000000000e+00
	6.6752000000e-21
	1.5482930000e-07
	-1.5482930000e-07
	-1.0416000000e-15

 486	4.8600000000e-09
	-1.0000000000e+00
	6.6749000000e-21
	1.5482930000e-07
	-1.5482930000e-07
	-1.0416000000e-15

 487	4.8700000000e-09
	-1.0000000000e+00
	6.6746000000e-21
	1.5482930000e-07
	-1.5482930000e-07
	-1.0416000000e-15

 488	4.8800000000e-09
	-1.0000000000e+00
	6.6743000000e-21
	1.5482930000e-07
	-1.5482930000e-07
	-1.0416000000e-15

 489	4.8900000000e-09
	-1.0000000000e+00
	6.6740000000e-21
	1.5482930000e-07
	-1.5482930000e-07
	-1.0416000000e-15

 490	4.9000000000e-09
	-1.0000000000e+00
	6.6738000000e-21
	1.5482930000e-07
	-1.5482930000e-07
	-1.0416000000e-15

 491	4.9100000000e-09
	-1.0000000000e+00
	6.6735000000e-21
	1.5482930000e-07
	-1.5482930000e-07
	-1.0416000000e-15

 492	4.9200000000e-09
	-1.0000000000e+00
	6.6732000000e-21
	1.5482930000e-07
	-1.5482930000e-07
	-1.0416000000e-15

 493	4.9300000000e-09
	-1.0000000000e+00
	9.0471000000e-21
	1.5482930000e-07
	-1.5482930000e-07
	-1.0416000000e-15

 494	4.9400000000e-09
	-1.0000000000e+00
	2.0747000000e-20
	1.5482930000e-07
	-1.5482930000e-07
	-1.0416000000e-15

 495	4.9500000000e-09
	-1.0000000000e+00
	3.2447000000e-20
	1.5482930000e-07
	-1.5482930000e-07
	-1.0417000000e-15

 496	4.9600000000e-09
	-1.0000000000e+00
	4.4146000000e-20
	1.5482930000e-07
	-1.5482930000e-07
	-1.0417000000e-15

 497	4.9700000000e-09
	-1.0000000000e+00
	5.5846000000e-20
	1.5482930000e-07
	-1.5482930000e-07
	-1.0417000000e-15

 498	4.9800000000e-09
	-1.0000000000e+00
	6.7546000000e-20
	1.5482930000e-07
	-1.5482930000e-07
	-1.0417000000e-15

 499	4.9900000000e-09
	-1.0000000000e+00
	7.9245000000e-20
	1.5482930000e-07
	-1.5482930000e-07
	-1.0417000000e-15

 500	5.0000000000e-09
	-1.0000000000e+00
	9.0945000000e-20
	1.5482930000e-07
	-1.5482930000e-07
	-1.0417000000e-15

