v(drain_bias) v(gate_bias) id_bias ig_bias is_bias ib_bias
0.0 0.0 0.0000000000e+00 0.0000000000e+00 0.0000000000e+00 0.0000000000e+00
0.0 0.6 0.0000000000e+00 0.0000000000e+00 0.0000000000e+00 0.0000000000e+00
0.0 1.2 0.0000000000e+00 -5.2042000000e-18 0.0000000000e+00 0.0000000000e+00
0.6 0.0 -3.4306000000e-12 0.0000000000e+00 2.8290000000e-12 6.0163040000e-13
0.6 0.6 -1.6892200000e-05 4.3368000000e-19 1.6892200000e-05 6.0165010000e-13
0.6 1.2 -7.4436750000e-04 -3.4694000000e-18 7.4436750000e-04 6.0214520000e-13
1.2 0.0 -5.0926000000e-12 0.0000000000e+00 3.8909000000e-12 1.2016000000e-12
1.2 0.6 -2.0361000000e-05 -8.6736000000e-19 2.0360900000e-05 5.4385600000e-11
1.2 1.2 -8.1002600000e-04 0.0000000000e+00 8.1002600000e-04 2.4629700000e-11
