v-sweep v(drain_iv) v(gate_iv) id is ib ig kcl
0.000000e+00 0.000000e+00 0.000000e+00 2.001000e-28 2.001000e-28 0.000000e+00 -4.002100e-28 1.000000e-32
1.000000e-02 1.000000e-02 0.000000e+00 -1.230017e-16 1.130017e-16 1.000000e-17 -2.739100e-28 2.739239e-28
2.000000e-02 2.000000e-02 0.000000e+00 -2.049518e-16 1.849518e-16 2.000000e-17 -2.060400e-28 2.060431e-28
3.000000e-02 3.000000e-02 0.000000e+00 -2.587480e-16 2.287480e-16 3.000000e-17 -1.698600e-28 1.699031e-28
4.000000e-02 4.000000e-02 0.000000e+00 -2.948551e-16 2.548551e-16 4.000000e-17 -1.507600e-28 1.507662e-28
5.000000e-02 5.000000e-02 0.000000e+00 -3.209576e-16 2.709576e-16 5.000000e-17 -1.405600e-28 1.405292e-28
6.000000e-02 6.000000e-02 0.000000e+00 -3.417006e-16 2.817006e-16 6.000000e-17 -1.349500e-28 1.349870e-28
7.000000e-02 7.000000e-02 0.000000e+00 -3.595398e-16 2.895398e-16 7.000000e-17 -1.317100e-28 1.317100e-28
8.000000e-02 8.000000e-02 0.000000e+00 -3.757129e-16 2.957129e-16 8.000000e-17 -1.297500e-28 1.297623e-28
9.000000e-02 9.000000e-02 0.000000e+00 -3.908572e-16 3.008572e-16 9.000000e-17 -1.285100e-28 1.285347e-28
1.000000e-01 1.000000e-01 0.000000e+00 -4.053182e-16 3.053182e-16 1.000000e-16 -1.277000e-28 1.276877e-28
1.100000e-01 1.100000e-01 0.000000e+00 -4.192964e-16 3.092964e-16 1.100000e-16 -1.271400e-28 1.271400e-28
1.200000e-01 1.200000e-01 0.000000e+00 -4.329114e-16 3.129114e-16 1.200000e-16 -1.267500e-28 1.267747e-28
1.300000e-01 1.300000e-01 0.000000e+00 -4.462438e-16 3.162438e-16 1.300000e-16 -1.264700e-28 1.264453e-28
1.400000e-01 1.400000e-01 0.000000e+00 -4.593467e-16 3.193467e-16 1.400000e-16 -1.262600e-28 1.263093e-28
1.500000e-01 1.500000e-01 0.000000e+00 -4.722588e-16 3.222588e-16 1.500000e-16 -1.261000e-28 1.260507e-28
1.600000e-01 1.600000e-01 0.000000e+00 -4.850079e-16 3.250079e-16 1.600000e-16 -1.259800e-28 1.260047e-28
1.700000e-01 1.700000e-01 0.000000e+00 -4.976161e-16 3.276161e-16 1.700000e-16 -1.258900e-28 1.259393e-28
1.800000e-01 1.800000e-01 0.000000e+00 -5.101000e-16 3.301000e-16 1.800000e-16 -1.258100e-28 1.258100e-28
1.900000e-01 1.900000e-01 0.000000e+00 -5.224724e-16 3.324724e-16 1.900000e-16 -1.257500e-28 1.257747e-28
2.000000e-01 2.000000e-01 0.000000e+00 -5.347462e-16 3.347462e-16 2.000000e-16 -1.257000e-28 1.257247e-28
2.100000e-01 2.100000e-01 0.000000e+00 -5.469291e-16 3.369291e-16 2.100000e-16 -1.256600e-28 1.255614e-28
2.200000e-01 2.200000e-01 0.000000e+00 -5.590301e-16 3.390301e-16 2.200000e-16 -1.256300e-28 1.255807e-28
2.300000e-01 2.300000e-01 0.000000e+00 -5.710557e-16 3.410557e-16 2.300000e-16 -1.256000e-28 1.255507e-28
2.400000e-01 2.400000e-01 0.000000e+00 -5.830112e-16 3.430112e-16 2.400000e-16 -1.255800e-28 1.256293e-28
2.500000e-01 2.500000e-01 0.000000e+00 -5.949017e-16 3.449017e-16 2.500000e-16 -1.255600e-28 1.255600e-28
2.600000e-01 2.600000e-01 0.000000e+00 -6.067326e-16 3.467326e-16 2.600000e-16 -1.255400e-28 1.256386e-28
2.700000e-01 2.700000e-01 0.000000e+00 -6.185077e-16 3.485077e-16 2.700000e-16 -1.255300e-28 1.255793e-28
2.800000e-01 2.800000e-01 0.000000e+00 -6.302302e-16 3.502302e-16 2.800000e-16 -1.255200e-28 1.255200e-28
2.900000e-01 2.900000e-01 0.000000e+00 -6.419029e-16 3.519029e-16 2.900000e-16 -1.255100e-28 1.255593e-28
3.000000e-01 3.000000e-01 0.000000e+00 -6.535299e-16 3.535299e-16 3.000000e-16 -1.255000e-28 1.254507e-28
3.100000e-01 3.100000e-01 0.000000e+00 -6.651131e-16 3.551131e-16 3.100000e-16 -1.254900e-28 1.255886e-28
3.200000e-01 3.200000e-01 0.000000e+00 -6.766556e-16 3.566556e-16 3.200000e-16 -1.254800e-28 1.255786e-28
3.300000e-01 3.300000e-01 0.000000e+00 -6.881583e-16 3.581583e-16 3.300000e-16 -1.254700e-28 1.255193e-28
3.400000e-01 3.400000e-01 0.000000e+00 -6.996254e-16 3.596254e-16 3.400000e-16 -1.254700e-28 1.254700e-28
3.500000e-01 3.500000e-01 0.000000e+00 -7.110559e-16 3.610559e-16 3.500000e-16 -1.254600e-28 1.254107e-28
3.600000e-01 3.600000e-01 0.000000e+00 -7.224540e-16 3.624540e-16 3.600000e-16 -1.254600e-28 1.254107e-28
3.700000e-01 3.700000e-01 0.000000e+00 -7.338198e-16 3.638198e-16 3.700000e-16 -1.254500e-28 1.254007e-28
3.800000e-01 3.800000e-01 0.000000e+00 -7.451556e-16 3.651556e-16 3.800000e-16 -1.254500e-28 1.254993e-28
3.900000e-01 3.900000e-01 0.000000e+00 -7.564628e-16 3.664628e-16 3.900000e-16 -1.254500e-28 1.254500e-28
4.000000e-01 4.000000e-01 0.000000e+00 -7.677426e-16 3.677426e-16 4.000000e-16 -1.254500e-28 1.254500e-28
4.100000e-01 4.100000e-01 0.000000e+00 -7.789950e-16 3.689950e-16 4.100000e-16 -1.254400e-28 1.254400e-28
4.200000e-01 4.200000e-01 0.000000e+00 -7.902231e-16 3.702231e-16 4.200000e-16 -1.254400e-28 1.254893e-28
4.300000e-01 4.300000e-01 0.000000e+00 -8.014269e-16 3.714269e-16 4.300000e-16 -1.254400e-28 1.255386e-28
4.400000e-01 4.400000e-01 0.000000e+00 -8.126079e-16 3.726079e-16 4.400000e-16 -1.254400e-28 1.253907e-28
4.500000e-01 4.500000e-01 0.000000e+00 -8.237660e-16 3.737660e-16 4.500000e-16 -1.254300e-28 1.254300e-28
4.600000e-01 4.600000e-01 0.000000e+00 -8.349024e-16 3.749024e-16 4.600000e-16 -1.254300e-28 1.253314e-28
4.700000e-01 4.700000e-01 0.000000e+00 -8.460184e-16 3.760184e-16 4.700000e-16 -1.254300e-28 1.254300e-28
4.800000e-01 4.800000e-01 0.000000e+00 -8.571144e-16 3.771144e-16 4.800000e-16 -1.254300e-28 1.255286e-28
4.900000e-01 4.900000e-01 0.000000e+00 -8.681910e-16 3.781910e-16 4.900000e-16 -1.254300e-28 1.254300e-28
5.000000e-01 5.000000e-01 0.000000e+00 -8.792498e-16 3.792498e-16 5.000000e-16 -1.254300e-28 1.254300e-28
5.100000e-01 5.100000e-01 0.000000e+00 -8.902906e-16 3.802906e-16 5.100000e-16 -1.254300e-28 1.254300e-28
5.200000e-01 5.200000e-01 0.000000e+00 -9.013148e-16 3.813148e-16 5.200000e-16 -1.254300e-28 1.253314e-28
5.300000e-01 5.300000e-01 0.000000e+00 -9.123216e-16 3.823216e-16 5.300000e-16 -1.254200e-28 1.255186e-28
5.400000e-01 5.400000e-01 0.000000e+00 -9.233135e-16 3.833135e-16 5.400000e-16 -1.254200e-28 1.253214e-28
5.500000e-01 5.500000e-01 0.000000e+00 -9.342886e-16 3.842886e-16 5.500000e-16 -1.254200e-28 1.254200e-28
5.600000e-01 5.600000e-01 0.000000e+00 -9.452493e-16 3.852493e-16 5.600000e-16 -1.254200e-28 1.254200e-28
5.700000e-01 5.700000e-01 0.000000e+00 -9.561951e-16 3.861951e-16 5.700000e-16 -1.254200e-28 1.255186e-28
5.800000e-01 5.800000e-01 0.000000e+00 -9.671280e-16 3.871280e-16 5.800000e-16 -1.254200e-28 1.255186e-28
5.900000e-01 5.900000e-01 0.000000e+00 -9.780458e-16 3.880458e-16 5.900000e-16 -1.254200e-28 1.255186e-28
6.000000e-01 6.000000e-01 0.000000e+00 -9.889509e-16 3.889509e-16 6.000000e-16 -1.254200e-28 1.254200e-28
6.100000e-01 6.100000e-01 0.000000e+00 -9.998444e-16 3.898444e-16 6.100000e-16 -1.254200e-28 1.254200e-28
6.200000e-01 6.200000e-01 0.000000e+00 -1.010700e-15 3.907240e-16 6.200000e-16 -1.254200e-28 2.400000e-20
6.300000e-01 6.300000e-01 0.000000e+00 -1.021600e-15 3.915926e-16 6.300000e-16 -1.254200e-28 7.400000e-21
6.400000e-01 6.400000e-01 0.000000e+00 -1.032400e-15 3.924485e-16 6.400000e-16 -1.254200e-28 4.850000e-20
6.500000e-01 6.500000e-01 0.000000e+00 -1.043300e-15 3.932930e-16 6.500000e-16 -1.254200e-28 7.000000e-21
6.600000e-01 6.600000e-01 0.000000e+00 -1.054100e-15 3.941266e-16 6.600000e-16 -1.254200e-28 2.660000e-20
6.700000e-01 6.700000e-01 0.000000e+00 -1.064900e-15 3.949494e-16 6.700000e-16 -1.254200e-28 4.940000e-20
6.800000e-01 6.800000e-01 0.000000e+00 -1.075800e-15 3.957623e-16 6.800000e-16 -1.254200e-28 3.770000e-20
6.900000e-01 6.900000e-01 0.000000e+00 -1.086600e-15 3.965640e-16 6.900000e-16 -1.254200e-28 3.600000e-20
7.000000e-01 7.000000e-01 0.000000e+00 -1.097400e-15 3.973568e-16 7.000000e-16 -1.254200e-28 4.320000e-20
7.100000e-01 7.100000e-01 0.000000e+00 -1.108100e-15 3.981400e-16 7.100000e-16 -1.254200e-28 4.000000e-20
7.200000e-01 7.200000e-01 0.000000e+00 -1.118900e-15 3.989133e-16 7.200000e-16 -1.254100e-28 1.330000e-20
7.300000e-01 7.300000e-01 0.000000e+00 -1.129700e-15 3.996769e-16 7.300000e-16 -1.254100e-28 2.310000e-20
7.400000e-01 7.400000e-01 0.000000e+00 -1.140400e-15 4.004327e-16 7.400000e-16 -1.254100e-28 3.270000e-20
7.500000e-01 7.500000e-01 0.000000e+00 -1.151200e-15 4.011787e-16 7.500000e-16 -1.254100e-28 2.130000e-20
7.600000e-01 7.600000e-01 0.000000e+00 -1.161900e-15 4.019172e-16 7.600000e-16 -1.254100e-28 1.720000e-20
7.700000e-01 7.700000e-01 0.000000e+00 -1.172600e-15 4.026464e-16 7.700000e-16 -1.254100e-28 4.640000e-20
7.800000e-01 7.800000e-01 0.000000e+00 -1.183400e-15 4.033681e-16 7.800000e-16 -1.254100e-28 3.190000e-20
7.900000e-01 7.900000e-01 0.000000e+00 -1.194100e-15 4.040813e-16 7.900000e-16 -1.254100e-28 1.870000e-20
8.000000e-01 8.000000e-01 0.000000e+00 -1.204800e-15 4.047873e-16 8.000000e-16 -1.254100e-28 1.270000e-20
8.100000e-01 8.100000e-01 0.000000e+00 -1.215500e-15 4.054858e-16 8.100000e-16 -1.254100e-28 1.420000e-20
8.200000e-01 8.200000e-01 0.000000e+00 -1.226200e-15 4.061763e-16 8.200000e-16 -1.254100e-28 2.370000e-20
8.300000e-01 8.300000e-01 0.000000e+00 -1.236900e-15 4.068602e-16 8.300000e-16 -1.254100e-28 3.980000e-20
8.400000e-01 8.400000e-01 0.000000e+00 -1.247500e-15 4.075371e-16 8.400000e-16 -1.254100e-28 3.710000e-20
8.500000e-01 8.500000e-01 0.000000e+00 -1.258200e-15 4.082065e-16 8.500000e-16 -1.254100e-28 6.500000e-21
8.600000e-01 8.600000e-01 0.000000e+00 -1.268900e-15 4.088697e-16 8.600000e-16 -1.254100e-28 3.030000e-20
8.700000e-01 8.700000e-01 0.000000e+00 -1.279500e-15 4.095258e-16 8.700000e-16 -1.254100e-28 2.580000e-20
8.800000e-01 8.800000e-01 0.000000e+00 -1.290200e-15 4.101760e-16 8.800000e-16 -1.254100e-28 2.400000e-20
8.900000e-01 8.900000e-01 0.000000e+00 -1.300800e-15 4.108193e-16 8.900000e-16 -1.254100e-28 1.930000e-20
9.000000e-01 9.000000e-01 0.000000e+00 -1.311500e-15 4.114569e-16 9.000000e-16 -1.254100e-28 4.310000e-20
9.100000e-01 9.100000e-01 0.000000e+00 -1.322100e-15 4.120880e-16 9.100000e-16 -1.254100e-28 1.200000e-20
9.200000e-01 9.200000e-01 0.000000e+00 -1.332700e-15 4.127136e-16 9.200000e-16 -1.254100e-28 1.360000e-20
9.300000e-01 9.300000e-01 0.000000e+00 -1.343300e-15 4.133334e-16 9.300000e-16 -1.254100e-28 3.340000e-20
9.400000e-01 9.400000e-01 0.000000e+00 -1.353900e-15 4.139465e-16 9.400000e-16 -1.254100e-28 4.650000e-20
9.500000e-01 9.500000e-01 0.000000e+00 -1.364600e-15 4.145550e-16 9.500000e-16 -1.254100e-28 4.500000e-20
9.600000e-01 9.600000e-01 0.000000e+00 -1.375200e-15 4.151581e-16 9.600000e-16 -1.254100e-28 4.190000e-20
9.700000e-01 9.700000e-01 0.000000e+00 -1.385800e-15 4.157547e-16 9.700000e-16 -1.254100e-28 4.530000e-20
9.800000e-01 9.800000e-01 0.000000e+00 -1.396300e-15 4.163466e-16 9.800000e-16 -1.254100e-28 4.660000e-20
9.900000e-01 9.900000e-01 0.000000e+00 -1.406900e-15 4.169333e-16 9.900000e-16 -1.254100e-28 3.330000e-20
1.000000e+00 1.000000e+00 0.000000e+00 -1.417500e-15 4.175154e-16 1.000000e-15 -1.254100e-28 1.540000e-20
1.010000e+00 1.010000e+00 0.000000e+00 -1.428100e-15 4.180926e-16 1.010000e-15 -1.254100e-28 7.400000e-21
1.020000e+00 1.020000e+00 0.000000e+00 -1.438700e-15 4.186644e-16 1.020000e-15 -1.254100e-28 3.560000e-20
1.030000e+00 1.030000e+00 0.000000e+00 -1.449200e-15 4.192313e-16 1.030000e-15 -1.254100e-28 3.130000e-20
1.040000e+00 1.040000e+00 0.000000e+00 -1.459800e-15 4.197936e-16 1.040000e-15 -1.254100e-28 6.400000e-21
1.050000e+00 1.050000e+00 0.000000e+00 -1.470400e-15 4.203512e-16 1.050000e-15 -1.254100e-28 4.880000e-20
1.060000e+00 1.060000e+00 0.000000e+00 -1.480900e-15 4.209043e-16 1.060000e-15 -1.254100e-28 4.300000e-21
1.070000e+00 1.070000e+00 0.000000e+00 -1.491500e-15 4.214535e-16 1.070000e-15 -1.254100e-28 4.650000e-20
1.080000e+00 1.080000e+00 0.000000e+00 -1.502000e-15 4.219977e-16 1.080000e-15 -1.254100e-28 2.300000e-21
1.090000e+00 1.090000e+00 0.000000e+00 -1.512500e-15 4.225376e-16 1.090000e-15 -1.254100e-28 3.760000e-20
1.100000e+00 1.100000e+00 0.000000e+00 -1.523100e-15 4.230739e-16 1.100000e-15 -1.254100e-28 2.610000e-20
1.110000e+00 1.110000e+00 0.000000e+00 -1.533600e-15 4.236054e-16 1.110000e-15 -1.254100e-28 5.400000e-21
1.120000e+00 1.120000e+00 0.000000e+00 -1.544100e-15 4.241323e-16 1.120000e-15 -1.254100e-28 3.230000e-20
1.130000e+00 1.130000e+00 0.000000e+00 -1.554700e-15 4.246558e-16 1.130000e-15 -1.254100e-28 4.420000e-20
1.140000e+00 1.140000e+00 0.000000e+00 -1.565200e-15 4.251763e-16 1.140000e-15 -1.254100e-28 2.370000e-20
1.150000e+00 1.150000e+00 0.000000e+00 -1.575700e-15 4.256919e-16 1.150000e-15 -1.254100e-28 8.100000e-21
1.160000e+00 1.160000e+00 0.000000e+00 -1.586200e-15 4.262031e-16 1.160000e-15 -1.254100e-28 3.100000e-21
1.170000e+00 1.170000e+00 0.000000e+00 -1.596700e-15 4.267111e-16 1.170000e-15 -1.254100e-28 1.110000e-20
1.180000e+00 1.180000e+00 0.000000e+00 -1.607200e-15 4.272154e-16 1.180000e-15 -1.254100e-28 1.540000e-20
1.190000e+00 1.190000e+00 0.000000e+00 -1.617700e-15 4.277166e-16 1.190000e-15 -1.254100e-28 1.660000e-20
1.200000e+00 1.200000e+00 0.000000e+00 -1.628200e-15 4.282137e-16 1.200000e-15 -1.254100e-28 1.370000e-20
0.000000e+00 0.000000e+00 2.000000e-01 4.804100e-21 4.804100e-21 5.757300e-15 -5.757300e-15 9.608200e-21
1.000000e-02 1.000000e-02 2.000000e-01 -5.536981e-13 5.536881e-13 5.767300e-15 -5.757300e-15 8.361926e-29
2.000000e-02 2.000000e-02 2.000000e-01 -9.062565e-13 9.062365e-13 5.777300e-15 -5.757300e-15 6.705318e-29
3.000000e-02 3.000000e-02 2.000000e-01 -1.120900e-12 1.120800e-12 5.787300e-15 -5.757300e-15 7.000000e-17
4.000000e-02 4.000000e-02 2.000000e-01 -1.248800e-12 1.248800e-12 5.797300e-15 -5.757300e-15 4.000000e-17
5.000000e-02 5.000000e-02 2.000000e-01 -1.327700e-12 1.327700e-12 5.807300e-15 -5.757300e-15 5.000000e-17
6.000000e-02 6.000000e-02 2.000000e-01 -1.380400e-12 1.380300e-12 5.817300e-15 -5.757300e-15 4.000000e-17
7.000000e-02 7.000000e-02 2.000000e-01 -1.418800e-12 1.418700e-12 5.827300e-15 -5.757300e-15 3.000000e-17
8.000000e-02 8.000000e-02 2.000000e-01 -1.449000e-12 1.449000e-12 5.837300e-15 -5.757300e-15 8.000000e-17
9.000000e-02 9.000000e-02 2.000000e-01 -1.474300e-12 1.474200e-12 5.847300e-15 -5.757300e-15 1.000000e-17
1.000000e-01 1.000000e-01 2.000000e-01 -1.496100e-12 1.496000e-12 5.857300e-15 -5.757300e-15 3.076558e-29
1.100000e-01 1.100000e-01 2.000000e-01 -1.515600e-12 1.515500e-12 5.867300e-15 -5.757300e-15 1.000000e-17
1.200000e-01 1.200000e-01 2.000000e-01 -1.533300e-12 1.533200e-12 5.877300e-15 -5.757300e-15 2.000000e-17
1.300000e-01 1.300000e-01 2.000000e-01 -1.549700e-12 1.549600e-12 5.887300e-15 -5.757300e-15 3.000000e-17
1.400000e-01 1.400000e-01 2.000000e-01 -1.564900e-12 1.564800e-12 5.897300e-15 -5.757300e-15 4.000000e-17
1.500000e-01 1.500000e-01 2.000000e-01 -1.579200e-12 1.579000e-12 5.907300e-15 -5.757300e-15 5.000000e-17
1.600000e-01 1.600000e-01 2.000000e-01 -1.592700e-12 1.592500e-12 5.917300e-15 -5.757300e-15 4.000000e-17
1.700000e-01 1.700000e-01 2.000000e-01 -1.605400e-12 1.605300e-12 5.927300e-15 -5.757300e-15 7.000000e-17
1.800000e-01 1.800000e-01 2.000000e-01 -1.617600e-12 1.617400e-12 5.937300e-15 -5.757300e-15 2.000000e-17
1.900000e-01 1.900000e-01 2.000000e-01 -1.629300e-12 1.629100e-12 5.947300e-15 -5.757300e-15 1.000000e-17
2.000000e-01 2.000000e-01 2.000000e-01 -1.640400e-12 1.640200e-12 5.957300e-15 -5.757300e-15 6.153115e-29
2.100000e-01 2.100000e-01 2.000000e-01 -1.651100e-12 1.650900e-12 5.967300e-15 -5.757300e-15 1.000000e-17
2.200000e-01 2.200000e-01 2.000000e-01 -1.661400e-12 1.661200e-12 5.977300e-15 -5.757300e-15 2.000000e-17
2.300000e-01 2.300000e-01 2.000000e-01 -1.671400e-12 1.671100e-12 5.987300e-15 -5.757300e-15 7.000000e-17
2.400000e-01 2.400000e-01 2.000000e-01 -1.681000e-12 1.680700e-12 5.997300e-15 -5.757300e-15 6.000000e-17
2.500000e-01 2.500000e-01 2.000000e-01 -1.690200e-12 1.690000e-12 6.007300e-15 -5.757300e-15 5.000000e-17
2.600000e-01 2.600000e-01 2.000000e-01 -1.699200e-12 1.698900e-12 6.017300e-15 -5.757300e-15 4.000000e-17
2.700000e-01 2.700000e-01 2.000000e-01 -1.707900e-12 1.707600e-12 6.027300e-15 -5.757300e-15 3.000000e-17
2.800000e-01 2.800000e-01 2.000000e-01 -1.716400e-12 1.716100e-12 6.037300e-15 -5.757300e-15 2.000000e-17
2.900000e-01 2.900000e-01 2.000000e-01 -1.724600e-12 1.724300e-12 6.047300e-15 -5.757300e-15 1.000000e-17
3.000000e-01 3.000000e-01 2.000000e-01 -1.732600e-12 1.732300e-12 6.057300e-15 -5.757300e-15 9.150787e-29
3.100000e-01 3.100000e-01 2.000000e-01 -1.740300e-12 1.740000e-12 6.067300e-15 -5.757300e-15 1.000000e-17
3.200000e-01 3.200000e-01 2.000000e-01 -1.747900e-12 1.747600e-12 6.077300e-15 -5.757300e-15 2.000000e-17
3.300000e-01 3.300000e-01 2.000000e-01 -1.755300e-12 1.754900e-12 6.087300e-15 -5.757300e-15 7.000000e-17
3.400000e-01 3.400000e-01 2.000000e-01 -1.762500e-12 1.762100e-12 6.097300e-15 -5.757300e-15 6.000000e-17
3.500000e-01 3.500000e-01 2.000000e-01 -1.769500e-12 1.769100e-12 6.107300e-15 -5.757300e-15 5.000000e-17
3.600000e-01 3.600000e-01 2.000000e-01 -1.776300e-12 1.776000e-12 6.117300e-15 -5.757300e-15 6.000000e-17
3.700000e-01 3.700000e-01 2.000000e-01 -1.783000e-12 1.782700e-12 6.127300e-15 -5.757300e-15 7.000000e-17
3.800000e-01 3.800000e-01 2.000000e-01 -1.789600e-12 1.789200e-12 6.137300e-15 -5.757300e-15 2.000000e-17
3.900000e-01 3.900000e-01 2.000000e-01 -1.796000e-12 1.795600e-12 6.147300e-15 -5.757300e-15 1.000000e-17
4.000000e-01 4.000000e-01 2.000000e-01 -1.802300e-12 1.801900e-12 6.157300e-15 -5.757300e-15 1.230623e-28
4.100000e-01 4.100000e-01 2.000000e-01 -1.808400e-12 1.808000e-12 6.167300e-15 -5.757300e-15 1.000000e-17
4.200000e-01 4.200000e-01 2.000000e-01 -1.814500e-12 1.814000e-12 6.177300e-15 -5.757300e-15 8.000000e-17
4.300000e-01 4.300000e-01 2.000000e-01 -1.820400e-12 1.819900e-12 6.187300e-15 -5.757300e-15 7.000000e-17
4.400000e-01 4.400000e-01 2.000000e-01 -1.826200e-12 1.825700e-12 6.197300e-15 -5.757300e-15 6.000000e-17
4.500000e-01 4.500000e-01 2.000000e-01 -1.831900e-12 1.831400e-12 6.207300e-15 -5.757300e-15 5.000000e-17
4.600000e-01 4.600000e-01 2.000000e-01 -1.837400e-12 1.837000e-12 6.217300e-15 -5.757300e-15 6.000000e-17
4.700000e-01 4.700000e-01 2.000000e-01 -1.842900e-12 1.842400e-12 6.227300e-15 -5.757300e-15 3.000000e-17
4.800000e-01 4.800000e-01 2.000000e-01 -1.848300e-12 1.847800e-12 6.237300e-15 -5.757300e-15 2.000000e-17
4.900000e-01 4.900000e-01 2.000000e-01 -1.853600e-12 1.853100e-12 6.247300e-15 -5.757300e-15 1.000000e-17
5.000000e-01 5.000000e-01 2.000000e-01 -1.858800e-12 1.858300e-12 6.257300e-15 -5.757300e-15 2.508578e-28
5.100000e-01 5.100000e-01 2.000000e-01 -1.863900e-12 1.863400e-12 6.267300e-15 -5.757300e-15 1.000000e-17
5.200000e-01 5.200000e-01 2.000000e-01 -1.868900e-12 1.868400e-12 6.277300e-15 -5.757300e-15 2.000000e-17
5.300000e-01 5.300000e-01 2.000000e-01 -1.873900e-12 1.873300e-12 6.287300e-15 -5.757300e-15 7.000000e-17
5.400000e-01 5.400000e-01 2.000000e-01 -1.878700e-12 1.878200e-12 6.297300e-15 -5.757300e-15 4.000000e-17
5.500000e-01 5.500000e-01 2.000000e-01 -1.883500e-12 1.883000e-12 6.307300e-15 -5.757300e-15 5.000000e-17
5.600000e-01 5.600000e-01 2.000000e-01 -1.888200e-12 1.887700e-12 6.317300e-15 -5.757300e-15 6.000000e-17
5.700000e-01 5.700000e-01 2.000000e-01 -1.892900e-12 1.892300e-12 6.327300e-15 -5.757300e-15 3.000000e-17
5.800000e-01 5.800000e-01 2.000000e-01 -1.897500e-12 1.896900e-12 6.337300e-15 -5.757300e-15 2.000000e-17
5.900000e-01 5.900000e-01 2.000000e-01 -1.902000e-12 1.901400e-12 6.347300e-15 -5.757300e-15 1.000000e-17
6.000000e-01 6.000000e-01 2.000000e-01 -1.906400e-12 1.905800e-12 6.357300e-15 -5.757300e-15 2.193033e-28
6.100000e-01 6.100000e-01 2.000000e-01 -1.910800e-12 1.910200e-12 6.367300e-15 -5.757300e-15 1.000000e-17
6.200000e-01 6.200000e-01 2.000000e-01 -1.915100e-12 1.914500e-12 6.377300e-15 -5.757300e-15 2.000000e-17
6.300000e-01 6.300000e-01 2.000000e-01 -1.919400e-12 1.918800e-12 6.387300e-15 -5.757300e-15 3.000000e-17
6.400000e-01 6.400000e-01 2.000000e-01 -1.923600e-12 1.922900e-12 6.397300e-15 -5.757300e-15 6.000000e-17
6.500000e-01 6.500000e-01 2.000000e-01 -1.927700e-12 1.927100e-12 6.407300e-15 -5.757300e-15 5.000000e-17
6.600000e-01 6.600000e-01 2.000000e-01 -1.931800e-12 1.931200e-12 6.417300e-15 -5.757300e-15 6.000000e-17
6.700000e-01 6.700000e-01 2.000000e-01 -1.935900e-12 1.935200e-12 6.427300e-15 -5.757300e-15 3.000000e-17
6.800000e-01 6.800000e-01 2.000000e-01 -1.939900e-12 1.939200e-12 6.437300e-15 -5.757300e-15 2.000000e-17
6.900000e-01 6.900000e-01 2.000000e-01 -1.943800e-12 1.943100e-12 6.447300e-15 -5.757300e-15 1.000000e-17
7.000000e-01 7.000000e-01 2.000000e-01 -1.947700e-12 1.947000e-12 6.457300e-15 -5.757300e-15 2.145702e-28
7.100000e-01 7.100000e-01 2.000000e-01 -1.951500e-12 1.950800e-12 6.467300e-15 -5.757300e-15 1.000000e-17
7.200000e-01 7.200000e-01 2.000000e-01 -1.955300e-12 1.954600e-12 6.477300e-15 -5.757300e-15 2.000000e-17
7.300000e-01 7.300000e-01 2.000000e-01 -1.959100e-12 1.958400e-12 6.487300e-15 -5.757300e-15 3.000000e-17
7.400000e-01 7.400000e-01 2.000000e-01 -1.962800e-12 1.962100e-12 6.497300e-15 -5.757300e-15 4.000000e-17
7.500000e-01 7.500000e-01 2.000000e-01 -1.966500e-12 1.965700e-12 6.507300e-15 -5.757300e-15 5.000000e-17
7.600000e-01 7.600000e-01 2.000000e-01 -1.970100e-12 1.969300e-12 6.517300e-15 -5.757300e-15 4.000000e-17
7.700000e-01 7.700000e-01 2.000000e-01 -1.973700e-12 1.972900e-12 6.527300e-15 -5.757300e-15 3.000000e-17
7.800000e-01 7.800000e-01 2.000000e-01 -1.977200e-12 1.976500e-12 6.537300e-15 -5.757300e-15 8.000000e-17
7.900000e-01 7.900000e-01 2.000000e-01 -1.980700e-12 1.980000e-12 6.547300e-15 -5.757300e-15 9.000000e-17
8.000000e-01 8.000000e-01 2.000000e-01 -1.984200e-12 1.983400e-12 6.557300e-15 -5.757300e-15 2.453357e-28
8.100000e-01 8.100000e-01 2.000000e-01 -1.987600e-12 1.986800e-12 6.567300e-15 -5.757300e-15 1.000000e-17
8.200000e-01 8.200000e-01 2.000000e-01 -1.991000e-12 1.990200e-12 6.577300e-15 -5.757300e-15 2.000000e-17
8.300000e-01 8.300000e-01 2.000000e-01 -1.994400e-12 1.993600e-12 6.587300e-15 -5.757300e-15 3.000000e-17
8.400000e-01 8.400000e-01 2.000000e-01 -1.997700e-12 1.996900e-12 6.597300e-15 -5.757300e-15 4.000000e-17
8.500000e-01 8.500000e-01 2.000000e-01 -2.001000e-12 2.000200e-12 6.607300e-15 -5.757300e-15 5.000000e-17
8.600000e-01 8.600000e-01 2.000000e-01 -2.004300e-12 2.003400e-12 6.617300e-15 -5.757300e-15 4.000000e-17
8.700000e-01 8.700000e-01 2.000000e-01 -2.007500e-12 2.006600e-12 6.627300e-15 -5.757300e-15 3.000000e-17
8.800000e-01 8.800000e-01 2.000000e-01 -2.010700e-12 2.009800e-12 6.637300e-15 -5.757300e-15 2.000000e-17
8.900000e-01 8.900000e-01 2.000000e-01 -2.013900e-12 2.013000e-12 6.647300e-15 -5.757300e-15 1.000000e-17
9.000000e-01 9.000000e-01 2.000000e-01 -2.017000e-12 2.016100e-12 6.657300e-15 -5.757300e-15 1.270066e-28
9.100000e-01 9.100000e-01 2.000000e-01 -2.020100e-12 2.019200e-12 6.667300e-15 -5.757300e-15 1.000000e-17
9.200000e-01 9.200000e-01 2.000000e-01 -2.023200e-12 2.022200e-12 6.677300e-15 -5.757300e-15 8.000000e-17
9.300000e-01 9.300000e-01 2.000000e-01 -2.026200e-12 2.025300e-12 6.687300e-15 -5.757300e-15 3.000000e-17
9.400000e-01 9.400000e-01 2.000000e-01 -2.029200e-12 2.028300e-12 6.697300e-15 -5.757300e-15 4.000000e-17
9.500000e-01 9.500000e-01 2.000000e-01 -2.032200e-12 2.031300e-12 6.707300e-15 -5.757300e-15 5.000000e-17
9.600000e-01 9.600000e-01 2.000000e-01 -2.035200e-12 2.034200e-12 6.717300e-15 -5.757300e-15 4.000000e-17
9.700000e-01 9.700000e-01 2.000000e-01 -2.038100e-12 2.037100e-12 6.727300e-15 -5.757300e-15 3.000000e-17
9.800000e-01 9.800000e-01 2.000000e-01 -2.041000e-12 2.040100e-12 6.737300e-15 -5.757300e-15 8.000000e-17
9.900000e-01 9.900000e-01 2.000000e-01 -2.043900e-12 2.042900e-12 6.747300e-15 -5.757300e-15 1.000000e-17
1.000000e+00 1.000000e+00 2.000000e-01 -2.046800e-12 2.045800e-12 6.757300e-15 -5.757300e-15 5.009267e-28
1.010000e+00 1.010000e+00 2.000000e-01 -2.049600e-12 2.048600e-12 6.767300e-15 -5.757300e-15 1.000000e-17
1.020000e+00 1.020000e+00 2.000000e-01 -2.052400e-12 2.051400e-12 6.777300e-15 -5.757300e-15 2.000000e-17
1.030000e+00 1.030000e+00 2.000000e-01 -2.055200e-12 2.054200e-12 6.787300e-15 -5.757300e-15 3.000000e-17
1.040000e+00 1.040000e+00 2.000000e-01 -2.058000e-12 2.056900e-12 6.797300e-15 -5.757300e-15 6.000000e-17
1.050000e+00 1.050000e+00 2.000000e-01 -2.060700e-12 2.059700e-12 6.807300e-15 -5.757300e-15 5.000000e-17
1.060000e+00 1.060000e+00 2.000000e-01 -2.063400e-12 2.062400e-12 6.817300e-15 -5.757300e-15 6.000000e-17
1.070000e+00 1.070000e+00 2.000000e-01 -2.066100e-12 2.065100e-12 6.827300e-15 -5.757300e-15 7.000000e-17
1.080000e+00 1.080000e+00 2.000000e-01 -2.068800e-12 2.067700e-12 6.837300e-15 -5.757300e-15 2.000000e-17
1.090000e+00 1.090000e+00 2.000000e-01 -2.071500e-12 2.070400e-12 6.847300e-15 -5.757300e-15 1.000000e-17
1.100000e+00 1.100000e+00 2.000000e-01 -2.074100e-12 2.073000e-12 6.857300e-15 -5.757300e-15 6.547546e-29
1.110000e+00 1.110000e+00 2.000000e-01 -2.076700e-12 2.075600e-12 6.867300e-15 -5.757300e-15 1.000000e-17
1.120000e+00 1.120000e+00 2.000000e-01 -2.079300e-12 2.078200e-12 6.877300e-15 -5.757300e-15 2.000000e-17
1.130000e+00 1.130000e+00 2.000000e-01 -2.081900e-12 2.080800e-12 6.887300e-15 -5.757300e-15 3.000000e-17
1.140000e+00 1.140000e+00 2.000000e-01 -2.084500e-12 2.083300e-12 6.897300e-15 -5.757300e-15 6.000000e-17
1.150000e+00 1.150000e+00 2.000000e-01 -2.087000e-12 2.085800e-12 6.907300e-15 -5.757300e-15 5.000000e-17
1.160000e+00 1.160000e+00 2.000000e-01 -2.089500e-12 2.088300e-12 6.917300e-15 -5.757300e-15 4.000000e-17
1.170000e+00 1.170000e+00 2.000000e-01 -2.092000e-12 2.090800e-12 6.927300e-15 -5.757300e-15 3.000000e-17
1.180000e+00 1.180000e+00 2.000000e-01 -2.094500e-12 2.093300e-12 6.937300e-15 -5.757300e-15 2.000000e-17
1.190000e+00 1.190000e+00 2.000000e-01 -2.097000e-12 2.095800e-12 6.947300e-15 -5.757300e-15 1.000000e-17
1.200000e+00 1.200000e+00 2.000000e-01 -2.099400e-12 2.098200e-12 6.957300e-15 -5.757300e-15 4.393955e-28
0.000000e+00 0.000000e+00 4.000000e-01 8.796030e-14 8.796030e-14 6.782220e-16 -1.765988e-13 2.200000e-20
1.000000e-02 1.000000e-02 4.000000e-01 -2.388400e-09 2.388500e-09 6.882220e-16 -1.252553e-13 2.456708e-14
2.000000e-02 2.000000e-02 4.000000e-01 -3.974900e-09 3.975000e-09 6.982220e-16 -9.527160e-14 5.426622e-15
3.000000e-02 3.000000e-02 4.000000e-01 -4.972300e-09 4.972400e-09 7.082220e-16 -7.838040e-14 2.232782e-14
4.000000e-02 4.000000e-02 4.000000e-01 -5.580000e-09 5.580100e-09 7.182220e-16 -6.912690e-14 3.159132e-14
5.000000e-02 5.000000e-02 4.000000e-01 -5.958400e-09 5.958500e-09 7.282220e-16 -6.407040e-14 3.665782e-14
6.000000e-02 6.000000e-02 4.000000e-01 -6.210800e-09 6.210800e-09 7.382220e-16 -6.124160e-14 6.050338e-14
7.000000e-02 7.000000e-02 4.000000e-01 -6.393700e-09 6.393800e-09 7.482220e-16 -5.959590e-14 4.115232e-14
8.000000e-02 8.000000e-02 4.000000e-01 -6.536700e-09 6.536700e-09 7.582220e-16 -5.859510e-14 5.783688e-14
9.000000e-02 9.000000e-02 4.000000e-01 -6.655000e-09 6.655000e-09 7.682220e-16 -5.795960e-14 5.719138e-14
1.000000e-01 1.000000e-01 4.000000e-01 -6.757000e-09 6.757000e-09 7.782220e-16 -5.753990e-14 5.676168e-14
1.100000e-01 1.100000e-01 4.000000e-01 -6.847400e-09 6.847500e-09 7.882220e-16 -5.725280e-14 4.353542e-14
1.200000e-01 1.200000e-01 4.000000e-01 -6.929400e-09 6.929400e-09 7.982220e-16 -5.705040e-14 5.625218e-14
1.300000e-01 1.300000e-01 4.000000e-01 -7.004700e-09 7.004700e-09 8.082220e-16 -5.690390e-14 5.609568e-14
1.400000e-01 1.400000e-01 4.000000e-01 -7.074600e-09 7.074700e-09 8.182220e-16 -5.679530e-14 4.402292e-14
1.500000e-01 1.500000e-01 4.000000e-01 -7.140200e-09 7.140200e-09 8.282220e-16 -5.671310e-14 5.588488e-14
1.600000e-01 1.600000e-01 4.000000e-01 -7.201900e-09 7.202000e-09 8.382220e-16 -5.664990e-14 4.418832e-14
1.700000e-01 1.700000e-01 4.000000e-01 -7.260400e-09 7.260500e-09 8.482220e-16 -5.660040e-14 4.424782e-14
1.800000e-01 1.800000e-01 4.000000e-01 -7.316100e-09 7.316200e-09 8.582220e-16 -5.656100e-14 4.429722e-14
1.900000e-01 1.900000e-01 4.000000e-01 -7.369200e-09 7.369300e-09 8.682220e-16 -5.652940e-14 4.433882e-14
2.000000e-01 2.000000e-01 4.000000e-01 -7.420100e-09 7.420200e-09 8.782220e-16 -5.650370e-14 4.437452e-14
2.100000e-01 2.100000e-01 4.000000e-01 -7.468900e-09 7.469000e-09 8.882220e-16 -5.648250e-14 4.440572e-14
2.200000e-01 2.200000e-01 4.000000e-01 -7.515900e-09 7.515900e-09 8.982220e-16 -5.646500e-14 5.556678e-14
2.300000e-01 2.300000e-01 4.000000e-01 -7.561100e-09 7.561100e-09 9.082220e-16 -5.645020e-14 5.554198e-14
2.400000e-01 2.400000e-01 4.000000e-01 -7.604700e-09 7.604800e-09 9.182220e-16 -5.643780e-14 4.448042e-14
2.500000e-01 2.500000e-01 4.000000e-01 -7.646900e-09 7.647000e-09 9.282220e-16 -5.642720e-14 4.450102e-14
2.600000e-01 2.600000e-01 4.000000e-01 -7.687800e-09 7.687800e-09 9.382220e-16 -5.641820e-14 5.547998e-14
2.700000e-01 2.700000e-01 4.000000e-01 -7.727400e-09 7.727400e-09 9.482220e-16 -5.641030e-14 5.546208e-14
2.800000e-01 2.800000e-01 4.000000e-01 -7.765800e-09 7.765800e-09 9.582220e-16 -5.640350e-14 5.544528e-14
2.900000e-01 2.900000e-01 4.000000e-01 -7.803000e-09 7.803100e-09 9.682220e-16 -5.639760e-14 4.457062e-14
3.000000e-01 3.000000e-01 4.000000e-01 -7.839300e-09 7.839300e-09 9.782220e-16 -5.639240e-14 5.541418e-14
3.100000e-01 3.100000e-01 4.000000e-01 -7.874600e-09 7.874600e-09 9.882220e-16 -5.638780e-14 5.539958e-14
3.200000e-01 3.200000e-01 4.000000e-01 -7.908900e-09 7.909000e-09 9.982220e-16 -5.638370e-14 4.461452e-14
3.300000e-01 3.300000e-01 4.000000e-01 -7.942400e-09 7.942400e-09 1.008200e-15 -5.638010e-14 5.537190e-14
3.400000e-01 3.400000e-01 4.000000e-01 -7.975000e-09 7.975100e-09 1.018200e-15 -5.637690e-14 4.464130e-14
3.500000e-01 3.500000e-01 4.000000e-01 -8.006900e-09 8.006900e-09 1.028200e-15 -5.637400e-14 5.534580e-14
3.600000e-01 3.600000e-01 4.000000e-01 -8.038000e-09 8.038000e-09 1.038200e-15 -5.637140e-14 5.533320e-14
3.700000e-01 3.700000e-01 4.000000e-01 -8.068400e-09 8.068400e-09 1.048200e-15 -5.636900e-14 5.532080e-14
3.800000e-01 3.800000e-01 4.000000e-01 -8.098100e-09 8.098200e-09 1.058200e-15 -5.636680e-14 4.469140e-14
3.900000e-01 3.900000e-01 4.000000e-01 -8.127200e-09 8.127200e-09 1.068200e-15 -5.636490e-14 5.529670e-14
4.000000e-01 4.000000e-01 4.000000e-01 -8.155600e-09 8.155700e-09 1.078200e-15 -5.636310e-14 4.471510e-14
4.100000e-01 4.100000e-01 4.000000e-01 -8.183500e-09 8.183600e-09 1.088200e-15 -5.636140e-14 4.472680e-14
4.200000e-01 4.200000e-01 4.000000e-01 -8.210800e-09 8.210900e-09 1.098200e-15 -5.635990e-14 4.473830e-14
4.300000e-01 4.300000e-01 4.000000e-01 -8.237600e-09 8.237600e-09 1.108200e-15 -5.635850e-14 5.525030e-14
4.400000e-01 4.400000e-01 4.000000e-01 -8.263800e-09 8.263900e-09 1.118200e-15 -5.635720e-14 4.476100e-14
4.500000e-01 4.500000e-01 4.000000e-01 -8.289600e-09 8.289600e-09 1.128200e-15 -5.635610e-14 5.522790e-14
4.600000e-01 4.600000e-01 4.000000e-01 -8.314800e-09 8.314900e-09 1.138200e-15 -5.635490e-14 4.478330e-14
4.700000e-01 4.700000e-01 4.000000e-01 -8.339600e-09 8.339700e-09 1.148200e-15 -5.635390e-14 4.479430e-14
4.800000e-01 4.800000e-01 4.000000e-01 -8.364000e-09 8.364100e-09 1.158200e-15 -5.635290e-14 4.480530e-14
4.900000e-01 4.900000e-01 4.000000e-01 -8.387900e-09 8.388000e-09 1.168200e-15 -5.635200e-14 4.481620e-14
5.000000e-01 5.000000e-01 4.000000e-01 -8.411500e-09 8.411500e-09 1.178200e-15 -5.635120e-14 5.517300e-14
5.100000e-01 5.100000e-01 4.000000e-01 -8.434600e-09 8.434700e-09 1.188200e-15 -5.635040e-14 4.483780e-14
5.200000e-01 5.200000e-01 4.000000e-01 -8.457300e-09 8.457400e-09 1.198200e-15 -5.634970e-14 4.484850e-14
5.300000e-01 5.300000e-01 4.000000e-01 -8.479700e-09 8.479800e-09 1.208200e-15 -5.634890e-14 4.485930e-14
5.400000e-01 5.400000e-01 4.000000e-01 -8.501700e-09 8.501800e-09 1.218200e-15 -5.634830e-14 4.486990e-14
5.500000e-01 5.500000e-01 4.000000e-01 -8.523400e-09 8.523500e-09 1.228200e-15 -5.634760e-14 4.488060e-14
5.600000e-01 5.600000e-01 4.000000e-01 -8.544700e-09 8.544800e-09 1.238200e-15 -5.634700e-14 4.489120e-14
5.700000e-01 5.700000e-01 4.000000e-01 -8.565800e-09 8.565800e-09 1.248200e-15 -5.634650e-14 5.509830e-14
5.800000e-01 5.800000e-01 4.000000e-01 -8.586500e-09 8.586500e-09 1.258200e-15 -5.634590e-14 5.508770e-14
5.900000e-01 5.900000e-01 4.000000e-01 -8.606900e-09 8.606900e-09 1.268200e-15 -5.634540e-14 5.507720e-14
6.000000e-01 6.000000e-01 4.000000e-01 -8.627000e-09 8.627000e-09 1.278200e-15 -5.634490e-14 5.506670e-14
6.100000e-01 6.100000e-01 4.000000e-01 -8.646800e-09 8.646800e-09 1.288200e-15 -5.634450e-14 5.505630e-14
6.200000e-01 6.200000e-01 4.000000e-01 -8.666300e-09 8.666400e-09 1.298200e-15 -5.634400e-14 4.495420e-14
6.300000e-01 6.300000e-01 4.000000e-01 -8.685600e-09 8.685600e-09 1.308200e-15 -5.634360e-14 5.503540e-14
6.400000e-01 6.400000e-01 4.000000e-01 -8.704600e-09 8.704700e-09 1.318200e-15 -5.634320e-14 4.497500e-14
6.500000e-01 6.500000e-01 4.000000e-01 -8.723400e-09 8.723400e-09 1.328200e-15 -5.634280e-14 5.501460e-14
6.600000e-01 6.600000e-01 4.000000e-01 -8.741900e-09 8.741900e-09 1.338200e-15 -5.634240e-14 5.500420e-14
6.700000e-01 6.700000e-01 4.000000e-01 -8.760100e-09 8.760200e-09 1.348200e-15 -5.634200e-14 4.500620e-14
6.800000e-01 6.800000e-01 4.000000e-01 -8.778200e-09 8.778200e-09 1.358200e-15 -5.634160e-14 5.498340e-14
6.900000e-01 6.900000e-01 4.000000e-01 -8.796000e-09 8.796000e-09 1.368200e-15 -5.634130e-14 5.497310e-14
7.000000e-01 7.000000e-01 4.000000e-01 -8.813600e-09 8.813600e-09 1.378200e-15 -5.634100e-14 5.496280e-14
7.100000e-01 7.100000e-01 4.000000e-01 -8.830900e-09 8.831000e-09 1.388200e-15 -5.634060e-14 4.504760e-14
7.200000e-01 7.200000e-01 4.000000e-01 -8.848100e-09 8.848100e-09 1.398200e-15 -5.634030e-14 5.494210e-14
7.300000e-01 7.300000e-01 4.000000e-01 -8.865000e-09 8.865100e-09 1.408200e-15 -5.634000e-14 4.506820e-14
7.400000e-01 7.400000e-01 4.000000e-01 -8.881800e-09 8.881900e-09 1.418200e-15 -5.633970e-14 4.507850e-14
7.500000e-01 7.500000e-01 4.000000e-01 -8.898400e-09 8.898400e-09 1.428200e-15 -5.633950e-14 5.491130e-14
7.600000e-01 7.600000e-01 4.000000e-01 -8.914700e-09 8.914800e-09 1.438200e-15 -5.633920e-14 4.509900e-14
7.700000e-01 7.700000e-01 4.000000e-01 -8.930900e-09 8.931000e-09 1.448200e-15 -5.633890e-14 4.510930e-14
7.800000e-01 7.800000e-01 4.000000e-01 -8.946900e-09 8.947000e-09 1.458200e-15 -5.633870e-14 4.511950e-14
7.900000e-01 7.900000e-01 4.000000e-01 -8.962800e-09 8.962800e-09 1.468200e-15 -5.633840e-14 5.487020e-14
8.000000e-01 8.000000e-01 4.000000e-01 -8.978400e-09 8.978500e-09 1.478200e-15 -5.633810e-14 4.514010e-14
8.100000e-01 8.100000e-01 4.000000e-01 -8.993900e-09 8.994000e-09 1.488200e-15 -5.633790e-14 4.515030e-14
8.200000e-01 8.200000e-01 4.000000e-01 -9.009200e-09 9.009300e-09 1.498200e-15 -5.633770e-14 4.516050e-14
8.300000e-01 8.300000e-01 4.000000e-01 -9.024400e-09 9.024500e-09 1.508200e-15 -5.633740e-14 4.517080e-14
8.400000e-01 8.400000e-01 4.000000e-01 -9.039400e-09 9.039500e-09 1.518200e-15 -5.633720e-14 4.518100e-14
8.500000e-01 8.500000e-01 4.000000e-01 -9.054300e-09 9.054300e-09 1.528200e-15 -5.633700e-14 5.480880e-14
8.600000e-01 8.600000e-01 4.000000e-01 -9.069000e-09 9.069000e-09 1.538200e-15 -5.633680e-14 5.479860e-14
8.700000e-01 8.700000e-01 4.000000e-01 -9.083500e-09 9.083600e-09 1.548200e-15 -5.633660e-14 4.521160e-14
8.800000e-01 8.800000e-01 4.000000e-01 -9.097900e-09 9.098000e-09 1.558200e-15 -5.633640e-14 4.522180e-14
8.900000e-01 8.900000e-01 4.000000e-01 -9.112200e-09 9.112300e-09 1.568200e-15 -5.633620e-14 4.523200e-14
9.000000e-01 9.000000e-01 4.000000e-01 -9.126300e-09 9.126400e-09 1.578200e-15 -5.633600e-14 4.524220e-14
9.100000e-01 9.100000e-01 4.000000e-01 -9.140300e-09 9.140400e-09 1.588200e-15 -5.633580e-14 4.525240e-14
9.200000e-01 9.200000e-01 4.000000e-01 -9.154200e-09 9.154300e-09 1.598200e-15 -5.633560e-14 4.526260e-14
9.300000e-01 9.300000e-01 4.000000e-01 -9.167900e-09 9.168000e-09 1.608200e-15 -5.633540e-14 4.527280e-14
9.400000e-01 9.400000e-01 4.000000e-01 -9.181600e-09 9.181600e-09 1.618200e-15 -5.633520e-14 5.471700e-14
9.500000e-01 9.500000e-01 4.000000e-01 -9.195000e-09 9.195100e-09 1.628200e-15 -5.633500e-14 4.529320e-14
9.600000e-01 9.600000e-01 4.000000e-01 -9.208400e-09 9.208500e-09 1.638200e-15 -5.633490e-14 4.530330e-14
9.700000e-01 9.700000e-01 4.000000e-01 -9.221600e-09 9.221700e-09 1.648200e-15 -5.633470e-14 4.531350e-14
9.800000e-01 9.800000e-01 4.000000e-01 -9.234800e-09 9.234800e-09 1.658200e-15 -5.633450e-14 5.467630e-14
9.900000e-01 9.900000e-01 4.000000e-01 -9.247800e-09 9.247800e-09 1.668200e-15 -5.633430e-14 5.466610e-14
1.000000e+00 1.000000e+00 4.000000e-01 -9.260700e-09 9.260700e-09 1.678200e-15 -5.633420e-14 5.465600e-14
1.010000e+00 1.010000e+00 4.000000e-01 -9.273500e-09 9.273500e-09 1.688200e-15 -5.633400e-14 5.464580e-14
1.020000e+00 1.020000e+00 4.000000e-01 -9.286100e-09 9.286200e-09 1.698200e-15 -5.633380e-14 4.536440e-14
1.030000e+00 1.030000e+00 4.000000e-01 -9.298700e-09 9.298800e-09 1.708200e-15 -5.633370e-14 4.537450e-14
1.040000e+00 1.040000e+00 4.000000e-01 -9.311200e-09 9.311200e-09 1.718200e-15 -5.633350e-14 5.461530e-14
1.050000e+00 1.050000e+00 4.000000e-01 -9.323500e-09 9.323600e-09 1.728200e-15 -5.633340e-14 4.539480e-14
1.060000e+00 1.060000e+00 4.000000e-01 -9.335800e-09 9.335800e-09 1.738200e-15 -5.633320e-14 5.459500e-14
1.070000e+00 1.070000e+00 4.000000e-01 -9.348000e-09 9.348000e-09 1.748200e-15 -5.633310e-14 5.458490e-14
1.080000e+00 1.080000e+00 4.000000e-01 -9.360000e-09 9.360100e-09 1.758200e-15 -5.633290e-14 4.542530e-14
1.090000e+00 1.090000e+00 4.000000e-01 -9.372000e-09 9.372000e-09 1.768200e-15 -5.633280e-14 5.456460e-14
1.100000e+00 1.100000e+00 4.000000e-01 -9.383900e-09 9.383900e-09 1.778200e-15 -5.633260e-14 5.455440e-14
1.110000e+00 1.110000e+00 4.000000e-01 -9.395600e-09 9.395700e-09 1.788200e-15 -5.633250e-14 4.545570e-14
1.120000e+00 1.120000e+00 4.000000e-01 -9.407300e-09 9.407400e-09 1.798200e-15 -5.633240e-14 4.546580e-14
1.130000e+00 1.130000e+00 4.000000e-01 -9.418900e-09 9.419000e-09 1.808200e-15 -5.633220e-14 4.547600e-14
1.140000e+00 1.140000e+00 4.000000e-01 -9.430400e-09 9.430500e-09 1.818200e-15 -5.633210e-14 4.548610e-14
1.150000e+00 1.150000e+00 4.000000e-01 -9.441900e-09 9.441900e-09 1.828200e-15 -5.633190e-14 5.450370e-14
1.160000e+00 1.160000e+00 4.000000e-01 -9.453200e-09 9.453300e-09 1.838200e-15 -5.633180e-14 4.550640e-14
1.170000e+00 1.170000e+00 4.000000e-01 -9.464500e-09 9.464500e-09 1.848200e-15 -5.633170e-14 5.448350e-14
1.180000e+00 1.180000e+00 4.000000e-01 -9.475600e-09 9.475700e-09 1.858200e-15 -5.633160e-14 4.552660e-14
1.190000e+00 1.190000e+00 4.000000e-01 -9.486700e-09 9.486800e-09 1.868200e-15 -5.633140e-14 4.553680e-14
1.200000e+00 1.200000e+00 4.000000e-01 -9.497800e-09 9.497800e-09 1.878200e-15 -5.633130e-14 5.445310e-14
0.000000e+00 0.000000e+00 6.000000e-01 1.672722e-10 1.672722e-10 5.991250e-17 -3.345445e-10 4.008750e-17
1.000000e-02 1.000000e-02 6.000000e-01 -1.070845e-07 1.073928e-07 6.991250e-17 -3.083717e-10 7.163009e-14
2.000000e-02 2.000000e-02 6.000000e-01 -2.060851e-07 2.063691e-07 7.991240e-17 -2.839369e-10 6.317991e-14
3.000000e-02 3.000000e-02 6.000000e-01 -2.964558e-07 2.967171e-07 8.991240e-17 -2.613428e-10 4.271009e-14
4.000000e-02 4.000000e-02 6.000000e-01 -3.777611e-07 3.780018e-07 9.991230e-17 -2.407382e-10 3.810009e-14
5.000000e-02 5.000000e-02 6.000000e-01 -4.497215e-07 4.499438e-07 1.099123e-16 -2.222714e-10 2.870991e-14
6.000000e-02 6.000000e-02 6.000000e-01 -5.123808e-07 5.125869e-07 1.199122e-16 -2.060435e-10 5.661991e-14
7.000000e-02 7.000000e-02 6.000000e-01 -5.661809e-07 5.663730e-07 1.299122e-16 -1.920721e-10 2.802991e-14
8.000000e-02 8.000000e-02 6.000000e-01 -6.119224e-07 6.121027e-07 1.399122e-16 -1.802763e-10 2.383991e-14
9.000000e-02 9.000000e-02 6.000000e-01 -6.506384e-07 6.508089e-07 1.499121e-16 -1.704856e-10 1.454991e-14
1.000000e-01 1.000000e-01 6.000000e-01 -6.834378e-07 6.836003e-07 1.599121e-16 -1.624685e-10 3.165991e-14
1.100000e-01 1.100000e-01 6.000000e-01 -7.113755e-07 7.115314e-07 1.699121e-16 -1.559656e-10 6.543009e-14
1.200000e-01 1.200000e-01 6.000000e-01 -7.353750e-07 7.355257e-07 1.799121e-16 -1.507202e-10 2.002009e-14
1.300000e-01 1.300000e-01 6.000000e-01 -7.562016e-07 7.563481e-07 1.899121e-16 -1.464976e-10 2.589912e-15
1.400000e-01 1.400000e-01 6.000000e-01 -7.744682e-07 7.746113e-07 1.999121e-16 -1.430958e-10 4.399912e-15
1.500000e-01 1.500000e-01 6.000000e-01 -7.906572e-07 7.907976e-07 2.099121e-16 -1.403470e-10 5.320991e-14
1.600000e-01 1.600000e-01 6.000000e-01 -8.051457e-07 8.052838e-07 2.199121e-16 -1.381157e-10 1.548009e-14
1.700000e-01 1.700000e-01 6.000000e-01 -8.182284e-07 8.183647e-07 2.299121e-16 -1.362943e-10 5.929912e-15
1.800000e-01 1.800000e-01 6.000000e-01 -8.301375e-07 8.302723e-07 2.399121e-16 -1.347981e-10 2.139912e-15
1.900000e-01 1.900000e-01 6.000000e-01 -8.410569e-07 8.411904e-07 2.499121e-16 -1.335609e-10 6.065009e-14
2.000000e-01 2.000000e-01 6.000000e-01 -8.511337e-07 8.512662e-07 2.599121e-16 -1.325309e-10 3.064009e-14
2.100000e-01 2.100000e-01 6.000000e-01 -8.604867e-07 8.606184e-07 2.699121e-16 -1.316675e-10 3.276991e-14
2.200000e-01 2.200000e-01 6.000000e-01 -8.692129e-07 8.693438e-07 2.799121e-16 -1.309390e-10 3.872009e-14
2.300000e-01 2.300000e-01 6.000000e-01 -8.773918e-07 8.775221e-07 2.899120e-16 -1.303202e-10 1.991009e-14
2.400000e-01 2.400000e-01 6.000000e-01 -8.850894e-07 8.852191e-07 2.999120e-16 -1.297913e-10 9.100009e-14
2.500000e-01 2.500000e-01 6.000000e-01 -8.923609e-07 8.924903e-07 3.099120e-16 -1.293364e-10 6.390991e-14
2.600000e-01 2.600000e-01 6.000000e-01 -8.992530e-07 8.993819e-07 3.199120e-16 -1.289430e-10 4.268009e-14
2.700000e-01 2.700000e-01 6.000000e-01 -9.058049e-07 9.059335e-07 3.299120e-16 -1.286007e-10 3.700880e-16
2.800000e-01 2.800000e-01 6.000000e-01 -9.120506e-07 9.121789e-07 3.399120e-16 -1.283014e-10 1.060088e-15
2.900000e-01 2.900000e-01 6.000000e-01 -9.180189e-07 9.181470e-07 3.499120e-16 -1.280383e-10 6.204991e-14
3.000000e-01 3.000000e-01 6.000000e-01 -9.237350e-07 9.238629e-07 3.599120e-16 -1.278058e-10 9.455991e-14
3.100000e-01 3.100000e-01 6.000000e-01 -9.292208e-07 9.293484e-07 3.699120e-16 -1.275995e-10 8.699120e-16
3.200000e-01 3.200000e-01 6.000000e-01 -9.344952e-07 9.346226e-07 3.799120e-16 -1.274155e-10 1.512009e-14
3.300000e-01 3.300000e-01 6.000000e-01 -9.395751e-07 9.397024e-07 3.899120e-16 -1.272508e-10 4.958991e-14
3.400000e-01 3.400000e-01 6.000000e-01 -9.444754e-07 9.446025e-07 3.999120e-16 -1.271027e-10 2.300088e-15
3.500000e-01 3.500000e-01 6.000000e-01 -9.492093e-07 9.493363e-07 4.099120e-16 -1.269690e-10 3.140991e-14
3.600000e-01 3.600000e-01 6.000000e-01 -9.537884e-07 9.539153e-07 4.199120e-16 -1.268478e-10 5.261991e-14
3.700000e-01 3.700000e-01 6.000000e-01 -9.582234e-07 9.583501e-07 4.299120e-16 -1.267377e-10 3.727009e-14
3.800000e-01 3.800000e-01 6.000000e-01 -9.625236e-07 9.626503e-07 4.399120e-16 -1.266371e-10 6.333991e-14
3.900000e-01 3.900000e-01 6.000000e-01 -9.666977e-07 9.668242e-07 4.499120e-16 -1.265451e-10 4.465009e-14
4.000000e-01 4.000000e-01 6.000000e-01 -9.707533e-07 9.708797e-07 4.599120e-16 -1.264606e-10 6.014009e-14
4.100000e-01 4.100000e-01 6.000000e-01 -9.746974e-07 9.748238e-07 4.699120e-16 -1.263827e-10 1.776991e-14
4.200000e-01 4.200000e-01 6.000000e-01 -9.785364e-07 9.786627e-07 4.799120e-16 -1.263107e-10 1.022009e-14
4.300000e-01 4.300000e-01 6.000000e-01 -9.822762e-07 9.824025e-07 4.899120e-16 -1.262440e-10 5.648991e-14
4.400000e-01 4.400000e-01 6.000000e-01 -9.859221e-07 9.860483e-07 4.999120e-16 -1.261820e-10 1.849991e-14
4.500000e-01 4.500000e-01 6.000000e-01 -9.894791e-07 9.896052e-07 5.099120e-16 -1.261243e-10 2.379009e-14
4.600000e-01 4.600000e-01 6.000000e-01 -9.929515e-07 9.930776e-07 5.199120e-16 -1.260704e-10 3.011991e-14
4.700000e-01 4.700000e-01 6.000000e-01 -9.963437e-07 9.964697e-07 5.299120e-16 -1.260199e-10 1.937009e-14
4.800000e-01 4.800000e-01 6.000000e-01 -9.996594e-07 9.997854e-07 5.399120e-16 -1.259726e-10 2.793991e-14
4.900000e-01 4.900000e-01 6.000000e-01 -1.002900e-06 1.003000e-06 5.499120e-16 -1.259281e-10 2.592755e-11
5.000000e-01 5.000000e-01 6.000000e-01 -1.006100e-06 1.006200e-06 5.599120e-16 -1.258861e-10 2.588554e-11
5.100000e-01 5.100000e-01 6.000000e-01 -1.009200e-06 1.009300e-06 5.699120e-16 -1.258465e-10 2.584593e-11
5.200000e-01 5.200000e-01 6.000000e-01 -1.012200e-06 1.012400e-06 5.799120e-16 -1.258090e-10 7.419158e-11
5.300000e-01 5.300000e-01 6.000000e-01 -1.015200e-06 1.015300e-06 5.899120e-16 -1.257735e-10 2.577291e-11
5.400000e-01 5.400000e-01 6.000000e-01 -1.018100e-06 1.018300e-06 5.999120e-16 -1.257398e-10 7.426080e-11
5.500000e-01 5.500000e-01 6.000000e-01 -1.021000e-06 1.021100e-06 6.099120e-16 -1.257077e-10 2.570709e-11
5.600000e-01 5.600000e-01 6.000000e-01 -1.023800e-06 1.023900e-06 6.199120e-16 -1.256771e-10 2.567648e-11
5.700000e-01 5.700000e-01 6.000000e-01 -1.026600e-06 1.026700e-06 6.299120e-16 -1.256479e-10 2.564727e-11
5.800000e-01 5.800000e-01 6.000000e-01 -1.029300e-06 1.029400e-06 6.399120e-16 -1.256200e-10 2.561936e-11
5.900000e-01 5.900000e-01 6.000000e-01 -1.032000e-06 1.032100e-06 6.499120e-16 -1.255933e-10 2.559265e-11
6.000000e-01 6.000000e-01 6.000000e-01 -1.034600e-06 1.034700e-06 6.599120e-16 -1.255678e-10 2.556714e-11
6.100000e-01 6.100000e-01 6.000000e-01 -1.037200e-06 1.037300e-06 6.699120e-16 -1.255432e-10 2.554253e-11
6.200000e-01 6.200000e-01 6.000000e-01 -1.039700e-06 1.039800e-06 6.799120e-16 -1.255196e-10 2.551892e-11
6.300000e-01 6.300000e-01 6.000000e-01 -1.042200e-06 1.042300e-06 6.899120e-16 -1.254969e-10 2.549621e-11
6.400000e-01 6.400000e-01 6.000000e-01 -1.044600e-06 1.044700e-06 6.999120e-16 -1.254750e-10 2.547430e-11
6.500000e-01 6.500000e-01 6.000000e-01 -1.047000e-06 1.047200e-06 7.099120e-16 -1.254539e-10 7.454681e-11
6.600000e-01 6.600000e-01 6.000000e-01 -1.049400e-06 1.049500e-06 7.199120e-16 -1.254336e-10 2.543288e-11
6.700000e-01 6.700000e-01 6.000000e-01 -1.051700e-06 1.051900e-06 7.299120e-16 -1.254139e-10 7.458683e-11
6.800000e-01 6.800000e-01 6.000000e-01 -1.054000e-06 1.054200e-06 7.399120e-16 -1.253948e-10 7.460594e-11
6.900000e-01 6.900000e-01 6.000000e-01 -1.056300e-06 1.056400e-06 7.499120e-16 -1.253764e-10 2.537565e-11
7.000000e-01 7.000000e-01 6.000000e-01 -1.058600e-06 1.058700e-06 7.599120e-16 -1.253585e-10 2.535774e-11
7.100000e-01 7.100000e-01 6.000000e-01 -1.060800e-06 1.060900e-06 7.699120e-16 -1.253411e-10 2.534033e-11
7.200000e-01 7.200000e-01 6.000000e-01 -1.062900e-06 1.063100e-06 7.799120e-16 -1.253243e-10 7.467648e-11
7.300000e-01 7.300000e-01 6.000000e-01 -1.065100e-06 1.065200e-06 7.899120e-16 -1.253079e-10 2.530711e-11
7.400000e-01 7.400000e-01 6.000000e-01 -1.067200e-06 1.067300e-06 7.999120e-16 -1.252920e-10 2.529120e-11
7.500000e-01 7.500000e-01 6.000000e-01 -1.069300e-06 1.069400e-06 8.099120e-16 -1.252765e-10 2.527569e-11
7.600000e-01 7.600000e-01 6.000000e-01 -1.071300e-06 1.071500e-06 8.199120e-16 -1.252614e-10 7.473942e-11
7.700000e-01 7.700000e-01 6.000000e-01 -1.073400e-06 1.073500e-06 8.299120e-16 -1.252467e-10 2.524587e-11
7.800000e-01 7.800000e-01 6.000000e-01 -1.075400e-06 1.075500e-06 8.399120e-16 -1.252323e-10 2.523146e-11
7.900000e-01 7.900000e-01 6.000000e-01 -1.077300e-06 1.077500e-06 8.499120e-16 -1.252183e-10 7.478255e-11
8.000000e-01 8.000000e-01 6.000000e-01 -1.079300e-06 1.079400e-06 8.599120e-16 -1.252046e-10 2.520374e-11
8.100000e-01 8.100000e-01 6.000000e-01 -1.081200e-06 1.081300e-06 8.699120e-16 -1.251912e-10 2.519033e-11
8.200000e-01 8.200000e-01 6.000000e-01 -1.083100e-06 1.083300e-06 8.799120e-16 -1.251781e-10 7.482278e-11
8.300000e-01 8.300000e-01 6.000000e-01 -1.085000e-06 1.085100e-06 8.899120e-16 -1.251653e-10 2.516441e-11
8.400000e-01 8.400000e-01 6.000000e-01 -1.086900e-06 1.087000e-06 8.999120e-16 -1.251528e-10 2.515190e-11
8.500000e-01 8.500000e-01 6.000000e-01 -1.088700e-06 1.088800e-06 9.099120e-16 -1.251406e-10 2.513969e-11
8.600000e-01 8.600000e-01 6.000000e-01 -1.090500e-06 1.090700e-06 9.199120e-16 -1.251285e-10 7.487242e-11
8.700000e-01 8.700000e-01 6.000000e-01 -1.092300e-06 1.092500e-06 9.299120e-16 -1.251168e-10 7.488413e-11
8.800000e-01 8.800000e-01 6.000000e-01 -1.094100e-06 1.094200e-06 9.399120e-16 -1.251052e-10 2.510426e-11
8.900000e-01 8.900000e-01 6.000000e-01 -1.095900e-06 1.096000e-06 9.499120e-16 -1.250939e-10 2.509295e-11
9.000000e-01 9.000000e-01 6.000000e-01 -1.097600e-06 1.097700e-06 9.599120e-16 -1.250827e-10 2.508174e-11
9.100000e-01 9.100000e-01 6.000000e-01 -1.099300e-06 1.099400e-06 9.699120e-16 -1.250718e-10 2.507083e-11
9.200000e-01 9.200000e-01 6.000000e-01 -1.101000e-06 1.101100e-06 9.799120e-16 -1.250611e-10 2.506012e-11
9.300000e-01 9.300000e-01 6.000000e-01 -1.102700e-06 1.102800e-06 9.899120e-16 -1.250505e-10 2.504951e-11
9.400000e-01 9.400000e-01 6.000000e-01 -1.104400e-06 1.104500e-06 9.999120e-16 -1.250402e-10 2.503920e-11
9.500000e-01 9.500000e-01 6.000000e-01 -1.106000e-06 1.106100e-06 1.009900e-15 -1.250300e-10 2.502899e-11
9.600000e-01 9.600000e-01 6.000000e-01 -1.107600e-06 1.107800e-06 1.019900e-15 -1.250199e-10 7.498112e-11
9.700000e-01 9.700000e-01 6.000000e-01 -1.109200e-06 1.109400e-06 1.029900e-15 -1.250101e-10 7.499093e-11
9.800000e-01 9.800000e-01 6.000000e-01 -1.110800e-06 1.111000e-06 1.039900e-15 -1.250003e-10 7.500074e-11
9.900000e-01 9.900000e-01 6.000000e-01 -1.112400e-06 1.112500e-06 1.049900e-15 -1.249908e-10 2.498975e-11
1.000000e+00 1.000000e+00 6.000000e-01 -1.114000e-06 1.114100e-06 1.059900e-15 -1.249814e-10 2.498034e-11
1.010000e+00 1.010000e+00 6.000000e-01 -1.115500e-06 1.115700e-06 1.069900e-15 -1.249721e-10 7.502897e-11
1.020000e+00 1.020000e+00 6.000000e-01 -1.117100e-06 1.117200e-06 1.079900e-15 -1.249629e-10 2.496182e-11
1.030000e+00 1.030000e+00 6.000000e-01 -1.118600e-06 1.118700e-06 1.089900e-15 -1.249539e-10 2.495281e-11
1.040000e+00 1.040000e+00 6.000000e-01 -1.120100e-06 1.120200e-06 1.099900e-15 -1.249450e-10 2.494390e-11
1.050000e+00 1.050000e+00 6.000000e-01 -1.121600e-06 1.121700e-06 1.109900e-15 -1.249362e-10 2.493509e-11
1.060000e+00 1.060000e+00 6.000000e-01 -1.123100e-06 1.123200e-06 1.119900e-15 -1.249276e-10 2.492648e-11
1.070000e+00 1.070000e+00 6.000000e-01 -1.124500e-06 1.124700e-06 1.129900e-15 -1.249190e-10 7.508213e-11
1.080000e+00 1.080000e+00 6.000000e-01 -1.126000e-06 1.126100e-06 1.139900e-15 -1.249106e-10 2.490946e-11
1.090000e+00 1.090000e+00 6.000000e-01 -1.127400e-06 1.127500e-06 1.149900e-15 -1.249023e-10 2.490115e-11
1.100000e+00 1.100000e+00 6.000000e-01 -1.128800e-06 1.129000e-06 1.159900e-15 -1.248940e-10 7.510716e-11
1.110000e+00 1.110000e+00 6.000000e-01 -1.130300e-06 1.130400e-06 1.169900e-15 -1.248859e-10 2.488473e-11
1.120000e+00 1.120000e+00 6.000000e-01 -1.131700e-06 1.131800e-06 1.179900e-15 -1.248779e-10 2.487672e-11
1.130000e+00 1.130000e+00 6.000000e-01 -1.133000e-06 1.133200e-06 1.189900e-15 -1.248700e-10 7.513119e-11
1.140000e+00 1.140000e+00 6.000000e-01 -1.134400e-06 1.134500e-06 1.199900e-15 -1.248621e-10 2.486090e-11
1.150000e+00 1.150000e+00 6.000000e-01 -1.135800e-06 1.135900e-06 1.209900e-15 -1.248544e-10 2.485319e-11
1.160000e+00 1.160000e+00 6.000000e-01 -1.137100e-06 1.137300e-06 1.219900e-15 -1.248467e-10 7.515452e-11
1.170000e+00 1.170000e+00 6.000000e-01 -1.138500e-06 1.138600e-06 1.229900e-15 -1.248392e-10 2.483797e-11
1.180000e+00 1.180000e+00 6.000000e-01 -1.139800e-06 1.139900e-06 1.239900e-15 -1.248317e-10 2.483046e-11
1.190000e+00 1.190000e+00 6.000000e-01 -1.141100e-06 1.141300e-06 1.249900e-15 -1.248243e-10 7.517695e-11
1.200000e+00 1.200000e+00 6.000000e-01 -1.142400e-06 1.142600e-06 1.259900e-15 -1.248170e-10 7.518426e-11
0.000000e+00 0.000000e+00 8.000000e-01 1.452500e-09 1.452500e-09 4.761700e-18 -2.905000e-09 4.761700e-18
1.000000e-02 1.000000e-02 8.000000e-01 -2.566011e-07 2.593981e-07 1.474840e-17 -2.797000e-09 1.474842e-17
2.000000e-02 2.000000e-02 8.000000e-01 -5.082294e-07 5.109213e-07 2.473840e-17 -2.691900e-09 2.473844e-17
3.000000e-02 3.000000e-02 8.000000e-01 -7.531593e-07 7.557490e-07 3.473100e-17 -2.589700e-09 3.473100e-17
4.000000e-02 4.000000e-02 8.000000e-01 -9.910384e-07 9.935288e-07 4.472550e-17 -2.490500e-09 9.995527e-14
5.000000e-02 5.000000e-02 8.000000e-01 -1.221500e-06 1.223900e-06 5.472130e-17 -2.394400e-09 5.600055e-12
6.000000e-02 6.000000e-02 8.000000e-01 -1.444000e-06 1.446300e-06 6.471820e-17 -2.301500e-09 1.499935e-12
7.000000e-02 7.000000e-02 8.000000e-01 -1.658100e-06 1.660400e-06 7.471580e-17 -2.212200e-09 8.780007e-11
8.000000e-02 8.000000e-02 8.000000e-01 -1.863600e-06 1.865700e-06 8.471400e-17 -2.126500e-09 2.649992e-11
9.000000e-02 9.000000e-02 8.000000e-01 -2.059900e-06 2.061900e-06 9.471260e-17 -2.044600e-09 4.459991e-11
1.000000e-01 1.000000e-01 8.000000e-01 -2.246700e-06 2.248700e-06 1.047116e-16 -1.966700e-09 3.330010e-11
1.100000e-01 1.100000e-01 8.000000e-01 -2.424100e-06 2.426000e-06 1.147107e-16 -1.893000e-09 7.000115e-12
1.200000e-01 1.200000e-01 8.000000e-01 -2.591800e-06 2.593600e-06 1.247101e-16 -1.823600e-09 2.359988e-11
1.300000e-01 1.300000e-01 8.000000e-01 -2.749900e-06 2.751700e-06 1.347095e-16 -1.758600e-09 4.140013e-11
1.400000e-01 1.400000e-01 8.000000e-01 -2.898700e-06 2.900400e-06 1.447091e-16 -1.698100e-09 1.900145e-12
1.500000e-01 1.500000e-01 8.000000e-01 -3.038300e-06 3.040000e-06 1.547088e-16 -1.641900e-09 5.810015e-11
1.600000e-01 1.600000e-01 8.000000e-01 -3.169300e-06 3.170800e-06 1.647085e-16 -1.590200e-09 9.019984e-11
1.700000e-01 1.700000e-01 8.000000e-01 -3.291900e-06 3.293500e-06 1.747082e-16 -1.542600e-09 5.740017e-11
1.800000e-01 1.800000e-01 8.000000e-01 -3.406800e-06 3.408300e-06 1.847080e-16 -1.499100e-09 9.001847e-13
1.900000e-01 1.900000e-01 8.000000e-01 -3.514300e-06 3.515700e-06 1.947079e-16 -1.459600e-09 5.959981e-11
2.000000e-01 2.000000e-01 8.000000e-01 -3.615000e-06 3.616400e-06 2.047077e-16 -1.423600e-09 2.359980e-11
2.100000e-01 2.100000e-01 8.000000e-01 -3.709300e-06 3.710700e-06 2.147076e-16 -1.391000e-09 9.000215e-12
2.200000e-01 2.200000e-01 8.000000e-01 -3.797800e-06 3.799100e-06 2.247075e-16 -1.361600e-09 6.159978e-11
2.300000e-01 2.300000e-01 8.000000e-01 -3.880800e-06 3.882100e-06 2.347074e-16 -1.335100e-09 3.509977e-11
2.400000e-01 2.400000e-01 8.000000e-01 -3.958700e-06 3.960000e-06 2.447073e-16 -1.311200e-09 1.119976e-11
2.500000e-01 2.500000e-01 8.000000e-01 -4.032000e-06 4.033300e-06 2.547072e-16 -1.289700e-09 1.030025e-11
2.600000e-01 2.600000e-01 8.000000e-01 -4.101000e-06 4.102300e-06 2.647072e-16 -1.270300e-09 2.970026e-11
2.700000e-01 2.700000e-01 8.000000e-01 -4.166000e-06 4.167200e-06 2.747071e-16 -1.252900e-09 5.289973e-11
2.800000e-01 2.800000e-01 8.000000e-01 -4.227300e-06 4.228500e-06 2.847071e-16 -1.237300e-09 3.729972e-11
2.900000e-01 2.900000e-01 8.000000e-01 -4.285200e-06 4.286400e-06 2.947070e-16 -1.223100e-09 2.309971e-11
3.000000e-01 3.000000e-01 8.000000e-01 -4.340000e-06 4.341200e-06 3.047070e-16 -1.210400e-09 1.039970e-11
3.100000e-01 3.100000e-01 8.000000e-01 -4.391800e-06 4.393000e-06 3.147069e-16 -1.198900e-09 1.100315e-12
3.200000e-01 3.200000e-01 8.000000e-01 -4.441000e-06 4.442200e-06 3.247069e-16 -1.188500e-09 1.150032e-11
3.300000e-01 3.300000e-01 8.000000e-01 -4.487600e-06 4.488800e-06 3.347069e-16 -1.179100e-09 2.090033e-11
3.400000e-01 3.400000e-01 8.000000e-01 -4.532000e-06 4.533200e-06 3.447069e-16 -1.170600e-09 2.940034e-11
3.500000e-01 3.500000e-01 8.000000e-01 -4.574300e-06 4.575400e-06 3.547068e-16 -1.162900e-09 6.289965e-11
3.600000e-01 3.600000e-01 8.000000e-01 -4.614500e-06 4.615700e-06 3.647068e-16 -1.155900e-09 4.410036e-11
3.700000e-01 3.700000e-01 8.000000e-01 -4.652900e-06 4.654100e-06 3.747068e-16 -1.149500e-09 5.050037e-11
3.800000e-01 3.800000e-01 8.000000e-01 -4.689700e-06 4.690800e-06 3.847068e-16 -1.143600e-09 4.359962e-11
3.900000e-01 3.900000e-01 8.000000e-01 -4.724800e-06 4.725900e-06 3.947068e-16 -1.138300e-09 3.829961e-11
4.000000e-01 4.000000e-01 8.000000e-01 -4.758500e-06 4.759600e-06 4.047067e-16 -1.133400e-09 3.339960e-11
4.100000e-01 4.100000e-01 8.000000e-01 -4.790800e-06 4.791900e-06 4.147067e-16 -1.128900e-09 2.889959e-11
4.200000e-01 4.200000e-01 8.000000e-01 -4.821800e-06 4.822900e-06 4.247067e-16 -1.124800e-09 2.479958e-11
4.300000e-01 4.300000e-01 8.000000e-01 -4.851600e-06 4.852700e-06 4.347067e-16 -1.121000e-09 2.099957e-11
4.400000e-01 4.400000e-01 8.000000e-01 -4.880300e-06 4.881400e-06 4.447067e-16 -1.117500e-09 1.749956e-11
4.500000e-01 4.500000e-01 8.000000e-01 -4.908000e-06 4.909100e-06 4.547067e-16 -1.114200e-09 1.419955e-11
4.600000e-01 4.600000e-01 8.000000e-01 -4.934600e-06 4.935800e-06 4.647067e-16 -1.111200e-09 8.880046e-11
4.700000e-01 4.700000e-01 8.000000e-01 -4.960400e-06 4.961500e-06 4.747067e-16 -1.108500e-09 8.499525e-12
4.800000e-01 4.800000e-01 8.000000e-01 -4.985300e-06 4.986400e-06 4.847067e-16 -1.105900e-09 5.899515e-12
4.900000e-01 4.900000e-01 8.000000e-01 -5.009400e-06 5.010500e-06 4.947067e-16 -1.103500e-09 3.499505e-12
5.000000e-01 5.000000e-01 8.000000e-01 -5.032800e-06 5.033900e-06 5.047067e-16 -1.101200e-09 1.199495e-12
5.100000e-01 5.100000e-01 8.000000e-01 -5.055400e-06 5.056500e-06 5.147066e-16 -1.099100e-09 9.005147e-13
5.200000e-01 5.200000e-01 8.000000e-01 -5.077300e-06 5.078400e-06 5.247066e-16 -1.097200e-09 2.800525e-12
5.300000e-01 5.300000e-01 8.000000e-01 -5.098600e-06 5.099700e-06 5.347066e-16 -1.095400e-09 4.600535e-12
5.400000e-01 5.400000e-01 8.000000e-01 -5.119300e-06 5.120400e-06 5.447066e-16 -1.093600e-09 6.400545e-12
5.500000e-01 5.500000e-01 8.000000e-01 -5.139400e-06 5.140500e-06 5.547066e-16 -1.092000e-09 8.000555e-12
5.600000e-01 5.600000e-01 8.000000e-01 -5.159000e-06 5.160100e-06 5.647066e-16 -1.090500e-09 9.500565e-12
5.700000e-01 5.700000e-01 8.000000e-01 -5.178000e-06 5.179100e-06 5.747066e-16 -1.089100e-09 1.090057e-11
5.800000e-01 5.800000e-01 8.000000e-01 -5.196600e-06 5.197700e-06 5.847066e-16 -1.087700e-09 1.230058e-11
5.900000e-01 5.900000e-01 8.000000e-01 -5.214700e-06 5.215800e-06 5.947066e-16 -1.086500e-09 1.350059e-11
6.000000e-01 6.000000e-01 8.000000e-01 -5.232400e-06 5.233500e-06 6.047066e-16 -1.085300e-09 1.470060e-11
6.100000e-01 6.100000e-01 8.000000e-01 -5.249600e-06 5.250700e-06 6.147066e-16 -1.084100e-09 1.590061e-11
6.200000e-01 6.200000e-01 8.000000e-01 -5.266500e-06 5.267500e-06 6.247066e-16 -1.083100e-09 8.309938e-11
6.300000e-01 6.300000e-01 8.000000e-01 -5.282900e-06 5.284000e-06 6.347066e-16 -1.082000e-09 1.800063e-11
6.400000e-01 6.400000e-01 8.000000e-01 -5.299000e-06 5.300100e-06 6.447066e-16 -1.081100e-09 1.890064e-11
6.500000e-01 6.500000e-01 8.000000e-01 -5.314700e-06 5.315800e-06 6.547066e-16 -1.080100e-09 1.990065e-11
6.600000e-01 6.600000e-01 8.000000e-01 -5.330100e-06 5.331200e-06 6.647066e-16 -1.079200e-09 2.080066e-11
6.700000e-01 6.700000e-01 8.000000e-01 -5.345200e-06 5.346300e-06 6.747066e-16 -1.078400e-09 2.160067e-11
6.800000e-01 6.800000e-01 8.000000e-01 -5.359900e-06 5.361000e-06 6.847066e-16 -1.077600e-09 2.240068e-11
6.900000e-01 6.900000e-01 8.000000e-01 -5.374400e-06 5.375500e-06 6.947066e-16 -1.076800e-09 2.320069e-11
7.000000e-01 7.000000e-01 8.000000e-01 -5.388600e-06 5.389700e-06 7.047066e-16 -1.076100e-09 2.390070e-11
7.100000e-01 7.100000e-01 8.000000e-01 -5.402500e-06 5.403600e-06 7.147066e-16 -1.075400e-09 2.460071e-11
7.200000e-01 7.200000e-01 8.000000e-01 -5.416100e-06 5.417200e-06 7.247066e-16 -1.074700e-09 2.530072e-11
7.300000e-01 7.300000e-01 8.000000e-01 -5.429500e-06 5.430600e-06 7.347066e-16 -1.074100e-09 2.590073e-11
7.400000e-01 7.400000e-01 8.000000e-01 -5.442700e-06 5.443700e-06 7.447066e-16 -1.073400e-09 7.339926e-11
7.500000e-01 7.500000e-01 8.000000e-01 -5.455600e-06 5.456600e-06 7.547066e-16 -1.072800e-09 7.279925e-11
7.600000e-01 7.600000e-01 8.000000e-01 -5.468300e-06 5.469300e-06 7.647066e-16 -1.072300e-09 7.229924e-11
7.700000e-01 7.700000e-01 8.000000e-01 -5.480700e-06 5.481800e-06 7.747066e-16 -1.071700e-09 2.830077e-11
7.800000e-01 7.800000e-01 8.000000e-01 -5.493000e-06 5.494100e-06 7.847066e-16 -1.071200e-09 2.880078e-11
7.900000e-01 7.900000e-01 8.000000e-01 -5.505000e-06 5.506100e-06 7.947066e-16 -1.070700e-09 2.930079e-11
8.000000e-01 8.000000e-01 8.000000e-01 -5.516900e-06 5.518000e-06 8.047066e-16 -1.070200e-09 2.980080e-11
8.100000e-01 8.100000e-01 8.000000e-01 -5.528500e-06 5.529600e-06 8.147066e-16 -1.069700e-09 3.030081e-11
8.200000e-01 8.200000e-01 8.000000e-01 -5.540000e-06 5.541100e-06 8.247066e-16 -1.069200e-09 3.080082e-11
8.300000e-01 8.300000e-01 8.000000e-01 -5.551300e-06 5.552400e-06 8.347066e-16 -1.068800e-09 3.120083e-11
8.400000e-01 8.400000e-01 8.000000e-01 -5.562500e-06 5.563500e-06 8.447066e-16 -1.068300e-09 6.829916e-11
8.500000e-01 8.500000e-01 8.000000e-01 -5.573400e-06 5.574500e-06 8.547066e-16 -1.067900e-09 3.210085e-11
8.600000e-01 8.600000e-01 8.000000e-01 -5.584200e-06 5.585300e-06 8.647066e-16 -1.067500e-09 3.250086e-11
8.700000e-01 8.700000e-01 8.000000e-01 -5.594900e-06 5.595900e-06 8.747066e-16 -1.067100e-09 6.709913e-11
8.800000e-01 8.800000e-01 8.000000e-01 -5.605300e-06 5.606400e-06 8.847066e-16 -1.066700e-09 3.330088e-11
8.900000e-01 8.900000e-01 8.000000e-01 -5.615700e-06 5.616700e-06 8.947066e-16 -1.066400e-09 6.639911e-11
9.000000e-01 9.000000e-01 8.000000e-01 -5.625900e-06 5.626900e-06 9.047066e-16 -1.066000e-09 6.599910e-11
9.100000e-01 9.100000e-01 8.000000e-01 -5.635900e-06 5.637000e-06 9.147066e-16 -1.065600e-09 3.440091e-11
9.200000e-01 9.200000e-01 8.000000e-01 -5.645800e-06 5.646900e-06 9.247066e-16 -1.065300e-09 3.470092e-11
9.300000e-01 9.300000e-01 8.000000e-01 -5.655600e-06 5.656700e-06 9.347066e-16 -1.065000e-09 3.500093e-11
9.400000e-01 9.400000e-01 8.000000e-01 -5.665300e-06 5.666300e-06 9.447066e-16 -1.064600e-09 6.459906e-11
9.500000e-01 9.500000e-01 8.000000e-01 -5.674800e-06 5.675900e-06 9.547066e-16 -1.064300e-09 3.570095e-11
9.600000e-01 9.600000e-01 8.000000e-01 -5.684200e-06 5.685300e-06 9.647066e-16 -1.064000e-09 3.600096e-11
9.700000e-01 9.700000e-01 8.000000e-01 -5.693500e-06 5.694600e-06 9.747066e-16 -1.063700e-09 3.630097e-11
9.800000e-01 9.800000e-01 8.000000e-01 -5.702700e-06 5.703800e-06 9.847066e-16 -1.063400e-09 3.660098e-11
9.900000e-01 9.900000e-01 8.000000e-01 -5.711700e-06 5.712800e-06 9.947065e-16 -1.063100e-09 3.690099e-11
1.000000e+00 1.000000e+00 8.000000e-01 -5.720700e-06 5.721800e-06 1.004700e-15 -1.062800e-09 3.720100e-11
1.010000e+00 1.010000e+00 8.000000e-01 -5.729500e-06 5.730600e-06 1.014700e-15 -1.062600e-09 3.740101e-11
1.020000e+00 1.020000e+00 8.000000e-01 -5.738300e-06 5.739300e-06 1.024700e-15 -1.062300e-09 6.229898e-11
1.030000e+00 1.030000e+00 8.000000e-01 -5.746900e-06 5.748000e-06 1.034700e-15 -1.062000e-09 3.800103e-11
1.040000e+00 1.040000e+00 8.000000e-01 -5.755500e-06 5.756500e-06 1.044700e-15 -1.061800e-09 6.179896e-11
1.050000e+00 1.050000e+00 8.000000e-01 -5.763900e-06 5.765000e-06 1.054700e-15 -1.061500e-09 3.850105e-11
1.060000e+00 1.060000e+00 8.000000e-01 -5.772200e-06 5.773300e-06 1.064700e-15 -1.061300e-09 3.870106e-11
1.070000e+00 1.070000e+00 8.000000e-01 -5.780500e-06 5.781500e-06 1.074700e-15 -1.061000e-09 6.099893e-11
1.080000e+00 1.080000e+00 8.000000e-01 -5.788600e-06 5.789700e-06 1.084700e-15 -1.060800e-09 3.920108e-11
1.090000e+00 1.090000e+00 8.000000e-01 -5.796700e-06 5.797800e-06 1.094700e-15 -1.060600e-09 3.940109e-11
1.100000e+00 1.100000e+00 8.000000e-01 -5.804700e-06 5.805800e-06 1.104700e-15 -1.060300e-09 3.970110e-11
1.110000e+00 1.110000e+00 8.000000e-01 -5.812600e-06 5.813700e-06 1.114700e-15 -1.060100e-09 3.990111e-11
1.120000e+00 1.120000e+00 8.000000e-01 -5.820400e-06 5.821500e-06 1.124700e-15 -1.059900e-09 4.010112e-11
1.130000e+00 1.130000e+00 8.000000e-01 -5.828200e-06 5.829200e-06 1.134700e-15 -1.059700e-09 5.969887e-11
1.140000e+00 1.140000e+00 8.000000e-01 -5.835800e-06 5.836900e-06 1.144700e-15 -1.059500e-09 4.050114e-11
1.150000e+00 1.150000e+00 8.000000e-01 -5.843400e-06 5.844400e-06 1.154700e-15 -1.059300e-09 5.929885e-11
1.160000e+00 1.160000e+00 8.000000e-01 -5.850900e-06 5.851900e-06 1.164700e-15 -1.059000e-09 5.899884e-11
1.170000e+00 1.170000e+00 8.000000e-01 -5.858300e-06 5.859400e-06 1.174700e-15 -1.058800e-09 4.120117e-11
1.180000e+00 1.180000e+00 8.000000e-01 -5.865700e-06 5.866700e-06 1.184700e-15 -1.058600e-09 5.859882e-11
1.190000e+00 1.190000e+00 8.000000e-01 -5.872900e-06 5.874000e-06 1.194700e-15 -1.058500e-09 4.150119e-11
1.200000e+00 1.200000e+00 8.000000e-01 -5.880200e-06 5.881200e-06 1.204700e-15 -1.058300e-09 5.829880e-11
0.000000e+00 0.000000e+00 1.000000e+00 4.869600e-09 4.869600e-09 1.602160e-14 -9.739100e-09 1.160216e-13
1.000000e-02 1.000000e-02 1.000000e+00 -3.489510e-07 3.584509e-07 1.165170e-14 -9.499900e-09 1.165170e-14
2.000000e-02 2.000000e-02 1.000000e+00 -6.993573e-07 7.086222e-07 8.484300e-15 -9.264800e-09 1.084843e-13
3.000000e-02 3.000000e-02 1.000000e+00 -1.046200e-06 1.055200e-06 6.188200e-15 -9.033900e-09 3.389381e-11
4.000000e-02 4.000000e-02 1.000000e+00 -1.389300e-06 1.398100e-06 4.524000e-15 -8.807200e-09 7.195476e-12
5.000000e-02 5.000000e-02 1.000000e+00 -1.728400e-06 1.737000e-06 3.318000e-15 -8.584700e-09 1.530332e-11
6.000000e-02 6.000000e-02 1.000000e+00 -2.063300e-06 2.071600e-06 2.444400e-15 -8.366500e-09 6.649756e-11
7.000000e-02 7.000000e-02 1.000000e+00 -2.393700e-06 2.401800e-06 1.812100e-15 -8.152700e-09 5.269819e-11
8.000000e-02 8.000000e-02 1.000000e+00 -2.719300e-06 2.727300e-06 1.354900e-15 -7.943300e-09 5.670135e-11
9.000000e-02 9.000000e-02 1.000000e+00 -3.040000e-06 3.047700e-06 1.024800e-15 -7.738600e-09 3.859898e-11
1.000000e-01 1.000000e-01 1.000000e+00 -3.355200e-06 3.362800e-06 7.869796e-16 -7.538600e-09 6.140079e-11
1.100000e-01 1.100000e-01 1.000000e+00 -3.664900e-06 3.672300e-06 6.162084e-16 -7.343400e-09 5.660062e-11
1.200000e-01 1.200000e-01 1.000000e+00 -3.968700e-06 3.975800e-06 4.941727e-16 -7.153300e-09 5.329951e-11
1.300000e-01 1.300000e-01 1.000000e+00 -4.266300e-06 4.273300e-06 4.075607e-16 -6.968300e-09 3.170041e-11
1.400000e-01 1.400000e-01 1.000000e+00 -4.557500e-06 4.564300e-06 3.467228e-16 -6.788700e-09 1.130035e-11
1.500000e-01 1.500000e-01 1.000000e+00 -4.842100e-06 4.848700e-06 3.046637e-16 -6.614600e-09 1.459970e-11
1.600000e-01 1.600000e-01 1.000000e+00 -5.119900e-06 5.126300e-06 2.763078e-16 -6.446000e-09 4.599972e-11
1.700000e-01 1.700000e-01 1.000000e+00 -5.390700e-06 5.397000e-06 2.579588e-16 -6.283200e-09 1.680026e-11
1.800000e-01 1.800000e-01 1.000000e+00 -5.654400e-06 5.660500e-06 2.469324e-16 -6.126300e-09 2.629975e-11
1.900000e-01 1.900000e-01 1.000000e+00 -5.911000e-06 5.917000e-06 2.412727e-16 -5.975300e-09 2.470024e-11
2.000000e-01 2.000000e-01 1.000000e+00 -6.160400e-06 6.166200e-06 2.395630e-16 -5.830300e-09 3.029976e-11
2.100000e-01 2.100000e-01 1.000000e+00 -6.402600e-06 6.408300e-06 2.407701e-16 -5.691400e-09 8.600241e-12
2.200000e-01 2.200000e-01 1.000000e+00 -6.637600e-06 6.643100e-06 2.441256e-16 -5.558600e-09 5.859976e-11
2.300000e-01 2.300000e-01 1.000000e+00 -6.865400e-06 6.870900e-06 2.490814e-16 -5.431900e-09 6.810025e-11
2.400000e-01 2.400000e-01 1.000000e+00 -7.086200e-06 7.091500e-06 2.552311e-16 -5.311200e-09 1.119974e-11
2.500000e-01 2.500000e-01 1.000000e+00 -7.300000e-06 7.305200e-06 2.622741e-16 -5.196500e-09 3.500262e-12
2.600000e-01 2.600000e-01 1.000000e+00 -7.507000e-06 7.512100e-06 2.699855e-16 -5.087700e-09 1.230027e-11
2.700000e-01 2.700000e-01 1.000000e+00 -7.707200e-06 7.712200e-06 2.782067e-16 -4.984600e-09 1.540028e-11
2.800000e-01 2.800000e-01 1.000000e+00 -7.900800e-06 7.905700e-06 2.868137e-16 -4.887200e-09 1.280029e-11
2.900000e-01 2.900000e-01 1.000000e+00 -8.087900e-06 8.092700e-06 2.957136e-16 -4.795300e-09 4.700296e-12
3.000000e-01 3.000000e-01 1.000000e+00 -8.268600e-06 8.273300e-06 3.048403e-16 -4.708600e-09 8.599695e-12
3.100000e-01 3.100000e-01 1.000000e+00 -8.443100e-06 8.447700e-06 3.141424e-16 -4.627000e-09 2.699969e-11
3.200000e-01 3.200000e-01 1.000000e+00 -8.611600e-06 8.616100e-06 3.235812e-16 -4.550400e-09 5.039968e-11
3.300000e-01 3.300000e-01 1.000000e+00 -8.774100e-06 8.778600e-06 3.331250e-16 -4.478400e-09 2.160033e-11
3.400000e-01 3.400000e-01 1.000000e+00 -8.930900e-06 8.935300e-06 3.427529e-16 -4.410800e-09 1.079966e-11
3.500000e-01 3.500000e-01 1.000000e+00 -9.082100e-06 9.086400e-06 3.524480e-16 -4.347500e-09 4.749965e-11
3.600000e-01 3.600000e-01 1.000000e+00 -9.227800e-06 9.232100e-06 3.621947e-16 -4.288200e-09 1.180036e-11
3.700000e-01 3.700000e-01 1.000000e+00 -9.368200e-06 9.372400e-06 3.719836e-16 -4.232700e-09 3.269963e-11
3.800000e-01 3.800000e-01 1.000000e+00 -9.503500e-06 9.507700e-06 3.818073e-16 -4.180700e-09 1.930038e-11
3.900000e-01 3.900000e-01 1.000000e+00 -9.633800e-06 9.638000e-06 3.916594e-16 -4.132100e-09 6.790039e-11
4.000000e-01 4.000000e-01 1.000000e+00 -9.759400e-06 9.763500e-06 4.015333e-16 -4.086600e-09 1.340040e-11
4.100000e-01 4.100000e-01 1.000000e+00 -9.880300e-06 9.884300e-06 4.114257e-16 -4.044100e-09 4.409959e-11
4.200000e-01 4.200000e-01 1.000000e+00 -9.996700e-06 1.000070e-05 4.213334e-16 -4.004400e-09 4.399579e-12
4.300000e-01 4.300000e-01 1.000000e+00 -1.010890e-05 1.011280e-05 4.312543e-16 -3.967200e-09 6.719957e-11
4.400000e-01 4.400000e-01 1.000000e+00 -1.021690e-05 1.022080e-05 4.411853e-16 -3.932400e-09 3.239956e-11
4.500000e-01 4.500000e-01 1.000000e+00 -1.032100e-05 1.032490e-05 4.511250e-16 -3.899900e-09 1.004511e-13
4.600000e-01 4.600000e-01 1.000000e+00 -1.042130e-05 1.042520e-05 4.610726e-16 -3.869500e-09 3.050046e-11
4.700000e-01 4.700000e-01 1.000000e+00 -1.051790e-05 1.052180e-05 4.710270e-16 -3.841000e-09 5.900047e-11
4.800000e-01 4.800000e-01 1.000000e+00 -1.061110e-05 1.061490e-05 4.809862e-16 -3.814300e-09 1.429952e-11
4.900000e-01 4.900000e-01 1.000000e+00 -1.070100e-05 1.070480e-05 4.909503e-16 -3.789300e-09 1.070049e-11
5.000000e-01 5.000000e-01 1.000000e+00 -1.078770e-05 1.079150e-05 5.009182e-16 -3.765800e-09 3.420050e-11
5.100000e-01 5.100000e-01 1.000000e+00 -1.087140e-05 1.087510e-05 5.108902e-16 -3.743800e-09 4.379949e-11
5.200000e-01 5.200000e-01 1.000000e+00 -1.095220e-05 1.095590e-05 5.208645e-16 -3.723200e-09 2.319948e-11
5.300000e-01 5.300000e-01 1.000000e+00 -1.103020e-05 1.103390e-05 5.308417e-16 -3.703800e-09 3.799469e-12
5.400000e-01 5.400000e-01 1.000000e+00 -1.110560e-05 1.110930e-05 5.408208e-16 -3.685600e-09 1.440054e-11
5.500000e-01 5.500000e-01 1.000000e+00 -1.117850e-05 1.118220e-05 5.508023e-16 -3.668400e-09 3.160055e-11
5.600000e-01 5.600000e-01 1.000000e+00 -1.124900e-05 1.125270e-05 5.607848e-16 -3.652300e-09 4.770056e-11
5.700000e-01 5.700000e-01 1.000000e+00 -1.131720e-05 1.132090e-05 5.707694e-16 -3.637100e-09 6.290057e-11
5.800000e-01 5.800000e-01 1.000000e+00 -1.138330e-05 1.138690e-05 5.807553e-16 -3.622800e-09 2.279942e-11
5.900000e-01 5.900000e-01 1.000000e+00 -1.144730e-05 1.145090e-05 5.907425e-16 -3.609300e-09 9.299409e-12
6.000000e-01 6.000000e-01 1.000000e+00 -1.150940e-05 1.151300e-05 6.007309e-16 -3.596500e-09 3.500601e-12
6.100000e-01 6.100000e-01 1.000000e+00 -1.156950e-05 1.157310e-05 6.107203e-16 -3.584500e-09 1.550061e-11
6.200000e-01 6.200000e-01 1.000000e+00 -1.162790e-05 1.163150e-05 6.207102e-16 -3.573100e-09 2.690062e-11
6.300000e-01 6.300000e-01 1.000000e+00 -1.168460e-05 1.168810e-05 6.307011e-16 -3.562300e-09 6.229937e-11
6.400000e-01 6.400000e-01 1.000000e+00 -1.173960e-05 1.174310e-05 6.406923e-16 -3.552100e-09 5.209936e-11
6.500000e-01 6.500000e-01 1.000000e+00 -1.179310e-05 1.179660e-05 6.506845e-16 -3.542400e-09 4.239935e-11
6.600000e-01 6.600000e-01 1.000000e+00 -1.184510e-05 1.184860e-05 6.606769e-16 -3.533200e-09 3.319934e-11
6.700000e-01 6.700000e-01 1.000000e+00 -1.189560e-05 1.189920e-05 6.706702e-16 -3.524500e-09 7.550067e-11
6.800000e-01 6.800000e-01 1.000000e+00 -1.194490e-05 1.194840e-05 6.806641e-16 -3.516200e-09 1.619932e-11
6.900000e-01 6.900000e-01 1.000000e+00 -1.199280e-05 1.199630e-05 6.906579e-16 -3.508300e-09 8.299309e-12
7.000000e-01 7.000000e-01 1.000000e+00 -1.203950e-05 1.204300e-05 7.006523e-16 -3.500900e-09 8.992994e-13
7.100000e-01 7.100000e-01 1.000000e+00 -1.208500e-05 1.208850e-05 7.106474e-16 -3.493700e-09 6.300711e-12
7.200000e-01 7.200000e-01 1.000000e+00 -1.212940e-05 1.213280e-05 7.206422e-16 -3.486900e-09 8.689928e-11
7.300000e-01 7.300000e-01 1.000000e+00 -1.217260e-05 1.217610e-05 7.306377e-16 -3.480400e-09 1.960073e-11
7.400000e-01 7.400000e-01 1.000000e+00 -1.221490e-05 1.221840e-05 7.406333e-16 -3.474300e-09 2.570074e-11
7.500000e-01 7.500000e-01 1.000000e+00 -1.225610e-05 1.225960e-05 7.506295e-16 -3.468300e-09 3.170075e-11
7.600000e-01 7.600000e-01 1.000000e+00 -1.229640e-05 1.229990e-05 7.606258e-16 -3.462700e-09 3.730076e-11
7.700000e-01 7.700000e-01 1.000000e+00 -1.233580e-05 1.233930e-05 7.706222e-16 -3.457300e-09 4.270077e-11
7.800000e-01 7.800000e-01 1.000000e+00 -1.237430e-05 1.237770e-05 7.806188e-16 -3.452100e-09 5.209922e-11
7.900000e-01 7.900000e-01 1.000000e+00 -1.241190e-05 1.241540e-05 7.906154e-16 -3.447200e-09 5.280079e-11
8.000000e-01 8.000000e-01 1.000000e+00 -1.244880e-05 1.245220e-05 8.006121e-16 -3.442400e-09 4.239920e-11
8.100000e-01 8.100000e-01 1.000000e+00 -1.248480e-05 1.248830e-05 8.106094e-16 -3.437900e-09 6.210081e-11
8.200000e-01 8.200000e-01 1.000000e+00 -1.252010e-05 1.252360e-05 8.206067e-16 -3.433500e-09 6.650082e-11
8.300000e-01 8.300000e-01 1.000000e+00 -1.255470e-05 1.255810e-05 8.306041e-16 -3.429300e-09 2.929917e-11
8.400000e-01 8.400000e-01 1.000000e+00 -1.258860e-05 1.259200e-05 8.406016e-16 -3.425200e-09 2.519916e-11
8.500000e-01 8.500000e-01 1.000000e+00 -1.262180e-05 1.262520e-05 8.505992e-16 -3.421400e-09 2.139915e-11
8.600000e-01 8.600000e-01 1.000000e+00 -1.265440e-05 1.265780e-05 8.605968e-16 -3.417600e-09 1.759914e-11
8.700000e-01 8.700000e-01 1.000000e+00 -1.268630e-05 1.268970e-05 8.705948e-16 -3.414000e-09 1.399913e-11
8.800000e-01 8.800000e-01 1.000000e+00 -1.271760e-05 1.272110e-05 8.805926e-16 -3.410600e-09 8.940088e-11
8.900000e-01 8.900000e-01 1.000000e+00 -1.274840e-05 1.275180e-05 8.905907e-16 -3.407200e-09 7.199109e-12
9.000000e-01 9.000000e-01 1.000000e+00 -1.277860e-05 1.278200e-05 9.005886e-16 -3.404000e-09 3.999099e-12
9.100000e-01 9.100000e-01 1.000000e+00 -1.280830e-05 1.281170e-05 9.105868e-16 -3.400900e-09 8.990894e-13
9.200000e-01 9.200000e-01 1.000000e+00 -1.283740e-05 1.284080e-05 9.205851e-16 -3.397900e-09 2.100921e-12
9.300000e-01 9.300000e-01 1.000000e+00 -1.286600e-05 1.286940e-05 9.305835e-16 -3.395000e-09 5.000931e-12
9.400000e-01 9.400000e-01 1.000000e+00 -1.289420e-05 1.289750e-05 9.405819e-16 -3.392200e-09 9.219906e-11
9.500000e-01 9.500000e-01 1.000000e+00 -1.292180e-05 1.292520e-05 9.505803e-16 -3.389400e-09 1.060095e-11
9.600000e-01 9.600000e-01 1.000000e+00 -1.294900e-05 1.295240e-05 9.605787e-16 -3.386800e-09 1.320096e-11
9.700000e-01 9.700000e-01 1.000000e+00 -1.297580e-05 1.297920e-05 9.705772e-16 -3.384300e-09 1.570097e-11
9.800000e-01 9.800000e-01 1.000000e+00 -1.300210e-05 1.300550e-05 9.805761e-16 -3.381800e-09 1.820098e-11
9.900000e-01 9.900000e-01 1.000000e+00 -1.302800e-05 1.303140e-05 9.905747e-16 -3.379400e-09 2.060099e-11
1.000000e+00 1.000000e+00 1.000000e+00 -1.305360e-05 1.305690e-05 1.000600e-15 -3.377100e-09 7.709900e-11
1.010000e+00 1.010000e+00 1.000000e+00 -1.307870e-05 1.308210e-05 1.010600e-15 -3.374800e-09 2.520101e-11
1.020000e+00 1.020000e+00 1.000000e+00 -1.310340e-05 1.310680e-05 1.020600e-15 -3.372600e-09 2.740102e-11
1.030000e+00 1.030000e+00 1.000000e+00 -1.312780e-05 1.313120e-05 1.030600e-15 -3.370500e-09 2.950103e-11
1.040000e+00 1.040000e+00 1.000000e+00 -1.315180e-05 1.315520e-05 1.040600e-15 -3.368400e-09 3.160104e-11
1.050000e+00 1.050000e+00 1.000000e+00 -1.317550e-05 1.317880e-05 1.050600e-15 -3.366400e-09 6.639895e-11
1.060000e+00 1.060000e+00 1.000000e+00 -1.319880e-05 1.320220e-05 1.060600e-15 -3.364500e-09 3.550106e-11
1.070000e+00 1.070000e+00 1.000000e+00 -1.322180e-05 1.322520e-05 1.070600e-15 -3.362600e-09 3.740107e-11
1.080000e+00 1.080000e+00 1.000000e+00 -1.324450e-05 1.324780e-05 1.080600e-15 -3.360700e-09 6.069892e-11
1.090000e+00 1.090000e+00 1.000000e+00 -1.326680e-05 1.327020e-05 1.090600e-15 -3.358900e-09 4.110109e-11
1.100000e+00 1.100000e+00 1.000000e+00 -1.328890e-05 1.329230e-05 1.100600e-15 -3.357200e-09 4.280110e-11
1.110000e+00 1.110000e+00 1.000000e+00 -1.331070e-05 1.331400e-05 1.110600e-15 -3.355400e-09 5.539889e-11
1.120000e+00 1.120000e+00 1.000000e+00 -1.333210e-05 1.333550e-05 1.120600e-15 -3.353800e-09 4.620112e-11
1.130000e+00 1.130000e+00 1.000000e+00 -1.335340e-05 1.335670e-05 1.130600e-15 -3.352100e-09 5.209887e-11
1.140000e+00 1.140000e+00 1.000000e+00 -1.337430e-05 1.337760e-05 1.140600e-15 -3.350500e-09 5.049886e-11
1.150000e+00 1.150000e+00 1.000000e+00 -1.339490e-05 1.339830e-05 1.150600e-15 -3.349000e-09 5.100115e-11
1.160000e+00 1.160000e+00 1.000000e+00 -1.341530e-05 1.341870e-05 1.160600e-15 -3.347500e-09 5.250116e-11
1.170000e+00 1.170000e+00 1.000000e+00 -1.343550e-05 1.343880e-05 1.170600e-15 -3.346000e-09 4.599883e-11
1.180000e+00 1.180000e+00 1.000000e+00 -1.345540e-05 1.345880e-05 1.180600e-15 -3.344500e-09 5.550118e-11
1.190000e+00 1.190000e+00 1.000000e+00 -1.347510e-05 1.347840e-05 1.190600e-15 -3.343100e-09 4.309881e-11
1.200000e+00 1.200000e+00 1.000000e+00 -1.349450e-05 1.349780e-05 1.200600e-15 -3.341700e-09 4.169880e-11
0.000000e+00 0.000000e+00 1.200000e+00 1.152570e-08 1.152570e-08 8.533900e-09 -3.158540e-08 1.000000e-13
1.000000e-02 1.000000e-02 1.200000e+00 -3.874708e-07 4.100885e-07 6.138900e-09 -2.875660e-08 4.632211e-23
2.000000e-02 2.000000e-02 1.200000e+00 -7.851029e-07 8.072928e-07 4.417400e-09 -2.660740e-08 1.000000e-13
3.000000e-02 3.000000e-02 1.200000e+00 -1.181300e-06 1.203100e-06 3.179800e-09 -2.494790e-08 3.190000e-11
4.000000e-02 4.000000e-02 1.200000e+00 -1.575900e-06 1.597300e-06 2.289800e-09 -2.364200e-08 4.780000e-11
5.000000e-02 5.000000e-02 1.200000e+00 -1.968900e-06 1.989800e-06 1.649600e-09 -2.259190e-08 4.230000e-11
6.000000e-02 6.000000e-02 1.200000e+00 -2.360100e-06 2.380600e-06 1.189000e-09 -2.172730e-08 3.830000e-11
7.000000e-02 7.000000e-02 1.200000e+00 -2.749400e-06 2.769500e-06 8.574859e-10 -2.099780e-08 4.031410e-11
8.000000e-02 8.000000e-02 1.200000e+00 -3.136600e-06 3.156300e-06 6.188398e-10 -2.036720e-08 4.836020e-11
9.000000e-02 9.000000e-02 1.200000e+00 -3.521500e-06 3.540900e-06 4.469654e-10 -1.980950e-08 3.746540e-11
1.000000e-01 1.000000e-01 1.200000e+00 -3.904100e-06 3.923100e-06 3.231236e-10 -1.930590e-08 1.722360e-11
1.100000e-01 1.100000e-01 1.200000e+00 -4.284200e-06 4.302800e-06 2.338425e-10 -1.884310e-08 9.257500e-12
1.200000e-01 1.200000e-01 1.200000e+00 -4.661500e-06 4.679700e-06 1.694358e-10 -1.841150e-08 4.206420e-11
1.300000e-01 1.300000e-01 1.200000e+00 -5.035900e-06 5.053800e-06 1.229383e-10 -1.800410e-08 1.883830e-11
1.400000e-01 1.400000e-01 1.200000e+00 -5.407300e-06 5.424800e-06 8.934070e-11 -1.761620e-08 2.685930e-11
1.500000e-01 1.500000e-01 1.200000e+00 -5.775400e-06 5.792500e-06 6.503940e-11 -1.724420e-08 7.916060e-11
1.600000e-01 1.600000e-01 1.200000e+00 -6.140100e-06 6.156900e-06 4.744150e-11 -1.688550e-08 3.805850e-11
1.700000e-01 1.700000e-01 1.200000e+00 -6.501200e-06 6.517700e-06 3.468100e-11 -1.653860e-08 3.919000e-12
1.800000e-01 1.800000e-01 1.200000e+00 -6.858500e-06 6.874700e-06 2.541420e-11 -1.620200e-08 2.341420e-11
1.900000e-01 1.900000e-01 1.200000e+00 -7.212000e-06 7.227800e-06 1.867310e-11 -1.587510e-08 5.642690e-11
2.000000e-01 2.000000e-01 1.200000e+00 -7.561400e-06 7.577000e-06 1.376010e-11 -1.555710e-08 5.666010e-11
2.100000e-01 2.100000e-01 1.200000e+00 -7.906700e-06 7.921900e-06 1.017180e-11 -1.524770e-08 3.752820e-11
2.200000e-01 2.200000e-01 1.200000e+00 -8.247700e-06 8.262600e-06 7.545100e-12 -1.494660e-08 3.905490e-11
2.300000e-01 2.300000e-01 1.200000e+00 -8.584300e-06 8.598900e-06 5.617300e-12 -1.465360e-08 4.798270e-11
2.400000e-01 2.400000e-01 1.200000e+00 -8.916400e-06 8.930700e-06 4.198600e-12 -1.436870e-08 6.450140e-11
2.500000e-01 2.500000e-01 1.200000e+00 -9.243900e-06 9.258000e-06 3.151400e-12 -1.409170e-08 1.145140e-11
2.600000e-01 2.600000e-01 1.200000e+00 -9.566700e-06 9.580500e-06 2.376000e-12 -1.382270e-08 2.032400e-11
2.700000e-01 2.700000e-01 1.200000e+00 -9.884800e-06 9.898400e-06 1.799900e-12 -1.356170e-08 4.009990e-11
2.800000e-01 2.800000e-01 1.200000e+00 -1.019810e-05 1.021140e-05 1.370200e-12 -1.330850e-08 7.129800e-12
2.900000e-01 2.900000e-01 1.200000e+00 -1.050660e-05 1.051970e-05 1.048500e-12 -1.306310e-08 3.794850e-11
3.000000e-01 3.000000e-01 1.200000e+00 -1.081020e-05 1.082300e-05 8.066884e-13 -1.282570e-08 2.489331e-11
3.100000e-01 3.100000e-01 1.200000e+00 -1.110890e-05 1.112150e-05 6.241371e-13 -1.259600e-08 4.624137e-12
3.200000e-01 3.200000e-01 1.200000e+00 -1.140260e-05 1.141500e-05 4.857059e-13 -1.237410e-08 2.638571e-11
3.300000e-01 3.300000e-01 1.200000e+00 -1.169130e-05 1.170350e-05 3.802425e-13 -1.215990e-08 4.048024e-11
3.400000e-01 3.400000e-01 1.200000e+00 -1.197500e-05 1.198700e-05 2.995085e-13 -1.195330e-08 4.699951e-11
3.500000e-01 3.500000e-01 1.200000e+00 -1.225370e-05 1.226540e-05 2.373991e-13 -1.175420e-08 5.396260e-11
3.600000e-01 3.600000e-01 1.200000e+00 -1.252720e-05 1.253880e-05 1.893746e-13 -1.156260e-08 3.758937e-11
3.700000e-01 3.700000e-01 1.200000e+00 -1.279570e-05 1.280710e-05 1.520478e-13 -1.137840e-08 2.175205e-11
3.800000e-01 3.800000e-01 1.200000e+00 -1.305900e-05 1.307020e-05 1.228819e-13 -1.120130e-08 1.177118e-12
3.900000e-01 3.900000e-01 1.200000e+00 -1.331720e-05 1.332820e-05 9.997050e-14 -1.103130e-08 3.120003e-11
4.000000e-01 4.000000e-01 1.200000e+00 -1.357020e-05 1.358110e-05 8.187520e-14 -1.086810e-08 3.198188e-11
4.100000e-01 4.100000e-01 1.200000e+00 -1.381810e-05 1.382880e-05 6.750500e-14 -1.071170e-08 1.163250e-11
4.200000e-01 4.200000e-01 1.200000e+00 -1.406070e-05 1.407120e-05 5.603120e-14 -1.056190e-08 6.184397e-11
4.300000e-01 4.300000e-01 1.200000e+00 -1.429810e-05 1.430850e-05 4.681960e-14 -1.041850e-08 1.845318e-11
4.400000e-01 4.400000e-01 1.200000e+00 -1.453030e-05 1.454050e-05 3.938390e-14 -1.028120e-08 8.116062e-11
4.500000e-01 4.500000e-01 1.200000e+00 -1.475720e-05 1.476740e-05 3.334910e-14 -1.015000e-08 5.003335e-11
4.600000e-01 4.600000e-01 1.200000e+00 -1.497900e-05 1.498900e-05 2.842500e-14 -1.002460e-08 2.457157e-11
4.700000e-01 4.700000e-01 1.200000e+00 -1.519560e-05 1.520550e-05 2.438590e-14 -9.904800e-09 4.775614e-12
4.800000e-01 4.800000e-01 1.200000e+00 -1.540700e-05 1.541680e-05 2.105520e-14 -9.790400e-09 9.621055e-12
4.900000e-01 4.900000e-01 1.200000e+00 -1.561320e-05 1.562290e-05 1.829470e-14 -9.681300e-09 1.871829e-11
5.000000e-01 5.000000e-01 1.200000e+00 -1.581440e-05 1.582400e-05 1.599510e-14 -9.577100e-09 2.291600e-11
5.100000e-01 5.100000e-01 1.200000e+00 -1.601050e-05 1.602000e-05 1.407020e-14 -9.477800e-09 2.221407e-11
5.200000e-01 5.200000e-01 1.200000e+00 -1.620170e-05 1.621100e-05 1.245110e-14 -9.383100e-09 8.308755e-11
5.300000e-01 5.300000e-01 1.200000e+00 -1.638790e-05 1.639720e-05 1.108260e-14 -9.292800e-09 7.211083e-12
5.400000e-01 5.400000e-01 1.200000e+00 -1.656920e-05 1.657840e-05 9.920800e-15 -9.206800e-09 6.790079e-12
5.500000e-01 5.500000e-01 1.200000e+00 -1.674580e-05 1.675490e-05 8.930200e-15 -9.124800e-09 2.479107e-11
5.600000e-01 5.600000e-01 1.200000e+00 -1.691770e-05 1.692670e-05 8.081800e-15 -9.046700e-09 4.669192e-11
5.700000e-01 5.700000e-01 1.200000e+00 -1.708500e-05 1.709390e-05 7.352200e-15 -8.972300e-09 7.229265e-11
5.800000e-01 5.800000e-01 1.200000e+00 -1.724770e-05 1.725660e-05 6.722300e-15 -8.901400e-09 1.393278e-12
5.900000e-01 5.900000e-01 1.200000e+00 -1.740610e-05 1.741490e-05 6.176400e-15 -8.833900e-09 3.389382e-11
6.000000e-01 6.000000e-01 1.200000e+00 -1.756010e-05 1.756890e-05 5.701400e-15 -8.769500e-09 3.050570e-11
6.100000e-01 6.100000e-01 1.200000e+00 -1.771000e-05 1.771870e-05 5.286800e-15 -8.708200e-09 8.194713e-12
6.200000e-01 6.200000e-01 1.200000e+00 -1.785570e-05 1.786440e-05 4.923600e-15 -8.649800e-09 5.020492e-11
6.300000e-01 6.300000e-01 1.200000e+00 -1.799750e-05 1.800610e-05 4.604400e-15 -8.594100e-09 5.904604e-12
6.400000e-01 6.400000e-01 1.200000e+00 -1.813540e-05 1.814400e-05 4.322900e-15 -8.541000e-09 5.900432e-11
6.500000e-01 6.500000e-01 1.200000e+00 -1.826950e-05 1.827800e-05 4.074100e-15 -8.490400e-09 9.604074e-12
6.600000e-01 6.600000e-01 1.200000e+00 -1.840000e-05 1.840850e-05 3.853400e-15 -8.442200e-09 5.780385e-11
6.700000e-01 6.700000e-01 1.200000e+00 -1.852700e-05 1.853540e-05 3.657200e-15 -8.396200e-09 3.803657e-12
6.800000e-01 6.800000e-01 1.200000e+00 -1.865050e-05 1.865880e-05 3.482300e-15 -8.352300e-09 5.229652e-11
6.900000e-01 6.900000e-01 1.200000e+00 -1.877060e-05 1.877890e-05 3.326100e-15 -8.310400e-09 1.039667e-11
7.000000e-01 7.000000e-01 1.200000e+00 -1.888760e-05 1.889590e-05 3.186200e-15 -8.270400e-09 2.960319e-11
7.100000e-01 7.100000e-01 1.200000e+00 -1.900140e-05 1.900970e-05 3.060600e-15 -8.232300e-09 6.770306e-11
7.200000e-01 7.200000e-01 1.200000e+00 -1.911230e-05 1.912050e-05 2.947700e-15 -8.195800e-09 4.202948e-12
7.300000e-01 7.300000e-01 1.200000e+00 -1.922020e-05 1.922840e-05 2.846000e-15 -8.161000e-09 3.900285e-11
7.400000e-01 7.400000e-01 1.200000e+00 -1.932530e-05 1.933340e-05 2.754200e-15 -8.127700e-09 2.769725e-11
7.500000e-01 7.500000e-01 1.200000e+00 -1.942770e-05 1.943580e-05 2.671200e-15 -8.095800e-09 4.202671e-12
7.600000e-01 7.600000e-01 1.200000e+00 -1.952750e-05 1.953550e-05 2.596100e-15 -8.065400e-09 6.539740e-11
7.700000e-01 7.700000e-01 1.200000e+00 -1.962470e-05 1.963270e-05 2.528000e-15 -8.036300e-09 3.629747e-11
7.800000e-01 7.800000e-01 1.200000e+00 -1.971950e-05 1.972750e-05 2.466300e-15 -8.008400e-09 8.397534e-12
7.900000e-01 7.900000e-01 1.200000e+00 -1.981190e-05 1.981990e-05 2.410100e-15 -7.981700e-09 1.830241e-11
8.000000e-01 8.000000e-01 1.200000e+00 -1.990210e-05 1.991000e-05 2.359100e-15 -7.956100e-09 5.609764e-11
8.100000e-01 8.100000e-01 1.200000e+00 -1.999000e-05 1.999800e-05 2.312700e-15 -7.931600e-09 6.840231e-11
8.200000e-01 8.200000e-01 1.200000e+00 -2.007590e-05 2.008380e-05 2.270400e-15 -7.908100e-09 8.097730e-12
8.300000e-01 8.300000e-01 1.200000e+00 -2.015970e-05 2.016760e-05 2.231800e-15 -7.885500e-09 1.450223e-11
8.400000e-01 8.400000e-01 1.200000e+00 -2.024150e-05 2.024940e-05 2.196800e-15 -7.863900e-09 3.610220e-11
8.500000e-01 8.500000e-01 1.200000e+00 -2.032140e-05 2.032920e-05 2.164700e-15 -7.843100e-09 4.309784e-11
8.600000e-01 8.600000e-01 1.200000e+00 -2.039950e-05 2.040730e-05 2.135500e-15 -7.823200e-09 2.319786e-11
8.700000e-01 8.700000e-01 1.200000e+00 -2.047580e-05 2.048360e-05 2.108900e-15 -7.804000e-09 3.997891e-12
8.800000e-01 8.800000e-01 1.200000e+00 -2.055040e-05 2.055810e-05 2.084700e-15 -7.785600e-09 8.559792e-11
8.900000e-01 8.900000e-01 1.200000e+00 -2.062330e-05 2.063110e-05 2.062600e-15 -7.767900e-09 3.210206e-11
9.000000e-01 9.000000e-01 1.200000e+00 -2.069460e-05 2.070240e-05 2.042500e-15 -7.750800e-09 4.920204e-11
9.100000e-01 9.100000e-01 1.200000e+00 -2.076440e-05 2.077210e-05 2.024200e-15 -7.734400e-09 3.439798e-11
9.200000e-01 9.200000e-01 1.200000e+00 -2.083270e-05 2.084040e-05 2.007600e-15 -7.718600e-09 1.859799e-11
9.300000e-01 9.300000e-01 1.200000e+00 -2.089960e-05 2.090730e-05 1.992600e-15 -7.703400e-09 3.398007e-12
9.400000e-01 9.400000e-01 1.200000e+00 -2.096500e-05 2.097270e-05 1.978900e-15 -7.688700e-09 1.130198e-11
9.500000e-01 9.500000e-01 1.200000e+00 -2.102920e-05 2.103680e-05 1.966600e-15 -7.674600e-09 7.459803e-11
9.600000e-01 9.600000e-01 1.200000e+00 -2.109200e-05 2.109970e-05 1.955500e-15 -7.660900e-09 3.910196e-11
9.700000e-01 9.700000e-01 1.200000e+00 -2.115360e-05 2.116120e-05 1.945600e-15 -7.647800e-09 4.779805e-11
9.800000e-01 9.800000e-01 1.200000e+00 -2.121390e-05 2.122160e-05 1.936700e-15 -7.635100e-09 6.490194e-11
9.900000e-01 9.900000e-01 1.200000e+00 -2.127310e-05 2.128070e-05 1.928800e-15 -7.622800e-09 2.279807e-11
1.000000e+00 1.000000e+00 1.200000e+00 -2.133120e-05 2.133880e-05 1.921700e-15 -7.611000e-09 1.099808e-11
1.010000e+00 1.010000e+00 1.200000e+00 -2.138810e-05 2.139570e-05 1.915600e-15 -7.599500e-09 5.019156e-13
1.020000e+00 1.020000e+00 1.200000e+00 -2.144400e-05 2.145160e-05 1.910200e-15 -7.588400e-09 1.160191e-11
1.030000e+00 1.030000e+00 1.200000e+00 -2.149880e-05 2.150640e-05 1.905500e-15 -7.577700e-09 2.230191e-11
1.040000e+00 1.040000e+00 1.200000e+00 -2.155270e-05 2.156020e-05 1.901600e-15 -7.567300e-09 6.729810e-11
1.050000e+00 1.050000e+00 1.200000e+00 -2.160560e-05 2.161310e-05 1.898300e-15 -7.557300e-09 5.729810e-11
1.060000e+00 1.060000e+00 1.200000e+00 -2.165750e-05 2.166500e-05 1.895600e-15 -7.547600e-09 4.759810e-11
1.070000e+00 1.070000e+00 1.200000e+00 -2.170850e-05 2.171610e-05 1.893400e-15 -7.538100e-09 6.190189e-11
1.080000e+00 1.080000e+00 1.200000e+00 -2.175870e-05 2.176620e-05 1.891800e-15 -7.529000e-09 2.899811e-11
1.090000e+00 1.090000e+00 1.200000e+00 -2.180800e-05 2.181550e-05 1.890700e-15 -7.520100e-09 2.009811e-11
1.100000e+00 1.100000e+00 1.200000e+00 -2.185640e-05 2.186390e-05 1.890100e-15 -7.511500e-09 1.149811e-11
1.110000e+00 1.110000e+00 1.200000e+00 -2.190410e-05 2.191160e-05 1.889900e-15 -7.503200e-09 3.198110e-12
1.120000e+00 1.120000e+00 1.200000e+00 -2.195100e-05 2.195850e-05 1.890100e-15 -7.495100e-09 4.901890e-12
1.130000e+00 1.130000e+00 1.200000e+00 -2.199710e-05 2.200460e-05 1.890700e-15 -7.487300e-09 1.270189e-11
1.140000e+00 1.140000e+00 1.200000e+00 -2.204250e-05 2.205000e-05 1.891700e-15 -7.479600e-09 2.040189e-11
1.150000e+00 1.150000e+00 1.200000e+00 -2.208710e-05 2.209460e-05 1.893100e-15 -7.472200e-09 2.780189e-11
1.160000e+00 1.160000e+00 1.200000e+00 -2.213110e-05 2.213860e-05 1.894800e-15 -7.465000e-09 3.500189e-11
1.170000e+00 1.170000e+00 1.200000e+00 -2.217440e-05 2.218190e-05 1.896700e-15 -7.458000e-09 4.200190e-11
1.180000e+00 1.180000e+00 1.200000e+00 -2.221710e-05 2.222450e-05 1.899000e-15 -7.451100e-09 5.109810e-11
1.190000e+00 1.190000e+00 1.200000e+00 -2.225910e-05 2.226650e-05 1.901600e-15 -7.444500e-09 4.449810e-11
1.200000e+00 1.200000e+00 1.200000e+00 -2.230040e-05 2.230790e-05 1.904400e-15 -7.438000e-09 6.200190e-11