Title: HSPICE charge conservation analysis
Plotname: Transient Analysis
Flags: real
No. Variables: 6
No. Points: 501
Variables:
	0	time	time
	1	v(gate_3)	voltage
	2	i(vgq)	current
	3	i(vdq)	current
	4	i(vsq)	current
	5	i(vbq)	current
Values:
 0	0.0000000000e+00
	0.0000000000e+00
	0.0000000000e+00
	-3.9279000000e-12
	2.9258000000e-12
	1.0021000000e-12

 1	1.0000000000e-11
	0.0000000000e+00
	-1.6162400000e-14
	-2.9990000000e-12
	2.9898000000e-12
	2.5404100000e-14

 2	2.0000000000e-11
	0.0000000000e+00
	4.8294000000e-15
	-2.9445000000e-12
	2.9681000000e-12
	-2.8436300000e-14

 3	3.0000000000e-11
	0.0000000000e+00
	9.4970000000e-15
	-2.9376000000e-12
	2.9525000000e-12
	-2.4432800000e-14

 4	4.0000000000e-11
	0.0000000000e+00
	1.3298200000e-14
	-2.9316000000e-12
	2.9389000000e-12
	-2.0590100000e-14

 5	5.0000000000e-11
	0.0000000000e+00
	1.1776900000e-14
	-2.9313000000e-12
	2.9372000000e-12
	-1.7734900000e-14

 6	6.0000000000e-11
	0.0000000000e+00
	1.0255600000e-14
	-2.9310000000e-12
	2.9356000000e-12
	-1.4879700000e-14

 7	7.0000000000e-11
	0.0000000000e+00
	8.7343000000e-15
	-2.9306000000e-12
	2.9339000000e-12
	-1.2024500000e-14

 8	8.0000000000e-11
	0.0000000000e+00
	7.2130000000e-15
	-2.9303000000e-12
	2.9322000000e-12
	-9.1693000000e-15

 9	9.0000000000e-11
	0.0000000000e+00
	5.6917000000e-15
	-2.9299000000e-12
	2.9306000000e-12
	-6.3141000000e-15

 10	1.0000000000e-10
	0.0000000000e+00
	4.1704000000e-15
	-2.9296000000e-12
	2.9289000000e-12
	-3.4589000000e-15

 11	1.1000000000e-10
	0.0000000000e+00
	2.6490000000e-15
	-2.9293000000e-12
	2.9272000000e-12
	-6.0373670000e-16

 12	1.2000000000e-10
	0.0000000000e+00
	1.1277000000e-15
	-2.9289000000e-12
	2.9256000000e-12
	2.2515000000e-15

 13	1.3000000000e-10
	0.0000000000e+00
	9.9864410000e-16
	-2.9289000000e-12
	2.9255000000e-12
	2.4402000000e-15

 14	1.4000000000e-10
	0.0000000000e+00
	9.4592100000e-16
	-2.9289000000e-12
	2.9255000000e-12
	2.4827000000e-15

 15	1.5000000000e-10
	0.0000000000e+00
	8.9319790000e-16
	-2.9289000000e-12
	2.9255000000e-12
	2.5253000000e-15

 16	1.6000000000e-10
	0.0000000000e+00
	8.4047480000e-16
	-2.9289000000e-12
	2.9255000000e-12
	2.5678000000e-15

 17	1.7000000000e-10
	0.0000000000e+00
	7.8775170000e-16
	-2.9289000000e-12
	2.9255000000e-12
	2.6103000000e-15

 18	1.8000000000e-10
	0.0000000000e+00
	7.3502860000e-16
	-2.9289000000e-12
	2.9255000000e-12
	2.6528000000e-15

 19	1.9000000000e-10
	0.0000000000e+00
	6.8230550000e-16
	-2.9289000000e-12
	2.9255000000e-12
	2.6953000000e-15

 20	2.0000000000e-10
	0.0000000000e+00
	6.2958240000e-16
	-2.9289000000e-12
	2.9255000000e-12
	2.7378000000e-15

 21	2.1000000000e-10
	0.0000000000e+00
	5.7685930000e-16
	-2.9289000000e-12
	2.9255000000e-12
	2.7803000000e-15

 22	2.2000000000e-10
	0.0000000000e+00
	5.2413620000e-16
	-2.9289000000e-12
	2.9255000000e-12
	2.8229000000e-15

 23	2.3000000000e-10
	0.0000000000e+00
	4.7141310000e-16
	-2.9289000000e-12
	2.9256000000e-12
	2.8654000000e-15

 24	2.4000000000e-10
	0.0000000000e+00
	4.1869000000e-16
	-2.9289000000e-12
	2.9256000000e-12
	2.9079000000e-15

 25	2.5000000000e-10
	0.0000000000e+00
	3.6596690000e-16
	-2.9289000000e-12
	2.9256000000e-12
	2.9504000000e-15

 26	2.6000000000e-10
	0.0000000000e+00
	3.1324380000e-16
	-2.9289000000e-12
	2.9256000000e-12
	2.9929000000e-15

 27	2.7000000000e-10
	0.0000000000e+00
	2.6052070000e-16
	-2.9289000000e-12
	2.9256000000e-12
	3.0354000000e-15

 28	2.8000000000e-10
	0.0000000000e+00
	2.0779760000e-16
	-2.9289000000e-12
	2.9256000000e-12
	3.0779000000e-15

 29	2.9000000000e-10
	0.0000000000e+00
	1.5507450000e-16
	-2.9289000000e-12
	2.9256000000e-12
	3.1204000000e-15

 30	3.0000000000e-10
	0.0000000000e+00
	1.0235140000e-16
	-2.9289000000e-12
	2.9256000000e-12
	3.1630000000e-15

 31	3.1000000000e-10
	0.0000000000e+00
	4.9628200000e-17
	-2.9289000000e-12
	2.9256000000e-12
	3.2055000000e-15

 32	3.2000000000e-10
	0.0000000000e+00
	-3.0949000000e-18
	-2.9289000000e-12
	2.9256000000e-12
	3.2480000000e-15

 33	3.3000000000e-10
	0.0000000000e+00
	-5.5818000000e-17
	-2.9289000000e-12
	2.9256000000e-12
	3.2905000000e-15

 34	3.4000000000e-10
	0.0000000000e+00
	-1.0854110000e-16
	-2.9289000000e-12
	2.9256000000e-12
	3.3330000000e-15

 35	3.5000000000e-10
	0.0000000000e+00
	-1.6126420000e-16
	-2.9289000000e-12
	2.9256000000e-12
	3.3755000000e-15

 36	3.6000000000e-10
	0.0000000000e+00
	-2.1398730000e-16
	-2.9289000000e-12
	2.9256000000e-12
	3.4180000000e-15

 37	3.7000000000e-10
	0.0000000000e+00
	-2.6671040000e-16
	-2.9288000000e-12
	2.9257000000e-12
	3.4606000000e-15

 38	3.8000000000e-10
	0.0000000000e+00
	-2.5955900000e-16
	-2.9289000000e-12
	2.9257000000e-12
	3.4491000000e-15

 39	3.9000000000e-10
	0.0000000000e+00
	-2.4912330000e-16
	-2.9289000000e-12
	2.9257000000e-12
	3.4347000000e-15

 40	4.0000000000e-10
	0.0000000000e+00
	-2.3868770000e-16
	-2.9289000000e-12
	2.9257000000e-12
	3.4204000000e-15

 41	4.1000000000e-10
	0.0000000000e+00
	-2.2825200000e-16
	-2.9289000000e-12
	2.9257000000e-12
	3.4060000000e-15

 42	4.2000000000e-10
	0.0000000000e+00
	-2.1781630000e-16
	-2.9289000000e-12
	2.9257000000e-12
	3.3916000000e-15

 43	4.3000000000e-10
	0.0000000000e+00
	-2.0738070000e-16
	-2.9289000000e-12
	2.9257000000e-12
	3.3772000000e-15

 44	4.4000000000e-10
	0.0000000000e+00
	-1.9694500000e-16
	-2.9289000000e-12
	2.9257000000e-12
	3.3628000000e-15

 45	4.5000000000e-10
	0.0000000000e+00
	-1.8650940000e-16
	-2.9289000000e-12
	2.9257000000e-12
	3.3485000000e-15

 46	4.6000000000e-10
	0.0000000000e+00
	-1.7607370000e-16
	-2.9289000000e-12
	2.9257000000e-12
	3.3341000000e-15

 47	4.7000000000e-10
	0.0000000000e+00
	-1.6563800000e-16
	-2.9289000000e-12
	2.9257000000e-12
	3.3197000000e-15

 48	4.8000000000e-10
	0.0000000000e+00
	-1.5520240000e-16
	-2.9289000000e-12
	2.9257000000e-12
	3.3053000000e-15

 49	4.9000000000e-10
	0.0000000000e+00
	-1.4476670000e-16
	-2.9289000000e-12
	2.9257000000e-12
	3.2909000000e-15

 50	5.0000000000e-10
	0.0000000000e+00
	-1.3433100000e-16
	-2.9289000000e-12
	2.9257000000e-12
	3.2766000000e-15

 51	5.1000000000e-10
	0.0000000000e+00
	-1.2389540000e-16
	-2.9289000000e-12
	2.9257000000e-12
	3.2622000000e-15

 52	5.2000000000e-10
	0.0000000000e+00
	-1.1345970000e-16
	-2.9289000000e-12
	2.9258000000e-12
	3.2478000000e-15

 53	5.3000000000e-10
	0.0000000000e+00
	-1.0302410000e-16
	-2.9289000000e-12
	2.9258000000e-12
	3.2334000000e-15

 54	5.4000000000e-10
	0.0000000000e+00
	-9.2588400000e-17
	-2.9289000000e-12
	2.9258000000e-12
	3.2190000000e-15

 55	5.5000000000e-10
	0.0000000000e+00
	-8.2152700000e-17
	-2.9289000000e-12
	2.9258000000e-12
	3.2047000000e-15

 56	5.6000000000e-10
	0.0000000000e+00
	-7.1717100000e-17
	-2.9289000000e-12
	2.9258000000e-12
	3.1903000000e-15

 57	5.7000000000e-10
	0.0000000000e+00
	-6.1281400000e-17
	-2.9289000000e-12
	2.9258000000e-12
	3.1759000000e-15

 58	5.8000000000e-10
	0.0000000000e+00
	-5.0845800000e-17
	-2.9289000000e-12
	2.9258000000e-12
	3.1615000000e-15

 59	5.9000000000e-10
	0.0000000000e+00
	-4.0410100000e-17
	-2.9289000000e-12
	2.9258000000e-12
	3.1471000000e-15

 60	6.0000000000e-10
	0.0000000000e+00
	-2.9974400000e-17
	-2.9289000000e-12
	2.9258000000e-12
	3.1328000000e-15

 61	6.1000000000e-10
	0.0000000000e+00
	-1.9538800000e-17
	-2.9289000000e-12
	2.9258000000e-12
	3.1184000000e-15

 62	6.2000000000e-10
	0.0000000000e+00
	-9.1031000000e-18
	-2.9289000000e-12
	2.9258000000e-12
	3.1040000000e-15

 63	6.3000000000e-10
	0.0000000000e+00
	-8.1962000000e-18
	-2.9289000000e-12
	2.9258000000e-12
	3.1029000000e-15

 64	6.4000000000e-10
	0.0000000000e+00
	-7.8119000000e-18
	-2.9289000000e-12
	2.9258000000e-12
	3.1025000000e-15

 65	6.5000000000e-10
	0.0000000000e+00
	-7.4277000000e-18
	-2.9289000000e-12
	2.9258000000e-12
	3.1021000000e-15

 66	6.6000000000e-10
	0.0000000000e+00
	-7.0434000000e-18
	-2.9289000000e-12
	2.9258000000e-12
	3.1017000000e-15

 67	6.7000000000e-10
	0.0000000000e+00
	-6.6592000000e-18
	-2.9289000000e-12
	2.9258000000e-12
	3.1012000000e-15

 68	6.8000000000e-10
	0.0000000000e+00
	-6.2749000000e-18
	-2.9289000000e-12
	2.9258000000e-12
	3.1008000000e-15

 69	6.9000000000e-10
	0.0000000000e+00
	-5.8907000000e-18
	-2.9289000000e-12
	2.9258000000e-12
	3.1004000000e-15

 70	7.0000000000e-10
	0.0000000000e+00
	-5.5064000000e-18
	-2.9289000000e-12
	2.9258000000e-12
	3.1000000000e-15

 71	7.1000000000e-10
	0.0000000000e+00
	-5.1222000000e-18
	-2.9289000000e-12
	2.9258000000e-12
	3.0996000000e-15

 72	7.2000000000e-10
	0.0000000000e+00
	-4.7379000000e-18
	-2.9289000000e-12
	2.9258000000e-12
	3.0992000000e-15

 73	7.3000000000e-10
	0.0000000000e+00
	-4.3537000000e-18
	-2.9289000000e-12
	2.9258000000e-12
	3.0988000000e-15

 74	7.4000000000e-10
	0.0000000000e+00
	-3.9694000000e-18
	-2.9289000000e-12
	2.9258000000e-12
	3.0984000000e-15

 75	7.5000000000e-10
	0.0000000000e+00
	-3.5852000000e-18
	-2.9289000000e-12
	2.9258000000e-12
	3.0980000000e-15

 76	7.6000000000e-10
	0.0000000000e+00
	-3.2009000000e-18
	-2.9289000000e-12
	2.9258000000e-12
	3.0976000000e-15

 77	7.7000000000e-10
	0.0000000000e+00
	-2.8167000000e-18
	-2.9289000000e-12
	2.9258000000e-12
	3.0972000000e-15

 78	7.8000000000e-10
	0.0000000000e+00
	-2.4324000000e-18
	-2.9289000000e-12
	2.9258000000e-12
	3.0968000000e-15

 79	7.9000000000e-10
	0.0000000000e+00
	-2.0482000000e-18
	-2.9289000000e-12
	2.9258000000e-12
	3.0964000000e-15

 80	8.0000000000e-10
	0.0000000000e+00
	-1.6639000000e-18
	-2.9289000000e-12
	2.9258000000e-12
	3.0960000000e-15

 81	8.1000000000e-10
	0.0000000000e+00
	-1.2797000000e-18
	-2.9289000000e-12
	2.9258000000e-12
	3.0956000000e-15

 82	8.2000000000e-10
	0.0000000000e+00
	-8.9542000000e-19
	-2.9289000000e-12
	2.9258000000e-12
	3.0952000000e-15

 83	8.3000000000e-10
	0.0000000000e+00
	-5.1117000000e-19
	-2.9289000000e-12
	2.9258000000e-12
	3.0948000000e-15

 84	8.4000000000e-10
	0.0000000000e+00
	-1.2692000000e-19
	-2.9289000000e-12
	2.9258000000e-12
	3.0944000000e-15

 85	8.5000000000e-10
	0.0000000000e+00
	2.5733000000e-19
	-2.9289000000e-12
	2.9258000000e-12
	3.0940000000e-15

 86	8.6000000000e-10
	0.0000000000e+00
	6.4159000000e-19
	-2.9289000000e-12
	2.9258000000e-12
	3.0935000000e-15

 87	8.7000000000e-10
	0.0000000000e+00
	1.0258000000e-18
	-2.9289000000e-12
	2.9258000000e-12
	3.0931000000e-15

 88	8.8000000000e-10
	0.0000000000e+00
	9.7295000000e-19
	-2.9289000000e-12
	2.9258000000e-12
	3.0932000000e-15

 89	8.9000000000e-10
	0.0000000000e+00
	8.9609000000e-19
	-2.9289000000e-12
	2.9258000000e-12
	3.0933000000e-15

 90	9.0000000000e-10
	0.0000000000e+00
	8.1923000000e-19
	-2.9289000000e-12
	2.9258000000e-12
	3.0934000000e-15

 91	9.1000000000e-10
	0.0000000000e+00
	7.4237000000e-19
	-2.9289000000e-12
	2.9258000000e-12
	3.0935000000e-15

 92	9.2000000000e-10
	0.0000000000e+00
	6.6551000000e-19
	-2.9289000000e-12
	2.9258000000e-12
	3.0936000000e-15

 93	9.3000000000e-10
	0.0000000000e+00
	5.8865000000e-19
	-2.9289000000e-12
	2.9258000000e-12
	3.0937000000e-15

 94	9.4000000000e-10
	0.0000000000e+00
	5.1179000000e-19
	-2.9289000000e-12
	2.9258000000e-12
	3.0938000000e-15

 95	9.5000000000e-10
	0.0000000000e+00
	4.3493000000e-19
	-2.9289000000e-12
	2.9258000000e-12
	3.0939000000e-15

 96	9.6000000000e-10
	0.0000000000e+00
	3.5807000000e-19
	-2.9289000000e-12
	2.9258000000e-12
	3.0940000000e-15

 97	9.7000000000e-10
	0.0000000000e+00
	2.8121000000e-19
	-2.9289000000e-12
	2.9258000000e-12
	3.0941000000e-15

 98	9.8000000000e-10
	0.0000000000e+00
	2.0435000000e-19
	-2.9289000000e-12
	2.9258000000e-12
	3.0941000000e-15

 99	9.9000000000e-10
	0.0000000000e+00
	1.2749000000e-19
	-2.9289000000e-12
	2.9258000000e-12
	3.0942000000e-15

 100	1.0000000000e-09
	0.0000000000e+00
	5.0632000000e-20
	-2.9289000000e-12
	2.9258000000e-12
	3.0943000000e-15

 101	1.0100000000e-09
	1.0000000000e-02
	-1.6880000000e-06
	5.5490210000e-07
	5.4319650000e-07
	5.8992680000e-07

 102	1.0200000000e-09
	2.0000000000e-02
	-3.3761000000e-06
	1.1098000000e-06
	1.0864000000e-06
	1.1799000000e-06

 103	1.0300000000e-09
	3.0000000000e-02
	-5.0641000000e-06
	1.6647000000e-06
	1.6296000000e-06
	1.7698000000e-06

 104	1.0400000000e-09
	4.0000000000e-02
	-5.6527000000e-06
	1.8361000000e-06
	1.7965000000e-06
	2.0201000000e-06

 105	1.0500000000e-09
	5.0000000000e-02
	-5.7201000000e-06
	1.8514000000e-06
	1.8113000000e-06
	2.0573000000e-06

 106	1.0600000000e-09
	6.0000000000e-02
	-5.7131000000e-06
	1.8514000000e-06
	1.8115000000e-06
	2.0501000000e-06

 107	1.0700000000e-09
	7.0000000000e-02
	-5.7061000000e-06
	1.8515000000e-06
	1.8118000000e-06
	2.0429000000e-06

 108	1.0800000000e-09
	8.0000000000e-02
	-5.6963000000e-06
	1.8516000000e-06
	1.8120000000e-06
	2.0327000000e-06

 109	1.0900000000e-09
	9.0000000000e-02
	-5.6807000000e-06
	1.8518000000e-06
	1.8124000000e-06
	2.0165000000e-06

 110	1.1000000000e-09
	1.0000000000e-01
	-5.6652000000e-06
	1.8521000000e-06
	1.8127000000e-06
	2.0004000000e-06

 111	1.1100000000e-09
	1.1000000000e-01
	-5.6496000000e-06
	1.8523000000e-06
	1.8131000000e-06
	1.9842000000e-06

 112	1.1200000000e-09
	1.2000000000e-01
	-5.6340000000e-06
	1.8525000000e-06
	1.8135000000e-06
	1.9680000000e-06

 113	1.1300000000e-09
	1.3000000000e-01
	-5.6184000000e-06
	1.8527000000e-06
	1.8138000000e-06
	1.9519000000e-06

 114	1.1400000000e-09
	1.4000000000e-01
	-5.6076000000e-06
	1.8533000000e-06
	1.8146000000e-06
	1.9396000000e-06

 115	1.1500000000e-09
	1.5000000000e-01
	-5.5979000000e-06
	1.8539000000e-06
	1.8156000000e-06
	1.9285000000e-06

 116	1.1600000000e-09
	1.6000000000e-01
	-5.5883000000e-06
	1.8545000000e-06
	1.8165000000e-06
	1.9173000000e-06

 117	1.1700000000e-09
	1.7000000000e-01
	-5.5786000000e-06
	1.8551000000e-06
	1.8174000000e-06
	1.9062000000e-06

 118	1.1800000000e-09
	1.8000000000e-01
	-5.5690000000e-06
	1.8557000000e-06
	1.8183000000e-06
	1.8950000000e-06

 119	1.1900000000e-09
	1.9000000000e-01
	-5.5594000000e-06
	1.8563000000e-06
	1.8192000000e-06
	1.8838000000e-06

 120	1.2000000000e-09
	2.0000000000e-01
	-5.5497000000e-06
	1.8569000000e-06
	1.8201000000e-06
	1.8727000000e-06

 121	1.2100000000e-09
	2.1000000000e-01
	-5.5401000000e-06
	1.8575000000e-06
	1.8210000000e-06
	1.8615000000e-06

 122	1.2200000000e-09
	2.2000000000e-01
	-5.5322000000e-06
	1.8367000000e-06
	1.8448000000e-06
	1.8507000000e-06

 123	1.2300000000e-09
	2.3000000000e-01
	-5.5285000000e-06
	1.7638000000e-06
	1.9242000000e-06
	1.8405000000e-06

 124	1.2400000000e-09
	2.4000000000e-01
	-5.5249000000e-06
	1.6909000000e-06
	2.0036000000e-06
	1.8304000000e-06

 125	1.2500000000e-09
	2.5000000000e-01
	-5.5212000000e-06
	1.6180000000e-06
	2.0829000000e-06
	1.8203000000e-06

 126	1.2600000000e-09
	2.6000000000e-01
	-5.5176000000e-06
	1.5451000000e-06
	2.1623000000e-06
	1.8102000000e-06

 127	1.2700000000e-09
	2.7000000000e-01
	-5.5139000000e-06
	1.4722000000e-06
	2.2417000000e-06
	1.8001000000e-06

 128	1.2800000000e-09
	2.8000000000e-01
	-5.5103000000e-06
	1.3993000000e-06
	2.3210000000e-06
	1.7899000000e-06

 129	1.2900000000e-09
	2.9000000000e-01
	-5.5066000000e-06
	1.3265000000e-06
	2.4004000000e-06
	1.7798000000e-06

 130	1.3000000000e-09
	3.0000000000e-01
	-5.5030000000e-06
	1.2536000000e-06
	2.4797000000e-06
	1.7697000000e-06

 131	1.3100000000e-09
	3.1000000000e-01
	-5.4993000000e-06
	1.1807000000e-06
	2.5591000000e-06
	1.7596000000e-06

 132	1.3200000000e-09
	3.2000000000e-01
	-5.4957000000e-06
	1.1078000000e-06
	2.6385000000e-06
	1.7494000000e-06

 133	1.3300000000e-09
	3.3000000000e-01
	-5.4920000000e-06
	1.0349000000e-06
	2.7178000000e-06
	1.7393000000e-06

 134	1.3400000000e-09
	3.4000000000e-01
	-5.4884000000e-06
	9.6199290000e-07
	2.7972000000e-06
	1.7292000000e-06

 135	1.3500000000e-09
	3.5000000000e-01
	-5.4847000000e-06
	8.8910080000e-07
	2.8766000000e-06
	1.7191000000e-06

 136	1.3600000000e-09
	3.6000000000e-01
	-5.4811000000e-06
	8.1620870000e-07
	2.9559000000e-06
	1.7090000000e-06

 137	1.3700000000e-09
	3.7000000000e-01
	-5.4774000000e-06
	7.4331670000e-07
	3.0353000000e-06
	1.6988000000e-06

 138	1.3800000000e-09
	3.8000000000e-01
	-5.4738000000e-06
	6.7042460000e-07
	3.1146000000e-06
	1.6887000000e-06

 139	1.3900000000e-09
	3.9000000000e-01
	-5.4701000000e-06
	5.9753250000e-07
	3.1940000000e-06
	1.6786000000e-06

 140	1.4000000000e-09
	4.0000000000e-01
	-5.4665000000e-06
	5.2464040000e-07
	3.2734000000e-06
	1.6685000000e-06

 141	1.4100000000e-09
	4.1000000000e-01
	-5.4628000000e-06
	4.5174830000e-07
	3.3527000000e-06
	1.6583000000e-06

 142	1.4200000000e-09
	4.2000000000e-01
	-5.4592000000e-06
	3.7885620000e-07
	3.4321000000e-06
	1.6482000000e-06

 143	1.4300000000e-09
	4.3000000000e-01
	-5.4555000000e-06
	3.0596410000e-07
	3.5115000000e-06
	1.6381000000e-06

 144	1.4400000000e-09
	4.4000000000e-01
	-5.4519000000e-06
	2.3307200000e-07
	3.5908000000e-06
	1.6280000000e-06

 145	1.4500000000e-09
	4.5000000000e-01
	-5.4482000000e-06
	1.6017990000e-07
	3.6702000000e-06
	1.6179000000e-06

 146	1.4600000000e-09
	4.6000000000e-01
	-5.4446000000e-06
	8.7287900000e-08
	3.7496000000e-06
	1.6077000000e-06

 147	1.4700000000e-09
	4.7000000000e-01
	-5.4878000000e-06
	-8.9526330000e-07
	4.7992000000e-06
	1.5839000000e-06

 148	1.4800000000e-09
	4.8000000000e-01
	-5.6450000000e-06
	-4.0863000000e-06
	8.2045000000e-06
	1.5268000000e-06

 149	1.4900000000e-09
	4.9000000000e-01
	-5.8022000000e-06
	-7.2773000000e-06
	1.1609800000e-05
	1.4697000000e-06

 150	1.5000000000e-09
	5.0000000000e-01
	-5.9594000000e-06
	-1.0468400000e-05
	1.5015100000e-05
	1.4126000000e-06

 151	1.5100000000e-09
	5.1000000000e-01
	-6.1165000000e-06
	-1.3659400000e-05
	1.8420500000e-05
	1.3555000000e-06

 152	1.5200000000e-09
	5.2000000000e-01
	-6.2737000000e-06
	-1.6850400000e-05
	2.1825800000e-05
	1.2984000000e-06

 153	1.5300000000e-09
	5.3000000000e-01
	-6.4309000000e-06
	-2.0041500000e-05
	2.5231100000e-05
	1.2412000000e-06

 154	1.5400000000e-09
	5.4000000000e-01
	-6.5880000000e-06
	-2.3232500000e-05
	2.8636400000e-05
	1.1841000000e-06

 155	1.5500000000e-09
	5.5000000000e-01
	-6.7452000000e-06
	-2.6423500000e-05
	3.2041700000e-05
	1.1270000000e-06

 156	1.5600000000e-09
	5.6000000000e-01
	-6.9024000000e-06
	-2.9614600000e-05
	3.5447000000e-05
	1.0699000000e-06

 157	1.5700000000e-09
	5.7000000000e-01
	-7.0596000000e-06
	-3.2805600000e-05
	3.8852300000e-05
	1.0128000000e-06

 158	1.5800000000e-09
	5.8000000000e-01
	-7.2167000000e-06
	-3.5996600000e-05
	4.2257700000e-05
	9.5569150000e-07

 159	1.5900000000e-09
	5.9000000000e-01
	-7.3739000000e-06
	-3.9187700000e-05
	4.5663000000e-05
	8.9858150000e-07

 160	1.6000000000e-09
	6.0000000000e-01
	-7.5311000000e-06
	-4.2378700000e-05
	4.9068300000e-05
	8.4147150000e-07

 161	1.6100000000e-09
	6.1000000000e-01
	-7.6882000000e-06
	-4.5569700000e-05
	5.2473600000e-05
	7.8436150000e-07

 162	1.6200000000e-09
	6.2000000000e-01
	-7.8454000000e-06
	-4.8760700000e-05
	5.5878900000e-05
	7.2725150000e-07

 163	1.6300000000e-09
	6.3000000000e-01
	-8.0026000000e-06
	-5.1951800000e-05
	5.9284200000e-05
	6.7014150000e-07

 164	1.6400000000e-09
	6.4000000000e-01
	-8.1598000000e-06
	-5.5142800000e-05
	6.2689500000e-05
	6.1303150000e-07

 165	1.6500000000e-09
	6.5000000000e-01
	-8.3169000000e-06
	-5.8333800000e-05
	6.6094800000e-05
	5.5592150000e-07

 166	1.6600000000e-09
	6.6000000000e-01
	-8.4741000000e-06
	-6.1524900000e-05
	6.9500200000e-05
	4.9881150000e-07

 167	1.6700000000e-09
	6.7000000000e-01
	-8.6313000000e-06
	-6.4715900000e-05
	7.2905500000e-05
	4.4170150000e-07

 168	1.6800000000e-09
	6.8000000000e-01
	-8.7884000000e-06
	-6.7906900000e-05
	7.6310800000e-05
	3.8459150000e-07

 169	1.6900000000e-09
	6.9000000000e-01
	-8.9456000000e-06
	-7.1098000000e-05
	7.9716100000e-05
	3.2748150000e-07

 170	1.7000000000e-09
	7.0000000000e-01
	-9.1028000000e-06
	-7.4289000000e-05
	8.3121400000e-05
	2.7037150000e-07

 171	1.7100000000e-09
	7.1000000000e-01
	-9.2600000000e-06
	-7.7480000000e-05
	8.6526700000e-05
	2.1326150000e-07

 172	1.7200000000e-09
	7.2000000000e-01
	-9.3746000000e-06
	-8.3492900000e-05
	9.2692900000e-05
	1.7457830000e-07

 173	1.7300000000e-09
	7.3000000000e-01
	-9.3858000000e-06
	-9.6356500000e-05
	1.0556170000e-04
	1.8063200000e-07

 174	1.7400000000e-09
	7.4000000000e-01
	-9.3971000000e-06
	-1.0922010000e-04
	1.1843050000e-04
	1.8668570000e-07

 175	1.7500000000e-09
	7.5000000000e-01
	-9.4084000000e-06
	-1.2208380000e-04
	1.3129940000e-04
	1.9273940000e-07

 176	1.7600000000e-09
	7.6000000000e-01
	-9.4196000000e-06
	-1.3494740000e-04
	1.4416820000e-04
	1.9879310000e-07

 177	1.7700000000e-09
	7.7000000000e-01
	-9.4309000000e-06
	-1.4781110000e-04
	1.5703710000e-04
	2.0484680000e-07

 178	1.7800000000e-09
	7.8000000000e-01
	-9.4422000000e-06
	-1.6067470000e-04
	1.6990590000e-04
	2.1090050000e-07

 179	1.7900000000e-09
	7.9000000000e-01
	-9.4534000000e-06
	-1.7353830000e-04
	1.8277480000e-04
	2.1695420000e-07

 180	1.8000000000e-09
	8.0000000000e-01
	-9.4647000000e-06
	-1.8640200000e-04
	1.9564360000e-04
	2.2300790000e-07

 181	1.8100000000e-09
	8.1000000000e-01
	-9.4759000000e-06
	-1.9926560000e-04
	2.0851250000e-04
	2.2906160000e-07

 182	1.8200000000e-09
	8.2000000000e-01
	-9.4872000000e-06
	-2.1212920000e-04
	2.2138130000e-04
	2.3511530000e-07

 183	1.8300000000e-09
	8.3000000000e-01
	-9.4985000000e-06
	-2.2499290000e-04
	2.3425020000e-04
	2.4116900000e-07

 184	1.8400000000e-09
	8.4000000000e-01
	-9.5097000000e-06
	-2.3785650000e-04
	2.4711900000e-04
	2.4722270000e-07

 185	1.8500000000e-09
	8.5000000000e-01
	-9.5210000000e-06
	-2.5072010000e-04
	2.5998790000e-04
	2.5327640000e-07

 186	1.8600000000e-09
	8.6000000000e-01
	-9.5323000000e-06
	-2.6358380000e-04
	2.7285670000e-04
	2.5933010000e-07

 187	1.8700000000e-09
	8.7000000000e-01
	-9.5435000000e-06
	-2.7644740000e-04
	2.8572560000e-04
	2.6538380000e-07

 188	1.8800000000e-09
	8.8000000000e-01
	-9.5548000000e-06
	-2.8931100000e-04
	2.9859440000e-04
	2.7143740000e-07

 189	1.8900000000e-09
	8.9000000000e-01
	-9.5661000000e-06
	-3.0217470000e-04
	3.1146330000e-04
	2.7749110000e-07

 190	1.9000000000e-09
	9.0000000000e-01
	-9.5773000000e-06
	-3.1503830000e-04
	3.2433210000e-04
	2.8354480000e-07

 191	1.9100000000e-09
	9.1000000000e-01
	-9.5886000000e-06
	-3.2790190000e-04
	3.3720100000e-04
	2.8959850000e-07

 192	1.9200000000e-09
	9.2000000000e-01
	-9.5999000000e-06
	-3.4076560000e-04
	3.5006980000e-04
	2.9565220000e-07

 193	1.9300000000e-09
	9.3000000000e-01
	-9.6111000000e-06
	-3.5362920000e-04
	3.6293860000e-04
	3.0170590000e-07

 194	1.9400000000e-09
	9.4000000000e-01
	-9.6224000000e-06
	-3.6649290000e-04
	3.7580750000e-04
	3.0775960000e-07

 195	1.9500000000e-09
	9.5000000000e-01
	-9.6337000000e-06
	-3.7935650000e-04
	3.8867630000e-04
	3.1381330000e-07

 196	1.9600000000e-09
	9.6000000000e-01
	-9.6449000000e-06
	-3.9222010000e-04
	4.0154520000e-04
	3.1986700000e-07

 197	1.9700000000e-09
	9.7000000000e-01
	-9.6196000000e-06
	-4.0620860000e-04
	4.1549240000e-04
	3.3581560000e-07

 198	1.9800000000e-09
	9.8000000000e-01
	-9.5055000000e-06
	-4.2292800000e-04
	4.3205770000e-04
	3.7578710000e-07

 199	1.9900000000e-09
	9.9000000000e-01
	-9.3914000000e-06
	-4.3964740000e-04
	4.4862310000e-04
	4.1575870000e-07

 200	2.0000000000e-09
	1.0000000000e+00
	-9.2773000000e-06
	-4.5636680000e-04
	4.6518840000e-04
	4.5573020000e-07

 201	2.0100000000e-09
	1.0000000000e+00
	-3.2379000000e-06
	-4.6162680000e-04
	4.6470240000e-04
	1.6229320000e-07

 202	2.0200000000e-09
	1.0000000000e+00
	-2.2780820000e-07
	-4.6424410000e-04
	4.6445870000e-04
	1.3193600000e-08

 203	2.0300000000e-09
	1.0000000000e+00
	1.0101990000e-07
	-4.6452970000e-04
	4.6443320000e-04
	-4.5181000000e-09

 204	2.0400000000e-09
	1.0000000000e+00
	1.9214070000e-07
	-4.6460930000e-04
	4.6442730000e-04
	-1.0227300000e-08

 205	2.0500000000e-09
	1.0000000000e+00
	1.7998660000e-07
	-4.6459880000e-04
	4.6442860000e-04
	-9.8163000000e-09

 206	2.0600000000e-09
	1.0000000000e+00
	1.2192520000e-07
	-4.6454820000e-04
	4.6443300000e-04
	-6.6847000000e-09

 207	2.0700000000e-09
	1.0000000000e+00
	6.3863800000e-08
	-4.6449770000e-04
	4.6443740000e-04
	-3.5530000000e-09

 208	2.0800000000e-09
	1.0000000000e+00
	2.8929800000e-08
	-4.6446730000e-04
	4.6444010000e-04
	-1.6579000000e-09

 209	2.0900000000e-09
	1.0000000000e+00
	2.1069900000e-08
	-4.6446050000e-04
	4.6444070000e-04
	-1.2104000000e-09

 210	2.1000000000e-09
	1.0000000000e+00
	1.3209900000e-08
	-4.6445370000e-04
	4.6444130000e-04
	-7.6278710000e-10

 211	2.1100000000e-09
	1.0000000000e+00
	5.3499000000e-09
	-4.6444690000e-04
	4.6444190000e-04
	-3.1520820000e-10

 212	2.1200000000e-09
	1.0000000000e+00
	-2.5100000000e-09
	-4.6444010000e-04
	4.6444250000e-04
	1.3237080000e-10

 213	2.1300000000e-09
	1.0000000000e+00
	-4.6601000000e-09
	-4.6443830000e-04
	4.6444270000e-04
	2.5549380000e-10

 214	2.1400000000e-09
	1.0000000000e+00
	-4.3665000000e-09
	-4.6443850000e-04
	4.6444270000e-04
	2.3975790000e-10

 215	2.1500000000e-09
	1.0000000000e+00
	-4.0730000000e-09
	-4.6443880000e-04
	4.6444260000e-04
	2.2402200000e-10

 216	2.1600000000e-09
	1.0000000000e+00
	-3.7794000000e-09
	-4.6443900000e-04
	4.6444260000e-04
	2.0828600000e-10

 217	2.1700000000e-09
	1.0000000000e+00
	-3.4858000000e-09
	-4.6443930000e-04
	4.6444260000e-04
	1.9255010000e-10

 218	2.1800000000e-09
	1.0000000000e+00
	-3.1922000000e-09
	-4.6443950000e-04
	4.6444260000e-04
	1.7681420000e-10

 219	2.1900000000e-09
	1.0000000000e+00
	-2.8987000000e-09
	-4.6443980000e-04
	4.6444250000e-04
	1.6107820000e-10

 220	2.2000000000e-09
	1.0000000000e+00
	-2.6051000000e-09
	-4.6444010000e-04
	4.6444250000e-04
	1.4534230000e-10

 221	2.2100000000e-09
	1.0000000000e+00
	-2.3115000000e-09
	-4.6444030000e-04
	4.6444250000e-04
	1.2960640000e-10

 222	2.2200000000e-09
	1.0000000000e+00
	-2.0179000000e-09
	-4.6444060000e-04
	4.6444250000e-04
	1.1387040000e-10

 223	2.2300000000e-09
	1.0000000000e+00
	-1.7244000000e-09
	-4.6444080000e-04
	4.6444240000e-04
	9.8134500000e-11

 224	2.2400000000e-09
	1.0000000000e+00
	-1.4308000000e-09
	-4.6444110000e-04
	4.6444240000e-04
	8.2398500000e-11

 225	2.2500000000e-09
	1.0000000000e+00
	-1.3077000000e-09
	-4.6444120000e-04
	4.6444240000e-04
	7.5666800000e-11

 226	2.2600000000e-09
	1.0000000000e+00
	-1.2498000000e-09
	-4.6444120000e-04
	4.6444240000e-04
	7.2373000000e-11

 227	2.2700000000e-09
	1.0000000000e+00
	-1.1919000000e-09
	-4.6444130000e-04
	4.6444240000e-04
	6.9079300000e-11

 228	2.2800000000e-09
	1.0000000000e+00
	-1.1340000000e-09
	-4.6444130000e-04
	4.6444240000e-04
	6.5785500000e-11

 229	2.2900000000e-09
	1.0000000000e+00
	-1.0760000000e-09
	-4.6444140000e-04
	4.6444240000e-04
	6.2491700000e-11

 230	2.3000000000e-09
	1.0000000000e+00
	-1.0181000000e-09
	-4.6444140000e-04
	4.6444240000e-04
	5.9198000000e-11

 231	2.3100000000e-09
	1.0000000000e+00
	-9.6017500000e-10
	-4.6444150000e-04
	4.6444240000e-04
	5.5904200000e-11

 232	2.3200000000e-09
	1.0000000000e+00
	-9.0224730000e-10
	-4.6444150000e-04
	4.6444240000e-04
	5.2610500000e-11

 233	2.3300000000e-09
	1.0000000000e+00
	-8.4431950000e-10
	-4.6444160000e-04
	4.6444240000e-04
	4.9316700000e-11

 234	2.3400000000e-09
	1.0000000000e+00
	-7.8639170000e-10
	-4.6444160000e-04
	4.6444240000e-04
	4.6022900000e-11

 235	2.3500000000e-09
	1.0000000000e+00
	-7.2846400000e-10
	-4.6444170000e-04
	4.6444240000e-04
	4.2729200000e-11

 236	2.3600000000e-09
	1.0000000000e+00
	-6.7053620000e-10
	-4.6444170000e-04
	4.6444240000e-04
	3.9435400000e-11

 237	2.3700000000e-09
	1.0000000000e+00
	-6.1260840000e-10
	-4.6444180000e-04
	4.6444240000e-04
	3.6141600000e-11

 238	2.3800000000e-09
	1.0000000000e+00
	-5.5468070000e-10
	-4.6444180000e-04
	4.6444240000e-04
	3.2847900000e-11

 239	2.3900000000e-09
	1.0000000000e+00
	-4.9675290000e-10
	-4.6444190000e-04
	4.6444230000e-04
	2.9554100000e-11

 240	2.4000000000e-09
	1.0000000000e+00
	-4.3882520000e-10
	-4.6444190000e-04
	4.6444230000e-04
	2.6260400000e-11

 241	2.4100000000e-09
	1.0000000000e+00
	-3.8089740000e-10
	-4.6444200000e-04
	4.6444230000e-04
	2.2966600000e-11

 242	2.4200000000e-09
	1.0000000000e+00
	-3.2296960000e-10
	-4.6444200000e-04
	4.6444230000e-04
	1.9672800000e-11

 243	2.4300000000e-09
	1.0000000000e+00
	-2.6504190000e-10
	-4.6444210000e-04
	4.6444230000e-04
	1.6379100000e-11

 244	2.4400000000e-09
	1.0000000000e+00
	-2.0711410000e-10
	-4.6444210000e-04
	4.6444230000e-04
	1.3085300000e-11

 245	2.4500000000e-09
	1.0000000000e+00
	-1.4918640000e-10
	-4.6444220000e-04
	4.6444230000e-04
	9.7916000000e-12

 246	2.4600000000e-09
	1.0000000000e+00
	-9.1258600000e-11
	-4.6444220000e-04
	4.6444230000e-04
	6.4978000000e-12

 247	2.4700000000e-09
	1.0000000000e+00
	-3.3330800000e-11
	-4.6444230000e-04
	4.6444230000e-04
	3.2040000000e-12

 248	2.4800000000e-09
	1.0000000000e+00
	2.1657300000e-11
	-4.6444230000e-04
	4.6444230000e-04
	7.7268100000e-14

 249	2.4900000000e-09
	1.0000000000e+00
	2.1059800000e-11
	-4.6444230000e-04
	4.6444230000e-04
	1.0822250000e-13

 250	2.5000000000e-09
	1.0000000000e+00
	2.0462300000e-11
	-4.6444230000e-04
	4.6444230000e-04
	1.3917690000e-13

 251	2.5100000000e-09
	1.0000000000e+00
	1.9864800000e-11
	-4.6444230000e-04
	4.6444230000e-04
	1.7013140000e-13

 252	2.5200000000e-09
	1.0000000000e+00
	1.9267300000e-11
	-4.6444230000e-04
	4.6444230000e-04
	2.0108580000e-13

 253	2.5300000000e-09
	1.0000000000e+00
	1.8669700000e-11
	-4.6444230000e-04
	4.6444230000e-04
	2.3204020000e-13

 254	2.5400000000e-09
	1.0000000000e+00
	1.8072200000e-11
	-4.6444230000e-04
	4.6444230000e-04
	2.6299460000e-13

 255	2.5500000000e-09
	1.0000000000e+00
	1.7474700000e-11
	-4.6444230000e-04
	4.6444230000e-04
	2.9394910000e-13

 256	2.5600000000e-09
	1.0000000000e+00
	1.6877200000e-11
	-4.6444230000e-04
	4.6444230000e-04
	3.2490350000e-13

 257	2.5700000000e-09
	1.0000000000e+00
	1.6279700000e-11
	-4.6444230000e-04
	4.6444230000e-04
	3.5585790000e-13

 258	2.5800000000e-09
	1.0000000000e+00
	1.5682200000e-11
	-4.6444230000e-04
	4.6444230000e-04
	3.8681230000e-13

 259	2.5900000000e-09
	1.0000000000e+00
	1.5084600000e-11
	-4.6444230000e-04
	4.6444230000e-04
	4.1776680000e-13

 260	2.6000000000e-09
	1.0000000000e+00
	1.4487100000e-11
	-4.6444230000e-04
	4.6444230000e-04
	4.4872120000e-13

 261	2.6100000000e-09
	1.0000000000e+00
	1.3889600000e-11
	-4.6444230000e-04
	4.6444230000e-04
	4.7967560000e-13

 262	2.6200000000e-09
	1.0000000000e+00
	1.3292100000e-11
	-4.6444230000e-04
	4.6444230000e-04
	5.1063000000e-13

 263	2.6300000000e-09
	1.0000000000e+00
	1.2694600000e-11
	-4.6444230000e-04
	4.6444230000e-04
	5.4158450000e-13

 264	2.6400000000e-09
	1.0000000000e+00
	1.2097100000e-11
	-4.6444230000e-04
	4.6444230000e-04
	5.7253890000e-13

 265	2.6500000000e-09
	1.0000000000e+00
	1.1499500000e-11
	-4.6444230000e-04
	4.6444230000e-04
	6.0349330000e-13

 266	2.6600000000e-09
	1.0000000000e+00
	1.0902000000e-11
	-4.6444230000e-04
	4.6444230000e-04
	6.3444770000e-13

 267	2.6700000000e-09
	1.0000000000e+00
	1.0304500000e-11
	-4.6444230000e-04
	4.6444230000e-04
	6.6540210000e-13

 268	2.6800000000e-09
	1.0000000000e+00
	9.7070000000e-12
	-4.6444230000e-04
	4.6444230000e-04
	6.9635660000e-13

 269	2.6900000000e-09
	1.0000000000e+00
	9.1095000000e-12
	-4.6444230000e-04
	4.6444230000e-04
	7.2731100000e-13

 270	2.7000000000e-09
	1.0000000000e+00
	8.5120000000e-12
	-4.6444230000e-04
	4.6444230000e-04
	7.5826540000e-13

 271	2.7100000000e-09
	1.0000000000e+00
	7.9144000000e-12
	-4.6444230000e-04
	4.6444230000e-04
	7.8921980000e-13

 272	2.7200000000e-09
	1.0000000000e+00
	7.3169000000e-12
	-4.6444230000e-04
	4.6444230000e-04
	8.2017430000e-13

 273	2.7300000000e-09
	1.0000000000e+00
	6.7359000000e-12
	-4.6444230000e-04
	4.6444230000e-04
	8.5034290000e-13

 274	2.7400000000e-09
	1.0000000000e+00
	6.4669000000e-12
	-4.6444230000e-04
	4.6444230000e-04
	8.6565380000e-13

 275	2.7500000000e-09
	1.0000000000e+00
	6.1978000000e-12
	-4.6444230000e-04
	4.6444230000e-04
	8.8096460000e-13

 276	2.7600000000e-09
	1.0000000000e+00
	5.9287000000e-12
	-4.6444230000e-04
	4.6444230000e-04
	8.9627540000e-13

 277	2.7700000000e-09
	1.0000000000e+00
	5.6597000000e-12
	-4.6444230000e-04
	4.6444230000e-04
	9.1158630000e-13

 278	2.7800000000e-09
	1.0000000000e+00
	5.3906000000e-12
	-4.6444230000e-04
	4.6444230000e-04
	9.2689710000e-13

 279	2.7900000000e-09
	1.0000000000e+00
	5.1216000000e-12
	-4.6444230000e-04
	4.6444230000e-04
	9.4220790000e-13

 280	2.8000000000e-09
	1.0000000000e+00
	4.8525000000e-12
	-4.6444230000e-04
	4.6444230000e-04
	9.5751880000e-13

 281	2.8100000000e-09
	1.0000000000e+00
	4.5835000000e-12
	-4.6444230000e-04
	4.6444230000e-04
	9.7282960000e-13

 282	2.8200000000e-09
	1.0000000000e+00
	4.3144000000e-12
	-4.6444230000e-04
	4.6444230000e-04
	9.8814040000e-13

 283	2.8300000000e-09
	1.0000000000e+00
	4.0454000000e-12
	-4.6444230000e-04
	4.6444230000e-04
	1.0035000000e-12

 284	2.8400000000e-09
	1.0000000000e+00
	3.7763000000e-12
	-4.6444230000e-04
	4.6444230000e-04
	1.0188000000e-12

 285	2.8500000000e-09
	1.0000000000e+00
	3.5073000000e-12
	-4.6444230000e-04
	4.6444230000e-04
	1.0341000000e-12

 286	2.8600000000e-09
	1.0000000000e+00
	3.2382000000e-12
	-4.6444230000e-04
	4.6444230000e-04
	1.0494000000e-12

 287	2.8700000000e-09
	1.0000000000e+00
	2.9692000000e-12
	-4.6444230000e-04
	4.6444230000e-04
	1.0647000000e-12

 288	2.8800000000e-09
	1.0000000000e+00
	2.7001000000e-12
	-4.6444230000e-04
	4.6444230000e-04
	1.0800000000e-12

 289	2.8900000000e-09
	1.0000000000e+00
	2.4311000000e-12
	-4.6444230000e-04
	4.6444230000e-04
	1.0953000000e-12

 290	2.9000000000e-09
	1.0000000000e+00
	2.1620000000e-12
	-4.6444230000e-04
	4.6444230000e-04
	1.1106000000e-12

 291	2.9100000000e-09
	1.0000000000e+00
	1.8930000000e-12
	-4.6444230000e-04
	4.6444230000e-04
	1.1259000000e-12

 292	2.9200000000e-09
	1.0000000000e+00
	1.6239000000e-12
	-4.6444230000e-04
	4.6444230000e-04
	1.1412000000e-12

 293	2.9300000000e-09
	1.0000000000e+00
	1.3548000000e-12
	-4.6444230000e-04
	4.6444230000e-04
	1.1566000000e-12

 294	2.9400000000e-09
	1.0000000000e+00
	1.0858000000e-12
	-4.6444230000e-04
	4.6444230000e-04
	1.1719000000e-12

 295	2.9500000000e-09
	1.0000000000e+00
	8.1674220000e-13
	-4.6444230000e-04
	4.6444230000e-04
	1.1872000000e-12

 296	2.9600000000e-09
	1.0000000000e+00
	5.4768920000e-13
	-4.6444230000e-04
	4.6444230000e-04
	1.2025000000e-12

 297	2.9700000000e-09
	1.0000000000e+00
	2.7863620000e-13
	-4.6444230000e-04
	4.6444230000e-04
	1.2178000000e-12

 298	2.9800000000e-09
	1.0000000000e+00
	2.2992600000e-14
	-4.6444230000e-04
	4.6444230000e-04
	1.2324000000e-12

 299	2.9900000000e-09
	1.0000000000e+00
	2.0911200000e-14
	-4.6444230000e-04
	4.6444230000e-04
	1.2325000000e-12

 300	3.0000000000e-09
	1.0000000000e+00
	1.8829900000e-14
	-4.6444230000e-04
	4.6444230000e-04
	1.2326000000e-12

 301	3.0100000000e-09
	1.0000000000e+00
	1.6748500000e-14
	-4.6444230000e-04
	4.6444230000e-04
	1.2327000000e-12

 302	3.0200000000e-09
	1.0000000000e+00
	1.4667200000e-14
	-4.6444230000e-04
	4.6444230000e-04
	1.2329000000e-12

 303	3.0300000000e-09
	1.0000000000e+00
	1.2585800000e-14
	-4.6444230000e-04
	4.6444230000e-04
	1.2330000000e-12

 304	3.0400000000e-09
	1.0000000000e+00
	1.0504400000e-14
	-4.6444230000e-04
	4.6444230000e-04
	1.2331000000e-12

 305	3.0500000000e-09
	1.0000000000e+00
	8.4231000000e-15
	-4.6444230000e-04
	4.6444230000e-04
	1.2332000000e-12

 306	3.0600000000e-09
	1.0000000000e+00
	6.3417000000e-15
	-4.6444230000e-04
	4.6444230000e-04
	1.2334000000e-12

 307	3.0700000000e-09
	1.0000000000e+00
	4.2604000000e-15
	-4.6444230000e-04
	4.6444230000e-04
	1.2335000000e-12

 308	3.0800000000e-09
	1.0000000000e+00
	2.1790000000e-15
	-4.6444230000e-04
	4.6444230000e-04
	1.2336000000e-12

 309	3.0900000000e-09
	1.0000000000e+00
	9.7652900000e-17
	-4.6444230000e-04
	4.6444230000e-04
	1.2337000000e-12

 310	3.1000000000e-09
	1.0000000000e+00
	-1.9837000000e-15
	-4.6444230000e-04
	4.6444230000e-04
	1.2339000000e-12

 311	3.1100000000e-09
	1.0000000000e+00
	-4.0651000000e-15
	-4.6444230000e-04
	4.6444230000e-04
	1.2340000000e-12

 312	3.1200000000e-09
	1.0000000000e+00
	-6.1464000000e-15
	-4.6444230000e-04
	4.6444230000e-04
	1.2341000000e-12

 313	3.1300000000e-09
	1.0000000000e+00
	-8.2278000000e-15
	-4.6444230000e-04
	4.6444230000e-04
	1.2342000000e-12

 314	3.1400000000e-09
	1.0000000000e+00
	-1.0309100000e-14
	-4.6444230000e-04
	4.6444230000e-04
	1.2344000000e-12

 315	3.1500000000e-09
	1.0000000000e+00
	-1.2390500000e-14
	-4.6444230000e-04
	4.6444230000e-04
	1.2345000000e-12

 316	3.1600000000e-09
	1.0000000000e+00
	-1.4471900000e-14
	-4.6444230000e-04
	4.6444230000e-04
	1.2346000000e-12

 317	3.1700000000e-09
	1.0000000000e+00
	-1.6553200000e-14
	-4.6444230000e-04
	4.6444230000e-04
	1.2347000000e-12

 318	3.1800000000e-09
	1.0000000000e+00
	-1.8634600000e-14
	-4.6444230000e-04
	4.6444230000e-04
	1.2349000000e-12

 319	3.1900000000e-09
	1.0000000000e+00
	-2.0715900000e-14
	-4.6444230000e-04
	4.6444230000e-04
	1.2350000000e-12

 320	3.2000000000e-09
	1.0000000000e+00
	-2.2797300000e-14
	-4.6444230000e-04
	4.6444230000e-04
	1.2351000000e-12

 321	3.2100000000e-09
	1.0000000000e+00
	-2.4878600000e-14
	-4.6444230000e-04
	4.6444230000e-04
	1.2353000000e-12

 322	3.2200000000e-09
	1.0000000000e+00
	-2.6960000000e-14
	-4.6444230000e-04
	4.6444230000e-04
	1.2354000000e-12

 323	3.2300000000e-09
	1.0000000000e+00
	-2.8879900000e-14
	-4.6444230000e-04
	4.6444230000e-04
	1.2355000000e-12

 324	3.2400000000e-09
	1.0000000000e+00
	-2.7746600000e-14
	-4.6444230000e-04
	4.6444230000e-04
	1.2354000000e-12

 325	3.2500000000e-09
	1.0000000000e+00
	-2.6613200000e-14
	-4.6444230000e-04
	4.6444230000e-04
	1.2354000000e-12

 326	3.2600000000e-09
	1.0000000000e+00
	-2.5479900000e-14
	-4.6444230000e-04
	4.6444230000e-04
	1.2353000000e-12

 327	3.2700000000e-09
	1.0000000000e+00
	-2.4346600000e-14
	-4.6444230000e-04
	4.6444230000e-04
	1.2352000000e-12

 328	3.2800000000e-09
	1.0000000000e+00
	-2.3213300000e-14
	-4.6444230000e-04
	4.6444230000e-04
	1.2352000000e-12

 329	3.2900000000e-09
	1.0000000000e+00
	-2.2080000000e-14
	-4.6444230000e-04
	4.6444230000e-04
	1.2351000000e-12

 330	3.3000000000e-09
	1.0000000000e+00
	-2.0946600000e-14
	-4.6444230000e-04
	4.6444230000e-04
	1.2350000000e-12

 331	3.3100000000e-09
	1.0000000000e+00
	-1.9813300000e-14
	-4.6444230000e-04
	4.6444230000e-04
	1.2350000000e-12

 332	3.3200000000e-09
	1.0000000000e+00
	-1.8680000000e-14
	-4.6444230000e-04
	4.6444230000e-04
	1.2349000000e-12

 333	3.3300000000e-09
	1.0000000000e+00
	-1.7546700000e-14
	-4.6444230000e-04
	4.6444230000e-04
	1.2349000000e-12

 334	3.3400000000e-09
	1.0000000000e+00
	-1.6413300000e-14
	-4.6444230000e-04
	4.6444230000e-04
	1.2348000000e-12

 335	3.3500000000e-09
	1.0000000000e+00
	-1.5280000000e-14
	-4.6444230000e-04
	4.6444230000e-04
	1.2347000000e-12

 336	3.3600000000e-09
	1.0000000000e+00
	-1.4146700000e-14
	-4.6444230000e-04
	4.6444230000e-04
	1.2347000000e-12

 337	3.3700000000e-09
	1.0000000000e+00
	-1.3013400000e-14
	-4.6444230000e-04
	4.6444230000e-04
	1.2346000000e-12

 338	3.3800000000e-09
	1.0000000000e+00
	-1.1880100000e-14
	-4.6444230000e-04
	4.6444230000e-04
	1.2345000000e-12

 339	3.3900000000e-09
	1.0000000000e+00
	-1.0746700000e-14
	-4.6444230000e-04
	4.6444230000e-04
	1.2345000000e-12

 340	3.4000000000e-09
	1.0000000000e+00
	-9.6134000000e-15
	-4.6444230000e-04
	4.6444230000e-04
	1.2344000000e-12

 341	3.4100000000e-09
	1.0000000000e+00
	-8.4801000000e-15
	-4.6444230000e-04
	4.6444230000e-04
	1.2343000000e-12

 342	3.4200000000e-09
	1.0000000000e+00
	-7.3468000000e-15
	-4.6444230000e-04
	4.6444230000e-04
	1.2343000000e-12

 343	3.4300000000e-09
	1.0000000000e+00
	-6.2134000000e-15
	-4.6444230000e-04
	4.6444230000e-04
	1.2342000000e-12

 344	3.4400000000e-09
	1.0000000000e+00
	-5.0801000000e-15
	-4.6444230000e-04
	4.6444230000e-04
	1.2341000000e-12

 345	3.4500000000e-09
	1.0000000000e+00
	-3.9468000000e-15
	-4.6444230000e-04
	4.6444230000e-04
	1.2341000000e-12

 346	3.4600000000e-09
	1.0000000000e+00
	-2.8135000000e-15
	-4.6444230000e-04
	4.6444230000e-04
	1.2340000000e-12

 347	3.4700000000e-09
	1.0000000000e+00
	-1.6802000000e-15
	-4.6444230000e-04
	4.6444230000e-04
	1.2339000000e-12

 348	3.4800000000e-09
	1.0000000000e+00
	-6.0231460000e-16
	-4.6444230000e-04
	4.6444230000e-04
	1.2339000000e-12

 349	3.4900000000e-09
	1.0000000000e+00
	-5.7354840000e-16
	-4.6444230000e-04
	4.6444230000e-04
	1.2339000000e-12

 350	3.5000000000e-09
	1.0000000000e+00
	-5.4478220000e-16
	-4.6444230000e-04
	4.6444230000e-04
	1.2339000000e-12

 351	3.5100000000e-09
	1.0000000000e+00
	-5.1601600000e-16
	-4.6444230000e-04
	4.6444230000e-04
	1.2339000000e-12

 352	3.5200000000e-09
	1.0000000000e+00
	-4.8724980000e-16
	-4.6444230000e-04
	4.6444230000e-04
	1.2339000000e-12

 353	3.5300000000e-09
	1.0000000000e+00
	-4.5848360000e-16
	-4.6444230000e-04
	4.6444230000e-04
	1.2339000000e-12

 354	3.5400000000e-09
	1.0000000000e+00
	-4.2971730000e-16
	-4.6444230000e-04
	4.6444230000e-04
	1.2339000000e-12

 355	3.5500000000e-09
	1.0000000000e+00
	-4.0095110000e-16
	-4.6444230000e-04
	4.6444230000e-04
	1.2339000000e-12

 356	3.5600000000e-09
	1.0000000000e+00
	-3.7218490000e-16
	-4.6444230000e-04
	4.6444230000e-04
	1.2339000000e-12

 357	3.5700000000e-09
	1.0000000000e+00
	-3.4341870000e-16
	-4.6444230000e-04
	4.6444230000e-04
	1.2339000000e-12

 358	3.5800000000e-09
	1.0000000000e+00
	-3.1465250000e-16
	-4.6444230000e-04
	4.6444230000e-04
	1.2339000000e-12

 359	3.5900000000e-09
	1.0000000000e+00
	-2.8588630000e-16
	-4.6444230000e-04
	4.6444230000e-04
	1.2339000000e-12

 360	3.6000000000e-09
	1.0000000000e+00
	-2.5712010000e-16
	-4.6444230000e-04
	4.6444230000e-04
	1.2339000000e-12

 361	3.6100000000e-09
	1.0000000000e+00
	-2.2835390000e-16
	-4.6444230000e-04
	4.6444230000e-04
	1.2339000000e-12

 362	3.6200000000e-09
	1.0000000000e+00
	-1.9958770000e-16
	-4.6444230000e-04
	4.6444230000e-04
	1.2339000000e-12

 363	3.6300000000e-09
	1.0000000000e+00
	-1.7082150000e-16
	-4.6444230000e-04
	4.6444230000e-04
	1.2339000000e-12

 364	3.6400000000e-09
	1.0000000000e+00
	-1.4205530000e-16
	-4.6444230000e-04
	4.6444230000e-04
	1.2339000000e-12

 365	3.6500000000e-09
	1.0000000000e+00
	-1.1328910000e-16
	-4.6444230000e-04
	4.6444230000e-04
	1.2339000000e-12

 366	3.6600000000e-09
	1.0000000000e+00
	-8.4522900000e-17
	-4.6444230000e-04
	4.6444230000e-04
	1.2339000000e-12

 367	3.6700000000e-09
	1.0000000000e+00
	-5.5756700000e-17
	-4.6444230000e-04
	4.6444230000e-04
	1.2339000000e-12

 368	3.6800000000e-09
	1.0000000000e+00
	-2.6990500000e-17
	-4.6444230000e-04
	4.6444230000e-04
	1.2339000000e-12

 369	3.6900000000e-09
	1.0000000000e+00
	1.7757000000e-18
	-4.6444230000e-04
	4.6444230000e-04
	1.2339000000e-12

 370	3.7000000000e-09
	1.0000000000e+00
	3.0541900000e-17
	-4.6444230000e-04
	4.6444230000e-04
	1.2338000000e-12

 371	3.7100000000e-09
	1.0000000000e+00
	5.9308100000e-17
	-4.6444230000e-04
	4.6444230000e-04
	1.2338000000e-12

 372	3.7200000000e-09
	1.0000000000e+00
	8.8074300000e-17
	-4.6444230000e-04
	4.6444230000e-04
	1.2338000000e-12

 373	3.7300000000e-09
	1.0000000000e+00
	1.1517310000e-16
	-4.6444230000e-04
	4.6444230000e-04
	1.2338000000e-12

 374	3.7400000000e-09
	1.0000000000e+00
	1.1074240000e-16
	-4.6444230000e-04
	4.6444230000e-04
	1.2338000000e-12

 375	3.7500000000e-09
	1.0000000000e+00
	1.0631180000e-16
	-4.6444230000e-04
	4.6444230000e-04
	1.2338000000e-12

 376	3.7600000000e-09
	1.0000000000e+00
	1.0188110000e-16
	-4.6444230000e-04
	4.6444230000e-04
	1.2338000000e-12

 377	3.7700000000e-09
	1.0000000000e+00
	9.7450500000e-17
	-4.6444230000e-04
	4.6444230000e-04
	1.2338000000e-12

 378	3.7800000000e-09
	1.0000000000e+00
	9.3019800000e-17
	-4.6444230000e-04
	4.6444230000e-04
	1.2338000000e-12

 379	3.7900000000e-09
	1.0000000000e+00
	8.8589200000e-17
	-4.6444230000e-04
	4.6444230000e-04
	1.2338000000e-12

 380	3.8000000000e-09
	1.0000000000e+00
	8.4158500000e-17
	-4.6444230000e-04
	4.6444230000e-04
	1.2338000000e-12

 381	3.8100000000e-09
	1.0000000000e+00
	7.9727900000e-17
	-4.6444230000e-04
	4.6444230000e-04
	1.2338000000e-12

 382	3.8200000000e-09
	1.0000000000e+00
	7.5297200000e-17
	-4.6444230000e-04
	4.6444230000e-04
	1.2338000000e-12

 383	3.8300000000e-09
	1.0000000000e+00
	7.0866600000e-17
	-4.6444230000e-04
	4.6444230000e-04
	1.2338000000e-12

 384	3.8400000000e-09
	1.0000000000e+00
	6.6435900000e-17
	-4.6444230000e-04
	4.6444230000e-04
	1.2338000000e-12

 385	3.8500000000e-09
	1.0000000000e+00
	6.2005300000e-17
	-4.6444230000e-04
	4.6444230000e-04
	1.2338000000e-12

 386	3.8600000000e-09
	1.0000000000e+00
	5.7574600000e-17
	-4.6444230000e-04
	4.6444230000e-04
	1.2338000000e-12

 387	3.8700000000e-09
	1.0000000000e+00
	5.3143900000e-17
	-4.6444230000e-04
	4.6444230000e-04
	1.2338000000e-12

 388	3.8800000000e-09
	1.0000000000e+00
	4.8713300000e-17
	-4.6444230000e-04
	4.6444230000e-04
	1.2338000000e-12

 389	3.8900000000e-09
	1.0000000000e+00
	4.4282600000e-17
	-4.6444230000e-04
	4.6444230000e-04
	1.2338000000e-12

 390	3.9000000000e-09
	1.0000000000e+00
	3.9852000000e-17
	-4.6444230000e-04
	4.6444230000e-04
	1.2338000000e-12

 391	3.9100000000e-09
	1.0000000000e+00
	3.5421300000e-17
	-4.6444230000e-04
	4.6444230000e-04
	1.2338000000e-12

 392	3.9200000000e-09
	1.0000000000e+00
	3.0990700000e-17
	-4.6444230000e-04
	4.6444230000e-04
	1.2338000000e-12

 393	3.9300000000e-09
	1.0000000000e+00
	2.6560000000e-17
	-4.6444230000e-04
	4.6444230000e-04
	1.2338000000e-12

 394	3.9400000000e-09
	1.0000000000e+00
	2.2129400000e-17
	-4.6444230000e-04
	4.6444230000e-04
	1.2338000000e-12

 395	3.9500000000e-09
	1.0000000000e+00
	1.7698700000e-17
	-4.6444230000e-04
	4.6444230000e-04
	1.2338000000e-12

 396	3.9600000000e-09
	1.0000000000e+00
	1.3268100000e-17
	-4.6444230000e-04
	4.6444230000e-04
	1.2338000000e-12

 397	3.9700000000e-09
	1.0000000000e+00
	8.8374000000e-18
	-4.6444230000e-04
	4.6444230000e-04
	1.2338000000e-12

 398	3.9800000000e-09
	1.0000000000e+00
	4.6192000000e-18
	-4.6444230000e-04
	4.6444230000e-04
	1.2338000000e-12

 399	3.9900000000e-09
	1.0000000000e+00
	4.4172000000e-18
	-4.6444230000e-04
	4.6444230000e-04
	1.2338000000e-12

 400	4.0000000000e-09
	1.0000000000e+00
	4.2153000000e-18
	-4.6444230000e-04
	4.6444230000e-04
	1.2338000000e-12

 401	4.0100000000e-09
	1.0000000000e+00
	4.0134000000e-18
	-4.6444230000e-04
	4.6444230000e-04
	1.2338000000e-12

 402	4.0200000000e-09
	1.0000000000e+00
	3.8114000000e-18
	-4.6444230000e-04
	4.6444230000e-04
	1.2338000000e-12

 403	4.0300000000e-09
	1.0000000000e+00
	3.6095000000e-18
	-4.6444230000e-04
	4.6444230000e-04
	1.2338000000e-12

 404	4.0400000000e-09
	1.0000000000e+00
	3.4076000000e-18
	-4.6444230000e-04
	4.6444230000e-04
	1.2338000000e-12

 405	4.0500000000e-09
	1.0000000000e+00
	3.2056000000e-18
	-4.6444230000e-04
	4.6444230000e-04
	1.2338000000e-12

 406	4.0600000000e-09
	1.0000000000e+00
	3.0037000000e-18
	-4.6444230000e-04
	4.6444230000e-04
	1.2338000000e-12

 407	4.0700000000e-09
	1.0000000000e+00
	2.8018000000e-18
	-4.6444230000e-04
	4.6444230000e-04
	1.2338000000e-12

 408	4.0800000000e-09
	1.0000000000e+00
	2.5998000000e-18
	-4.6444230000e-04
	4.6444230000e-04
	1.2338000000e-12

 409	4.0900000000e-09
	1.0000000000e+00
	2.3979000000e-18
	-4.6444230000e-04
	4.6444230000e-04
	1.2338000000e-12

 410	4.1000000000e-09
	1.0000000000e+00
	2.1960000000e-18
	-4.6444230000e-04
	4.6444230000e-04
	1.2338000000e-12

 411	4.1100000000e-09
	1.0000000000e+00
	1.9941000000e-18
	-4.6444230000e-04
	4.6444230000e-04
	1.2338000000e-12

 412	4.1200000000e-09
	1.0000000000e+00
	1.7921000000e-18
	-4.6444230000e-04
	4.6444230000e-04
	1.2339000000e-12

 413	4.1300000000e-09
	1.0000000000e+00
	1.5902000000e-18
	-4.6444230000e-04
	4.6444230000e-04
	1.2339000000e-12

 414	4.1400000000e-09
	1.0000000000e+00
	1.3883000000e-18
	-4.6444230000e-04
	4.6444230000e-04
	1.2339000000e-12

 415	4.1500000000e-09
	1.0000000000e+00
	1.1863000000e-18
	-4.6444230000e-04
	4.6444230000e-04
	1.2339000000e-12

 416	4.1600000000e-09
	1.0000000000e+00
	9.8441000000e-19
	-4.6444230000e-04
	4.6444230000e-04
	1.2339000000e-12

 417	4.1700000000e-09
	1.0000000000e+00
	7.8248000000e-19
	-4.6444230000e-04
	4.6444230000e-04
	1.2339000000e-12

 418	4.1800000000e-09
	1.0000000000e+00
	5.8055000000e-19
	-4.6444230000e-04
	4.6444230000e-04
	1.2339000000e-12

 419	4.1900000000e-09
	1.0000000000e+00
	3.7862000000e-19
	-4.6444230000e-04
	4.6444230000e-04
	1.2339000000e-12

 420	4.2000000000e-09
	1.0000000000e+00
	1.7668000000e-19
	-4.6444230000e-04
	4.6444230000e-04
	1.2339000000e-12

 421	4.2100000000e-09
	1.0000000000e+00
	-2.5245000000e-20
	-4.6444230000e-04
	4.6444230000e-04
	1.2339000000e-12

 422	4.2200000000e-09
	1.0000000000e+00
	-2.2718000000e-19
	-4.6444230000e-04
	4.6444230000e-04
	1.2339000000e-12

 423	4.2300000000e-09
	1.0000000000e+00
	-4.1816000000e-19
	-4.6444230000e-04
	4.6444230000e-04
	1.2339000000e-12

 424	4.2400000000e-09
	1.0000000000e+00
	-4.0215000000e-19
	-4.6444230000e-04
	4.6444230000e-04
	1.2339000000e-12

 425	4.2500000000e-09
	1.0000000000e+00
	-3.8614000000e-19
	-4.6444230000e-04
	4.6444230000e-04
	1.2339000000e-12

 426	4.2600000000e-09
	1.0000000000e+00
	-3.7013000000e-19
	-4.6444230000e-04
	4.6444230000e-04
	1.2339000000e-12

 427	4.2700000000e-09
	1.0000000000e+00
	-3.5413000000e-19
	-4.6444230000e-04
	4.6444230000e-04
	1.2339000000e-12

 428	4.2800000000e-09
	1.0000000000e+00
	-3.3812000000e-19
	-4.6444230000e-04
	4.6444230000e-04
	1.2339000000e-12

 429	4.2900000000e-09
	1.0000000000e+00
	-3.2211000000e-19
	-4.6444230000e-04
	4.6444230000e-04
	1.2339000000e-12

 430	4.3000000000e-09
	1.0000000000e+00
	-3.0610000000e-19
	-4.6444230000e-04
	4.6444230000e-04
	1.2339000000e-12

 431	4.3100000000e-09
	1.0000000000e+00
	-2.9009000000e-19
	-4.6444230000e-04
	4.6444230000e-04
	1.2339000000e-12

 432	4.3200000000e-09
	1.0000000000e+00
	-2.7408000000e-19
	-4.6444230000e-04
	4.6444230000e-04
	1.2339000000e-12

 433	4.3300000000e-09
	1.0000000000e+00
	-2.5808000000e-19
	-4.6444230000e-04
	4.6444230000e-04
	1.2339000000e-12

 434	4.3400000000e-09
	1.0000000000e+00
	-2.4207000000e-19
	-4.6444230000e-04
	4.6444230000e-04
	1.2339000000e-12

 435	4.3500000000e-09
	1.0000000000e+00
	-2.2606000000e-19
	-4.6444230000e-04
	4.6444230000e-04
	1.2339000000e-12

 436	4.3600000000e-09
	1.0000000000e+00
	-2.1005000000e-19
	-4.6444230000e-04
	4.6444230000e-04
	1.2339000000e-12

 437	4.3700000000e-09
	1.0000000000e+00
	-1.9404000000e-19
	-4.6444230000e-04
	4.6444230000e-04
	1.2339000000e-12

 438	4.3800000000e-09
	1.0000000000e+00
	-1.7803000000e-19
	-4.6444230000e-04
	4.6444230000e-04
	1.2339000000e-12

 439	4.3900000000e-09
	1.0000000000e+00
	-1.6202000000e-19
	-4.6444230000e-04
	4.6444230000e-04
	1.2339000000e-12

 440	4.4000000000e-09
	1.0000000000e+00
	-1.4602000000e-19
	-4.6444230000e-04
	4.6444230000e-04
	1.2339000000e-12

 441	4.4100000000e-09
	1.0000000000e+00
	-1.3001000000e-19
	-4.6444230000e-04
	4.6444230000e-04
	1.2339000000e-12

 442	4.4200000000e-09
	1.0000000000e+00
	-1.1400000000e-19
	-4.6444230000e-04
	4.6444230000e-04
	1.2339000000e-12

 443	4.4300000000e-09
	1.0000000000e+00
	-9.7991000000e-20
	-4.6444230000e-04
	4.6444230000e-04
	1.2339000000e-12

 444	4.4400000000e-09
	1.0000000000e+00
	-8.1983000000e-20
	-4.6444230000e-04
	4.6444230000e-04
	1.2339000000e-12

 445	4.4500000000e-09
	1.0000000000e+00
	-6.5974000000e-20
	-4.6444230000e-04
	4.6444230000e-04
	1.2339000000e-12

 446	4.4600000000e-09
	1.0000000000e+00
	-4.9966000000e-20
	-4.6444230000e-04
	4.6444230000e-04
	1.2339000000e-12

 447	4.4700000000e-09
	1.0000000000e+00
	-3.3957000000e-20
	-4.6444230000e-04
	4.6444230000e-04
	1.2339000000e-12

 448	4.4800000000e-09
	1.0000000000e+00
	-1.8706000000e-20
	-4.6444230000e-04
	4.6444230000e-04
	1.2339000000e-12

 449	4.4900000000e-09
	1.0000000000e+00
	-1.7772000000e-20
	-4.6444230000e-04
	4.6444230000e-04
	1.2339000000e-12

 450	4.5000000000e-09
	1.0000000000e+00
	-1.6838000000e-20
	-4.6444230000e-04
	4.6444230000e-04
	1.2339000000e-12

 451	4.5100000000e-09
	1.0000000000e+00
	-1.5905000000e-20
	-4.6444230000e-04
	4.6444230000e-04
	1.2339000000e-12

 452	4.5200000000e-09
	1.0000000000e+00
	-1.4971000000e-20
	-4.6444230000e-04
	4.6444230000e-04
	1.2339000000e-12

 453	4.5300000000e-09
	1.0000000000e+00
	-1.4037000000e-20
	-4.6444230000e-04
	4.6444230000e-04
	1.2339000000e-12

 454	4.5400000000e-09
	1.0000000000e+00
	-1.3103000000e-20
	-4.6444230000e-04
	4.6444230000e-04
	1.2339000000e-12

 455	4.5500000000e-09
	1.0000000000e+00
	-1.2169000000e-20
	-4.6444230000e-04
	4.6444230000e-04
	1.2339000000e-12

 456	4.5600000000e-09
	1.0000000000e+00
	-1.1235000000e-20
	-4.6444230000e-04
	4.6444230000e-04
	1.2339000000e-12

 457	4.5700000000e-09
	1.0000000000e+00
	-1.0301000000e-20
	-4.6444230000e-04
	4.6444230000e-04
	1.2339000000e-12

 458	4.5800000000e-09
	1.0000000000e+00
	-9.3672000000e-21
	-4.6444230000e-04
	4.6444230000e-04
	1.2339000000e-12

 459	4.5900000000e-09
	1.0000000000e+00
	-8.4333000000e-21
	-4.6444230000e-04
	4.6444230000e-04
	1.2339000000e-12

 460	4.6000000000e-09
	1.0000000000e+00
	-7.4994000000e-21
	-4.6444230000e-04
	4.6444230000e-04
	1.2339000000e-12

 461	4.6100000000e-09
	1.0000000000e+00
	-6.5655000000e-21
	-4.6444230000e-04
	4.6444230000e-04
	1.2339000000e-12

 462	4.6200000000e-09
	1.0000000000e+00
	-5.6316000000e-21
	-4.6444230000e-04
	4.6444230000e-04
	1.2339000000e-12

 463	4.6300000000e-09
	1.0000000000e+00
	-4.6977000000e-21
	-4.6444230000e-04
	4.6444230000e-04
	1.2339000000e-12

 464	4.6400000000e-09
	1.0000000000e+00
	-3.7638000000e-21
	-4.6444230000e-04
	4.6444230000e-04
	1.2339000000e-12

 465	4.6500000000e-09
	1.0000000000e+00
	-2.8299000000e-21
	-4.6444230000e-04
	4.6444230000e-04
	1.2339000000e-12

 466	4.6600000000e-09
	1.0000000000e+00
	-1.8960000000e-21
	-4.6444230000e-04
	4.6444230000e-04
	1.2339000000e-12

 467	4.6700000000e-09
	1.0000000000e+00
	-9.6205000000e-22
	-4.6444230000e-04
	4.6444230000e-04
	1.2339000000e-12

 468	4.6800000000e-09
	1.0000000000e+00
	-2.8149000000e-23
	-4.6444230000e-04
	4.6444230000e-04
	1.2339000000e-12

 469	4.6900000000e-09
	1.0000000000e+00
	9.0575000000e-22
	-4.6444230000e-04
	4.6444230000e-04
	1.2339000000e-12

 470	4.7000000000e-09
	1.0000000000e+00
	1.8397000000e-21
	-4.6444230000e-04
	4.6444230000e-04
	1.2339000000e-12

 471	4.7100000000e-09
	1.0000000000e+00
	2.7736000000e-21
	-4.6444230000e-04
	4.6444230000e-04
	1.2339000000e-12

 472	4.7200000000e-09
	1.0000000000e+00
	3.7075000000e-21
	-4.6444230000e-04
	4.6444230000e-04
	1.2339000000e-12

 473	4.7300000000e-09
	1.0000000000e+00
	4.5990000000e-21
	-4.6444230000e-04
	4.6444230000e-04
	1.2339000000e-12

 474	4.7400000000e-09
	1.0000000000e+00
	4.6889000000e-21
	-4.6444230000e-04
	4.6444230000e-04
	1.2339000000e-12

 475	4.7500000000e-09
	1.0000000000e+00
	4.7788000000e-21
	-4.6444230000e-04
	4.6444230000e-04
	1.2339000000e-12

 476	4.7600000000e-09
	1.0000000000e+00
	4.8687000000e-21
	-4.6444230000e-04
	4.6444230000e-04
	1.2339000000e-12

 477	4.7700000000e-09
	1.0000000000e+00
	4.9585000000e-21
	-4.6444230000e-04
	4.6444230000e-04
	1.2339000000e-12

 478	4.7800000000e-09
	1.0000000000e+00
	5.0484000000e-21
	-4.6444230000e-04
	4.6444230000e-04
	1.2339000000e-12

 479	4.7900000000e-09
	1.0000000000e+00
	5.1383000000e-21
	-4.6444230000e-04
	4.6444230000e-04
	1.2339000000e-12

 480	4.8000000000e-09
	1.0000000000e+00
	5.2282000000e-21
	-4.6444230000e-04
	4.6444230000e-04
	1.2339000000e-12

 481	4.8100000000e-09
	1.0000000000e+00
	5.3181000000e-21
	-4.6444230000e-04
	4.6444230000e-04
	1.2339000000e-12

 482	4.8200000000e-09
	1.0000000000e+00
	5.4080000000e-21
	-4.6444230000e-04
	4.6444230000e-04
	1.2339000000e-12

 483	4.8300000000e-09
	1.0000000000e+00
	5.4979000000e-21
	-4.6444230000e-04
	4.6444230000e-04
	1.2339000000e-12

 484	4.8400000000e-09
	1.0000000000e+00
	5.5878000000e-21
	-4.6444230000e-04
	4.6444230000e-04
	1.2339000000e-12

 485	4.8500000000e-09
	1.0000000000e+00
	5.6777000000e-21
	-4.6444230000e-04
	4.6444230000e-04
	1.2339000000e-12

 486	4.8600000000e-09
	1.0000000000e+00
	5.7676000000e-21
	-4.6444230000e-04
	4.6444230000e-04
	1.2339000000e-12

 487	4.8700000000e-09
	1.0000000000e+00
	5.8575000000e-21
	-4.6444230000e-04
	4.6444230000e-04
	1.2339000000e-12

 488	4.8800000000e-09
	1.0000000000e+00
	5.9474000000e-21
	-4.6444230000e-04
	4.6444230000e-04
	1.2339000000e-12

 489	4.8900000000e-09
	1.0000000000e+00
	6.0373000000e-21
	-4.6444230000e-04
	4.6444230000e-04
	1.2339000000e-12

 490	4.9000000000e-09
	1.0000000000e+00
	6.1272000000e-21
	-4.6444230000e-04
	4.6444230000e-04
	1.2339000000e-12

 491	4.9100000000e-09
	1.0000000000e+00
	6.2170000000e-21
	-4.6444230000e-04
	4.6444230000e-04
	1.2339000000e-12

 492	4.9200000000e-09
	1.0000000000e+00
	6.3069000000e-21
	-4.6444230000e-04
	4.6444230000e-04
	1.2339000000e-12

 493	4.9300000000e-09
	1.0000000000e+00
	6.3968000000e-21
	-4.6444230000e-04
	4.6444230000e-04
	1.2339000000e-12

 494	4.9400000000e-09
	1.0000000000e+00
	6.4867000000e-21
	-4.6444230000e-04
	4.6444230000e-04
	1.2339000000e-12

 495	4.9500000000e-09
	1.0000000000e+00
	6.5766000000e-21
	-4.6444230000e-04
	4.6444230000e-04
	1.2339000000e-12

 496	4.9600000000e-09
	1.0000000000e+00
	6.6665000000e-21
	-4.6444230000e-04
	4.6444230000e-04
	1.2339000000e-12

 497	4.9700000000e-09
	1.0000000000e+00
	6.7564000000e-21
	-4.6444230000e-04
	4.6444230000e-04
	1.2339000000e-12

 498	4.9800000000e-09
	1.0000000000e+00
	6.8463000000e-21
	-4.6444230000e-04
	4.6444230000e-04
	1.2339000000e-12

 499	4.9900000000e-09
	1.0000000000e+00
	6.9362000000e-21
	-4.6444230000e-04
	4.6444230000e-04
	1.2339000000e-12

 500	5.0000000000e-09
	1.0000000000e+00
	7.0261000000e-21
	-4.6444230000e-04
	4.6444230000e-04
	1.2339000000e-12

