 time            time            v(in_inv)       v(out_inv)      i(Vdd_inv)     
 0.00000000e+00  0.00000000e+00  0.00000000e+00  1.20000000e+00 -1.12000253e-14 
 2.00000000e-12  2.00000000e-12  4.80000000e-03  1.20000000e+00 -1.11280885e-14 
 4.00000000e-12  4.00000000e-12  9.60000000e-03  1.20000000e+00 -1.10794620e-14 
 8.00000000e-12  8.00000000e-12  1.92000000e-02  1.20000000e+00 -1.10153857e-14 
 1.60000000e-11  1.60000000e-11  3.84000000e-02  1.20000000e+00 -1.09594408e-14 
 3.20000000e-11  3.20000000e-11  7.68000000e-02  1.20000000e+00 -1.09127659e-14 
 6.40000000e-11  6.40000000e-11  1.53600000e-01  1.20000000e+00 -1.08066767e-14 
 1.28000000e-10  1.28000000e-10  3.07200000e-01  1.20000000e+00 -1.02746858e-14 
 1.47668428e-10  1.47668428e-10  3.54404228e-01  1.20000000e+00 -9.69359413e-15 
 1.87005285e-10  1.87005285e-10  4.48812684e-01  1.20000000e+00 -6.68153819e-15 
 1.99470548e-10  1.99470548e-10  4.78729315e-01  1.20000000e+00 -3.66524878e-15 
 2.14108057e-10  2.14108057e-10  5.13859338e-01  1.20000000e+00 -1.88188133e-22 
 2.26788753e-10  2.26788753e-10  5.44293007e-01  1.20000000e+00 -2.40783067e-22 
 2.42307273e-10  2.42307273e-10  5.81537454e-01  1.20000000e+00 -3.07087672e-22 
 2.55627366e-10  2.55627366e-10  6.13505678e-01  1.20000000e+00 -3.64626202e-22 
 2.67469430e-10  2.67469430e-10  6.41926632e-01  1.20000000e+00 -4.15955021e-22 
 2.81421127e-10  2.81421127e-10  6.75410705e-01  1.20000000e+00 -4.76490768e-22 
 2.95980376e-10  2.95980376e-10  7.10352902e-01  1.19973555e+00 -1.02505857e-16 
 3.13100421e-10  3.13100421e-10  7.51441010e-01  1.19209883e+00 -2.99791414e-15 
 3.32159108e-10  3.32159108e-10  7.97181860e-01  1.15900942e+00 -9.77913356e-15 
 3.51203078e-10  3.51203078e-10  8.42887387e-01  1.08177757e+00 -1.05222161e-14 
 3.71695737e-10  3.71695737e-10  8.92069768e-01  9.26621775e-01 -1.02733782e-14 
 3.90330938e-10  3.90330938e-10  9.36794251e-01  7.01669385e-01 -1.04983306e-14 
 4.00955917e-10  4.00955917e-10  9.62294200e-01  5.32012669e-01 -1.06679873e-14 
 4.04622493e-10  4.04622493e-10  9.71093982e-01  4.65947738e-01 -1.07340523e-14 
 4.09333657e-10  4.09333657e-10  9.82400776e-01  3.74822725e-01 -1.08251773e-14 
 4.12898423e-10  4.12898423e-10  9.90956215e-01  3.01015864e-01 -1.08989841e-14 
 4.16798988e-10  4.16798988e-10  1.00031757e+00  2.19483871e-01 -1.09805161e-14 
 4.21503424e-10  4.21503424e-10  1.01160822e+00  1.34585615e-01 -1.10654144e-14 
 4.26271323e-10  4.26271323e-10  1.02305117e+00  7.26830079e-02 -1.11273170e-14 
 4.30708363e-10  4.30708363e-10  1.03370007e+00  3.66369845e-02 -1.11633630e-14 
 4.33323257e-10  4.33323257e-10  1.03997582e+00  2.35233693e-02 -1.11764766e-14 
 4.35250224e-10  4.35250224e-10  1.04460054e+00  1.68184690e-02 -1.11831815e-14 
 4.37433059e-10  4.37433059e-10  1.04983934e+00  1.13892327e-02 -1.11886108e-14 
 4.40148177e-10  4.40148177e-10  1.05635563e+00  6.86455060e-03 -1.11931354e-14 
 4.43933942e-10  4.43933942e-10  1.06544146e+00  3.16500220e-03 -1.11968350e-14 
 4.47063583e-10  4.47063583e-10  1.07295260e+00  1.57903913e-03 -1.11984210e-14 
 4.50795590e-10  4.50795590e-10  1.08190942e+00  6.24676624e-04 -1.11993753e-14 
 4.53610790e-10  4.53610790e-10  1.08866590e+00  2.95278603e-04 -1.11997047e-14 
 4.55939612e-10  4.55939612e-10  1.09425507e+00  1.59855171e-04 -1.11998401e-14 
 4.58802903e-10  4.58802903e-10  1.10112697e+00  7.34768449e-05 -1.11999265e-14 
 4.61970919e-10  4.61970919e-10  1.10873021e+00  2.84772016e-05 -1.11999715e-14 
 4.64474217e-10  4.64474217e-10  1.11473812e+00  1.29313732e-05 -1.11999871e-14 
 4.67459089e-10  4.67459089e-10  1.12190181e+00  4.54695071e-06 -1.11999955e-14 
 4.71086140e-10  4.71086140e-10  1.13060674e+00  6.23474308e-07 -1.11999994e-14 
 4.75025050e-10  4.75025050e-10  1.14006012e+00 -5.32034208e-07 -1.12000005e-14 
 4.80296340e-10  4.80296340e-10  1.15271122e+00 -6.22491995e-07 -1.12000006e-14 
 4.87005983e-10  4.87005983e-10  1.16881436e+00 -3.30536773e-07 -1.12000003e-14 
 4.93502991e-10  4.93502991e-10  1.18440718e+00 -1.15475533e-07 -1.12000001e-14 
 5.00000000e-10  5.00000000e-10  1.20000000e+00 -2.10001976e-08 -1.12000000e-14 
 5.01299402e-10  5.01299402e-10  1.20000000e+00 -1.58400102e-08 -1.12000000e-14 
 5.03898205e-10  5.03898205e-10  1.20000000e+00 -8.41432124e-09 -1.12000000e-14 
 5.08162369e-10  5.08162369e-10  1.20000000e+00 -2.24167959e-09 -1.12000000e-14 
 5.16690696e-10  5.16690696e-10  1.20000000e+00  1.20818038e-09 -1.12000000e-14 
 5.33747350e-10  5.33747350e-10  1.20000000e+00  1.14730677e-09 -1.12000000e-14 
 5.63551462e-10  5.63551462e-10  1.20000000e+00  2.35848423e-10 -1.12000000e-14 
 5.95023966e-10  5.95023966e-10  1.20000000e+00  2.29309632e-11 -1.12000000e-14 
 6.28815822e-10  6.28815822e-10  1.20000000e+00  2.95920451e-11 -1.12000000e-14 
 6.67491246e-10  6.67491246e-10  1.20000000e+00  4.30811401e-11 -1.12000000e-14 
 7.35236046e-10  7.35236046e-10  1.20000000e+00  4.54583780e-11 -1.12000000e-14 
 8.55363828e-10  8.55363828e-10  1.20000000e+00  4.49191844e-11 -1.12000000e-14 
 1.00000000e-09  1.00000000e-09  1.20000000e+00  4.47954819e-11 -1.12000000e-14 
 1.00457636e-09  1.00457636e-09  1.20000000e+00  4.47978927e-11 -1.12000000e-14 
 1.01372907e-09  1.01372907e-09  1.20000000e+00  4.47999247e-11 -1.12000000e-14 
 1.03203450e-09  1.03203450e-09  1.20000000e+00  4.48004138e-11 -1.12000000e-14 
 1.06864535e-09  1.06864535e-09  1.20000000e+00  4.48001240e-11 -1.12000000e-14 
 1.14186707e-09  1.14186707e-09  1.20000000e+00  4.47999909e-11 -1.12000000e-14 
 1.28831049e-09  1.28831049e-09  1.20000000e+00  4.47999949e-11 -1.12000000e-14 
 1.58119734e-09  1.58119734e-09  1.20000000e+00  4.47999999e-11 -1.12000000e-14 
 1.98119734e-09  1.98119734e-09  1.20000000e+00  4.48000000e-11 -1.12000000e-14 
 2.38119734e-09  2.38119734e-09  1.20000000e+00  4.47999999e-11 -1.12000000e-14 
 2.78119734e-09  2.78119734e-09  1.20000000e+00  4.47999999e-11 -1.12000000e-14 
 3.18119734e-09  3.18119734e-09  1.20000000e+00  4.47999999e-11 -1.12000000e-14 
 3.58119734e-09  3.58119734e-09  1.20000000e+00  4.47999999e-11 -1.12000000e-14 
 3.98119734e-09  3.98119734e-09  1.20000000e+00  4.47999999e-11 -1.12000000e-14 
 4.38119734e-09  4.38119734e-09  1.20000000e+00  4.47999999e-11 -1.12000000e-14 
 4.78119734e-09  4.78119734e-09  1.20000000e+00  4.47999999e-11 -1.12000000e-14 
 5.18119734e-09  5.18119734e-09  1.20000000e+00  4.47999999e-11 -1.12000000e-14 
 5.58119734e-09  5.58119734e-09  1.20000000e+00  4.47999999e-11 -1.12000000e-14 
 5.98119734e-09  5.98119734e-09  1.20000000e+00  4.47999999e-11 -1.12000000e-14 
 6.38119734e-09  6.38119734e-09  1.20000000e+00  4.47999999e-11 -1.12000000e-14 
 6.78119734e-09  6.78119734e-09  1.20000000e+00  4.47999999e-11 -1.12000000e-14 
 7.18119734e-09  7.18119734e-09  1.20000000e+00  4.47999999e-11 -1.12000000e-14 
 7.58119734e-09  7.58119734e-09  1.20000000e+00  4.47999999e-11 -1.12000000e-14 
 7.98119734e-09  7.98119734e-09  1.20000000e+00  4.47999999e-11 -1.12000000e-14 
 8.38119734e-09  8.38119734e-09  1.20000000e+00  4.47999999e-11 -1.12000000e-14 
 8.78119734e-09  8.78119734e-09  1.20000000e+00  4.47999999e-11 -1.12000000e-14 
 9.18119734e-09  9.18119734e-09  1.20000000e+00  4.47999999e-11 -1.12000000e-14 
 9.58119734e-09  9.58119734e-09  1.20000000e+00  4.47999999e-11 -1.12000000e-14 
 9.98119734e-09  9.98119734e-09  1.20000000e+00  4.47999999e-11 -1.12000000e-14 
 1.02405987e-08  1.02405987e-08  1.20000000e+00  4.47999999e-11 -1.12000000e-14 
 1.05000000e-08  1.05000000e-08  1.20000000e+00  4.47999999e-11 -1.12000000e-14 
 1.05019471e-08  1.05019471e-08  1.19532707e+00  4.49375005e-11 -1.12000000e-14 
 1.05058412e-08  1.05058412e-08  1.18598120e+00  4.54258697e-11 -1.12000000e-14 
 1.05136294e-08  1.05136294e-08  1.16728948e+00  4.69228048e-11 -1.12000000e-14 
 1.05292058e-08  1.05292058e-08  1.12990602e+00  5.07803293e-11 -1.12000000e-14 
 1.05603587e-08  1.05603587e-08  1.05513911e+00  6.09420509e-11 -1.12000000e-14 
 1.06226645e-08  1.06226645e-08  9.05605281e-01  1.00713246e-10 -1.12000000e-14 
 1.06865649e-08  1.06865649e-08  7.52244133e-01  2.79652111e-10 -1.12000000e-14 
 1.07154276e-08  1.07154276e-08  6.82973832e-01  5.45381267e-10 -1.12000000e-14 
 1.07355205e-08  1.07355205e-08  6.34750790e-01  7.58767237e-10 -1.12000000e-14 
 1.07495333e-08  1.07495333e-08  6.01120101e-01  9.13343430e-10 -1.12000000e-14 
 1.07623189e-08  1.07623189e-08  5.70434734e-01  1.05584422e-09 -1.12000000e-14 
 1.07759671e-08  1.07759671e-08  5.37678963e-01  1.20845092e-09 -1.12000000e-14 
 1.07912156e-08  1.07912156e-08  5.01082446e-01  1.37913680e-09 -1.12000000e-14 
 1.08043927e-08  1.08043927e-08  4.69457463e-01  2.15000662e-03 -2.38798701e-07 
 1.08182615e-08  1.08182615e-08  4.36172460e-01  1.24759886e-02 -1.04267833e-06 
 1.08339312e-08  1.08339312e-08  3.98565161e-01  4.34648172e-02 -2.63175478e-06 
 1.08515859e-08  1.08515859e-08  3.56193738e-01  1.16515171e-01 -5.28209392e-06 
 1.08706885e-08  1.08706885e-08  3.10347521e-01  2.58702796e-01 -9.16129892e-06 
 1.08892429e-08  1.08892429e-08  2.65816949e-01  4.77172757e-01 -1.39086308e-05 
 1.09038197e-08  1.09038197e-08  2.30832815e-01  7.14747699e-01 -1.82885284e-05 
 1.09077223e-08  1.09077223e-08  2.21466452e-01  7.88846969e-01 -1.95547226e-05 
 1.09121568e-08  1.09121568e-08  2.10823724e-01  8.78986900e-01 -2.10399499e-05 
 1.09159766e-08  1.09159766e-08  2.01656194e-01  9.59726873e-01 -2.15120869e-05 
 1.09212163e-08  1.09212163e-08  1.89080806e-01  1.05723569e+00 -1.71474951e-05 
 1.09259850e-08  1.09259850e-08  1.77636038e-01  1.12172918e+00 -1.11016440e-05 
 1.09307143e-08  1.09307143e-08  1.66285667e-01  1.16192103e+00 -5.99583177e-06 
 1.09333908e-08  1.09333908e-08  1.59861999e-01  1.17577463e+00 -3.97519283e-06 
 1.09353152e-08  1.09353152e-08  1.55243580e-01  1.18266575e+00 -2.91393800e-06 
 1.09374099e-08  1.09374099e-08  1.50216228e-01  1.18806242e+00 -2.05264974e-06 
 1.09401706e-08  1.09401706e-08  1.43590461e-01  1.19285837e+00 -1.26010091e-06 
 1.09435790e-08  1.09435790e-08  1.35410485e-01  1.19639944e+00 -6.53169270e-07 
 1.09465125e-08  1.09465125e-08  1.28370043e-01  1.19807789e+00 -3.56246419e-07 
 1.09498381e-08  1.09498381e-08  1.20388607e-01  1.19910613e+00 -1.69464792e-07 
 1.09530384e-08  1.09530384e-08  1.12707930e-01  1.19959855e+00 -7.76991272e-08 
 1.09553106e-08  1.09553106e-08  1.07254611e-01  1.19977276e+00 -4.46119810e-08 
 1.09583017e-08  1.09583017e-08  1.00075848e-01  1.19989565e+00 -2.08640749e-08 
 1.09610648e-08  1.09610648e-08  9.34445348e-02  1.19995105e+00 -9.95040464e-09 
 1.09640877e-08  1.09640877e-08  8.61896065e-02  1.19998004e+00 -4.12876743e-09 
 1.09673793e-08  1.09673793e-08  7.82897742e-02  1.19999373e+00 -1.32283854e-09 
 1.09712101e-08  1.09712101e-08  6.90957954e-02  1.19999954e+00 -9.88190100e-11 
 1.09753561e-08  1.09753561e-08  5.91452439e-02  1.20000106e+00  2.33143458e-10 
 1.09807814e-08  1.09807814e-08  4.61245511e-02  1.20000099e+00  2.25625343e-10 
 1.09878580e-08  1.09878580e-08  2.91408714e-02  1.20000047e+00  1.09994164e-10 
 1.09939290e-08  1.09939290e-08  1.45704357e-02  1.20000016e+00  3.92028024e-11 
 1.10000000e-08  1.10000000e-08  0.00000000e+00  1.20000003e+00  7.40326805e-12 
 1.10012142e-08  1.10012142e-08  0.00000000e+00  1.20000002e+00  5.67670130e-12 
 1.10036426e-08  1.10036426e-08  0.00000000e+00  1.20000001e+00  3.14556269e-12 
 1.10084994e-08  1.10084994e-08  0.00000000e+00  1.20000000e+00  6.43609081e-13 
 1.10182130e-08  1.10182130e-08  0.00000000e+00  1.20000000e+00 -5.59319572e-13 
 1.10376403e-08  1.10376403e-08  0.00000000e+00  1.20000000e+00 -3.97104170e-13 
 1.10764948e-08  1.10764948e-08  0.00000000e+00  1.20000000e+00 -4.87111436e-14 
 1.11542038e-08  1.11542038e-08  0.00000000e+00  1.20000000e+00  7.85791788e-15 
 1.13096218e-08  1.13096218e-08  0.00000000e+00  1.20000000e+00 -8.55478882e-15 
 1.13812898e-08  1.13812898e-08  0.00000000e+00  1.20000000e+00 -1.11433215e-14 
 1.14403330e-08  1.14403330e-08  0.00000000e+00  1.20000000e+00 -1.12543980e-14 
 1.14789573e-08  1.14789573e-08  0.00000000e+00  1.20000000e+00 -1.12095663e-14 
 1.15073591e-08  1.15073591e-08  0.00000000e+00  1.20000000e+00 -1.11999711e-14 
 1.15329456e-08  1.15329456e-08  0.00000000e+00  1.20000000e+00 -1.11995916e-14 
 1.15624121e-08  1.15624121e-08  0.00000000e+00  1.20000000e+00 -1.11999169e-14 
 1.15933172e-08  1.15933172e-08  0.00000000e+00  1.20000000e+00 -1.12000795e-14 
 1.16151808e-08  1.16151808e-08  0.00000000e+00  1.20000000e+00 -1.12001337e-14 
 1.16450052e-08  1.16450052e-08  0.00000000e+00  1.20000000e+00 -1.12001337e-14 
 1.16771553e-08  1.16771553e-08  0.00000000e+00  1.20000000e+00 -1.12000795e-14 
 1.17221529e-08  1.17221529e-08  0.00000000e+00  1.20000000e+00 -1.12001337e-14 
 1.17861682e-08  1.17861682e-08  0.00000000e+00  1.20000000e+00 -1.12000795e-14 
 1.18925679e-08  1.18925679e-08  0.00000000e+00  1.20000000e+00 -1.12001337e-14 
 1.20000000e-08  1.20000000e-08  0.00000000e+00  1.20000000e+00 -1.12000795e-14 
 1.20071424e-08  1.20071424e-08  0.00000000e+00  1.20000000e+00 -1.12000795e-14 
 1.20214271e-08  1.20214271e-08  0.00000000e+00  1.20000000e+00 -1.12000253e-14 
 1.20499966e-08  1.20499966e-08  0.00000000e+00  1.20000000e+00 -1.12000795e-14 
 1.21071355e-08  1.21071355e-08  0.00000000e+00  1.20000000e+00 -1.12000795e-14 
 1.22214134e-08  1.22214134e-08  0.00000000e+00  1.20000000e+00 -1.12000795e-14 
 1.24499691e-08  1.24499691e-08  0.00000000e+00  1.20000000e+00 -1.12000253e-14 
 1.28499691e-08  1.28499691e-08  0.00000000e+00  1.20000000e+00 -1.12000795e-14 
 1.32499691e-08  1.32499691e-08  0.00000000e+00  1.20000000e+00 -1.12000795e-14 
 1.36499691e-08  1.36499691e-08  0.00000000e+00  1.20000000e+00 -1.12000795e-14 
 1.40499691e-08  1.40499691e-08  0.00000000e+00  1.20000000e+00 -1.12000795e-14 
 1.44499691e-08  1.44499691e-08  0.00000000e+00  1.20000000e+00 -1.12000795e-14 
 1.48499691e-08  1.48499691e-08  0.00000000e+00  1.20000000e+00 -1.12000795e-14 
 1.52499691e-08  1.52499691e-08  0.00000000e+00  1.20000000e+00 -1.12000795e-14 
 1.56499691e-08  1.56499691e-08  0.00000000e+00  1.20000000e+00 -1.12000795e-14 
 1.60499691e-08  1.60499691e-08  0.00000000e+00  1.20000000e+00 -1.12000795e-14 
 1.64499691e-08  1.64499691e-08  0.00000000e+00  1.20000000e+00 -1.12000795e-14 
 1.68499691e-08  1.68499691e-08  0.00000000e+00  1.20000000e+00 -1.12000795e-14 
 1.72499691e-08  1.72499691e-08  0.00000000e+00  1.20000000e+00 -1.12000795e-14 
 1.76499691e-08  1.76499691e-08  0.00000000e+00  1.20000000e+00 -1.12000795e-14 
 1.80499691e-08  1.80499691e-08  0.00000000e+00  1.20000000e+00 -1.12000795e-14 
 1.84499691e-08  1.84499691e-08  0.00000000e+00  1.20000000e+00 -1.12000795e-14 
 1.88499691e-08  1.88499691e-08  0.00000000e+00  1.20000000e+00 -1.12000795e-14 
 1.92499691e-08  1.92499691e-08  0.00000000e+00  1.20000000e+00 -1.12000795e-14 
 1.96249845e-08  1.96249845e-08  0.00000000e+00  1.20000000e+00 -1.12000795e-14 
 2.00000000e-08  2.00000000e-08  0.00000000e+00  1.20000000e+00 -1.12000795e-14 
