Title: * thermal noise Vgs=0.3 Vds=0.3
Date: 2026-07-29T17:01:33.665579+00:00
Command: hspice S-2021.09
Plotname: Noise Spectral Density Curves
Flags: real
No. Variables: 3
No. Points: 181
Variables:
	0	frequency	frequency grid=3
	1	freq	frequency
	2	noise_spectrum	voltage-density
Values:
 0	1.0000000000e+00
	1.0000000000e+00
	5.6021173310e-16

 1	1.1220184540e+00
	1.1220184540e+00
	5.6020337048e-16

 2	1.2589254110e+00
	1.2589254110e+00
	5.6019591725e-16

 3	1.4125375440e+00
	1.4125375440e+00
	5.6018927453e-16

 4	1.5848931920e+00
	1.5848931920e+00
	5.6018335418e-16

 5	1.7782794100e+00
	1.7782794100e+00
	5.6017807767e-16

 6	1.9952623150e+00
	1.9952623150e+00
	5.6017337495e-16

 7	2.2387211380e+00
	2.2387211380e+00
	5.6016918373e-16

 8	2.5118864310e+00
	2.5118864310e+00
	5.6016544842e-16

 9	2.8183829310e+00
	2.8183829310e+00
	5.6016211939e-16

 10	3.1622776600e+00
	3.1622776600e+00
	5.6015915256e-16

 11	3.5481338920e+00
	3.5481338920e+00
	5.6015650858e-16

 12	3.9810717050e+00
	3.9810717050e+00
	5.6015415235e-16

 13	4.4668359210e+00
	4.4668359210e+00
	5.6015205275e-16

 14	5.0118723360e+00
	5.0118723360e+00
	5.6015018183e-16

 15	5.6234132510e+00
	5.6234132510e+00
	5.6014851504e-16

 16	6.3095734440e+00
	6.3095734440e+00
	5.6014703007e-16

 17	7.0794578430e+00
	7.0794578430e+00
	5.6014570756e-16

 18	7.9432823470e+00
	7.9432823470e+00
	5.6014452992e-16

 19	8.9125093810e+00
	8.9125093810e+00
	5.6014348171e-16

 20	9.9999999990e+00
	9.9999999990e+00
	5.6014254918e-16

 21	1.1220184540e+01
	1.1220184540e+01
	5.6014172028e-16

 22	1.2589254110e+01
	1.2589254110e+01
	5.6014098431e-16

 23	1.4125375440e+01
	1.4125375440e+01
	5.6014033179e-16

 24	1.5848931920e+01
	1.5848931920e+01
	5.6013975461e-16

 25	1.7782794100e+01
	1.7782794100e+01
	5.6013924563e-16

 26	1.9952623150e+01
	1.9952623150e+01
	5.6013879896e-16

 27	2.2387211380e+01
	2.2387211380e+01
	5.6013840950e-16

 28	2.5118864310e+01
	2.5118864310e+01
	5.6013807342e-16

 29	2.8183829310e+01
	2.8183829310e+01
	5.6013778760e-16

 30	3.1622776600e+01
	3.1622776600e+01
	5.6013755016e-16

 31	3.5481338920e+01
	3.5481338920e+01
	5.6013736039e-16

 32	3.9810717050e+01
	3.9810717050e+01
	5.6013721872e-16

 33	4.4668359210e+01
	4.4668359210e+01
	5.6013712705e-16

 34	5.0118723360e+01
	5.0118723360e+01
	5.6013708885e-16

 35	5.6234132510e+01
	5.6234132510e+01
	5.6013710964e-16

 36	6.3095734440e+01
	6.3095734440e+01
	5.6013719721e-16

 37	7.0794578430e+01
	7.0794578430e+01
	5.6013736208e-16

 38	7.9432823470e+01
	7.9432823470e+01
	5.6013761836e-16

 39	8.9125093810e+01
	8.9125093810e+01
	5.6013798443e-16

 40	9.9999999990e+01
	9.9999999990e+01
	5.6013848404e-16

 41	1.1220184540e+02
	1.1220184540e+02
	5.6013914744e-16

 42	1.2589254110e+02
	1.2589254110e+02
	5.6014001348e-16

 43	1.4125375440e+02
	1.4125375440e+02
	5.6014113114e-16

 44	1.5848931920e+02
	1.5848931920e+02
	5.6014256257e-16

 45	1.7782794100e+02
	1.7782794100e+02
	5.6014438639e-16

 46	1.9952623150e+02
	1.9952623150e+02
	5.6014670186e-16

 47	2.2387211380e+02
	2.2387211380e+02
	5.6014963412e-16

 48	2.5118864310e+02
	2.5118864310e+02
	5.6015334106e-16

 49	2.8183829310e+02
	2.8183829310e+02
	5.6015802145e-16

 50	3.1622776600e+02
	3.1622776600e+02
	5.6016392592e-16

 51	3.5481338920e+02
	3.5481338920e+02
	5.6017137003e-16

 52	3.9810717050e+02
	3.9810717050e+02
	5.6018075128e-16

 53	4.4668359210e+02
	4.4668359210e+02
	5.6019256993e-16

 54	5.0118723360e+02
	5.0118723360e+02
	5.6020745604e-16

 55	5.6234132510e+02
	5.6234132510e+02
	5.6022620298e-16

 56	6.3095734440e+02
	6.3095734440e+02
	5.6024980910e-16

 57	7.0794578430e+02
	7.0794578430e+02
	5.6027953166e-16

 58	7.9432823470e+02
	7.9432823470e+02
	5.6031695263e-16

 59	8.9125093810e+02
	8.9125093810e+02
	5.6036406371e-16

 60	9.9999999990e+02
	9.9999999990e+02
	5.6042337130e-16

 61	1.1220184540e+03
	1.1220184540e+03
	5.6049802952e-16

 62	1.2589254110e+03
	1.2589254110e+03
	5.6059200770e-16

 63	1.4125375440e+03
	1.4125375440e+03
	5.6071029962e-16

 64	1.5848931920e+03
	1.5848931920e+03
	5.6085918723e-16

 65	1.7782794100e+03
	1.7782794100e+03
	5.6104657151e-16

 66	1.9952623150e+03
	1.9952623150e+03
	5.6128238748e-16

 67	2.2387211380e+03
	2.2387211380e+03
	5.6157912301e-16

 68	2.5118864310e+03
	2.5118864310e+03
	5.6195246970e-16

 69	2.8183829310e+03
	2.8183829310e+03
	5.6242213434e-16

 70	3.1622776600e+03
	3.1622776600e+03
	5.6301285119e-16

 71	3.5481338920e+03
	3.5481338920e+03
	5.6375564059e-16

 72	3.9810717050e+03
	3.9810717050e+03
	5.6468936868e-16

 73	4.4668359210e+03
	4.4668359210e+03
	5.6586267283e-16

 74	5.0118723360e+03
	5.0118723360e+03
	5.6733632574e-16

 75	5.6234132510e+03
	5.6234132510e+03
	5.6918612035e-16

 76	6.3095734440e+03
	6.3095734440e+03
	5.7150636129e-16

 77	7.0794578430e+03
	7.0794578430e+03
	5.7441404579e-16

 78	7.9432823470e+03
	7.9432823470e+03
	5.7805380762e-16

 79	8.9125093810e+03
	8.9125093810e+03
	5.8260366477e-16

 80	9.9999999990e+03
	9.9999999990e+03
	5.8828156201e-16

 81	1.1220184540e+04
	1.1220184540e+04
	5.9535261971e-16

 82	1.2589254110e+04
	1.2589254110e+04
	6.0413688499e-16

 83	1.4125375440e+04
	1.4125375440e+04
	6.1501724553e-16

 84	1.5848931920e+04
	1.5848931920e+04
	6.2844701638e-16

 85	1.7782794100e+04
	1.7782794100e+04
	6.4495658939e-16

 86	1.9952623150e+04
	1.9952623150e+04
	6.6515850119e-16

 87	2.2387211380e+04
	2.2387211380e+04
	6.8975038673e-16

 88	2.5118864310e+04
	2.5118864310e+04
	7.1951559698e-16

 89	2.8183829310e+04
	2.8183829310e+04
	7.5532176084e-16

 90	3.1622776600e+04
	3.1622776600e+04
	7.9811818248e-16

 91	3.5481338920e+04
	3.5481338920e+04
	8.4893350629e-16

 92	3.9810717050e+04
	3.9810717050e+04
	9.0887537419e-16

 93	4.4668359210e+04
	4.4668359210e+04
	9.7913370829e-16

 94	5.0118723360e+04
	5.0118723360e+04
	1.0609887964e-15

 95	5.6234132510e+04
	5.6234132510e+04
	1.1558246965e-15

 96	6.3095734440e+04
	6.3095734440e+04
	1.2651478289e-15

 97	7.0794578430e+04
	7.0794578430e+04
	1.3906101815e-15

 98	7.9432823470e+04
	7.9432823470e+04
	1.5340363959e-15

 99	8.9125093810e+04
	8.9125093810e+04
	1.6974540786e-15

 100	9.9999999990e+04
	9.9999999990e+04
	1.8831269368e-15

 101	1.1220184540e+05
	1.1220184540e+05
	2.0935906267e-15

 102	1.2589254110e+05
	1.2589254110e+05
	2.3316914873e-15

 103	1.4125375440e+05
	1.4125375440e+05
	2.6006285629e-15

 104	1.5848931920e+05
	1.5848931920e+05
	2.9039994833e-15

 105	1.7782794100e+05
	1.7782794100e+05
	3.2458508946e-15

 106	1.9952623150e+05
	1.9952623150e+05
	3.6307342274e-15

 107	2.2387211380e+05
	2.2387211380e+05
	4.0637676508e-15

 108	2.5118864310e+05
	2.5118864310e+05
	4.5507051520e-15

 109	2.8183829310e+05
	2.8183829310e+05
	5.0980137534e-15

 110	3.1622776600e+05
	3.1622776600e+05
	5.7129599456e-15

 111	3.5481338920e+05
	3.5481338920e+05
	6.4037065720e-15

 112	3.9810717050e+05
	3.9810717050e+05
	7.1794214711e-15

 113	4.4668359210e+05
	4.4668359210e+05
	8.0503993665e-15

 114	5.0118723360e+05
	5.0118723360e+05
	9.0281986420e-15

 115	5.6234132510e+05
	5.6234132510e+05
	1.0125794838e-14

 116	6.3095734440e+05
	6.3095734440e+05
	1.1357752903e-14

 117	7.0794578430e+05
	7.0794578430e+05
	1.2740420550e-14

 118	7.9432823470e+05
	7.9432823470e+05
	1.4292145203e-14

 119	8.9125093810e+05
	8.9125093810e+05
	1.6033517484e-14

 120	9.9999999990e+05
	9.9999999990e+05
	1.7987644479e-14

 121	1.1220184540e+06
	1.1220184540e+06
	2.0180456360e-14

 122	1.2589254110e+06
	1.2589254110e+06
	2.2641050475e-14

 123	1.4125375440e+06
	1.4125375440e+06
	2.5402077458e-14

 124	1.5848931920e+06
	1.5848931920e+06
	2.8500174494e-14

 125	1.7782794100e+06
	1.7782794100e+06
	3.1976451476e-14

 126	1.9952623150e+06
	1.9952623150e+06
	3.5877036486e-14

 127	2.2387211380e+06
	2.2387211380e+06
	4.0253687930e-14

 128	2.5118864310e+06
	2.5118864310e+06
	4.5164481332e-14

 129	2.8183829310e+06
	2.8183829310e+06
	5.0674579939e-14

 130	3.1622776600e+06
	3.1622776600e+06
	5.6857099398e-14

 131	3.5481338920e+06
	3.5481338920e+06
	6.3794077985e-14

 132	3.9810717050e+06
	3.9810717050e+06
	7.1577565186e-14

 133	4.4668359210e+06
	4.4668359210e+06
	8.0310843128e-14

 134	5.0118723360e+06
	5.0118723360e+06
	9.0109797076e-14

 135	5.6234132510e+06
	5.6234132510e+06
	1.0110445317e-13

 136	6.3095734440e+06
	6.3095734440e+06
	1.1344070376e-13

 137	7.0794578430e+06
	7.0794578430e+06
	1.2728224334e-13

 138	7.9432823470e+06
	7.9432823470e+06
	1.4281274064e-13

 139	8.9125093810e+06
	8.9125093810e+06
	1.6023827580e-13

 140	9.9999999990e+06
	9.9999999990e+06
	1.7979007484e-13

 141	1.1220184540e+07
	1.1220184540e+07
	2.0172757806e-13

 142	1.2589254110e+07
	1.2589254110e+07
	2.2634188236e-13

 143	1.4125375440e+07
	1.4125375440e+07
	2.5395960413e-13

 144	1.5848931920e+07
	1.5848931920e+07
	2.8494721297e-13

 145	1.7782794100e+07
	1.7782794100e+07
	3.1971589451e-13

 146	1.9952623150e+07
	1.9952623150e+07
	3.5872700679e-13

 147	2.2387211380e+07
	2.2387211380e+07
	4.0249820111e-13

 148	2.5118864310e+07
	2.5118864310e+07
	4.5161029173e-13

 149	2.8183829310e+07
	2.8183829310e+07
	5.0671496218e-13

 150	3.1622776600e+07
	3.1622776600e+07
	5.6854341197e-13

 151	3.5481338920e+07
	3.5481338920e+07
	6.3791605851e-13

 152	3.9810717050e+07
	3.9810717050e+07
	7.1575342290e-13

 153	4.4668359210e+07
	4.4668359210e+07
	8.0308834284e-13

 154	5.0118723360e+07
	5.0118723360e+07
	9.0107967594e-13

 155	5.6234132510e+07
	5.6234132510e+07
	1.0110276742e-12

 156	6.3095734440e+07
	6.3095734440e+07
	1.1343912332e-12

 157	7.0794578430e+07
	7.0794578430e+07
	1.2728072458e-12

 158	7.9432823470e+07
	7.9432823470e+07
	1.4281123142e-12

 159	8.9125093810e+07
	8.9125093810e+07
	1.6023671084e-12

 160	9.9999999990e+07
	9.9999999990e+07
	1.7978836953e-12

 161	1.1220184540e+08
	1.1220184540e+08
	2.0172561954e-12

 162	1.2589254110e+08
	1.2589254110e+08
	2.2633951725e-12

 163	1.4125375440e+08
	1.4125375440e+08
	2.5395662100e-12

 164	1.5848931920e+08
	1.5848931920e+08
	2.8494331798e-12

 165	1.7782794100e+08
	1.7782794100e+08
	3.1971067686e-12

 166	1.9952623150e+08
	1.9952623150e+08
	3.5871988989e-12

 167	2.2387211380e+08
	2.2387211380e+08
	4.0248837399e-12

 168	2.5118864310e+08
	2.5118864310e+08
	4.5159661181e-12

 169	2.8183829310e+08
	2.8183829310e+08
	5.0669581832e-12

 170	3.1622776600e+08
	3.1622776600e+08
	5.6851653063e-12

 171	3.5481338920e+08
	3.5481338920e+08
	6.3787823070e-12

 172	3.9810717050e+08
	3.9810717050e+08
	7.1570011779e-12

 173	4.4668359210e+08
	4.4668359210e+08
	8.0301316259e-12

 174	5.0118723360e+08
	5.0118723360e+08
	9.0097358568e-12

 175	5.6234132510e+08
	5.6234132510e+08
	1.0108779145e-11

 176	6.3095734440e+08
	6.3095734440e+08
	1.1341797842e-11

 177	7.0794578430e+08
	7.0794578430e+08
	1.2725086589e-11

 178	7.9432823470e+08
	7.9432823470e+08
	1.4276906507e-11

 179	8.9125093810e+08
	8.9125093810e+08
	1.6017716173e-11

 180	9.9999999990e+08
	9.9999999990e+08
	1.7970427135e-11
