v-sweep v(drain_iv) v(gate_iv) id is ib ig kcl
0.000000e+00 0.000000e+00 0.000000e+00 0.000000e+00 0.000000e+00 0.000000e+00 0.000000e+00 0.000000e+00
-1.000000e-02 -1.000000e-02 0.000000e+00 1.354400e-12 -1.340900e-12 -1.346130e-14 -2.286170e-17 1.583830e-17
-2.000000e-02 -2.000000e-02 0.000000e+00 2.309700e-12 -2.283900e-12 -2.572460e-14 -4.999810e-17 2.540190e-17
-3.000000e-02 -3.000000e-02 0.000000e+00 2.934800e-12 -2.897500e-12 -3.720450e-14 -8.176070e-17 1.373930e-17
-4.000000e-02 -4.000000e-02 0.000000e+00 3.317800e-12 -3.269500e-12 -4.817210e-14 -1.185223e-16 9.377700e-18
-5.000000e-02 -5.000000e-02 0.000000e+00 3.545100e-12 -3.486100e-12 -5.880480e-14 -1.606785e-16 3.452150e-17
-6.000000e-02 -6.000000e-02 0.000000e+00 3.681800e-12 -3.612300e-12 -6.921850e-14 -2.086491e-16 7.285090e-17
-7.000000e-02 -7.000000e-02 0.000000e+00 3.768100e-12 -3.688300e-12 -7.948900e-14 -2.628791e-16 4.812090e-17
-8.000000e-02 -8.000000e-02 0.000000e+00 3.826300e-12 -3.736300e-12 -8.966590e-14 -3.238400e-16 1.026000e-17
-9.000000e-02 -9.000000e-02 0.000000e+00 3.868400e-12 -3.768300e-12 -9.978150e-14 -3.920314e-16 7.353140e-17
-1.000000e-01 -1.000000e-01 0.000000e+00 3.901000e-12 -3.790700e-12 -1.098571e-13 -4.679826e-16 2.508260e-17
-1.100000e-01 -1.100000e-01 0.000000e+00 3.927500e-12 -3.807100e-12 -1.199066e-13 -5.522536e-16 5.885360e-17
-1.200000e-01 -1.200000e-01 0.000000e+00 3.950200e-12 -3.819600e-12 -1.299389e-13 -6.454374e-16 1.566260e-17
-1.300000e-01 -1.300000e-01 0.000000e+00 3.970300e-12 -3.829600e-12 -1.399601e-13 -7.481612e-16 8.261200e-18
-1.400000e-01 -1.400000e-01 0.000000e+00 3.988600e-12 -3.837800e-12 -1.499739e-13 -8.610884e-16 3.498840e-17
-1.500000e-01 -1.500000e-01 0.000000e+00 4.005700e-12 -3.844700e-12 -1.599829e-13 -9.849201e-16 3.217990e-17
-1.600000e-01 -1.600000e-01 0.000000e+00 4.021800e-12 -3.850700e-12 -1.699888e-13 -1.120400e-15 9.200000e-18
-1.700000e-01 -1.700000e-01 0.000000e+00 4.037200e-12 -3.856000e-12 -1.799927e-13 -1.268300e-15 6.100000e-17
-1.800000e-01 -1.800000e-01 0.000000e+00 4.052200e-12 -3.860700e-12 -1.899952e-13 -1.429500e-15 7.530000e-17
-1.900000e-01 -1.900000e-01 0.000000e+00 4.066700e-12 -3.865100e-12 -1.999969e-13 -1.604800e-15 1.700000e-18
-2.000000e-01 -2.000000e-01 0.000000e+00 4.080900e-12 -3.869100e-12 -2.099980e-13 -1.795100e-15 6.900000e-18
-2.100000e-01 -2.100000e-01 0.000000e+00 4.094900e-12 -3.872900e-12 -2.199987e-13 -2.001500e-15 2.000000e-19
-2.200000e-01 -2.200000e-01 0.000000e+00 4.108700e-12 -3.876500e-12 -2.299991e-13 -2.224900e-15 2.400000e-17
-2.300000e-01 -2.300000e-01 0.000000e+00 4.122300e-12 -3.879900e-12 -2.399994e-13 -2.466500e-15 6.590000e-17
-2.400000e-01 -2.400000e-01 0.000000e+00 4.135800e-12 -3.883100e-12 -2.499996e-13 -2.727300e-15 2.690000e-17
-2.500000e-01 -2.500000e-01 0.000000e+00 4.149300e-12 -3.886300e-12 -2.599998e-13 -3.008600e-15 8.400000e-18
-2.600000e-01 -2.600000e-01 0.000000e+00 4.162600e-12 -3.889300e-12 -2.699998e-13 -3.311700e-15 1.150000e-17
-2.700000e-01 -2.700000e-01 0.000000e+00 4.175900e-12 -3.892300e-12 -2.799999e-13 -3.637900e-15 3.780000e-17
-2.800000e-01 -2.800000e-01 0.000000e+00 4.189100e-12 -3.895100e-12 -2.899999e-13 -3.988500e-15 1.160000e-17
-2.900000e-01 -2.900000e-01 0.000000e+00 4.202300e-12 -3.898000e-12 -3.000000e-13 -4.365200e-15 6.520000e-17
-3.000000e-01 -3.000000e-01 0.000000e+00 4.215500e-12 -3.900800e-12 -3.100000e-13 -4.769400e-15 6.940000e-17
-3.100000e-01 -3.100000e-01 0.000000e+00 4.228700e-12 -3.903500e-12 -3.200000e-13 -5.202800e-15 2.800000e-18
-3.200000e-01 -3.200000e-01 0.000000e+00 4.241900e-12 -3.906200e-12 -3.300000e-13 -5.667200e-15 3.280000e-17
-3.300000e-01 -3.300000e-01 0.000000e+00 4.255000e-12 -3.908800e-12 -3.400000e-13 -6.164300e-15 3.570000e-17
-3.400000e-01 -3.400000e-01 0.000000e+00 4.268200e-12 -3.911500e-12 -3.500000e-13 -6.696000e-15 4.000000e-18
-3.500000e-01 -3.500000e-01 0.000000e+00 4.281300e-12 -3.914100e-12 -3.600000e-13 -7.264500e-15 6.450000e-17
-3.600000e-01 -3.600000e-01 0.000000e+00 4.294500e-12 -3.916600e-12 -3.700000e-13 -7.871800e-15 2.820000e-17
-3.700000e-01 -3.700000e-01 0.000000e+00 4.307700e-12 -3.919200e-12 -3.800000e-13 -8.520200e-15 2.020000e-17
-3.800000e-01 -3.800000e-01 0.000000e+00 4.320900e-12 -3.921700e-12 -3.900000e-13 -9.212000e-15 1.200000e-17
-3.900000e-01 -3.900000e-01 0.000000e+00 4.334200e-12 -3.924300e-12 -4.000000e-13 -9.949600e-15 4.960000e-17
-4.000000e-01 -4.000000e-01 0.000000e+00 4.347500e-12 -3.926800e-12 -4.100000e-13 -1.073580e-14 3.580000e-17
-4.100000e-01 -4.100000e-01 0.000000e+00 4.360800e-12 -3.929300e-12 -4.200000e-13 -1.157310e-14 7.310000e-17
-4.200000e-01 -4.200000e-01 0.000000e+00 4.374200e-12 -3.931700e-12 -4.300000e-13 -1.246460e-14 3.540000e-17
-4.300000e-01 -4.300000e-01 0.000000e+00 4.387600e-12 -3.934200e-12 -4.400000e-13 -1.341310e-14 1.310000e-17
-4.400000e-01 -4.400000e-01 0.000000e+00 4.401100e-12 -3.936700e-12 -4.500000e-13 -1.442200e-14 2.200000e-17
-4.500000e-01 -4.500000e-01 0.000000e+00 4.414600e-12 -3.939100e-12 -4.600000e-13 -1.549440e-14 5.600000e-18
-4.600000e-01 -4.600000e-01 0.000000e+00 4.428200e-12 -3.941600e-12 -4.700000e-13 -1.663390e-14 3.390000e-17
-4.700000e-01 -4.700000e-01 0.000000e+00 4.441900e-12 -3.944000e-12 -4.800000e-13 -1.784420e-14 5.580000e-17
-4.800000e-01 -4.800000e-01 0.000000e+00 4.455600e-12 -3.946500e-12 -4.900000e-13 -1.912900e-14 2.900000e-17
-4.900000e-01 -4.900000e-01 0.000000e+00 4.469400e-12 -3.948900e-12 -5.000000e-13 -2.049260e-14 7.400000e-18
-5.000000e-01 -5.000000e-01 0.000000e+00 4.483300e-12 -3.951400e-12 -5.100000e-13 -2.193900e-14 3.900000e-17
-5.100000e-01 -5.100000e-01 0.000000e+00 4.497300e-12 -3.953800e-12 -5.200000e-13 -2.347280e-14 2.720000e-17
-5.200000e-01 -5.200000e-01 0.000000e+00 4.511400e-12 -3.956300e-12 -5.300000e-13 -2.509870e-14 1.300000e-18
-5.300000e-01 -5.300000e-01 0.000000e+00 4.525600e-12 -3.958800e-12 -5.400000e-13 -2.682150e-14 2.150000e-17
-5.400000e-01 -5.400000e-01 0.000000e+00 4.539900e-12 -3.961200e-12 -5.500000e-13 -2.864630e-14 5.370000e-17
-5.500000e-01 -5.500000e-01 0.000000e+00 4.554300e-12 -3.963700e-12 -5.600000e-13 -3.057870e-14 2.130000e-17
-5.600000e-01 -5.600000e-01 0.000000e+00 4.568800e-12 -3.966200e-12 -5.700000e-13 -3.262420e-14 2.420000e-17
-5.700000e-01 -5.700000e-01 0.000000e+00 4.583500e-12 -3.968700e-12 -5.800000e-13 -3.478880e-14 1.120000e-17
-5.800000e-01 -5.800000e-01 0.000000e+00 4.598400e-12 -3.971300e-12 -5.900000e-13 -3.707870e-14 2.130000e-17
-5.900000e-01 -5.900000e-01 0.000000e+00 4.613300e-12 -3.973800e-12 -6.000000e-13 -3.950050e-14 5.000000e-19
-6.000000e-01 -6.000000e-01 0.000000e+00 4.628500e-12 -3.976400e-12 -6.100000e-13 -4.206090e-14 3.910000e-17
-6.100000e-01 -6.100000e-01 0.000000e+00 4.643800e-12 -3.979000e-12 -6.200000e-13 -4.476720e-14 3.280000e-17
-6.200000e-01 -6.200000e-01 0.000000e+00 4.659300e-12 -3.981700e-12 -6.300000e-13 -4.762690e-14 2.690000e-17
-6.300000e-01 -6.300000e-01 0.000000e+00 4.675000e-12 -3.984300e-12 -6.400000e-13 -5.064780e-14 5.220000e-17
-6.400000e-01 -6.400000e-01 0.000000e+00 4.690900e-12 -3.987000e-12 -6.500000e-13 -5.383830e-14 6.170000e-17
-6.500000e-01 -6.500000e-01 0.000000e+00 4.707000e-12 -3.989700e-12 -6.600000e-13 -5.720690e-14 9.310000e-17
-6.600000e-01 -6.600000e-01 0.000000e+00 4.723300e-12 -3.992500e-12 -6.700000e-13 -6.076270e-14 3.730000e-17
-6.700000e-01 -6.700000e-01 0.000000e+00 4.739800e-12 -3.995300e-12 -6.800000e-13 -6.451520e-14 1.520000e-17
-6.800000e-01 -6.800000e-01 0.000000e+00 4.756600e-12 -3.998200e-12 -6.900000e-13 -6.847440e-14 7.440000e-17
-6.900000e-01 -6.900000e-01 0.000000e+00 4.773700e-12 -4.001100e-12 -7.000000e-13 -7.265070e-14 5.070000e-17
-7.000000e-01 -7.000000e-01 0.000000e+00 4.791100e-12 -4.004000e-12 -7.100000e-13 -7.705500e-14 4.500000e-17
-7.100000e-01 -7.100000e-01 0.000000e+00 4.808700e-12 -4.007000e-12 -7.200000e-13 -8.169870e-14 1.300000e-18
-7.200000e-01 -7.200000e-01 0.000000e+00 4.826600e-12 -4.010000e-12 -7.300000e-13 -8.659370e-14 6.300000e-18
-7.300000e-01 -7.300000e-01 0.000000e+00 4.844900e-12 -4.013100e-12 -7.400000e-13 -9.175260e-14 4.740000e-17
-7.400000e-01 -7.400000e-01 0.000000e+00 4.863500e-12 -4.016300e-12 -7.500000e-13 -9.718860e-14 1.140000e-17
-7.500000e-01 -7.500000e-01 0.000000e+00 4.882400e-12 -4.019500e-12 -7.600000e-13 -1.029152e-13 1.520000e-17
-7.600000e-01 -7.600000e-01 0.000000e+00 4.901700e-12 -4.022800e-12 -7.700000e-13 -1.089469e-13 4.690000e-17
-7.700000e-01 -7.700000e-01 0.000000e+00 4.921400e-12 -4.026100e-12 -7.800000e-13 -1.152987e-13 1.300000e-18
-7.800000e-01 -7.800000e-01 0.000000e+00 4.941500e-12 -4.029500e-12 -7.900000e-13 -1.219864e-13 1.360000e-17
-7.900000e-01 -7.900000e-01 0.000000e+00 4.962000e-12 -4.033000e-12 -8.000000e-13 -1.290263e-13 2.630000e-17
-8.000000e-01 -8.000000e-01 0.000000e+00 4.983000e-12 -4.036500e-12 -8.100000e-13 -1.364358e-13 6.420000e-17
-8.100000e-01 -8.100000e-01 0.000000e+00 5.004400e-12 -4.040200e-12 -8.200000e-13 -1.442327e-13 3.270000e-17
-8.200000e-01 -8.200000e-01 0.000000e+00 5.026300e-12 -4.043900e-12 -8.300000e-13 -1.524361e-13 3.610000e-17
-8.300000e-01 -8.300000e-01 0.000000e+00 5.048700e-12 -4.047600e-12 -8.400000e-13 -1.610655e-13 3.450000e-17
-8.400000e-01 -8.400000e-01 0.000000e+00 5.071700e-12 -4.051500e-12 -8.500000e-13 -1.701417e-13 5.830000e-17
-8.500000e-01 -8.500000e-01 0.000000e+00 5.095100e-12 -4.055500e-12 -8.600000e-13 -1.796861e-13 8.610000e-17
-8.600000e-01 -8.600000e-01 0.000000e+00 5.119200e-12 -4.059500e-12 -8.700000e-13 -1.897214e-13 2.140000e-17
-8.700000e-01 -8.700000e-01 0.000000e+00 5.143900e-12 -4.063600e-12 -8.800000e-13 -2.002711e-13 2.890000e-17
-8.800000e-01 -8.800000e-01 0.000000e+00 5.169200e-12 -4.067800e-12 -8.900000e-13 -2.113599e-13 4.010000e-17
-8.900000e-01 -8.900000e-01 0.000000e+00 5.195100e-12 -4.072100e-12 -9.000000e-13 -2.230135e-13 1.350000e-17
-9.000000e-01 -9.000000e-01 0.000000e+00 5.221800e-12 -4.076500e-12 -9.100000e-13 -2.352591e-13 4.090000e-17
-9.100000e-01 -9.100000e-01 0.000000e+00 5.249100e-12 -4.081000e-12 -9.200000e-13 -2.481246e-13 2.460000e-17
-9.200000e-01 -9.200000e-01 0.000000e+00 5.277200e-12 -4.085600e-12 -9.300000e-13 -2.616397e-13 3.970000e-17
-9.300000e-01 -9.300000e-01 0.000000e+00 5.306100e-12 -4.090300e-12 -9.400000e-13 -2.758351e-13 3.510000e-17
-9.400000e-01 -9.400000e-01 0.000000e+00 5.335800e-12 -4.095100e-12 -9.500000e-13 -2.907431e-13 4.310000e-17
-9.500000e-01 -9.500000e-01 0.000000e+00 5.366400e-12 -4.100000e-12 -9.600000e-13 -3.063972e-13 2.800000e-18
-9.600000e-01 -9.600000e-01 0.000000e+00 5.397800e-12 -4.105000e-12 -9.700000e-13 -3.228326e-13 3.260000e-17
-9.700000e-01 -9.700000e-01 0.000000e+00 5.430200e-12 -4.110100e-12 -9.800002e-13 -3.400861e-13 1.370000e-17
-9.800000e-01 -9.800000e-01 0.000000e+00 5.463500e-12 -4.115300e-12 -9.900021e-13 -3.581961e-13 1.800000e-18
-9.900000e-01 -9.900000e-01 0.000000e+00 5.497900e-12 -4.120600e-12 -1.000000e-12 -3.772028e-13 9.720000e-17
-1.000000e+00 -1.000000e+00 0.000000e+00 5.533300e-12 -4.126100e-12 -1.010100e-12 -3.971480e-13 4.800000e-17
-1.010000e+00 -1.010000e+00 0.000000e+00 5.570300e-12 -4.131600e-12 -1.020600e-12 -4.180755e-13 2.450000e-17
-1.020000e+00 -1.020000e+00 0.000000e+00 5.610100e-12 -4.137300e-12 -1.032800e-12 -4.400312e-13 3.120000e-17
-1.030000e+00 -1.030000e+00 0.000000e+00 5.657600e-12 -4.143100e-12 -1.051400e-12 -4.630628e-13 3.720000e-17
-1.040000e+00 -1.040000e+00 0.000000e+00 5.728100e-12 -4.149000e-12 -1.091900e-12 -4.872202e-13 2.020000e-17
-1.050000e+00 -1.050000e+00 0.000000e+00 5.866200e-12 -4.155000e-12 -1.198600e-12 -5.125557e-13 4.430000e-17
-1.060000e+00 -1.060000e+00 0.000000e+00 6.188900e-12 -4.161200e-12 -1.488600e-12 -5.391237e-13 2.370000e-17
-1.070000e+00 -1.070000e+00 0.000000e+00 6.981000e-12 -4.167500e-12 -2.246600e-12 -5.669810e-13 8.100000e-17
-1.080000e+00 -1.080000e+00 0.000000e+00 8.885700e-12 -4.173800e-12 -4.115600e-12 -5.961872e-13 1.128000e-16
-1.090000e+00 -1.090000e+00 0.000000e+00 1.326430e-11 -4.180400e-12 -8.457100e-12 -6.268042e-13 4.200000e-18
-1.100000e+00 -1.100000e+00 0.000000e+00 2.283580e-11 -4.187000e-12 -1.798990e-11 -6.588968e-13 3.200000e-18
-1.110000e+00 -1.110000e+00 0.000000e+00 4.275410e-11 -4.193800e-12 -3.786780e-11 -6.925327e-13 3.270000e-17
-1.120000e+00 -1.120000e+00 0.000000e+00 8.233910e-11 -4.200700e-12 -7.741060e-11 -7.277825e-13 1.750000e-17
-1.130000e+00 -1.130000e+00 0.000000e+00 1.577426e-10 -4.207700e-12 -1.527702e-10 -7.647199e-13 1.990000e-17
-1.140000e+00 -1.140000e+00 0.000000e+00 2.958979e-10 -4.214900e-12 -2.908796e-10 -8.034220e-13 2.200000e-17
-1.150000e+00 -1.150000e+00 0.000000e+00 5.401708e-10 -4.222200e-12 -5.351047e-10 -8.439691e-13 6.910000e-17
-1.160000e+00 -1.160000e+00 0.000000e+00 9.581922e-10 -4.229600e-12 -9.530762e-10 -8.864451e-13 4.510000e-17
-1.170000e+00 -1.170000e+00 0.000000e+00 1.652400e-09 -4.237100e-12 -1.647200e-09 -9.309376e-13 3.196240e-14
-1.180000e+00 -1.180000e+00 0.000000e+00 2.773900e-09 -4.244800e-12 -2.768700e-09 -9.775379e-13 2.233790e-14
-1.190000e+00 -1.190000e+00 0.000000e+00 4.540200e-09 -4.252600e-12 -4.534900e-09 -1.026300e-12 2.110000e-14
-1.200000e+00 -1.200000e+00 0.000000e+00 7.257100e-09 -4.260600e-12 -7.251800e-09 -1.077400e-12 3.800000e-14
0.000000e+00 0.000000e+00 -2.000000e-01 -7.111660e-17 -7.111660e-17 -9.424836e-13 9.426349e-13 9.066800e-18
-1.000000e-02 -1.000000e-02 -2.000000e-01 4.896352e-10 -4.896219e-10 -9.559450e-13 9.425793e-13 6.570000e-17
-2.000000e-02 -2.000000e-02 -2.000000e-01 8.341546e-10 -8.341290e-10 -9.682082e-13 9.425793e-13 2.890000e-17
-3.000000e-02 -3.000000e-02 -2.000000e-01 1.058500e-09 -1.058400e-09 -9.796881e-13 9.425793e-13 6.289120e-14
-4.000000e-02 -4.000000e-02 -2.000000e-01 1.194500e-09 -1.194500e-09 -9.906557e-13 9.425793e-13 4.807640e-14
-5.000000e-02 -5.000000e-02 -2.000000e-01 1.273800e-09 -1.273800e-09 -1.001300e-12 9.425516e-13 5.874840e-14
-6.000000e-02 -6.000000e-02 -2.000000e-01 1.320000e-09 -1.320000e-09 -1.011700e-12 9.425793e-13 6.912070e-14
-7.000000e-02 -7.000000e-02 -2.000000e-01 1.347900e-09 -1.347800e-09 -1.022000e-12 9.425793e-13 2.057930e-14
-8.000000e-02 -8.000000e-02 -2.000000e-01 1.365400e-09 -1.365300e-09 -1.032100e-12 9.426071e-13 1.050710e-14
-9.000000e-02 -9.000000e-02 -2.000000e-01 1.377100e-09 -1.377000e-09 -1.042300e-12 9.426071e-13 3.071000e-16
-1.000000e-01 -1.000000e-01 -2.000000e-01 1.385300e-09 -1.385200e-09 -1.052300e-12 9.426349e-13 9.665100e-15
-1.100000e-01 -1.100000e-01 -2.000000e-01 1.391400e-09 -1.391200e-09 -1.062400e-12 9.426071e-13 8.020710e-14
-1.200000e-01 -1.200000e-01 -2.000000e-01 1.396000e-09 -1.395800e-09 -1.072400e-12 9.426071e-13 7.020710e-14
-1.300000e-01 -1.300000e-01 -2.000000e-01 1.399600e-09 -1.399500e-09 -1.082400e-12 9.426349e-13 3.976510e-14
-1.400000e-01 -1.400000e-01 -2.000000e-01 1.402600e-09 -1.402500e-09 -1.092500e-12 9.426071e-13 4.989290e-14
-1.500000e-01 -1.500000e-01 -2.000000e-01 1.405200e-09 -1.405000e-09 -1.102500e-12 9.426071e-13 4.010710e-14
-1.600000e-01 -1.600000e-01 -2.000000e-01 1.407400e-09 -1.407200e-09 -1.112500e-12 9.426071e-13 3.010710e-14
-1.700000e-01 -1.700000e-01 -2.000000e-01 1.409300e-09 -1.409100e-09 -1.122500e-12 9.426071e-13 2.010710e-14
-1.800000e-01 -1.800000e-01 -2.000000e-01 1.411100e-09 -1.410900e-09 -1.132500e-12 9.425793e-13 1.007930e-14
-1.900000e-01 -1.900000e-01 -2.000000e-01 1.412700e-09 -1.412500e-09 -1.142500e-12 9.425793e-13 7.930000e-17
-2.000000e-01 -2.000000e-01 -2.000000e-01 1.414100e-09 -1.413900e-09 -1.152500e-12 9.425793e-13 9.920700e-15
-2.100000e-01 -2.100000e-01 -2.000000e-01 1.415500e-09 -1.415300e-09 -1.162500e-12 9.425238e-13 1.997620e-14
-2.200000e-01 -2.200000e-01 -2.000000e-01 1.416800e-09 -1.416600e-09 -1.172500e-12 9.424961e-13 3.000390e-14
-2.300000e-01 -2.300000e-01 -2.000000e-01 1.418100e-09 -1.417800e-09 -1.182500e-12 9.424961e-13 5.999610e-14
-2.400000e-01 -2.400000e-01 -2.000000e-01 1.419300e-09 -1.419000e-09 -1.192500e-12 9.424128e-13 4.991280e-14
-2.500000e-01 -2.500000e-01 -2.000000e-01 1.420400e-09 -1.420200e-09 -1.202500e-12 9.424128e-13 6.008720e-14
-2.600000e-01 -2.600000e-01 -2.000000e-01 1.421600e-09 -1.421300e-09 -1.212500e-12 9.423295e-13 2.982950e-14
-2.700000e-01 -2.700000e-01 -2.000000e-01 1.422700e-09 -1.422400e-09 -1.222500e-12 9.423018e-13 1.980180e-14
-2.800000e-01 -2.800000e-01 -2.000000e-01 1.423700e-09 -1.423400e-09 -1.232500e-12 9.422185e-13 9.718500e-15
-2.900000e-01 -2.900000e-01 -2.000000e-01 1.424800e-09 -1.424500e-09 -1.242500e-12 9.421630e-13 3.370000e-16
-3.000000e-01 -3.000000e-01 -2.000000e-01 1.425800e-09 -1.425500e-09 -1.252500e-12 9.421075e-13 1.039250e-14
-3.100000e-01 -3.100000e-01 -2.000000e-01 1.426800e-09 -1.426500e-09 -1.262500e-12 9.419965e-13 2.050350e-14
-3.200000e-01 -3.200000e-01 -2.000000e-01 1.427800e-09 -1.427500e-09 -1.272500e-12 9.419132e-13 3.058680e-14
-3.300000e-01 -3.300000e-01 -2.000000e-01 1.428800e-09 -1.428400e-09 -1.282500e-12 9.418022e-13 5.930220e-14
-3.400000e-01 -3.400000e-01 -2.000000e-01 1.429700e-09 -1.429400e-09 -1.292500e-12 9.416912e-13 5.080880e-14
-3.500000e-01 -3.500000e-01 -2.000000e-01 1.430700e-09 -1.430300e-09 -1.302500e-12 9.415801e-13 3.908010e-14
-3.600000e-01 -3.600000e-01 -2.000000e-01 1.431700e-09 -1.431300e-09 -1.312500e-12 9.414136e-13 2.891360e-14
-3.700000e-01 -3.700000e-01 -2.000000e-01 1.432600e-09 -1.432200e-09 -1.322500e-12 9.412748e-13 1.877480e-14
-3.800000e-01 -3.800000e-01 -2.000000e-01 1.433500e-09 -1.433100e-09 -1.332500e-12 9.411361e-13 8.636100e-15
-3.900000e-01 -3.900000e-01 -2.000000e-01 1.434500e-09 -1.434100e-09 -1.342500e-12 9.409695e-13 1.530500e-15
-4.000000e-01 -4.000000e-01 -2.000000e-01 1.435400e-09 -1.435000e-09 -1.352500e-12 9.407475e-13 1.175250e-14
-4.100000e-01 -4.100000e-01 -2.000000e-01 1.436300e-09 -1.435900e-09 -1.362500e-12 9.405532e-13 2.194680e-14
-4.200000e-01 -4.200000e-01 -2.000000e-01 1.437200e-09 -1.436800e-09 -1.372500e-12 9.403311e-13 3.216890e-14
-4.300000e-01 -4.300000e-01 -2.000000e-01 1.438100e-09 -1.437700e-09 -1.382500e-12 9.400813e-13 4.241870e-14
-4.400000e-01 -4.400000e-01 -2.000000e-01 1.439000e-09 -1.438600e-09 -1.392500e-12 9.398315e-13 5.266850e-14
-4.500000e-01 -4.500000e-01 -2.000000e-01 1.439900e-09 -1.439500e-09 -1.402500e-12 9.395540e-13 6.294600e-14
-4.600000e-01 -4.600000e-01 -2.000000e-01 1.440900e-09 -1.440400e-09 -1.412500e-12 9.392487e-13 2.674870e-14
-4.700000e-01 -4.700000e-01 -2.000000e-01 1.441800e-09 -1.441300e-09 -1.422500e-12 9.388879e-13 1.638790e-14
-4.800000e-01 -4.800000e-01 -2.000000e-01 1.442700e-09 -1.442200e-09 -1.432500e-12 9.385548e-13 6.054800e-15
-4.900000e-01 -4.900000e-01 -2.000000e-01 1.443600e-09 -1.443100e-09 -1.442500e-12 9.381662e-13 4.333800e-15
-5.000000e-01 -5.000000e-01 -2.000000e-01 1.444500e-09 -1.444000e-09 -1.452500e-12 9.377776e-13 1.472240e-14
-5.100000e-01 -5.100000e-01 -2.000000e-01 1.445400e-09 -1.444900e-09 -1.462500e-12 9.373335e-13 2.516650e-14
-5.200000e-01 -5.200000e-01 -2.000000e-01 1.446300e-09 -1.445800e-09 -1.472500e-12 9.368895e-13 3.561050e-14
-5.300000e-01 -5.300000e-01 -2.000000e-01 1.447200e-09 -1.446700e-09 -1.482500e-12 9.363899e-13 4.611010e-14
-5.400000e-01 -5.400000e-01 -2.000000e-01 1.448100e-09 -1.447600e-09 -1.492500e-12 9.358347e-13 5.666530e-14
-5.500000e-01 -5.500000e-01 -2.000000e-01 1.449000e-09 -1.448500e-09 -1.502500e-12 9.353074e-13 6.719260e-14
-5.600000e-01 -5.600000e-01 -2.000000e-01 1.450000e-09 -1.449400e-09 -1.512500e-12 9.346968e-13 2.219680e-14
-5.700000e-01 -5.700000e-01 -2.000000e-01 1.450900e-09 -1.450300e-09 -1.522500e-12 9.340306e-13 1.153060e-14
-5.800000e-01 -5.800000e-01 -2.000000e-01 1.451800e-09 -1.451200e-09 -1.532500e-12 9.333367e-13 8.367000e-16
-5.900000e-01 -5.900000e-01 -2.000000e-01 1.452800e-09 -1.452200e-09 -1.542500e-12 9.326151e-13 9.884900e-15
-6.000000e-01 -6.000000e-01 -2.000000e-01 1.453700e-09 -1.453100e-09 -1.552500e-12 9.318102e-13 2.068980e-14
-6.100000e-01 -6.100000e-01 -2.000000e-01 1.454700e-09 -1.454100e-09 -1.562500e-12 9.309775e-13 3.152250e-14
-6.200000e-01 -6.200000e-01 -2.000000e-01 1.455700e-09 -1.455000e-09 -1.572500e-12 9.300893e-13 5.758930e-14
-6.300000e-01 -6.300000e-01 -2.000000e-01 1.456600e-09 -1.456000e-09 -1.582500e-12 9.291456e-13 5.335440e-14
-6.400000e-01 -6.400000e-01 -2.000000e-01 1.457600e-09 -1.457000e-09 -1.592500e-12 9.281464e-13 6.435360e-14
-6.500000e-01 -6.500000e-01 -2.000000e-01 1.458600e-09 -1.458000e-09 -1.602500e-12 9.270640e-13 7.543600e-14
-6.600000e-01 -6.600000e-01 -2.000000e-01 1.459700e-09 -1.459000e-09 -1.612500e-12 9.259260e-13 1.342600e-14
-6.700000e-01 -6.700000e-01 -2.000000e-01 1.460700e-09 -1.460000e-09 -1.622500e-12 9.247048e-13 2.204800e-15
-6.800000e-01 -6.800000e-01 -2.000000e-01 1.461800e-09 -1.461000e-09 -1.632500e-12 9.234002e-13 9.090020e-14
-6.900000e-01 -6.900000e-01 -2.000000e-01 1.462800e-09 -1.462100e-09 -1.642500e-12 9.220680e-13 2.043200e-14
-7.000000e-01 -7.000000e-01 -2.000000e-01 1.463900e-09 -1.463200e-09 -1.652500e-12 9.206247e-13 3.187530e-14
-7.100000e-01 -7.100000e-01 -2.000000e-01 1.465000e-09 -1.464300e-09 -1.662500e-12 9.190704e-13 4.342960e-14
-7.200000e-01 -7.200000e-01 -2.000000e-01 1.466100e-09 -1.465400e-09 -1.672500e-12 9.174606e-13 5.503940e-14
-7.300000e-01 -7.300000e-01 -2.000000e-01 1.467300e-09 -1.466500e-09 -1.682500e-12 9.157397e-13 3.323970e-14
-7.400000e-01 -7.400000e-01 -2.000000e-01 1.468400e-09 -1.467700e-09 -1.692500e-12 9.139078e-13 7.859220e-14
-7.500000e-01 -7.500000e-01 -2.000000e-01 1.469600e-09 -1.468800e-09 -1.702500e-12 9.119649e-13 9.464900e-15
-7.600000e-01 -7.600000e-01 -2.000000e-01 1.470800e-09 -1.470000e-09 -1.712500e-12 9.099388e-13 2.561200e-15
-7.700000e-01 -7.700000e-01 -2.000000e-01 1.472100e-09 -1.471200e-09 -1.722500e-12 9.077739e-13 8.527390e-14
-7.800000e-01 -7.800000e-01 -2.000000e-01 1.473300e-09 -1.472500e-09 -1.732500e-12 9.054701e-13 2.702990e-14
-7.900000e-01 -7.900000e-01 -2.000000e-01 1.474600e-09 -1.473800e-09 -1.742500e-12 9.030554e-13 3.944460e-14
-8.000000e-01 -8.000000e-01 -2.000000e-01 1.475900e-09 -1.475100e-09 -1.752500e-12 9.004741e-13 5.202590e-14
-8.100000e-01 -8.100000e-01 -2.000000e-01 1.477200e-09 -1.476400e-09 -1.762500e-12 8.977818e-13 6.471820e-14
-8.200000e-01 -8.200000e-01 -2.000000e-01 1.478600e-09 -1.477700e-09 -1.772500e-12 8.949230e-13 2.242300e-14
-8.300000e-01 -8.300000e-01 -2.000000e-01 1.480000e-09 -1.479100e-09 -1.782500e-12 8.918977e-13 9.397700e-15
-8.400000e-01 -8.400000e-01 -2.000000e-01 1.481400e-09 -1.480500e-09 -1.792500e-12 8.887335e-13 3.766500e-15
-8.500000e-01 -8.500000e-01 -2.000000e-01 1.482900e-09 -1.482000e-09 -1.802500e-12 8.853751e-13 1.712490e-14
-8.600000e-01 -8.600000e-01 -2.000000e-01 1.484400e-09 -1.483400e-09 -1.812500e-12 8.818224e-13 6.932240e-14
-8.700000e-01 -8.700000e-01 -2.000000e-01 1.485900e-09 -1.484900e-09 -1.822500e-12 8.780476e-13 5.554760e-14
-8.800000e-01 -8.800000e-01 -2.000000e-01 1.487400e-09 -1.486500e-09 -1.832500e-12 8.740786e-13 5.842140e-14
-8.900000e-01 -8.900000e-01 -2.000000e-01 1.489000e-09 -1.488100e-09 -1.842500e-12 8.699153e-13 7.258470e-14
-9.000000e-01 -9.000000e-01 -2.000000e-01 1.490600e-09 -1.489700e-09 -1.852500e-12 8.655021e-13 8.699790e-14
-9.100000e-01 -9.100000e-01 -2.000000e-01 1.492300e-09 -1.491300e-09 -1.862500e-12 8.608669e-13 1.633100e-15
-9.200000e-01 -9.200000e-01 -2.000000e-01 1.494000e-09 -1.493000e-09 -1.872500e-12 8.559542e-13 1.654580e-14
-9.300000e-01 -9.300000e-01 -2.000000e-01 1.495700e-09 -1.494700e-09 -1.882500e-12 8.508194e-13 3.168060e-14
-9.400000e-01 -9.400000e-01 -2.000000e-01 1.497500e-09 -1.496400e-09 -1.892500e-12 8.453516e-13 5.285160e-14
-9.500000e-01 -9.500000e-01 -2.000000e-01 1.499300e-09 -1.498200e-09 -1.902500e-12 8.396617e-13 3.716170e-14
-9.600000e-01 -9.600000e-01 -2.000000e-01 1.501100e-09 -1.500100e-09 -1.912500e-12 8.336110e-13 7.888900e-14
-9.700000e-01 -9.700000e-01 -2.000000e-01 1.503000e-09 -1.501900e-09 -1.922500e-12 8.272549e-13 4.754900e-15
-9.800000e-01 -9.800000e-01 -2.000000e-01 1.504900e-09 -1.503800e-09 -1.932500e-12 8.205936e-13 1.190640e-14
-9.900000e-01 -9.900000e-01 -2.000000e-01 1.506900e-09 -1.505800e-09 -1.942500e-12 8.135437e-13 2.895630e-14
-1.000000e+00 -1.000000e+00 -2.000000e-01 1.508900e-09 -1.507800e-09 -1.952500e-12 8.061329e-13 4.636710e-14
-1.010000e+00 -1.010000e+00 -2.000000e-01 1.511000e-09 -1.509800e-09 -1.962500e-12 7.983336e-13 3.583360e-14
-1.020000e+00 -1.020000e+00 -2.000000e-01 1.513000e-09 -1.511900e-09 -1.972500e-12 7.901457e-13 8.235430e-14
-1.030000e+00 -1.030000e+00 -2.000000e-01 1.515200e-09 -1.514000e-09 -1.982500e-12 7.814860e-13 1.014000e-15
-1.040000e+00 -1.040000e+00 -2.000000e-01 1.517400e-09 -1.516100e-09 -1.992500e-12 7.724099e-13 7.990990e-14
-1.050000e+00 -1.050000e+00 -2.000000e-01 1.519600e-09 -1.518300e-09 -2.002500e-12 7.628620e-13 6.036200e-14
-1.060000e+00 -1.060000e+00 -2.000000e-01 1.521800e-09 -1.520600e-09 -2.012500e-12 7.528422e-13 5.965780e-14
-1.070000e+00 -1.070000e+00 -2.000000e-01 1.524200e-09 -1.522900e-09 -2.022500e-12 7.422674e-13 1.976740e-14
-1.080000e+00 -1.080000e+00 -2.000000e-01 1.526500e-09 -1.525200e-09 -2.032500e-12 7.311929e-13 1.307100e-15
-1.090000e+00 -1.090000e+00 -2.000000e-01 1.528900e-09 -1.527600e-09 -2.042500e-12 7.195355e-13 2.296450e-14
-1.100000e+00 -1.100000e+00 -2.000000e-01 1.531400e-09 -1.530000e-09 -2.052500e-12 7.072953e-13 5.479530e-14
-1.110000e+00 -1.110000e+00 -2.000000e-01 1.533900e-09 -1.532500e-09 -2.062600e-12 6.944445e-13 3.184450e-14
-1.120000e+00 -1.120000e+00 -2.000000e-01 1.536400e-09 -1.535000e-09 -2.072600e-12 6.809275e-13 8.327500e-15
-1.130000e+00 -1.130000e+00 -2.000000e-01 1.539000e-09 -1.537600e-09 -2.082600e-12 6.667444e-13 1.585560e-14
-1.140000e+00 -1.140000e+00 -2.000000e-01 1.541600e-09 -1.540200e-09 -2.092700e-12 6.517842e-13 4.091580e-14
-1.150000e+00 -1.150000e+00 -2.000000e-01 1.544300e-09 -1.542900e-09 -2.102700e-12 6.361300e-13 6.657000e-14
-1.160000e+00 -1.160000e+00 -2.000000e-01 1.547100e-09 -1.545600e-09 -2.112800e-12 6.197265e-13 6.926500e-15
-1.170000e+00 -1.170000e+00 -2.000000e-01 1.549800e-09 -1.548300e-09 -2.122900e-12 6.024625e-13 2.043750e-14
-1.180000e+00 -1.180000e+00 -2.000000e-01 1.552700e-09 -1.551100e-09 -2.133000e-12 5.843659e-13 5.136590e-14
-1.190000e+00 -1.190000e+00 -2.000000e-01 1.555600e-09 -1.554000e-09 -2.143100e-12 5.653533e-13 2.225330e-14
-1.200000e+00 -1.200000e+00 -2.000000e-01 1.558500e-09 -1.556900e-09 -2.153400e-12 5.453971e-13 8.002900e-15
0.000000e+00 0.000000e+00 -4.000000e-01 -6.099300e-15 -6.099300e-15 -4.304200e-12 4.316400e-12 1.400000e-18
-1.000000e-02 -1.000000e-02 -4.000000e-01 9.225780e-08 -9.225780e-08 -4.317700e-12 4.316300e-12 1.400000e-15
-2.000000e-02 -2.000000e-02 -4.000000e-01 1.618424e-07 -1.618424e-07 -4.329900e-12 4.316000e-12 1.390000e-14
-3.000000e-02 -3.000000e-02 -4.000000e-01 2.112715e-07 -2.112714e-07 -4.341400e-12 4.315900e-12 7.450000e-14
-4.000000e-02 -4.000000e-02 -4.000000e-01 2.441850e-07 -2.441849e-07 -4.352400e-12 4.315700e-12 6.330000e-14
-5.000000e-02 -5.000000e-02 -4.000000e-01 2.649272e-07 -2.649272e-07 -4.363000e-12 4.315500e-12 4.750000e-14
-6.000000e-02 -6.000000e-02 -4.000000e-01 2.776166e-07 -2.776166e-07 -4.373400e-12 4.315400e-12 5.800000e-14
-7.000000e-02 -7.000000e-02 -4.000000e-01 2.853908e-07 -2.853907e-07 -4.383700e-12 4.315300e-12 3.160000e-14
-8.000000e-02 -8.000000e-02 -4.000000e-01 2.902789e-07 -2.902788e-07 -4.393900e-12 4.315200e-12 2.130000e-14
-9.000000e-02 -9.000000e-02 -4.000000e-01 2.934758e-07 -2.934757e-07 -4.404000e-12 4.315000e-12 1.100000e-14
-1.000000e-01 -1.000000e-01 -4.000000e-01 2.956608e-07 -2.956607e-07 -4.414100e-12 4.314900e-12 8.000000e-16
-1.100000e-01 -1.100000e-01 -4.000000e-01 2.972208e-07 -2.972207e-07 -4.424100e-12 4.314800e-12 9.300000e-15
-1.200000e-01 -1.200000e-01 -4.000000e-01 2.983813e-07 -2.983812e-07 -4.434200e-12 4.314700e-12 1.950000e-14
-1.300000e-01 -1.300000e-01 -4.000000e-01 2.992776e-07 -2.992775e-07 -4.444200e-12 4.314600e-12 2.960000e-14
-1.400000e-01 -1.400000e-01 -4.000000e-01 2.999935e-07 -2.999934e-07 -4.454200e-12 4.314500e-12 3.970000e-14
-1.500000e-01 -1.500000e-01 -4.000000e-01 3.005828e-07 -3.005826e-07 -4.464200e-12 4.314400e-12 5.020000e-14
-1.600000e-01 -1.600000e-01 -4.000000e-01 3.010808e-07 -3.010807e-07 -4.474200e-12 4.314300e-12 5.990000e-14
-1.700000e-01 -1.700000e-01 -4.000000e-01 3.015117e-07 -3.015115e-07 -4.484200e-12 4.314200e-12 3.000000e-14
-1.800000e-01 -1.800000e-01 -4.000000e-01 3.018920e-07 -3.018918e-07 -4.494200e-12 4.314200e-12 2.000000e-14
-1.900000e-01 -1.900000e-01 -4.000000e-01 3.022337e-07 -3.022335e-07 -4.504200e-12 4.314100e-12 9.900000e-15
-2.000000e-01 -2.000000e-01 -4.000000e-01 3.025452e-07 -3.025450e-07 -4.514200e-12 4.314100e-12 1.000000e-16
-2.100000e-01 -2.100000e-01 -4.000000e-01 3.028330e-07 -3.028328e-07 -4.524200e-12 4.314000e-12 1.020000e-14
-2.200000e-01 -2.200000e-01 -4.000000e-01 3.031017e-07 -3.031015e-07 -4.534200e-12 4.313900e-12 2.030000e-14
-2.300000e-01 -2.300000e-01 -4.000000e-01 3.033550e-07 -3.033548e-07 -4.544200e-12 4.313900e-12 3.030000e-14
-2.400000e-01 -2.400000e-01 -4.000000e-01 3.035958e-07 -3.035955e-07 -4.554200e-12 4.313800e-12 5.960000e-14
-2.500000e-01 -2.500000e-01 -4.000000e-01 3.038260e-07 -3.038258e-07 -4.564200e-12 4.313800e-12 5.040000e-14
-2.600000e-01 -2.600000e-01 -4.000000e-01 3.040476e-07 -3.040473e-07 -4.574200e-12 4.313800e-12 3.960000e-14
-2.700000e-01 -2.700000e-01 -4.000000e-01 3.042618e-07 -3.042615e-07 -4.584200e-12 4.313700e-12 2.950000e-14
-2.800000e-01 -2.800000e-01 -4.000000e-01 3.044698e-07 -3.044695e-07 -4.594200e-12 4.313700e-12 1.950000e-14
-2.900000e-01 -2.900000e-01 -4.000000e-01 3.046724e-07 -3.046721e-07 -4.604200e-12 4.313700e-12 9.500000e-15
-3.000000e-01 -3.000000e-01 -4.000000e-01 3.048704e-07 -3.048701e-07 -4.614200e-12 4.313700e-12 5.000000e-16
-3.100000e-01 -3.100000e-01 -4.000000e-01 3.050645e-07 -3.050642e-07 -4.624200e-12 4.313600e-12 1.060000e-14
-3.200000e-01 -3.200000e-01 -4.000000e-01 3.052551e-07 -3.052548e-07 -4.634200e-12 4.313600e-12 2.060000e-14
-3.300000e-01 -3.300000e-01 -4.000000e-01 3.054427e-07 -3.054424e-07 -4.644200e-12 4.313500e-12 3.070000e-14
-3.400000e-01 -3.400000e-01 -4.000000e-01 3.056276e-07 -3.056272e-07 -4.654200e-12 4.313500e-12 5.930000e-14
-3.500000e-01 -3.500000e-01 -4.000000e-01 3.058101e-07 -3.058098e-07 -4.664200e-12 4.313400e-12 5.080000e-14
-3.600000e-01 -3.600000e-01 -4.000000e-01 3.059905e-07 -3.059902e-07 -4.674200e-12 4.313400e-12 6.080000e-14
-3.700000e-01 -3.700000e-01 -4.000000e-01 3.061691e-07 -3.061688e-07 -4.684200e-12 4.313400e-12 7.080000e-14
-3.800000e-01 -3.800000e-01 -4.000000e-01 3.063461e-07 -3.063457e-07 -4.694200e-12 4.313300e-12 1.910000e-14
-3.900000e-01 -3.900000e-01 -4.000000e-01 3.065215e-07 -3.065211e-07 -4.704200e-12 4.313300e-12 9.100000e-15
-4.000000e-01 -4.000000e-01 -4.000000e-01 3.066957e-07 -3.066953e-07 -4.714200e-12 4.313200e-12 1.000000e-15
-4.100000e-01 -4.100000e-01 -4.000000e-01 3.068687e-07 -3.068683e-07 -4.724200e-12 4.313200e-12 1.100000e-14
-4.200000e-01 -4.200000e-01 -4.000000e-01 3.070408e-07 -3.070404e-07 -4.734200e-12 4.313100e-12 2.110000e-14
-4.300000e-01 -4.300000e-01 -4.000000e-01 3.072120e-07 -3.072115e-07 -4.744200e-12 4.313000e-12 6.880000e-14
-4.400000e-01 -4.400000e-01 -4.000000e-01 3.073824e-07 -3.073820e-07 -4.754200e-12 4.312900e-12 4.130000e-14
-4.500000e-01 -4.500000e-01 -4.000000e-01 3.075523e-07 -3.075518e-07 -4.764200e-12 4.312900e-12 4.870000e-14
-4.600000e-01 -4.600000e-01 -4.000000e-01 3.077217e-07 -3.077212e-07 -4.774200e-12 4.312900e-12 3.870000e-14
-4.700000e-01 -4.700000e-01 -4.000000e-01 3.078907e-07 -3.078903e-07 -4.784200e-12 4.312700e-12 7.150000e-14
-4.800000e-01 -4.800000e-01 -4.000000e-01 3.080596e-07 -3.080591e-07 -4.794200e-12 4.312600e-12 1.840000e-14
-4.900000e-01 -4.900000e-01 -4.000000e-01 3.082284e-07 -3.082279e-07 -4.804200e-12 4.312600e-12 8.400000e-15
-5.000000e-01 -5.000000e-01 -4.000000e-01 3.083972e-07 -3.083967e-07 -4.814200e-12 4.312400e-12 1.800000e-15
-5.100000e-01 -5.100000e-01 -4.000000e-01 3.085662e-07 -3.085657e-07 -4.824200e-12 4.312300e-12 1.190000e-14
-5.200000e-01 -5.200000e-01 -4.000000e-01 3.087356e-07 -3.087351e-07 -4.834200e-12 4.312200e-12 2.200000e-14
-5.300000e-01 -5.300000e-01 -4.000000e-01 3.089054e-07 -3.089049e-07 -4.844200e-12 4.312100e-12 3.210000e-14
-5.400000e-01 -5.400000e-01 -4.000000e-01 3.090759e-07 -3.090754e-07 -4.854200e-12 4.311900e-12 4.230000e-14
-5.500000e-01 -5.500000e-01 -4.000000e-01 3.092472e-07 -3.092466e-07 -4.864200e-12 4.311700e-12 4.750000e-14
-5.600000e-01 -5.600000e-01 -4.000000e-01 3.094193e-07 -3.094188e-07 -4.874200e-12 4.311700e-12 6.250000e-14
-5.700000e-01 -5.700000e-01 -4.000000e-01 3.095926e-07 -3.095920e-07 -4.884200e-12 4.311500e-12 2.730000e-14
-5.800000e-01 -5.800000e-01 -4.000000e-01 3.097672e-07 -3.097666e-07 -4.894200e-12 4.311200e-12 1.700000e-14
-5.900000e-01 -5.900000e-01 -4.000000e-01 3.099431e-07 -3.099425e-07 -4.904200e-12 4.311000e-12 6.800000e-15
-6.000000e-01 -6.000000e-01 -4.000000e-01 3.101207e-07 -3.101201e-07 -4.914200e-12 4.310800e-12 3.400000e-15
-6.100000e-01 -6.100000e-01 -4.000000e-01 3.103001e-07 -3.102995e-07 -4.924200e-12 4.310600e-12 1.360000e-14
-6.200000e-01 -6.200000e-01 -4.000000e-01 3.104814e-07 -3.104808e-07 -4.934200e-12 4.310300e-12 2.390000e-14
-6.300000e-01 -6.300000e-01 -4.000000e-01 3.106649e-07 -3.106643e-07 -4.944200e-12 4.310100e-12 3.410000e-14
-6.400000e-01 -6.400000e-01 -4.000000e-01 3.108507e-07 -3.108501e-07 -4.954200e-12 4.309700e-12 4.450000e-14
-6.500000e-01 -6.500000e-01 -4.000000e-01 3.110390e-07 -3.110384e-07 -4.964200e-12 4.309400e-12 5.480000e-14
-6.600000e-01 -6.600000e-01 -4.000000e-01 3.112301e-07 -3.112294e-07 -4.974200e-12 4.309100e-12 3.490000e-14
-6.700000e-01 -6.700000e-01 -4.000000e-01 3.114241e-07 -3.114234e-07 -4.984200e-12 4.308800e-12 2.460000e-14
-6.800000e-01 -6.800000e-01 -4.000000e-01 3.116211e-07 -3.116205e-07 -4.994200e-12 4.308300e-12 8.590000e-14
-6.900000e-01 -6.900000e-01 -4.000000e-01 3.118215e-07 -3.118208e-07 -5.004200e-12 4.307900e-12 3.700000e-15
-7.000000e-01 -7.000000e-01 -4.000000e-01 3.120254e-07 -3.120247e-07 -5.014200e-12 4.307600e-12 6.600000e-15
-7.100000e-01 -7.100000e-01 -4.000000e-01 3.122329e-07 -3.122322e-07 -5.024200e-12 4.307100e-12 1.710000e-14
-7.200000e-01 -7.200000e-01 -4.000000e-01 3.124444e-07 -3.124437e-07 -5.034200e-12 4.306600e-12 2.760000e-14
-7.300000e-01 -7.300000e-01 -4.000000e-01 3.126599e-07 -3.126592e-07 -5.044300e-12 4.306000e-12 3.830000e-14
-7.400000e-01 -7.400000e-01 -4.000000e-01 3.128798e-07 -3.128790e-07 -5.054300e-12 4.305600e-12 5.130000e-14
-7.500000e-01 -7.500000e-01 -4.000000e-01 3.131041e-07 -3.131033e-07 -5.064300e-12 4.304900e-12 4.060000e-14
-7.600000e-01 -7.600000e-01 -4.000000e-01 3.133330e-07 -3.133323e-07 -5.074300e-12 4.304200e-12 7.010000e-14
-7.700000e-01 -7.700000e-01 -4.000000e-01 3.135669e-07 -3.135661e-07 -5.084300e-12 4.303600e-12 1.930000e-14
-7.800000e-01 -7.800000e-01 -4.000000e-01 3.138058e-07 -3.138050e-07 -5.094300e-12 4.302800e-12 8.500000e-15
-7.900000e-01 -7.900000e-01 -4.000000e-01 3.140500e-07 -3.140492e-07 -5.104300e-12 4.302100e-12 2.200000e-15
-8.000000e-01 -8.000000e-01 -4.000000e-01 3.142996e-07 -3.142988e-07 -5.114300e-12 4.301200e-12 1.310000e-14
-8.100000e-01 -8.100000e-01 -4.000000e-01 3.145548e-07 -3.145540e-07 -5.124300e-12 4.300400e-12 2.390000e-14
-8.200000e-01 -8.200000e-01 -4.000000e-01 3.148158e-07 -3.148150e-07 -5.134300e-12 4.299500e-12 3.480000e-14
-8.300000e-01 -8.300000e-01 -4.000000e-01 3.150829e-07 -3.150820e-07 -5.144300e-12 4.298500e-12 5.420000e-14
-8.400000e-01 -8.400000e-01 -4.000000e-01 3.153561e-07 -3.153553e-07 -5.154300e-12 4.297600e-12 5.670000e-14
-8.500000e-01 -8.500000e-01 -4.000000e-01 3.156357e-07 -3.156348e-07 -5.164300e-12 4.296400e-12 3.210000e-14
-8.600000e-01 -8.600000e-01 -4.000000e-01 3.159218e-07 -3.159209e-07 -5.174300e-12 4.295200e-12 2.090000e-14
-8.700000e-01 -8.700000e-01 -4.000000e-01 3.162146e-07 -3.162137e-07 -5.184300e-12 4.294000e-12 9.700000e-15
-8.800000e-01 -8.800000e-01 -4.000000e-01 3.165142e-07 -3.165133e-07 -5.194300e-12 4.292600e-12 1.700000e-15
-8.900000e-01 -8.900000e-01 -4.000000e-01 3.168209e-07 -3.168200e-07 -5.204300e-12 4.291300e-12 1.300000e-14
-9.000000e-01 -9.000000e-01 -4.000000e-01 3.171348e-07 -3.171338e-07 -5.214300e-12 4.289800e-12 7.550000e-14
-9.100000e-01 -9.100000e-01 -4.000000e-01 3.174560e-07 -3.174550e-07 -5.224300e-12 4.288200e-12 6.390000e-14
-9.200000e-01 -9.200000e-01 -4.000000e-01 3.177847e-07 -3.177837e-07 -5.234300e-12 4.286600e-12 5.230000e-14
-9.300000e-01 -9.300000e-01 -4.000000e-01 3.181211e-07 -3.181201e-07 -5.244300e-12 4.284800e-12 4.050000e-14
-9.400000e-01 -9.400000e-01 -4.000000e-01 3.184652e-07 -3.184642e-07 -5.254300e-12 4.283000e-12 2.870000e-14
-9.500000e-01 -9.500000e-01 -4.000000e-01 3.188173e-07 -3.188163e-07 -5.264300e-12 4.281100e-12 1.680000e-14
-9.600000e-01 -9.600000e-01 -4.000000e-01 3.191775e-07 -3.191765e-07 -5.274300e-12 4.279000e-12 4.700000e-15
-9.700000e-01 -9.700000e-01 -4.000000e-01 3.195459e-07 -3.195449e-07 -5.284400e-12 4.276800e-12 7.600000e-15
-9.800000e-01 -9.800000e-01 -4.000000e-01 3.199227e-07 -3.199216e-07 -5.294500e-12 4.274400e-12 7.990000e-14
-9.900000e-01 -9.900000e-01 -4.000000e-01 3.203079e-07 -3.203068e-07 -5.304600e-12 4.272100e-12 6.750000e-14
-1.000000e+00 -1.000000e+00 -4.000000e-01 3.207017e-07 -3.207007e-07 -5.314700e-12 4.269500e-12 4.520000e-14
-1.010000e+00 -1.010000e+00 -4.000000e-01 3.211043e-07 -3.211032e-07 -5.324900e-12 4.266700e-12 4.180000e-14
-1.020000e+00 -1.020000e+00 -4.000000e-01 3.215157e-07 -3.215146e-07 -5.335200e-12 4.263900e-12 2.870000e-14
-1.030000e+00 -1.030000e+00 -4.000000e-01 3.219360e-07 -3.219349e-07 -5.345500e-12 4.260800e-12 1.530000e-14
-1.040000e+00 -1.040000e+00 -4.000000e-01 3.223654e-07 -3.223643e-07 -5.356000e-12 4.257500e-12 1.500000e-15
-1.050000e+00 -1.050000e+00 -4.000000e-01 3.228040e-07 -3.228029e-07 -5.366600e-12 4.254200e-12 1.240000e-14
-1.060000e+00 -1.060000e+00 -4.000000e-01 3.232519e-07 -3.232507e-07 -5.377500e-12 4.250600e-12 7.310000e-14
-1.070000e+00 -1.070000e+00 -4.000000e-01 3.237091e-07 -3.237080e-07 -5.388700e-12 4.246800e-12 4.190000e-14
-1.080000e+00 -1.080000e+00 -4.000000e-01 3.241758e-07 -3.241747e-07 -5.400200e-12 4.242800e-12 5.740000e-14
-1.090000e+00 -1.090000e+00 -4.000000e-01 3.246521e-07 -3.246509e-07 -5.412200e-12 4.238700e-12 2.650000e-14
-1.100000e+00 -1.100000e+00 -4.000000e-01 3.251380e-07 -3.251368e-07 -5.424800e-12 4.234200e-12 9.400000e-15
-1.110000e+00 -1.110000e+00 -4.000000e-01 3.256337e-07 -3.256325e-07 -5.438100e-12 4.229600e-12 8.500000e-15
-1.120000e+00 -1.120000e+00 -4.000000e-01 3.261392e-07 -3.261380e-07 -5.452500e-12 4.224600e-12 2.790000e-14
-1.130000e+00 -1.130000e+00 -4.000000e-01 3.266546e-07 -3.266533e-07 -5.468100e-12 4.219400e-12 5.130000e-14
-1.140000e+00 -1.140000e+00 -4.000000e-01 3.271800e-07 -3.271787e-07 -5.485300e-12 4.214000e-12 2.870000e-14
-1.150000e+00 -1.150000e+00 -4.000000e-01 3.277154e-07 -3.277141e-07 -5.504500e-12 4.208200e-12 3.700000e-15
-1.160000e+00 -1.160000e+00 -4.000000e-01 3.282609e-07 -3.282596e-07 -5.526100e-12 4.202200e-12 2.390000e-14
-1.170000e+00 -1.170000e+00 -4.000000e-01 3.288167e-07 -3.288153e-07 -5.550800e-12 4.195800e-12 4.500000e-14
-1.180000e+00 -1.180000e+00 -4.000000e-01 3.293826e-07 -3.293812e-07 -5.579300e-12 4.189100e-12 9.800000e-15
-1.190000e+00 -1.190000e+00 -4.000000e-01 3.299589e-07 -3.299575e-07 -5.612500e-12 4.182100e-12 3.040000e-14
-1.200000e+00 -1.200000e+00 -4.000000e-01 3.305456e-07 -3.305441e-07 -5.651400e-12 4.174600e-12 2.320000e-14
0.000000e+00 0.000000e+00 -6.000000e-01 -8.548959e-13 -8.548959e-13 -7.752480e-11 7.923460e-11 8.200000e-18
-1.000000e-02 -1.000000e-02 -6.000000e-01 1.660200e-06 -1.660200e-06 -7.753820e-11 7.923110e-11 1.692900e-12
-2.000000e-02 -2.000000e-02 -6.000000e-01 3.199200e-06 -3.199200e-06 -7.755050e-11 7.922210e-11 1.671600e-12
-3.000000e-02 -3.000000e-02 -6.000000e-01 4.617400e-06 -4.617400e-06 -7.756200e-11 7.921240e-11 1.650400e-12
-4.000000e-02 -4.000000e-02 -6.000000e-01 5.915600e-06 -5.915600e-06 -7.757300e-11 7.920270e-11 1.629700e-12
-5.000000e-02 -5.000000e-02 -6.000000e-01 7.094600e-06 -7.094600e-06 -7.758360e-11 7.919340e-11 1.609800e-12
-6.000000e-02 -6.000000e-02 -6.000000e-01 8.155700e-06 -8.155700e-06 -7.759400e-11 7.918430e-11 1.590300e-12
-7.000000e-02 -7.000000e-02 -6.000000e-01 9.100600e-06 -9.100600e-06 -7.760430e-11 7.917560e-11 1.571300e-12
-8.000000e-02 -8.000000e-02 -6.000000e-01 9.931800e-06 -9.931800e-06 -7.761450e-11 7.916680e-11 1.552300e-12
-9.000000e-02 -9.000000e-02 -6.000000e-01 1.065250e-05 -1.065250e-05 -7.762460e-11 7.915820e-11 1.533600e-12
-1.000000e-01 -1.000000e-01 -6.000000e-01 1.126720e-05 -1.126720e-05 -7.763470e-11 7.914970e-11 1.515000e-12
-1.100000e-01 -1.100000e-01 -6.000000e-01 1.178190e-05 -1.178190e-05 -7.764470e-11 7.914150e-11 1.496800e-12
-1.200000e-01 -1.200000e-01 -6.000000e-01 1.220420e-05 -1.220420e-05 -7.765470e-11 7.913320e-11 1.478500e-12
-1.300000e-01 -1.300000e-01 -6.000000e-01 1.254360e-05 -1.254360e-05 -7.766480e-11 7.912490e-11 1.460100e-12
-1.400000e-01 -1.400000e-01 -6.000000e-01 1.281110e-05 -1.281110e-05 -7.767480e-11 7.911690e-11 1.442100e-12
-1.500000e-01 -1.500000e-01 -6.000000e-01 1.301840e-05 -1.301840e-05 -7.768480e-11 7.910890e-11 1.424100e-12
-1.600000e-01 -1.600000e-01 -6.000000e-01 1.317720e-05 -1.317720e-05 -7.769480e-11 7.910090e-11 1.406100e-12
-1.700000e-01 -1.700000e-01 -6.000000e-01 1.329800e-05 -1.329800e-05 -7.770490e-11 7.909310e-11 1.388200e-12
-1.800000e-01 -1.800000e-01 -6.000000e-01 1.339000e-05 -1.339000e-05 -7.771490e-11 7.908530e-11 1.370400e-12
-1.900000e-01 -1.900000e-01 -6.000000e-01 1.346050e-05 -1.346050e-05 -7.772490e-11 7.907770e-11 1.352800e-12
-2.000000e-01 -2.000000e-01 -6.000000e-01 1.351510e-05 -1.351510e-05 -7.773490e-11 7.907000e-11 1.335100e-12
-2.100000e-01 -2.100000e-01 -6.000000e-01 1.355800e-05 -1.355800e-05 -7.774490e-11 7.906230e-11 1.317400e-12
-2.200000e-01 -2.200000e-01 -6.000000e-01 1.359220e-05 -1.359220e-05 -7.775490e-11 7.905490e-11 1.300000e-12
-2.300000e-01 -2.300000e-01 -6.000000e-01 1.362000e-05 -1.362000e-05 -7.776490e-11 7.904740e-11 1.282500e-12
-2.400000e-01 -2.400000e-01 -6.000000e-01 1.364290e-05 -1.364290e-05 -7.777500e-11 7.904010e-11 1.265100e-12
-2.500000e-01 -2.500000e-01 -6.000000e-01 1.366220e-05 -1.366220e-05 -7.778500e-11 7.903260e-11 1.247600e-12
-2.600000e-01 -2.600000e-01 -6.000000e-01 1.367860e-05 -1.367860e-05 -7.779500e-11 7.902530e-11 1.230300e-12
-2.700000e-01 -2.700000e-01 -6.000000e-01 1.369290e-05 -1.369290e-05 -7.780500e-11 7.901820e-11 1.213200e-12
-2.800000e-01 -2.800000e-01 -6.000000e-01 1.370540e-05 -1.370540e-05 -7.781500e-11 7.901100e-11 1.196000e-12
-2.900000e-01 -2.900000e-01 -6.000000e-01 1.371650e-05 -1.371650e-05 -7.782500e-11 7.900390e-11 1.178900e-12
-3.000000e-01 -3.000000e-01 -6.000000e-01 1.372660e-05 -1.372660e-05 -7.783510e-11 7.899680e-11 1.161700e-12
-3.100000e-01 -3.100000e-01 -6.000000e-01 1.373580e-05 -1.373580e-05 -7.784510e-11 7.898970e-11 1.144600e-12
-3.200000e-01 -3.200000e-01 -6.000000e-01 1.374420e-05 -1.374420e-05 -7.785510e-11 7.898280e-11 1.127700e-12
-3.300000e-01 -3.300000e-01 -6.000000e-01 1.375210e-05 -1.375210e-05 -7.786510e-11 7.897590e-11 1.110800e-12
-3.400000e-01 -3.400000e-01 -6.000000e-01 1.375940e-05 -1.375940e-05 -7.787510e-11 7.896910e-11 1.094000e-12
-3.500000e-01 -3.500000e-01 -6.000000e-01 1.376640e-05 -1.376640e-05 -7.788520e-11 7.896220e-11 1.077000e-12
-3.600000e-01 -3.600000e-01 -6.000000e-01 1.377290e-05 -1.377290e-05 -7.789520e-11 7.895550e-11 1.060300e-12
-3.700000e-01 -3.700000e-01 -6.000000e-01 1.377920e-05 -1.377920e-05 -7.790520e-11 7.894880e-11 1.043600e-12
-3.800000e-01 -3.800000e-01 -6.000000e-01 1.378520e-05 -1.378520e-05 -7.791520e-11 7.894210e-11 1.026900e-12
-3.900000e-01 -3.900000e-01 -6.000000e-01 1.379100e-05 -1.379100e-05 -7.792520e-11 7.893550e-11 1.010300e-12
-4.000000e-01 -4.000000e-01 -6.000000e-01 1.379660e-05 -1.379660e-05 -7.793520e-11 7.892900e-11 9.938000e-13
-4.100000e-01 -4.100000e-01 -6.000000e-01 1.380200e-05 -1.380200e-05 -7.794530e-11 7.892240e-11 9.771000e-13
-4.200000e-01 -4.200000e-01 -6.000000e-01 1.380730e-05 -1.380730e-05 -7.795530e-11 7.891590e-11 9.606000e-13
-4.300000e-01 -4.300000e-01 -6.000000e-01 1.381250e-05 -1.381250e-05 -7.796530e-11 7.890950e-11 9.442000e-13
-4.400000e-01 -4.400000e-01 -6.000000e-01 1.381750e-05 -1.381750e-05 -7.797530e-11 7.890320e-11 9.279000e-13
-4.500000e-01 -4.500000e-01 -6.000000e-01 1.382240e-05 -1.382240e-05 -7.798530e-11 7.889680e-11 9.115000e-13
-4.600000e-01 -4.600000e-01 -6.000000e-01 1.382730e-05 -1.382730e-05 -7.799530e-11 7.889050e-11 8.952000e-13
-4.700000e-01 -4.700000e-01 -6.000000e-01 1.383200e-05 -1.383200e-05 -7.800540e-11 7.888420e-11 8.788000e-13
-4.800000e-01 -4.800000e-01 -6.000000e-01 1.383670e-05 -1.383670e-05 -7.801540e-11 7.887810e-11 8.627000e-13
-4.900000e-01 -4.900000e-01 -6.000000e-01 1.384140e-05 -1.384140e-05 -7.802540e-11 7.887200e-11 8.466000e-13
-5.000000e-01 -5.000000e-01 -6.000000e-01 1.384590e-05 -1.384590e-05 -7.803540e-11 7.886570e-11 8.303000e-13
-5.100000e-01 -5.100000e-01 -6.000000e-01 1.385040e-05 -1.385040e-05 -7.804540e-11 7.885960e-11 8.142000e-13
-5.200000e-01 -5.200000e-01 -6.000000e-01 1.385490e-05 -1.385490e-05 -7.805550e-11 7.885360e-11 7.981000e-13
-5.300000e-01 -5.300000e-01 -6.000000e-01 1.385930e-05 -1.385930e-05 -7.806550e-11 7.884760e-11 7.821000e-13
-5.400000e-01 -5.400000e-01 -6.000000e-01 1.386370e-05 -1.386370e-05 -7.807550e-11 7.884160e-11 7.661000e-13
-5.500000e-01 -5.500000e-01 -6.000000e-01 1.386810e-05 -1.386810e-05 -7.808550e-11 7.883570e-11 7.502000e-13
-5.600000e-01 -5.600000e-01 -6.000000e-01 1.387240e-05 -1.387250e-05 -7.809550e-11 7.882970e-11 9.926580e-11
-5.700000e-01 -5.700000e-01 -6.000000e-01 1.387680e-05 -1.387680e-05 -7.810550e-11 7.882390e-11 7.184000e-13
-5.800000e-01 -5.800000e-01 -6.000000e-01 1.388110e-05 -1.388110e-05 -7.811560e-11 7.881810e-11 7.025000e-13
-5.900000e-01 -5.900000e-01 -6.000000e-01 1.388540e-05 -1.388540e-05 -7.812560e-11 7.881220e-11 6.866000e-13
-6.000000e-01 -6.000000e-01 -6.000000e-01 1.388980e-05 -1.388980e-05 -7.813560e-11 7.880640e-11 6.708000e-13
-6.100000e-01 -6.100000e-01 -6.000000e-01 1.389410e-05 -1.389410e-05 -7.814560e-11 7.880080e-11 6.552000e-13
-6.200000e-01 -6.200000e-01 -6.000000e-01 1.389840e-05 -1.389840e-05 -7.815560e-11 7.879500e-11 6.394000e-13
-6.300000e-01 -6.300000e-01 -6.000000e-01 1.390280e-05 -1.390280e-05 -7.816570e-11 7.878940e-11 6.237000e-13
-6.400000e-01 -6.400000e-01 -6.000000e-01 1.390720e-05 -1.390720e-05 -7.817570e-11 7.878360e-11 6.079000e-13
-6.500000e-01 -6.500000e-01 -6.000000e-01 1.391160e-05 -1.391160e-05 -7.818570e-11 7.877800e-11 5.923000e-13
-6.600000e-01 -6.600000e-01 -6.000000e-01 1.391610e-05 -1.391610e-05 -7.819570e-11 7.877250e-11 5.768000e-13
-6.700000e-01 -6.700000e-01 -6.000000e-01 1.392060e-05 -1.392060e-05 -7.820570e-11 7.876690e-11 5.612000e-13
-6.800000e-01 -6.800000e-01 -6.000000e-01 1.392520e-05 -1.392520e-05 -7.821570e-11 7.876140e-11 5.457000e-13
-6.900000e-01 -6.900000e-01 -6.000000e-01 1.392980e-05 -1.392980e-05 -7.822580e-11 7.875580e-11 5.300000e-13
-7.000000e-01 -7.000000e-01 -6.000000e-01 1.393450e-05 -1.393450e-05 -7.823580e-11 7.875050e-11 5.147000e-13
-7.100000e-01 -7.100000e-01 -6.000000e-01 1.393930e-05 -1.393930e-05 -7.824580e-11 7.874500e-11 4.992000e-13
-7.200000e-01 -7.200000e-01 -6.000000e-01 1.394420e-05 -1.394420e-05 -7.825580e-11 7.873950e-11 4.837000e-13
-7.300000e-01 -7.300000e-01 -6.000000e-01 1.394910e-05 -1.394910e-05 -7.826580e-11 7.873410e-11 4.683000e-13
-7.400000e-01 -7.400000e-01 -6.000000e-01 1.395420e-05 -1.395420e-05 -7.827590e-11 7.872870e-11 4.528000e-13
-7.500000e-01 -7.500000e-01 -6.000000e-01 1.395940e-05 -1.395940e-05 -7.828590e-11 7.872340e-11 4.375000e-13
-7.600000e-01 -7.600000e-01 -6.000000e-01 1.396470e-05 -1.396470e-05 -7.829590e-11 7.871800e-11 4.221000e-13
-7.700000e-01 -7.700000e-01 -6.000000e-01 1.397010e-05 -1.397010e-05 -7.830590e-11 7.871280e-11 4.069000e-13
-7.800000e-01 -7.800000e-01 -6.000000e-01 1.397570e-05 -1.397570e-05 -7.831590e-11 7.870740e-11 3.915000e-13
-7.900000e-01 -7.900000e-01 -6.000000e-01 1.398140e-05 -1.398140e-05 -7.832590e-11 7.870210e-11 3.762000e-13
-8.000000e-01 -8.000000e-01 -6.000000e-01 1.398730e-05 -1.398730e-05 -7.833600e-11 7.869680e-11 3.608000e-13
-8.100000e-01 -8.100000e-01 -6.000000e-01 1.399330e-05 -1.399330e-05 -7.834600e-11 7.869170e-11 3.457000e-13
-8.200000e-01 -8.200000e-01 -6.000000e-01 1.399950e-05 -1.399950e-05 -7.835600e-11 7.868640e-11 3.304000e-13
-8.300000e-01 -8.300000e-01 -6.000000e-01 1.400590e-05 -1.400590e-05 -7.836600e-11 7.868120e-11 3.152000e-13
-8.400000e-01 -8.400000e-01 -6.000000e-01 1.401250e-05 -1.401250e-05 -7.837600e-11 7.867600e-11 3.000000e-13
-8.500000e-01 -8.500000e-01 -6.000000e-01 1.401920e-05 -1.401920e-05 -7.838610e-11 7.867080e-11 2.847000e-13
-8.600000e-01 -8.600000e-01 -6.000000e-01 1.402620e-05 -1.402620e-05 -7.839610e-11 7.866560e-11 2.695000e-13
-8.700000e-01 -8.700000e-01 -6.000000e-01 1.403340e-05 -1.403340e-05 -7.840610e-11 7.866040e-11 2.543000e-13
-8.800000e-01 -8.800000e-01 -6.000000e-01 1.404080e-05 -1.404080e-05 -7.841610e-11 7.865520e-11 2.391000e-13
-8.900000e-01 -8.900000e-01 -6.000000e-01 1.404850e-05 -1.404850e-05 -7.842610e-11 7.865000e-11 2.239000e-13
-9.000000e-01 -9.000000e-01 -6.000000e-01 1.405630e-05 -1.405630e-05 -7.843620e-11 7.864490e-11 2.087000e-13
-9.100000e-01 -9.100000e-01 -6.000000e-01 1.406450e-05 -1.406450e-05 -7.844620e-11 7.863980e-11 1.936000e-13
-9.200000e-01 -9.200000e-01 -6.000000e-01 1.407290e-05 -1.407290e-05 -7.845620e-11 7.863450e-11 1.783000e-13
-9.300000e-01 -9.300000e-01 -6.000000e-01 1.408150e-05 -1.408150e-05 -7.846620e-11 7.862930e-11 1.631000e-13
-9.400000e-01 -9.400000e-01 -6.000000e-01 1.409050e-05 -1.409050e-05 -7.847620e-11 7.862420e-11 1.480000e-13
-9.500000e-01 -9.500000e-01 -6.000000e-01 1.409970e-05 -1.409970e-05 -7.848620e-11 7.861890e-11 1.327000e-13
-9.600000e-01 -9.600000e-01 -6.000000e-01 1.410920e-05 -1.410920e-05 -7.849630e-11 7.861370e-11 1.174000e-13
-9.700000e-01 -9.700000e-01 -6.000000e-01 1.411890e-05 -1.411890e-05 -7.850630e-11 7.860860e-11 1.023000e-13
-9.800000e-01 -9.800000e-01 -6.000000e-01 1.412900e-05 -1.412900e-05 -7.851630e-11 7.860330e-11 8.700000e-14
-9.900000e-01 -9.900000e-01 -6.000000e-01 1.413940e-05 -1.413940e-05 -7.852630e-11 7.859800e-11 7.170000e-14
-1.000000e+00 -1.000000e+00 -6.000000e-01 1.415020e-05 -1.415020e-05 -7.853630e-11 7.859280e-11 5.650000e-14
-1.010000e+00 -1.010000e+00 -6.000000e-01 1.416120e-05 -1.416120e-05 -7.854640e-11 7.858740e-11 4.100000e-14
-1.020000e+00 -1.020000e+00 -6.000000e-01 1.417260e-05 -1.417260e-05 -7.855640e-11 7.858210e-11 2.570000e-14
-1.030000e+00 -1.030000e+00 -6.000000e-01 1.418430e-05 -1.418430e-05 -7.856640e-11 7.857670e-11 1.030000e-14
-1.040000e+00 -1.040000e+00 -6.000000e-01 1.419630e-05 -1.419630e-05 -7.857720e-11 7.857130e-11 5.900000e-15
-1.050000e+00 -1.050000e+00 -6.000000e-01 1.420870e-05 -1.420870e-05 -7.858830e-11 7.856600e-11 2.230000e-14
-1.060000e+00 -1.060000e+00 -6.000000e-01 1.422150e-05 -1.422150e-05 -7.859990e-11 7.856050e-11 3.940000e-14
-1.070000e+00 -1.070000e+00 -6.000000e-01 1.423460e-05 -1.423460e-05 -7.861220e-11 7.855500e-11 5.720000e-14
-1.080000e+00 -1.080000e+00 -6.000000e-01 1.424810e-05 -1.424810e-05 -7.862530e-11 7.854940e-11 7.590000e-14
-1.090000e+00 -1.090000e+00 -6.000000e-01 1.426190e-05 -1.426190e-05 -7.863980e-11 7.854380e-11 9.600000e-14
-1.100000e+00 -1.100000e+00 -6.000000e-01 1.427610e-05 -1.427610e-05 -7.865590e-11 7.853820e-11 1.177000e-13
-1.110000e+00 -1.110000e+00 -6.000000e-01 1.429070e-05 -1.429070e-05 -7.867440e-11 7.853240e-11 1.420000e-13
-1.120000e+00 -1.120000e+00 -6.000000e-01 1.430570e-05 -1.430570e-05 -7.869600e-11 7.852660e-11 1.694000e-13
-1.130000e+00 -1.130000e+00 -6.000000e-01 1.432110e-05 -1.432110e-05 -7.872180e-11 7.852070e-11 2.011000e-13
-1.140000e+00 -1.140000e+00 -6.000000e-01 1.433690e-05 -1.433690e-05 -7.875310e-11 7.851480e-11 2.383000e-13
-1.150000e+00 -1.150000e+00 -6.000000e-01 1.435310e-05 -1.435310e-05 -7.879160e-11 7.850870e-11 2.829000e-13
-1.160000e+00 -1.160000e+00 -6.000000e-01 1.436970e-05 -1.436970e-05 -7.883980e-11 7.850260e-11 3.372000e-13
-1.170000e+00 -1.170000e+00 -6.000000e-01 1.438670e-05 -1.438670e-05 -7.890040e-11 7.849640e-11 4.040000e-13
-1.180000e+00 -1.180000e+00 -6.000000e-01 1.440410e-05 -1.440410e-05 -7.897720e-11 7.849020e-11 4.870000e-13
-1.190000e+00 -1.190000e+00 -6.000000e-01 1.442190e-05 -1.442190e-05 -7.907480e-11 7.848360e-11 5.912000e-13
-1.200000e+00 -1.200000e+00 -6.000000e-01 1.444020e-05 -1.444020e-05 -7.919930e-11 7.847720e-11 7.221000e-13
0.000000e+00 0.000000e+00 -8.000000e-01 -5.281800e-12 -5.281800e-12 -3.964200e-09 3.974800e-09 3.640000e-14
-1.000000e-02 -1.000000e-02 -8.000000e-01 4.387000e-06 -4.387100e-06 -3.964200e-09 3.974700e-09 8.950000e-11
-2.000000e-02 -2.000000e-02 -8.000000e-01 8.628400e-06 -8.628400e-06 -3.964200e-09 3.974700e-09 1.050000e-11
-3.000000e-02 -3.000000e-02 -8.000000e-01 1.272400e-05 -1.272400e-05 -3.964200e-09 3.974600e-09 1.040000e-11
-4.000000e-02 -4.000000e-02 -8.000000e-01 1.667410e-05 -1.667410e-05 -3.964300e-09 3.974600e-09 1.030000e-11
-5.000000e-02 -5.000000e-02 -8.000000e-01 2.047870e-05 -2.047870e-05 -3.964300e-09 3.974500e-09 1.020000e-11
-6.000000e-02 -6.000000e-02 -8.000000e-01 2.413780e-05 -2.413790e-05 -3.964300e-09 3.974500e-09 8.980000e-11
-7.000000e-02 -7.000000e-02 -8.000000e-01 2.765170e-05 -2.765170e-05 -3.964300e-09 3.974400e-09 1.010000e-11
-8.000000e-02 -8.000000e-02 -8.000000e-01 3.102040e-05 -3.102040e-05 -3.964300e-09 3.974400e-09 1.010000e-11
-9.000000e-02 -9.000000e-02 -8.000000e-01 3.424410e-05 -3.424410e-05 -3.964300e-09 3.974300e-09 1.000000e-11
-1.000000e-01 -1.000000e-01 -8.000000e-01 3.732300e-05 -3.732300e-05 -3.964300e-09 3.974300e-09 1.000000e-11
-1.100000e-01 -1.100000e-01 -8.000000e-01 4.025730e-05 -4.025730e-05 -3.964300e-09 3.974200e-09 9.900000e-12
-1.200000e-01 -1.200000e-01 -8.000000e-01 4.304740e-05 -4.304740e-05 -3.964300e-09 3.974200e-09 9.900000e-12
-1.300000e-01 -1.300000e-01 -8.000000e-01 4.569350e-05 -4.569350e-05 -3.964300e-09 3.974100e-09 9.800000e-12
-1.400000e-01 -1.400000e-01 -8.000000e-01 4.819600e-05 -4.819610e-05 -3.964400e-09 3.974100e-09 9.030000e-11
-1.500000e-01 -1.500000e-01 -8.000000e-01 5.055560e-05 -5.055560e-05 -3.964400e-09 3.974000e-09 9.600000e-12
-1.600000e-01 -1.600000e-01 -8.000000e-01 5.277280e-05 -5.277280e-05 -3.964400e-09 3.974000e-09 9.600000e-12
-1.700000e-01 -1.700000e-01 -8.000000e-01 5.484840e-05 -5.484840e-05 -3.964400e-09 3.973900e-09 9.500000e-12
-1.800000e-01 -1.800000e-01 -8.000000e-01 5.678340e-05 -5.678340e-05 -3.964400e-09 3.973900e-09 9.500000e-12
-1.900000e-01 -1.900000e-01 -8.000000e-01 5.857900e-05 -5.857900e-05 -3.964400e-09 3.973800e-09 9.400000e-12
-2.000000e-01 -2.000000e-01 -8.000000e-01 6.023670e-05 -6.023670e-05 -3.964400e-09 3.973800e-09 9.400000e-12
-2.100000e-01 -2.100000e-01 -8.000000e-01 6.175840e-05 -6.175840e-05 -3.964400e-09 3.973700e-09 9.300000e-12
-2.200000e-01 -2.200000e-01 -8.000000e-01 6.314640e-05 -6.314640e-05 -3.964400e-09 3.973700e-09 9.300000e-12
-2.300000e-01 -2.300000e-01 -8.000000e-01 6.440370e-05 -6.440370e-05 -3.964400e-09 3.973600e-09 9.200000e-12
-2.400000e-01 -2.400000e-01 -8.000000e-01 6.553400e-05 -6.553400e-05 -3.964500e-09 3.973600e-09 9.100000e-12
-2.500000e-01 -2.500000e-01 -8.000000e-01 6.654160e-05 -6.654160e-05 -3.964500e-09 3.973500e-09 9.000000e-12
-2.600000e-01 -2.600000e-01 -8.000000e-01 6.743190e-05 -6.743190e-05 -3.964500e-09 3.973500e-09 9.000000e-12
-2.700000e-01 -2.700000e-01 -8.000000e-01 6.821130e-05 -6.821140e-05 -3.964500e-09 3.973400e-09 9.110000e-11
-2.800000e-01 -2.800000e-01 -8.000000e-01 6.888730e-05 -6.888730e-05 -3.964500e-09 3.973400e-09 8.900000e-12
-2.900000e-01 -2.900000e-01 -8.000000e-01 6.946800e-05 -6.946800e-05 -3.964500e-09 3.973400e-09 8.900000e-12
-3.000000e-01 -3.000000e-01 -8.000000e-01 6.996270e-05 -6.996270e-05 -3.964500e-09 3.973300e-09 8.800000e-12
-3.100000e-01 -3.100000e-01 -8.000000e-01 7.038090e-05 -7.038090e-05 -3.964500e-09 3.973300e-09 8.800000e-12
-3.200000e-01 -3.200000e-01 -8.000000e-01 7.073230e-05 -7.073230e-05 -3.964500e-09 3.973200e-09 8.700000e-12
-3.300000e-01 -3.300000e-01 -8.000000e-01 7.102650e-05 -7.102650e-05 -3.964500e-09 3.973200e-09 8.700000e-12
-3.400000e-01 -3.400000e-01 -8.000000e-01 7.127220e-05 -7.127220e-05 -3.964600e-09 3.973100e-09 8.500000e-12
-3.500000e-01 -3.500000e-01 -8.000000e-01 7.147760e-05 -7.147760e-05 -3.964600e-09 3.973100e-09 8.500000e-12
-3.600000e-01 -3.600000e-01 -8.000000e-01 7.164970e-05 -7.164970e-05 -3.964600e-09 3.973100e-09 8.500000e-12
-3.700000e-01 -3.700000e-01 -8.000000e-01 7.179460e-05 -7.179460e-05 -3.964600e-09 3.973000e-09 8.400000e-12
-3.800000e-01 -3.800000e-01 -8.000000e-01 7.191730e-05 -7.191740e-05 -3.964600e-09 3.973000e-09 9.160000e-11
-3.900000e-01 -3.900000e-01 -8.000000e-01 7.202210e-05 -7.202210e-05 -3.964600e-09 3.972900e-09 8.300000e-12
-4.000000e-01 -4.000000e-01 -8.000000e-01 7.211230e-05 -7.211230e-05 -3.964600e-09 3.972900e-09 8.300000e-12
-4.100000e-01 -4.100000e-01 -8.000000e-01 7.219060e-05 -7.219060e-05 -3.964600e-09 3.972900e-09 8.300000e-12
-4.200000e-01 -4.200000e-01 -8.000000e-01 7.225920e-05 -7.225920e-05 -3.964600e-09 3.972800e-09 8.200000e-12
-4.300000e-01 -4.300000e-01 -8.000000e-01 7.232000e-05 -7.232000e-05 -3.964600e-09 3.972800e-09 8.200000e-12
-4.400000e-01 -4.400000e-01 -8.000000e-01 7.237420e-05 -7.237430e-05 -3.964700e-09 3.972700e-09 9.200000e-11
-4.500000e-01 -4.500000e-01 -8.000000e-01 7.242320e-05 -7.242320e-05 -3.964700e-09 3.972700e-09 8.000000e-12
-4.600000e-01 -4.600000e-01 -8.000000e-01 7.246760e-05 -7.246770e-05 -3.964700e-09 3.972700e-09 9.200000e-11
-4.700000e-01 -4.700000e-01 -8.000000e-01 7.250840e-05 -7.250840e-05 -3.964700e-09 3.972600e-09 7.900000e-12
-4.800000e-01 -4.800000e-01 -8.000000e-01 7.254610e-05 -7.254610e-05 -3.964700e-09 3.972600e-09 7.900000e-12
-4.900000e-01 -4.900000e-01 -8.000000e-01 7.258110e-05 -7.258110e-05 -3.964700e-09 3.972500e-09 7.800000e-12
-5.000000e-01 -5.000000e-01 -8.000000e-01 7.261390e-05 -7.261390e-05 -3.964700e-09 3.972500e-09 7.800000e-12
-5.100000e-01 -5.100000e-01 -8.000000e-01 7.264480e-05 -7.264480e-05 -3.964700e-09 3.972500e-09 7.800000e-12
-5.200000e-01 -5.200000e-01 -8.000000e-01 7.267400e-05 -7.267400e-05 -3.964700e-09 3.972400e-09 7.700000e-12
-5.300000e-01 -5.300000e-01 -8.000000e-01 7.270180e-05 -7.270180e-05 -3.964700e-09 3.972400e-09 7.700000e-12
-5.400000e-01 -5.400000e-01 -8.000000e-01 7.272840e-05 -7.272840e-05 -3.964800e-09 3.972400e-09 7.600000e-12
-5.500000e-01 -5.500000e-01 -8.000000e-01 7.275400e-05 -7.275400e-05 -3.964800e-09 3.972300e-09 7.500000e-12
-5.600000e-01 -5.600000e-01 -8.000000e-01 7.277860e-05 -7.277860e-05 -3.964800e-09 3.972300e-09 7.500000e-12
-5.700000e-01 -5.700000e-01 -8.000000e-01 7.280230e-05 -7.280230e-05 -3.964800e-09 3.972200e-09 7.400000e-12
-5.800000e-01 -5.800000e-01 -8.000000e-01 7.282540e-05 -7.282540e-05 -3.964800e-09 3.972200e-09 7.400000e-12
-5.900000e-01 -5.900000e-01 -8.000000e-01 7.284770e-05 -7.284770e-05 -3.964800e-09 3.972200e-09 7.400000e-12
-6.000000e-01 -6.000000e-01 -8.000000e-01 7.286950e-05 -7.286950e-05 -3.964800e-09 3.972100e-09 7.300000e-12
-6.100000e-01 -6.100000e-01 -8.000000e-01 7.289080e-05 -7.289080e-05 -3.964800e-09 3.972100e-09 7.300000e-12
-6.200000e-01 -6.200000e-01 -8.000000e-01 7.291170e-05 -7.291170e-05 -3.964800e-09 3.972100e-09 7.300000e-12
-6.300000e-01 -6.300000e-01 -8.000000e-01 7.293210e-05 -7.293210e-05 -3.964800e-09 3.972000e-09 7.200000e-12
-6.400000e-01 -6.400000e-01 -8.000000e-01 7.295210e-05 -7.295210e-05 -3.964900e-09 3.972000e-09 7.100000e-12
-6.500000e-01 -6.500000e-01 -8.000000e-01 7.297180e-05 -7.297180e-05 -3.964900e-09 3.972000e-09 7.100000e-12
-6.600000e-01 -6.600000e-01 -8.000000e-01 7.299120e-05 -7.299120e-05 -3.964900e-09 3.971900e-09 7.000000e-12
-6.700000e-01 -6.700000e-01 -8.000000e-01 7.301040e-05 -7.301040e-05 -3.964900e-09 3.971900e-09 7.000000e-12
-6.800000e-01 -6.800000e-01 -8.000000e-01 7.302930e-05 -7.302930e-05 -3.964900e-09 3.971900e-09 7.000000e-12
-6.900000e-01 -6.900000e-01 -8.000000e-01 7.304800e-05 -7.304800e-05 -3.964900e-09 3.971800e-09 6.900000e-12
-7.000000e-01 -7.000000e-01 -8.000000e-01 7.306660e-05 -7.306660e-05 -3.964900e-09 3.971800e-09 6.900000e-12
-7.100000e-01 -7.100000e-01 -8.000000e-01 7.308500e-05 -7.308500e-05 -3.964900e-09 3.971800e-09 6.900000e-12
-7.200000e-01 -7.200000e-01 -8.000000e-01 7.310330e-05 -7.310330e-05 -3.964900e-09 3.971700e-09 6.800000e-12
-7.300000e-01 -7.300000e-01 -8.000000e-01 7.312150e-05 -7.312150e-05 -3.964900e-09 3.971700e-09 6.800000e-12
-7.400000e-01 -7.400000e-01 -8.000000e-01 7.313970e-05 -7.313970e-05 -3.965000e-09 3.971700e-09 6.700000e-12
-7.500000e-01 -7.500000e-01 -8.000000e-01 7.315780e-05 -7.315780e-05 -3.965000e-09 3.971600e-09 6.600000e-12
-7.600000e-01 -7.600000e-01 -8.000000e-01 7.317600e-05 -7.317600e-05 -3.965000e-09 3.971600e-09 6.600000e-12
-7.700000e-01 -7.700000e-01 -8.000000e-01 7.319420e-05 -7.319420e-05 -3.965000e-09 3.971600e-09 6.600000e-12
-7.800000e-01 -7.800000e-01 -8.000000e-01 7.321240e-05 -7.321240e-05 -3.965000e-09 3.971500e-09 6.500000e-12
-7.900000e-01 -7.900000e-01 -8.000000e-01 7.323080e-05 -7.323080e-05 -3.965000e-09 3.971500e-09 6.500000e-12
-8.000000e-01 -8.000000e-01 -8.000000e-01 7.324930e-05 -7.324930e-05 -3.965000e-09 3.971500e-09 6.500000e-12
-8.100000e-01 -8.100000e-01 -8.000000e-01 7.326790e-05 -7.326790e-05 -3.965000e-09 3.971400e-09 6.400000e-12
-8.200000e-01 -8.200000e-01 -8.000000e-01 7.328680e-05 -7.328680e-05 -3.965000e-09 3.971400e-09 6.400000e-12
-8.300000e-01 -8.300000e-01 -8.000000e-01 7.330590e-05 -7.330590e-05 -3.965000e-09 3.971400e-09 6.400000e-12
-8.400000e-01 -8.400000e-01 -8.000000e-01 7.332530e-05 -7.332540e-05 -3.965100e-09 3.971300e-09 9.380000e-11
-8.500000e-01 -8.500000e-01 -8.000000e-01 7.334510e-05 -7.334510e-05 -3.965100e-09 3.971300e-09 6.200000e-12
-8.600000e-01 -8.600000e-01 -8.000000e-01 7.336520e-05 -7.336520e-05 -3.965100e-09 3.971300e-09 6.200000e-12
-8.700000e-01 -8.700000e-01 -8.000000e-01 7.338570e-05 -7.338570e-05 -3.965100e-09 3.971200e-09 6.100000e-12
-8.800000e-01 -8.800000e-01 -8.000000e-01 7.340660e-05 -7.340660e-05 -3.965100e-09 3.971200e-09 6.100000e-12
-8.900000e-01 -8.900000e-01 -8.000000e-01 7.342800e-05 -7.342800e-05 -3.965100e-09 3.971200e-09 6.100000e-12
-9.000000e-01 -9.000000e-01 -8.000000e-01 7.345000e-05 -7.345000e-05 -3.965100e-09 3.971200e-09 6.100000e-12
-9.100000e-01 -9.100000e-01 -8.000000e-01 7.347250e-05 -7.347250e-05 -3.965100e-09 3.971100e-09 6.000000e-12
-9.200000e-01 -9.200000e-01 -8.000000e-01 7.349570e-05 -7.349570e-05 -3.965100e-09 3.971100e-09 6.000000e-12
-9.300000e-01 -9.300000e-01 -8.000000e-01 7.351950e-05 -7.351950e-05 -3.965200e-09 3.971100e-09 5.900000e-12
-9.400000e-01 -9.400000e-01 -8.000000e-01 7.354400e-05 -7.354400e-05 -3.965200e-09 3.971000e-09 5.800000e-12
-9.500000e-01 -9.500000e-01 -8.000000e-01 7.356920e-05 -7.356930e-05 -3.965200e-09 3.971000e-09 9.420000e-11
-9.600000e-01 -9.600000e-01 -8.000000e-01 7.359530e-05 -7.359530e-05 -3.965200e-09 3.971000e-09 5.800000e-12
-9.700000e-01 -9.700000e-01 -8.000000e-01 7.362220e-05 -7.362220e-05 -3.965200e-09 3.971000e-09 5.800000e-12
-9.800000e-01 -9.800000e-01 -8.000000e-01 7.365000e-05 -7.365000e-05 -3.965200e-09 3.970900e-09 5.700000e-12
-9.900000e-01 -9.900000e-01 -8.000000e-01 7.367870e-05 -7.367880e-05 -3.965200e-09 3.970900e-09 9.430000e-11
-1.000000e+00 -1.000000e+00 -8.000000e-01 7.370850e-05 -7.370850e-05 -3.965200e-09 3.970900e-09 5.700000e-12
-1.010000e+00 -1.010000e+00 -8.000000e-01 7.373920e-05 -7.373920e-05 -3.965200e-09 3.970800e-09 5.600000e-12
-1.020000e+00 -1.020000e+00 -8.000000e-01 7.377100e-05 -7.377100e-05 -3.965200e-09 3.970800e-09 5.600000e-12
-1.030000e+00 -1.030000e+00 -8.000000e-01 7.380390e-05 -7.380390e-05 -3.965300e-09 3.970800e-09 5.500000e-12
-1.040000e+00 -1.040000e+00 -8.000000e-01 7.383800e-05 -7.383800e-05 -3.965300e-09 3.970800e-09 5.500000e-12
-1.050000e+00 -1.050000e+00 -8.000000e-01 7.387320e-05 -7.387320e-05 -3.965300e-09 3.970700e-09 5.400000e-12
-1.060000e+00 -1.060000e+00 -8.000000e-01 7.390970e-05 -7.390970e-05 -3.965300e-09 3.970700e-09 5.400000e-12
-1.070000e+00 -1.070000e+00 -8.000000e-01 7.394750e-05 -7.394750e-05 -3.965300e-09 3.970700e-09 5.400000e-12
-1.080000e+00 -1.080000e+00 -8.000000e-01 7.398670e-05 -7.398670e-05 -3.965300e-09 3.970700e-09 5.400000e-12
-1.090000e+00 -1.090000e+00 -8.000000e-01 7.402720e-05 -7.402720e-05 -3.965300e-09 3.970600e-09 5.300000e-12
-1.100000e+00 -1.100000e+00 -8.000000e-01 7.406910e-05 -7.406910e-05 -3.965300e-09 3.970600e-09 5.300000e-12
-1.110000e+00 -1.110000e+00 -8.000000e-01 7.411240e-05 -7.411240e-05 -3.965300e-09 3.970600e-09 5.300000e-12
-1.120000e+00 -1.120000e+00 -8.000000e-01 7.415730e-05 -7.415730e-05 -3.965300e-09 3.970500e-09 5.200000e-12
-1.130000e+00 -1.130000e+00 -8.000000e-01 7.420370e-05 -7.420370e-05 -3.965400e-09 3.970500e-09 5.100000e-12
-1.140000e+00 -1.140000e+00 -8.000000e-01 7.425160e-05 -7.425160e-05 -3.965400e-09 3.970500e-09 5.100000e-12
-1.150000e+00 -1.150000e+00 -8.000000e-01 7.430110e-05 -7.430120e-05 -3.965400e-09 3.970500e-09 9.490000e-11
-1.160000e+00 -1.160000e+00 -8.000000e-01 7.435230e-05 -7.435230e-05 -3.965400e-09 3.970400e-09 5.000000e-12
-1.170000e+00 -1.170000e+00 -8.000000e-01 7.440520e-05 -7.440520e-05 -3.965400e-09 3.970400e-09 5.000000e-12
-1.180000e+00 -1.180000e+00 -8.000000e-01 7.445980e-05 -7.445980e-05 -3.965400e-09 3.970400e-09 5.000000e-12
-1.190000e+00 -1.190000e+00 -8.000000e-01 7.451610e-05 -7.451610e-05 -3.965400e-09 3.970400e-09 5.000000e-12
-1.200000e+00 -1.200000e+00 -8.000000e-01 7.457420e-05 -7.457420e-05 -3.965400e-09 3.970300e-09 4.900000e-12
0.000000e+00 0.000000e+00 -1.000000e+00 -2.020200e-11 -2.020200e-11 -1.929000e-07 1.929404e-07 4.000000e-15
-1.000000e-02 -1.000000e-02 -1.000000e+00 6.934500e-06 -6.934600e-06 -1.929000e-07 1.929404e-07 5.960000e-11
-2.000000e-02 -2.000000e-02 -1.000000e+00 1.372120e-05 -1.372130e-05 -1.929000e-07 1.929402e-07 5.980000e-11
-3.000000e-02 -3.000000e-02 -1.000000e+00 2.036000e-05 -2.036000e-05 -1.929001e-07 1.929399e-07 3.980000e-11
-4.000000e-02 -4.000000e-02 -1.000000e+00 2.685090e-05 -2.685090e-05 -1.929001e-07 1.929397e-07 3.960000e-11
-5.000000e-02 -5.000000e-02 -1.000000e+00 3.319390e-05 -3.319400e-05 -1.929001e-07 1.929395e-07 6.060000e-11
-6.000000e-02 -6.000000e-02 -1.000000e+00 3.938910e-05 -3.938920e-05 -1.929001e-07 1.929393e-07 6.080000e-11
-7.000000e-02 -7.000000e-02 -1.000000e+00 4.543650e-05 -4.543660e-05 -1.929001e-07 1.929391e-07 6.100000e-11
-8.000000e-02 -8.000000e-02 -1.000000e+00 5.133610e-05 -5.133610e-05 -1.929001e-07 1.929389e-07 3.880000e-11
-9.000000e-02 -9.000000e-02 -1.000000e+00 5.708790e-05 -5.708800e-05 -1.929001e-07 1.929387e-07 6.140000e-11
-1.000000e-01 -1.000000e-01 -1.000000e+00 6.269200e-05 -6.269200e-05 -1.929001e-07 1.929385e-07 3.840000e-11
-1.100000e-01 -1.100000e-01 -1.000000e+00 6.814830e-05 -6.814840e-05 -1.929001e-07 1.929383e-07 6.180000e-11
-1.200000e-01 -1.200000e-01 -1.000000e+00 7.345700e-05 -7.345700e-05 -1.929002e-07 1.929381e-07 3.790000e-11
-1.300000e-01 -1.300000e-01 -1.000000e+00 7.861810e-05 -7.861810e-05 -1.929002e-07 1.929379e-07 3.770000e-11
-1.400000e-01 -1.400000e-01 -1.000000e+00 8.363160e-05 -8.363160e-05 -1.929002e-07 1.929377e-07 3.750000e-11
-1.500000e-01 -1.500000e-01 -1.000000e+00 8.849750e-05 -8.849760e-05 -1.929002e-07 1.929375e-07 6.270000e-11
-1.600000e-01 -1.600000e-01 -1.000000e+00 9.321610e-05 -9.321610e-05 -1.929002e-07 1.929373e-07 3.710000e-11
-1.700000e-01 -1.700000e-01 -1.000000e+00 9.778720e-05 -9.778730e-05 -1.929002e-07 1.929372e-07 6.300000e-11
-1.800000e-01 -1.800000e-01 -1.000000e+00 1.022112e-04 -1.022112e-04 -1.929002e-07 1.929370e-07 3.680000e-11
-1.900000e-01 -1.900000e-01 -1.000000e+00 1.064879e-04 -1.064879e-04 -1.929002e-07 1.929368e-07 3.660000e-11
-2.000000e-01 -2.000000e-01 -1.000000e+00 1.106176e-04 -1.106177e-04 -1.929002e-07 1.929366e-07 6.360000e-11
-2.100000e-01 -2.100000e-01 -1.000000e+00 1.146005e-04 -1.146005e-04 -1.929003e-07 1.929364e-07 3.610000e-11
-2.200000e-01 -2.200000e-01 -1.000000e+00 1.184366e-04 -1.184366e-04 -1.929003e-07 1.929363e-07 3.600000e-11
-2.300000e-01 -2.300000e-01 -1.000000e+00 1.221262e-04 -1.221262e-04 -1.929003e-07 1.929361e-07 3.580000e-11
-2.400000e-01 -2.400000e-01 -1.000000e+00 1.256695e-04 -1.256695e-04 -1.929003e-07 1.929359e-07 3.560000e-11
-2.500000e-01 -2.500000e-01 -1.000000e+00 1.290668e-04 -1.290668e-04 -1.929003e-07 1.929357e-07 3.540000e-11
-2.600000e-01 -2.600000e-01 -1.000000e+00 1.323184e-04 -1.323184e-04 -1.929003e-07 1.929356e-07 3.530000e-11
-2.700000e-01 -2.700000e-01 -1.000000e+00 1.354246e-04 -1.354247e-04 -1.929003e-07 1.929354e-07 6.490000e-11
-2.800000e-01 -2.800000e-01 -1.000000e+00 1.383860e-04 -1.383860e-04 -1.929003e-07 1.929352e-07 3.490000e-11
-2.900000e-01 -2.900000e-01 -1.000000e+00 1.412030e-04 -1.412031e-04 -1.929003e-07 1.929351e-07 6.520000e-11
-3.000000e-01 -3.000000e-01 -1.000000e+00 1.438763e-04 -1.438764e-04 -1.929004e-07 1.929349e-07 6.550000e-11
-3.100000e-01 -3.100000e-01 -1.000000e+00 1.464066e-04 -1.464067e-04 -1.929004e-07 1.929347e-07 6.570000e-11
-3.200000e-01 -3.200000e-01 -1.000000e+00 1.487949e-04 -1.487949e-04 -1.929004e-07 1.929346e-07 3.420000e-11
-3.300000e-01 -3.300000e-01 -1.000000e+00 1.510421e-04 -1.510421e-04 -1.929004e-07 1.929344e-07 3.400000e-11
-3.400000e-01 -3.400000e-01 -1.000000e+00 1.531495e-04 -1.531495e-04 -1.929004e-07 1.929343e-07 3.390000e-11
-3.500000e-01 -3.500000e-01 -1.000000e+00 1.551187e-04 -1.551187e-04 -1.929004e-07 1.929341e-07 3.370000e-11
-3.600000e-01 -3.600000e-01 -1.000000e+00 1.569515e-04 -1.569515e-04 -1.929004e-07 1.929339e-07 3.350000e-11
-3.700000e-01 -3.700000e-01 -1.000000e+00 1.586500e-04 -1.586501e-04 -1.929004e-07 1.929338e-07 6.660000e-11
-3.800000e-01 -3.800000e-01 -1.000000e+00 1.602169e-04 -1.602170e-04 -1.929004e-07 1.929336e-07 6.680000e-11
-3.900000e-01 -3.900000e-01 -1.000000e+00 1.616553e-04 -1.616553e-04 -1.929004e-07 1.929335e-07 3.310000e-11
-4.000000e-01 -4.000000e-01 -1.000000e+00 1.629687e-04 -1.629687e-04 -1.929005e-07 1.929333e-07 3.280000e-11
-4.100000e-01 -4.100000e-01 -1.000000e+00 1.641614e-04 -1.641614e-04 -1.929005e-07 1.929331e-07 3.260000e-11
-4.200000e-01 -4.200000e-01 -1.000000e+00 1.652382e-04 -1.652382e-04 -1.929005e-07 1.929330e-07 3.250000e-11
-4.300000e-01 -4.300000e-01 -1.000000e+00 1.662048e-04 -1.662048e-04 -1.929005e-07 1.929328e-07 3.230000e-11
-4.400000e-01 -4.400000e-01 -1.000000e+00 1.670673e-04 -1.670673e-04 -1.929005e-07 1.929327e-07 3.220000e-11
-4.500000e-01 -4.500000e-01 -1.000000e+00 1.678326e-04 -1.678326e-04 -1.929005e-07 1.929325e-07 3.200000e-11
-4.600000e-01 -4.600000e-01 -1.000000e+00 1.685080e-04 -1.685081e-04 -1.929005e-07 1.929324e-07 6.810000e-11
-4.700000e-01 -4.700000e-01 -1.000000e+00 1.691014e-04 -1.691014e-04 -1.929005e-07 1.929322e-07 3.170000e-11
-4.800000e-01 -4.800000e-01 -1.000000e+00 1.696206e-04 -1.696207e-04 -1.929005e-07 1.929321e-07 6.840000e-11
-4.900000e-01 -4.900000e-01 -1.000000e+00 1.700737e-04 -1.700737e-04 -1.929006e-07 1.929319e-07 3.130000e-11
-5.000000e-01 -5.000000e-01 -1.000000e+00 1.704682e-04 -1.704683e-04 -1.929006e-07 1.929318e-07 6.880000e-11
-5.100000e-01 -5.100000e-01 -1.000000e+00 1.708117e-04 -1.708117e-04 -1.929006e-07 1.929317e-07 3.110000e-11
-5.200000e-01 -5.200000e-01 -1.000000e+00 1.711109e-04 -1.711109e-04 -1.929006e-07 1.929315e-07 3.090000e-11
-5.300000e-01 -5.300000e-01 -1.000000e+00 1.713720e-04 -1.713721e-04 -1.929006e-07 1.929314e-07 6.920000e-11
-5.400000e-01 -5.400000e-01 -1.000000e+00 1.716007e-04 -1.716007e-04 -1.929006e-07 1.929312e-07 3.060000e-11
-5.500000e-01 -5.500000e-01 -1.000000e+00 1.718016e-04 -1.718017e-04 -1.929006e-07 1.929311e-07 6.950000e-11
-5.600000e-01 -5.600000e-01 -1.000000e+00 1.719792e-04 -1.719792e-04 -1.929006e-07 1.929310e-07 3.040000e-11
-5.700000e-01 -5.700000e-01 -1.000000e+00 1.721369e-04 -1.721369e-04 -1.929006e-07 1.929308e-07 3.020000e-11
-5.800000e-01 -5.800000e-01 -1.000000e+00 1.722778e-04 -1.722779e-04 -1.929007e-07 1.929307e-07 7.000000e-11
-5.900000e-01 -5.900000e-01 -1.000000e+00 1.724046e-04 -1.724047e-04 -1.929007e-07 1.929305e-07 7.020000e-11
-6.000000e-01 -6.000000e-01 -1.000000e+00 1.725194e-04 -1.725194e-04 -1.929007e-07 1.929304e-07 2.970000e-11
-6.100000e-01 -6.100000e-01 -1.000000e+00 1.726240e-04 -1.726240e-04 -1.929007e-07 1.929303e-07 2.960000e-11
-6.200000e-01 -6.200000e-01 -1.000000e+00 1.727199e-04 -1.727199e-04 -1.929007e-07 1.929301e-07 2.940000e-11
-6.300000e-01 -6.300000e-01 -1.000000e+00 1.728084e-04 -1.728085e-04 -1.929007e-07 1.929300e-07 7.070000e-11
-6.400000e-01 -6.400000e-01 -1.000000e+00 1.728906e-04 -1.728906e-04 -1.929007e-07 1.929299e-07 2.920000e-11
-6.500000e-01 -6.500000e-01 -1.000000e+00 1.729674e-04 -1.729674e-04 -1.929007e-07 1.929297e-07 2.900000e-11
-6.600000e-01 -6.600000e-01 -1.000000e+00 1.730394e-04 -1.730394e-04 -1.929007e-07 1.929296e-07 2.890000e-11
-6.700000e-01 -6.700000e-01 -1.000000e+00 1.731074e-04 -1.731074e-04 -1.929007e-07 1.929295e-07 2.880000e-11
-6.800000e-01 -6.800000e-01 -1.000000e+00 1.731719e-04 -1.731719e-04 -1.929008e-07 1.929293e-07 2.850000e-11
-6.900000e-01 -6.900000e-01 -1.000000e+00 1.732332e-04 -1.732332e-04 -1.929008e-07 1.929292e-07 2.840000e-11
-7.000000e-01 -7.000000e-01 -1.000000e+00 1.732919e-04 -1.732919e-04 -1.929008e-07 1.929291e-07 2.830000e-11
-7.100000e-01 -7.100000e-01 -1.000000e+00 1.733481e-04 -1.733482e-04 -1.929008e-07 1.929290e-07 7.180000e-11
-7.200000e-01 -7.200000e-01 -1.000000e+00 1.734023e-04 -1.734023e-04 -1.929008e-07 1.929288e-07 2.800000e-11
-7.300000e-01 -7.300000e-01 -1.000000e+00 1.734546e-04 -1.734546e-04 -1.929008e-07 1.929287e-07 2.790000e-11
-7.400000e-01 -7.400000e-01 -1.000000e+00 1.735053e-04 -1.735053e-04 -1.929008e-07 1.929286e-07 2.780000e-11
-7.500000e-01 -7.500000e-01 -1.000000e+00 1.735544e-04 -1.735545e-04 -1.929008e-07 1.929285e-07 7.230000e-11
-7.600000e-01 -7.600000e-01 -1.000000e+00 1.736023e-04 -1.736023e-04 -1.929008e-07 1.929283e-07 2.750000e-11
-7.700000e-01 -7.700000e-01 -1.000000e+00 1.736489e-04 -1.736489e-04 -1.929009e-07 1.929282e-07 2.730000e-11
-7.800000e-01 -7.800000e-01 -1.000000e+00 1.736945e-04 -1.736945e-04 -1.929009e-07 1.929281e-07 2.720000e-11
-7.900000e-01 -7.900000e-01 -1.000000e+00 1.737391e-04 -1.737391e-04 -1.929009e-07 1.929280e-07 2.710000e-11
-8.000000e-01 -8.000000e-01 -1.000000e+00 1.737828e-04 -1.737829e-04 -1.929009e-07 1.929279e-07 7.300000e-11
-8.100000e-01 -8.100000e-01 -1.000000e+00 1.738258e-04 -1.738258e-04 -1.929009e-07 1.929277e-07 2.680000e-11
-8.200000e-01 -8.200000e-01 -1.000000e+00 1.738681e-04 -1.738681e-04 -1.929009e-07 1.929276e-07 2.670000e-11
-8.300000e-01 -8.300000e-01 -1.000000e+00 1.739098e-04 -1.739098e-04 -1.929009e-07 1.929275e-07 2.660000e-11
-8.400000e-01 -8.400000e-01 -1.000000e+00 1.739509e-04 -1.739509e-04 -1.929009e-07 1.929274e-07 2.650000e-11
-8.500000e-01 -8.500000e-01 -1.000000e+00 1.739915e-04 -1.739915e-04 -1.929009e-07 1.929273e-07 2.640000e-11
-8.600000e-01 -8.600000e-01 -1.000000e+00 1.740317e-04 -1.740318e-04 -1.929010e-07 1.929271e-07 7.390000e-11
-8.700000e-01 -8.700000e-01 -1.000000e+00 1.740716e-04 -1.740717e-04 -1.929010e-07 1.929270e-07 7.400000e-11
-8.800000e-01 -8.800000e-01 -1.000000e+00 1.741112e-04 -1.741113e-04 -1.929010e-07 1.929269e-07 7.410000e-11
-8.900000e-01 -8.900000e-01 -1.000000e+00 1.741506e-04 -1.741507e-04 -1.929010e-07 1.929268e-07 7.420000e-11
-9.000000e-01 -9.000000e-01 -1.000000e+00 1.741899e-04 -1.741899e-04 -1.929010e-07 1.929267e-07 2.570000e-11
-9.100000e-01 -9.100000e-01 -1.000000e+00 1.742291e-04 -1.742291e-04 -1.929010e-07 1.929266e-07 2.560000e-11
-9.200000e-01 -9.200000e-01 -1.000000e+00 1.742683e-04 -1.742683e-04 -1.929010e-07 1.929265e-07 2.550000e-11
-9.300000e-01 -9.300000e-01 -1.000000e+00 1.743075e-04 -1.743076e-04 -1.929010e-07 1.929264e-07 7.460000e-11
-9.400000e-01 -9.400000e-01 -1.000000e+00 1.743469e-04 -1.743470e-04 -1.929010e-07 1.929262e-07 7.480000e-11
-9.500000e-01 -9.500000e-01 -1.000000e+00 1.743866e-04 -1.743866e-04 -1.929011e-07 1.929261e-07 2.500000e-11
-9.600000e-01 -9.600000e-01 -1.000000e+00 1.744265e-04 -1.744265e-04 -1.929011e-07 1.929260e-07 2.490000e-11
-9.700000e-01 -9.700000e-01 -1.000000e+00 1.744668e-04 -1.744668e-04 -1.929011e-07 1.929259e-07 2.480000e-11
-9.800000e-01 -9.800000e-01 -1.000000e+00 1.745075e-04 -1.745076e-04 -1.929011e-07 1.929258e-07 7.530000e-11
-9.900000e-01 -9.900000e-01 -1.000000e+00 1.745488e-04 -1.745489e-04 -1.929011e-07 1.929257e-07 7.540000e-11
-1.000000e+00 -1.000000e+00 -1.000000e+00 1.745908e-04 -1.745908e-04 -1.929011e-07 1.929256e-07 2.450000e-11
-1.010000e+00 -1.010000e+00 -1.000000e+00 1.746335e-04 -1.746335e-04 -1.929011e-07 1.929255e-07 2.440000e-11
-1.020000e+00 -1.020000e+00 -1.000000e+00 1.746770e-04 -1.746770e-04 -1.929011e-07 1.929254e-07 2.430000e-11
-1.030000e+00 -1.030000e+00 -1.000000e+00 1.747214e-04 -1.747214e-04 -1.929011e-07 1.929253e-07 2.420000e-11
-1.040000e+00 -1.040000e+00 -1.000000e+00 1.747668e-04 -1.747669e-04 -1.929012e-07 1.929252e-07 7.600000e-11
-1.050000e+00 -1.050000e+00 -1.000000e+00 1.748134e-04 -1.748134e-04 -1.929012e-07 1.929251e-07 2.390000e-11
-1.060000e+00 -1.060000e+00 -1.000000e+00 1.748612e-04 -1.748612e-04 -1.929012e-07 1.929250e-07 2.380000e-11
-1.070000e+00 -1.070000e+00 -1.000000e+00 1.749103e-04 -1.749103e-04 -1.929012e-07 1.929249e-07 2.370000e-11
-1.080000e+00 -1.080000e+00 -1.000000e+00 1.749608e-04 -1.749608e-04 -1.929012e-07 1.929248e-07 2.360000e-11
-1.090000e+00 -1.090000e+00 -1.000000e+00 1.750128e-04 -1.750128e-04 -1.929012e-07 1.929247e-07 2.350000e-11
-1.100000e+00 -1.100000e+00 -1.000000e+00 1.750665e-04 -1.750665e-04 -1.929012e-07 1.929246e-07 2.340000e-11
-1.110000e+00 -1.110000e+00 -1.000000e+00 1.751219e-04 -1.751219e-04 -1.929012e-07 1.929245e-07 2.330000e-11
-1.120000e+00 -1.120000e+00 -1.000000e+00 1.751791e-04 -1.751791e-04 -1.929012e-07 1.929244e-07 2.320000e-11
-1.130000e+00 -1.130000e+00 -1.000000e+00 1.752383e-04 -1.752383e-04 -1.929012e-07 1.929243e-07 2.310000e-11
-1.140000e+00 -1.140000e+00 -1.000000e+00 1.752996e-04 -1.752996e-04 -1.929013e-07 1.929242e-07 2.290000e-11
-1.150000e+00 -1.150000e+00 -1.000000e+00 1.753630e-04 -1.753630e-04 -1.929013e-07 1.929241e-07 2.280000e-11
-1.160000e+00 -1.160000e+00 -1.000000e+00 1.754287e-04 -1.754287e-04 -1.929013e-07 1.929240e-07 2.270000e-11
-1.170000e+00 -1.170000e+00 -1.000000e+00 1.754968e-04 -1.754968e-04 -1.929013e-07 1.929239e-07 2.260000e-11
-1.180000e+00 -1.180000e+00 -1.000000e+00 1.755673e-04 -1.755673e-04 -1.929013e-07 1.929238e-07 2.250000e-11
-1.190000e+00 -1.190000e+00 -1.000000e+00 1.756405e-04 -1.756405e-04 -1.929013e-07 1.929237e-07 2.240000e-11
-1.200000e+00 -1.200000e+00 -1.000000e+00 1.757163e-04 -1.757163e-04 -1.929013e-07 1.929236e-07 2.230000e-11
0.000000e+00 0.000000e+00 -1.200000e+00 -6.399100e-11 -6.399100e-11 -6.335900e-06 6.336100e-06 7.201800e-11
-1.000000e-02 -1.000000e-02 -1.200000e+00 9.238800e-06 -9.239000e-06 -6.335900e-06 6.336100e-06 2.541099e-21
-2.000000e-02 -2.000000e-02 -1.200000e+00 1.833270e-05 -1.833280e-05 -6.335900e-06 6.336100e-06 1.000000e-10
-3.000000e-02 -3.000000e-02 -1.200000e+00 2.728150e-05 -2.728160e-05 -6.335900e-06 6.336100e-06 1.000000e-10
-4.000000e-02 -4.000000e-02 -1.200000e+00 3.608530e-05 -3.608540e-05 -6.335900e-06 6.336100e-06 1.000000e-10
-5.000000e-02 -5.000000e-02 -1.200000e+00 4.474400e-05 -4.474410e-05 -6.335900e-06 6.336100e-06 1.000000e-10
-6.000000e-02 -6.000000e-02 -1.200000e+00 5.325760e-05 -5.325780e-05 -6.335900e-06 6.336100e-06 7.623297e-21
-7.000000e-02 -7.000000e-02 -1.200000e+00 6.162620e-05 -6.162640e-05 -6.335900e-06 6.336100e-06 8.470329e-22
-8.000000e-02 -8.000000e-02 -1.200000e+00 6.984980e-05 -6.984990e-05 -6.335900e-06 6.336100e-06 1.000000e-10
-9.000000e-02 -9.000000e-02 -1.200000e+00 7.792830e-05 -7.792850e-05 -6.335900e-06 6.336100e-06 1.439956e-20
-1.000000e-01 -1.000000e-01 -1.200000e+00 8.586180e-05 -8.586190e-05 -6.335900e-06 6.336100e-06 1.000000e-10
-1.100000e-01 -1.100000e-01 -1.200000e+00 9.365030e-05 -9.365040e-05 -6.335900e-06 6.336100e-06 1.000000e-10
-1.200000e-01 -1.200000e-01 -1.200000e+00 1.012937e-04 -1.012938e-04 -6.335900e-06 6.336000e-06 6.776264e-21
-1.300000e-01 -1.300000e-01 -1.200000e+00 1.087921e-04 -1.087922e-04 -6.335900e-06 6.336000e-06 2.032879e-20
-1.400000e-01 -1.400000e-01 -1.200000e+00 1.161455e-04 -1.161456e-04 -6.335900e-06 6.336000e-06 6.776264e-21
-1.500000e-01 -1.500000e-01 -1.200000e+00 1.233538e-04 -1.233539e-04 -6.335900e-06 6.336000e-06 2.032879e-20
-1.600000e-01 -1.600000e-01 -1.200000e+00 1.304172e-04 -1.304173e-04 -6.335900e-06 6.336000e-06 6.776264e-21
-1.700000e-01 -1.700000e-01 -1.200000e+00 1.373356e-04 -1.373357e-04 -6.335900e-06 6.336000e-06 6.776264e-21
-1.800000e-01 -1.800000e-01 -1.200000e+00 1.441091e-04 -1.441092e-04 -6.335900e-06 6.336000e-06 2.032879e-20
-1.900000e-01 -1.900000e-01 -1.200000e+00 1.507376e-04 -1.507377e-04 -6.335900e-06 6.336000e-06 6.776264e-21
-2.000000e-01 -2.000000e-01 -1.200000e+00 1.572212e-04 -1.572213e-04 -6.335900e-06 6.336000e-06 6.776264e-21
-2.100000e-01 -2.100000e-01 -1.200000e+00 1.635599e-04 -1.635600e-04 -6.335900e-06 6.336000e-06 6.776264e-21
-2.200000e-01 -2.200000e-01 -1.200000e+00 1.697537e-04 -1.697538e-04 -6.335900e-06 6.336000e-06 6.776264e-21
-2.300000e-01 -2.300000e-01 -1.200000e+00 1.758027e-04 -1.758028e-04 -6.335900e-06 6.336000e-06 2.032879e-20
-2.400000e-01 -2.400000e-01 -1.200000e+00 1.817069e-04 -1.817070e-04 -6.335900e-06 6.336000e-06 2.032879e-20
-2.500000e-01 -2.500000e-01 -1.200000e+00 1.874663e-04 -1.874664e-04 -6.335900e-06 6.336000e-06 6.776264e-21
-2.600000e-01 -2.600000e-01 -1.200000e+00 1.930810e-04 -1.930812e-04 -6.335900e-06 6.336000e-06 1.000000e-10
-2.700000e-01 -2.700000e-01 -1.200000e+00 1.985511e-04 -1.985512e-04 -6.335900e-06 6.336000e-06 6.776264e-21
-2.800000e-01 -2.800000e-01 -1.200000e+00 2.038766e-04 -2.038767e-04 -6.335900e-06 6.336000e-06 6.776264e-21
-2.900000e-01 -2.900000e-01 -1.200000e+00 2.090576e-04 -2.090577e-04 -6.335900e-06 6.336000e-06 6.776264e-21
-3.000000e-01 -3.000000e-01 -1.200000e+00 2.140941e-04 -2.140942e-04 -6.335900e-06 6.336000e-06 6.776264e-21
-3.100000e-01 -3.100000e-01 -1.200000e+00 2.189863e-04 -2.189864e-04 -6.335900e-06 6.336000e-06 2.032879e-20
-3.200000e-01 -3.200000e-01 -1.200000e+00 2.237343e-04 -2.237344e-04 -6.335900e-06 6.336000e-06 6.776264e-21
-3.300000e-01 -3.300000e-01 -1.200000e+00 2.283381e-04 -2.283382e-04 -6.335900e-06 6.336000e-06 6.776264e-21
-3.400000e-01 -3.400000e-01 -1.200000e+00 2.327979e-04 -2.327980e-04 -6.335900e-06 6.336000e-06 6.776264e-21
-3.500000e-01 -3.500000e-01 -1.200000e+00 2.371139e-04 -2.371140e-04 -6.335900e-06 6.336000e-06 6.776264e-21
-3.600000e-01 -3.600000e-01 -1.200000e+00 2.412862e-04 -2.412863e-04 -6.335900e-06 6.336000e-06 6.776264e-21
-3.700000e-01 -3.700000e-01 -1.200000e+00 2.453151e-04 -2.453152e-04 -6.335900e-06 6.336000e-06 2.032879e-20
-3.800000e-01 -3.800000e-01 -1.200000e+00 2.492007e-04 -2.492009e-04 -6.335900e-06 6.336000e-06 1.000000e-10
-3.900000e-01 -3.900000e-01 -1.200000e+00 2.529434e-04 -2.529435e-04 -6.335900e-06 6.336000e-06 3.388132e-20
-4.000000e-01 -4.000000e-01 -1.200000e+00 2.565435e-04 -2.565436e-04 -6.335900e-06 6.336000e-06 3.388132e-20
-4.100000e-01 -4.100000e-01 -1.200000e+00 2.600012e-04 -2.600014e-04 -6.335900e-06 6.336000e-06 1.000000e-10
-4.200000e-01 -4.200000e-01 -1.200000e+00 2.633171e-04 -2.633172e-04 -6.335900e-06 6.336000e-06 3.388132e-20
-4.300000e-01 -4.300000e-01 -1.200000e+00 2.664916e-04 -2.664917e-04 -6.335900e-06 6.336000e-06 2.032879e-20
-4.400000e-01 -4.400000e-01 -1.200000e+00 2.695253e-04 -2.695254e-04 -6.335900e-06 6.336000e-06 2.032879e-20
-4.500000e-01 -4.500000e-01 -1.200000e+00 2.724188e-04 -2.724189e-04 -6.335900e-06 6.336000e-06 3.388132e-20
-4.600000e-01 -4.600000e-01 -1.200000e+00 2.751728e-04 -2.751729e-04 -6.335900e-06 6.336000e-06 3.388132e-20
-4.700000e-01 -4.700000e-01 -1.200000e+00 2.777883e-04 -2.777884e-04 -6.335900e-06 6.336000e-06 3.388132e-20
-4.800000e-01 -4.800000e-01 -1.200000e+00 2.802663e-04 -2.802664e-04 -6.335900e-06 6.336000e-06 2.032879e-20
-4.900000e-01 -4.900000e-01 -1.200000e+00 2.826080e-04 -2.826081e-04 -6.335900e-06 6.336000e-06 2.032879e-20
-5.000000e-01 -5.000000e-01 -1.200000e+00 2.848148e-04 -2.848149e-04 -6.335900e-06 6.336000e-06 3.388132e-20
-5.100000e-01 -5.100000e-01 -1.200000e+00 2.868884e-04 -2.868885e-04 -6.335900e-06 6.336000e-06 3.388132e-20
-5.200000e-01 -5.200000e-01 -1.200000e+00 2.888305e-04 -2.888306e-04 -6.335900e-06 6.336000e-06 3.388132e-20
-5.300000e-01 -5.300000e-01 -1.200000e+00 2.906436e-04 -2.906437e-04 -6.335900e-06 6.336000e-06 3.388132e-20
-5.400000e-01 -5.400000e-01 -1.200000e+00 2.923301e-04 -2.923302e-04 -6.335900e-06 6.336000e-06 2.032879e-20
-5.500000e-01 -5.500000e-01 -1.200000e+00 2.938930e-04 -2.938931e-04 -6.335900e-06 6.336000e-06 3.388132e-20
-5.600000e-01 -5.600000e-01 -1.200000e+00 2.953358e-04 -2.953359e-04 -6.335900e-06 6.336000e-06 2.032879e-20
-5.700000e-01 -5.700000e-01 -1.200000e+00 2.966622e-04 -2.966623e-04 -6.335900e-06 6.336000e-06 3.388132e-20
-5.800000e-01 -5.800000e-01 -1.200000e+00 2.978766e-04 -2.978767e-04 -6.335900e-06 6.336000e-06 3.388132e-20
-5.900000e-01 -5.900000e-01 -1.200000e+00 2.989839e-04 -2.989840e-04 -6.335900e-06 6.336000e-06 2.032879e-20
-6.000000e-01 -6.000000e-01 -1.200000e+00 2.999893e-04 -2.999894e-04 -6.335900e-06 6.336000e-06 2.032879e-20
-6.100000e-01 -6.100000e-01 -1.200000e+00 3.008988e-04 -3.008989e-04 -6.335900e-06 6.336000e-06 3.388132e-20
-6.200000e-01 -6.200000e-01 -1.200000e+00 3.017183e-04 -3.017184e-04 -6.335900e-06 6.336000e-06 2.032879e-20
-6.300000e-01 -6.300000e-01 -1.200000e+00 3.024545e-04 -3.024546e-04 -6.335900e-06 6.336000e-06 3.388132e-20
-6.400000e-01 -6.400000e-01 -1.200000e+00 3.031139e-04 -3.031140e-04 -6.335900e-06 6.336000e-06 2.032879e-20
-6.500000e-01 -6.500000e-01 -1.200000e+00 3.037033e-04 -3.037034e-04 -6.335900e-06 6.336000e-06 2.032879e-20
-6.600000e-01 -6.600000e-01 -1.200000e+00 3.042293e-04 -3.042294e-04 -6.335900e-06 6.336000e-06 2.032879e-20
-6.700000e-01 -6.700000e-01 -1.200000e+00 3.046986e-04 -3.046987e-04 -6.335900e-06 6.336000e-06 2.032879e-20
-6.800000e-01 -6.800000e-01 -1.200000e+00 3.051172e-04 -3.051173e-04 -6.335900e-06 6.336000e-06 2.032879e-20
-6.900000e-01 -6.900000e-01 -1.200000e+00 3.054910e-04 -3.054911e-04 -6.335900e-06 6.336000e-06 3.388132e-20
-7.000000e-01 -7.000000e-01 -1.200000e+00 3.058255e-04 -3.058256e-04 -6.335900e-06 6.336000e-06 3.388132e-20
-7.100000e-01 -7.100000e-01 -1.200000e+00 3.061254e-04 -3.061255e-04 -6.335900e-06 6.336000e-06 2.032879e-20
-7.200000e-01 -7.200000e-01 -1.200000e+00 3.063953e-04 -3.063954e-04 -6.335900e-06 6.336000e-06 2.032879e-20
-7.300000e-01 -7.300000e-01 -1.200000e+00 3.066391e-04 -3.066392e-04 -6.335900e-06 6.336000e-06 3.388132e-20
-7.400000e-01 -7.400000e-01 -1.200000e+00 3.068602e-04 -3.068603e-04 -6.335900e-06 6.336000e-06 2.032879e-20
-7.500000e-01 -7.500000e-01 -1.200000e+00 3.070617e-04 -3.070618e-04 -6.335900e-06 6.336000e-06 3.388132e-20
-7.600000e-01 -7.600000e-01 -1.200000e+00 3.072461e-04 -3.072462e-04 -6.335900e-06 6.336000e-06 2.032879e-20
-7.700000e-01 -7.700000e-01 -1.200000e+00 3.074158e-04 -3.074159e-04 -6.335900e-06 6.336000e-06 3.388132e-20
-7.800000e-01 -7.800000e-01 -1.200000e+00 3.075727e-04 -3.075728e-04 -6.335900e-06 6.336000e-06 7.453890e-20
-7.900000e-01 -7.900000e-01 -1.200000e+00 3.077185e-04 -3.077186e-04 -6.335900e-06 6.336000e-06 7.453890e-20
-8.000000e-01 -8.000000e-01 -1.200000e+00 3.078547e-04 -3.078548e-04 -6.335900e-06 6.336000e-06 3.388132e-20
-8.100000e-01 -8.100000e-01 -1.200000e+00 3.079824e-04 -3.079825e-04 -6.335900e-06 6.336000e-06 3.388132e-20
-8.200000e-01 -8.200000e-01 -1.200000e+00 3.081027e-04 -3.081028e-04 -6.335900e-06 6.336000e-06 2.032879e-20
-8.300000e-01 -8.300000e-01 -1.200000e+00 3.082166e-04 -3.082167e-04 -6.335900e-06 6.336000e-06 2.032879e-20
-8.400000e-01 -8.400000e-01 -1.200000e+00 3.083248e-04 -3.083249e-04 -6.335900e-06 6.336000e-06 3.388132e-20
-8.500000e-01 -8.500000e-01 -1.200000e+00 3.084280e-04 -3.084280e-04 -6.335900e-06 6.336000e-06 1.000000e-10
-8.600000e-01 -8.600000e-01 -1.200000e+00 3.085267e-04 -3.085268e-04 -6.335900e-06 6.336000e-06 7.453890e-20
-8.700000e-01 -8.700000e-01 -1.200000e+00 3.086215e-04 -3.086216e-04 -6.335900e-06 6.336000e-06 2.032879e-20
-8.800000e-01 -8.800000e-01 -1.200000e+00 3.087128e-04 -3.087129e-04 -6.335900e-06 6.336000e-06 2.032879e-20
-8.900000e-01 -8.900000e-01 -1.200000e+00 3.088010e-04 -3.088011e-04 -6.335900e-06 6.336000e-06 3.388132e-20
-9.000000e-01 -9.000000e-01 -1.200000e+00 3.088865e-04 -3.088865e-04 -6.335900e-06 6.336000e-06 1.000000e-10
-9.100000e-01 -9.100000e-01 -1.200000e+00 3.089693e-04 -3.089694e-04 -6.335900e-06 6.336000e-06 3.388132e-20
-9.200000e-01 -9.200000e-01 -1.200000e+00 3.090500e-04 -3.090501e-04 -6.335900e-06 6.336000e-06 2.032879e-20
-9.300000e-01 -9.300000e-01 -1.200000e+00 3.091286e-04 -3.091287e-04 -6.335900e-06 6.336000e-06 2.032879e-20
-9.400000e-01 -9.400000e-01 -1.200000e+00 3.092054e-04 -3.092054e-04 -6.335900e-06 6.336000e-06 1.000000e-10
-9.500000e-01 -9.500000e-01 -1.200000e+00 3.092805e-04 -3.092806e-04 -6.335900e-06 6.336000e-06 2.032879e-20
-9.600000e-01 -9.600000e-01 -1.200000e+00 3.093541e-04 -3.093542e-04 -6.335900e-06 6.336000e-06 2.032879e-20
-9.700000e-01 -9.700000e-01 -1.200000e+00 3.094264e-04 -3.094264e-04 -6.335900e-06 6.336000e-06 1.000000e-10
-9.800000e-01 -9.800000e-01 -1.200000e+00 3.094974e-04 -3.094975e-04 -6.335900e-06 6.336000e-06 2.032879e-20
-9.900000e-01 -9.900000e-01 -1.200000e+00 3.095674e-04 -3.095675e-04 -6.335900e-06 6.336000e-06 2.032879e-20
-1.000000e+00 -1.000000e+00 -1.200000e+00 3.096364e-04 -3.096365e-04 -6.335900e-06 6.336000e-06 3.388132e-20
-1.010000e+00 -1.010000e+00 -1.200000e+00 3.097046e-04 -3.097047e-04 -6.335900e-06 6.336000e-06 2.032879e-20
-1.020000e+00 -1.020000e+00 -1.200000e+00 3.097721e-04 -3.097722e-04 -6.335900e-06 6.336000e-06 2.032879e-20
-1.030000e+00 -1.030000e+00 -1.200000e+00 3.098390e-04 -3.098390e-04 -6.335900e-06 6.336000e-06 1.000000e-10
-1.040000e+00 -1.040000e+00 -1.200000e+00 3.099053e-04 -3.099054e-04 -6.335900e-06 6.336000e-06 2.032879e-20
-1.050000e+00 -1.050000e+00 -1.200000e+00 3.099713e-04 -3.099714e-04 -6.335900e-06 6.336000e-06 3.388132e-20
-1.060000e+00 -1.060000e+00 -1.200000e+00 3.100370e-04 -3.100371e-04 -6.335900e-06 6.336000e-06 3.388132e-20
-1.070000e+00 -1.070000e+00 -1.200000e+00 3.101026e-04 -3.101027e-04 -6.335900e-06 6.336000e-06 3.388132e-20
-1.080000e+00 -1.080000e+00 -1.200000e+00 3.101681e-04 -3.101682e-04 -6.335900e-06 6.336000e-06 3.388132e-20
-1.090000e+00 -1.090000e+00 -1.200000e+00 3.102338e-04 -3.102338e-04 -6.335900e-06 6.336000e-06 1.000000e-10
-1.100000e+00 -1.100000e+00 -1.200000e+00 3.102996e-04 -3.102997e-04 -6.335900e-06 6.336000e-06 2.032879e-20
-1.110000e+00 -1.110000e+00 -1.200000e+00 3.103659e-04 -3.103659e-04 -6.335900e-06 6.336000e-06 1.000000e-10
-1.120000e+00 -1.120000e+00 -1.200000e+00 3.104326e-04 -3.104326e-04 -6.335900e-06 6.336000e-06 1.000000e-10
-1.130000e+00 -1.130000e+00 -1.200000e+00 3.104999e-04 -3.105000e-04 -6.335900e-06 6.336000e-06 2.032879e-20
-1.140000e+00 -1.140000e+00 -1.200000e+00 3.105681e-04 -3.105681e-04 -6.335900e-06 6.336000e-06 1.000000e-10
-1.150000e+00 -1.150000e+00 -1.200000e+00 3.106371e-04 -3.106372e-04 -6.335900e-06 6.336000e-06 3.388132e-20
-1.160000e+00 -1.160000e+00 -1.200000e+00 3.107073e-04 -3.107074e-04 -6.335900e-06 6.336000e-06 3.388132e-20
-1.170000e+00 -1.170000e+00 -1.200000e+00 3.107787e-04 -3.107788e-04 -6.335900e-06 6.336000e-06 2.032879e-20
-1.180000e+00 -1.180000e+00 -1.200000e+00 3.108515e-04 -3.108516e-04 -6.335900e-06 6.336000e-06 3.388132e-20
-1.190000e+00 -1.190000e+00 -1.200000e+00 3.109259e-04 -3.109260e-04 -6.335900e-06 6.336000e-06 2.032879e-20
-1.200000e+00 -1.200000e+00 -1.200000e+00 3.110021e-04 -3.110021e-04 -6.335900e-06 6.336000e-06 1.000000e-10