v(drain_bias) v(gate_bias) id_bias ig_bias is_bias ib_bias
0.0000000000e+00 0.0000000000e+00 -0.0000000000e+00 -0.0000000000e+00 -0.0000000000e+00 -0.0000000000e+00
0.0000000000e+00 -6.0000000000e-01 4.1673536595e-09 -8.3362470581e-09 4.1673536595e-09 1.5397386827e-12
0.0000000000e+00 -1.2000000000e+00 2.6813739726e-06 -5.4472409410e-06 2.6813739726e-06 8.4492995900e-08
0.0000000000e+00 0.0000000000e+00 -0.0000000000e+00 -0.0000000000e+00 -0.0000000000e+00 -0.0000000000e+00
0.0000000000e+00 -6.0000000000e-01 4.1673536595e-09 -8.3362470581e-09 4.1673536595e-09 1.5397386827e-12
0.0000000000e+00 -1.2000000000e+00 2.6813739726e-06 -5.4472409410e-06 2.6813739726e-06 8.4492995900e-08
0.0000000000e+00 0.0000000000e+00 -0.0000000000e+00 -0.0000000000e+00 -0.0000000000e+00 -0.0000000000e+00
0.0000000000e+00 -6.0000000000e-01 4.1673536595e-09 -8.3362470581e-09 4.1673536595e-09 1.5397386827e-12
0.0000000000e+00 -1.2000000000e+00 2.6813739726e-06 -5.4472409410e-06 2.6813739726e-06 8.4492995900e-08
