v-sweep v(drain_iv) v(gate_iv) id is ib ig kcl
0.000000e+00 0.000000e+00 0.000000e+00 0.000000e+00 0.000000e+00 0.000000e+00 0.000000e+00 0.000000e+00
-1.000000e-02 -1.000000e-02 0.000000e+00 3.399559e-16 -3.299559e-16 -1.000000e-17 0.000000e+00 1.386670e-32
-2.000000e-02 -2.000000e-02 0.000000e+00 5.344305e-16 -5.144305e-16 -2.000000e-17 0.000000e+00 2.773339e-32
-3.000000e-02 -3.000000e-02 0.000000e+00 6.368206e-16 -6.068206e-16 -3.000000e-17 0.000000e+00 6.162976e-33
-4.000000e-02 -4.000000e-02 0.000000e+00 6.934273e-16 -6.534273e-16 -4.000000e-17 0.000000e+00 5.546678e-32
-5.000000e-02 -5.000000e-02 0.000000e+00 7.301586e-16 -6.801586e-16 -5.000000e-17 0.000000e+00 1.848893e-32
-6.000000e-02 -6.000000e-02 0.000000e+00 7.580592e-16 -6.980592e-16 -6.000000e-17 0.000000e+00 1.232595e-32
-7.000000e-02 -7.000000e-02 0.000000e+00 7.816190e-16 -7.116190e-16 -7.000000e-17 0.000000e+00 4.930381e-32
-8.000000e-02 -8.000000e-02 0.000000e+00 8.027781e-16 -7.227781e-16 -8.000000e-17 0.000000e+00 1.232595e-32
-9.000000e-02 -9.000000e-02 0.000000e+00 8.224549e-16 -7.324549e-16 -9.000000e-17 0.000000e+00 2.465190e-32
-1.000000e-01 -1.000000e-01 0.000000e+00 8.411266e-16 -7.411266e-16 -1.000000e-16 0.000000e+00 3.697785e-32
-1.100000e-01 -1.100000e-01 0.000000e+00 8.590634e-16 -7.490634e-16 -1.100000e-16 0.000000e+00 0.000000e+00
-1.200000e-01 -1.200000e-01 0.000000e+00 8.764303e-16 -7.564303e-16 -1.200000e-16 0.000000e+00 2.465190e-32
-1.300000e-01 -1.300000e-01 0.000000e+00 8.933353e-16 -7.633353e-16 -1.300000e-16 0.000000e+00 2.465190e-32
-1.400000e-01 -1.400000e-01 0.000000e+00 9.098523e-16 -7.698523e-16 -1.400000e-16 0.000000e+00 9.860761e-32
-1.500000e-01 -1.500000e-01 0.000000e+00 9.260365e-16 -7.760365e-16 -1.500000e-16 0.000000e+00 4.930381e-32
-1.600000e-01 -1.600000e-01 0.000000e+00 9.419290e-16 -7.819290e-16 -1.600000e-16 0.000000e+00 2.465190e-32
-1.700000e-01 -1.700000e-01 0.000000e+00 9.575620e-16 -7.875620e-16 -1.700000e-16 0.000000e+00 9.860761e-32
-1.800000e-01 -1.800000e-01 0.000000e+00 9.729623e-16 -7.929623e-16 -1.800000e-16 0.000000e+00 4.930381e-32
-1.900000e-01 -1.900000e-01 0.000000e+00 9.881506e-16 -7.981506e-16 -1.900000e-16 0.000000e+00 2.465190e-32
-2.000000e-01 -2.000000e-01 0.000000e+00 1.003100e-15 -8.031464e-16 -2.000000e-16 0.000000e+00 4.640000e-20
-2.100000e-01 -2.100000e-01 0.000000e+00 1.018000e-15 -8.079641e-16 -2.100000e-16 0.000000e+00 3.590000e-20
-2.200000e-01 -2.200000e-01 0.000000e+00 1.032600e-15 -8.126177e-16 -2.200000e-16 0.000000e+00 1.770000e-20
-2.300000e-01 -2.300000e-01 0.000000e+00 1.047100e-15 -8.171193e-16 -2.300000e-16 0.000000e+00 1.930000e-20
-2.400000e-01 -2.400000e-01 0.000000e+00 1.061500e-15 -8.214792e-16 -2.400000e-16 0.000000e+00 2.080000e-20
-2.500000e-01 -2.500000e-01 0.000000e+00 1.075700e-15 -8.257065e-16 -2.500000e-16 0.000000e+00 6.500000e-21
-2.600000e-01 -2.600000e-01 0.000000e+00 1.089800e-15 -8.298102e-16 -2.600000e-16 0.000000e+00 1.020000e-20
-2.700000e-01 -2.700000e-01 0.000000e+00 1.103800e-15 -8.337971e-16 -2.700000e-16 0.000000e+00 2.900000e-21
-2.800000e-01 -2.800000e-01 0.000000e+00 1.117700e-15 -8.376744e-16 -2.800000e-16 0.000000e+00 2.560000e-20
-2.900000e-01 -2.900000e-01 0.000000e+00 1.131400e-15 -8.414484e-16 -2.900000e-16 0.000000e+00 4.840000e-20
-3.000000e-01 -3.000000e-01 0.000000e+00 1.145100e-15 -8.451246e-16 -3.000000e-16 0.000000e+00 2.460000e-20
-3.100000e-01 -3.100000e-01 0.000000e+00 1.158700e-15 -8.487081e-16 -3.100000e-16 0.000000e+00 8.100000e-21
-3.200000e-01 -3.200000e-01 0.000000e+00 1.172200e-15 -8.522036e-16 -3.200000e-16 0.000000e+00 3.600000e-21
-3.300000e-01 -3.300000e-01 0.000000e+00 1.185600e-15 -8.556164e-16 -3.300000e-16 0.000000e+00 1.640000e-20
-3.400000e-01 -3.400000e-01 0.000000e+00 1.198900e-15 -8.589495e-16 -3.400000e-16 0.000000e+00 4.950000e-20
-3.500000e-01 -3.500000e-01 0.000000e+00 1.212200e-15 -8.622068e-16 -3.500000e-16 0.000000e+00 6.800000e-21
-3.600000e-01 -3.600000e-01 0.000000e+00 1.225400e-15 -8.653926e-16 -3.600000e-16 0.000000e+00 7.400000e-21
-3.700000e-01 -3.700000e-01 0.000000e+00 1.238500e-15 -8.685094e-16 -3.700000e-16 0.000000e+00 9.400000e-21
-3.800000e-01 -3.800000e-01 0.000000e+00 1.251600e-15 -8.715605e-16 -3.800000e-16 0.000000e+00 3.950000e-20
-3.900000e-01 -3.900000e-01 0.000000e+00 1.264500e-15 -8.745489e-16 -3.900000e-16 0.000000e+00 4.890000e-20
-4.000000e-01 -4.000000e-01 0.000000e+00 1.277500e-15 -8.774766e-16 -4.000000e-16 0.000000e+00 2.340000e-20
-4.100000e-01 -4.100000e-01 0.000000e+00 1.290300e-15 -8.803470e-16 -4.100000e-16 0.000000e+00 4.700000e-20
-4.200000e-01 -4.200000e-01 0.000000e+00 1.303200e-15 -8.831620e-16 -4.200000e-16 0.000000e+00 3.800000e-20
-4.300000e-01 -4.300000e-01 0.000000e+00 1.315900e-15 -8.859234e-16 -4.300000e-16 0.000000e+00 2.340000e-20
-4.400000e-01 -4.400000e-01 0.000000e+00 1.328600e-15 -8.886342e-16 -4.400000e-16 0.000000e+00 3.420000e-20
-4.500000e-01 -4.500000e-01 0.000000e+00 1.341300e-15 -8.912955e-16 -4.500000e-16 0.000000e+00 4.500000e-21
-4.600000e-01 -4.600000e-01 0.000000e+00 1.353900e-15 -8.939096e-16 -4.600000e-16 0.000000e+00 9.600000e-21
-4.700000e-01 -4.700000e-01 0.000000e+00 1.366500e-15 -8.964777e-16 -4.700000e-16 0.000000e+00 2.230000e-20
-4.800000e-01 -4.800000e-01 0.000000e+00 1.379000e-15 -8.990023e-16 -4.800000e-16 0.000000e+00 2.300000e-21
-4.900000e-01 -4.900000e-01 0.000000e+00 1.391500e-15 -9.014843e-16 -4.900000e-16 0.000000e+00 1.570000e-20
-5.000000e-01 -5.000000e-01 0.000000e+00 1.403900e-15 -9.039253e-16 -5.000000e-16 0.000000e+00 2.530000e-20
-5.100000e-01 -5.100000e-01 0.000000e+00 1.416300e-15 -9.063269e-16 -5.100000e-16 0.000000e+00 2.690000e-20
-5.200000e-01 -5.200000e-01 0.000000e+00 1.428700e-15 -9.086901e-16 -5.200000e-16 0.000000e+00 9.900000e-21
-5.300000e-01 -5.300000e-01 0.000000e+00 1.441000e-15 -9.110164e-16 -5.300000e-16 0.000000e+00 1.640000e-20
-5.400000e-01 -5.400000e-01 0.000000e+00 1.453300e-15 -9.133068e-16 -5.400000e-16 0.000000e+00 6.800000e-21
-5.500000e-01 -5.500000e-01 0.000000e+00 1.465600e-15 -9.155628e-16 -5.500000e-16 0.000000e+00 3.720000e-20
-5.600000e-01 -5.600000e-01 0.000000e+00 1.477800e-15 -9.177853e-16 -5.600000e-16 0.000000e+00 1.470000e-20
-5.700000e-01 -5.700000e-01 0.000000e+00 1.490000e-15 -9.199753e-16 -5.700000e-16 0.000000e+00 2.470000e-20
-5.800000e-01 -5.800000e-01 0.000000e+00 1.502100e-15 -9.221336e-16 -5.800000e-16 0.000000e+00 3.360000e-20
-5.900000e-01 -5.900000e-01 0.000000e+00 1.514300e-15 -9.242615e-16 -5.900000e-16 0.000000e+00 3.850000e-20
-6.000000e-01 -6.000000e-01 0.000000e+00 1.526400e-15 -9.263594e-16 -6.000000e-16 0.000000e+00 4.060000e-20
-6.100000e-01 -6.100000e-01 0.000000e+00 1.538400e-15 -9.284289e-16 -6.100000e-16 0.000000e+00 2.890000e-20
-6.200000e-01 -6.200000e-01 0.000000e+00 1.550500e-15 -9.304703e-16 -6.200000e-16 0.000000e+00 2.970000e-20
-6.300000e-01 -6.300000e-01 0.000000e+00 1.562500e-15 -9.324843e-16 -6.300000e-16 0.000000e+00 1.570000e-20
-6.400000e-01 -6.400000e-01 0.000000e+00 1.574500e-15 -9.344724e-16 -6.400000e-16 0.000000e+00 2.760000e-20
-6.500000e-01 -6.500000e-01 0.000000e+00 1.586400e-15 -9.364345e-16 -6.500000e-16 0.000000e+00 3.450000e-20
-6.600000e-01 -6.600000e-01 0.000000e+00 1.598400e-15 -9.383712e-16 -6.600000e-16 0.000000e+00 2.880000e-20
-6.700000e-01 -6.700000e-01 0.000000e+00 1.610300e-15 -9.402838e-16 -6.700000e-16 0.000000e+00 1.620000e-20
-6.800000e-01 -6.800000e-01 0.000000e+00 1.622200e-15 -9.421732e-16 -6.800000e-16 0.000000e+00 2.680000e-20
-6.900000e-01 -6.900000e-01 0.000000e+00 1.634000e-15 -9.440389e-16 -6.900000e-16 0.000000e+00 3.890000e-20
-7.000000e-01 -7.000000e-01 0.000000e+00 1.645900e-15 -9.458824e-16 -7.000000e-16 0.000000e+00 1.760000e-20
-7.100000e-01 -7.100000e-01 0.000000e+00 1.657700e-15 -9.477039e-16 -7.100000e-16 0.000000e+00 3.900000e-21
-7.200000e-01 -7.200000e-01 0.000000e+00 1.669500e-15 -9.495041e-16 -7.200000e-16 0.000000e+00 4.100000e-21
-7.300000e-01 -7.300000e-01 0.000000e+00 1.681300e-15 -9.512834e-16 -7.300000e-16 0.000000e+00 1.660000e-20
-7.400000e-01 -7.400000e-01 0.000000e+00 1.693000e-15 -9.530426e-16 -7.400000e-16 0.000000e+00 4.260000e-20
-7.500000e-01 -7.500000e-01 0.000000e+00 1.704800e-15 -9.547820e-16 -7.500000e-16 0.000000e+00 1.800000e-20
-7.600000e-01 -7.600000e-01 0.000000e+00 1.716500e-15 -9.565017e-16 -7.600000e-16 0.000000e+00 1.700000e-21
-7.700000e-01 -7.700000e-01 0.000000e+00 1.728200e-15 -9.582026e-16 -7.700000e-16 0.000000e+00 2.600000e-21
-7.800000e-01 -7.800000e-01 0.000000e+00 1.739900e-15 -9.598852e-16 -7.800000e-16 0.000000e+00 1.480000e-20
-7.900000e-01 -7.900000e-01 0.000000e+00 1.751500e-15 -9.615499e-16 -7.900000e-16 0.000000e+00 4.990000e-20
-8.000000e-01 -8.000000e-01 0.000000e+00 1.763200e-15 -9.631966e-16 -8.000000e-16 0.000000e+00 3.400000e-21
-8.100000e-01 -8.100000e-01 0.000000e+00 1.774800e-15 -9.648261e-16 -8.100000e-16 0.000000e+00 2.610000e-20
-8.200000e-01 -8.200000e-01 0.000000e+00 1.786400e-15 -9.664388e-16 -8.200000e-16 0.000000e+00 3.880000e-20
-8.300000e-01 -8.300000e-01 0.000000e+00 1.798000e-15 -9.680354e-16 -8.300000e-16 0.000000e+00 3.540000e-20
-8.400000e-01 -8.400000e-01 0.000000e+00 1.809600e-15 -9.696156e-16 -8.400000e-16 0.000000e+00 1.560000e-20
-8.500000e-01 -8.500000e-01 0.000000e+00 1.821200e-15 -9.711800e-16 -8.500000e-16 0.000000e+00 2.000000e-20
-8.600000e-01 -8.600000e-01 0.000000e+00 1.832700e-15 -9.727291e-16 -8.600000e-16 0.000000e+00 2.910000e-20
-8.700000e-01 -8.700000e-01 0.000000e+00 1.844300e-15 -9.742630e-16 -8.700000e-16 0.000000e+00 3.700000e-20
-8.800000e-01 -8.800000e-01 0.000000e+00 1.855800e-15 -9.757817e-16 -8.800000e-16 0.000000e+00 1.830000e-20
-8.900000e-01 -8.900000e-01 0.000000e+00 1.867300e-15 -9.772866e-16 -8.900000e-16 0.000000e+00 1.340000e-20
-9.000000e-01 -9.000000e-01 0.000000e+00 1.878800e-15 -9.787772e-16 -9.000000e-16 0.000000e+00 2.280000e-20
-9.100000e-01 -9.100000e-01 0.000000e+00 1.890300e-15 -9.802538e-16 -9.100000e-16 0.000000e+00 4.620000e-20
-9.200000e-01 -9.200000e-01 0.000000e+00 1.901700e-15 -9.817168e-16 -9.200000e-16 0.000000e+00 1.680000e-20
-9.300000e-01 -9.300000e-01 0.000000e+00 1.913200e-15 -9.831662e-16 -9.300000e-16 0.000000e+00 3.380000e-20
-9.400000e-01 -9.400000e-01 0.000000e+00 1.924600e-15 -9.846030e-16 -9.400000e-16 0.000000e+00 3.000000e-21
-9.500000e-01 -9.500000e-01 0.000000e+00 1.936000e-15 -9.860267e-16 -9.500000e-16 0.000000e+00 2.670000e-20
-9.600000e-01 -9.600000e-01 0.000000e+00 1.947400e-15 -9.874375e-16 -9.600000e-16 0.000000e+00 3.750000e-20
-9.700000e-01 -9.700000e-01 0.000000e+00 1.958800e-15 -9.888365e-16 -9.700000e-16 0.000000e+00 3.650000e-20
-9.800000e-01 -9.800000e-01 0.000000e+00 1.970200e-15 -9.902231e-16 -9.800000e-16 0.000000e+00 2.310000e-20
-9.900000e-01 -9.900000e-01 0.000000e+00 1.981600e-15 -9.915979e-16 -9.900000e-16 0.000000e+00 2.100000e-21
-1.000000e+00 -1.000000e+00 0.000000e+00 1.993000e-15 -9.929614e-16 -1.000000e-15 0.000000e+00 3.860000e-20
-1.010000e+00 -1.010000e+00 0.000000e+00 2.004300e-15 -9.943127e-16 -1.010000e-15 0.000000e+00 1.270000e-20
-1.020000e+00 -1.020000e+00 0.000000e+00 2.015700e-15 -9.956539e-16 -1.020000e-15 0.000000e+00 4.610000e-20
-1.030000e+00 -1.030000e+00 0.000000e+00 2.027000e-15 -9.969828e-16 -1.030000e-15 0.000000e+00 1.720000e-20
-1.040000e+00 -1.040000e+00 0.000000e+00 2.038300e-15 -9.983013e-16 -1.040000e-15 0.000000e+00 1.300000e-21
-1.050000e+00 -1.050000e+00 0.000000e+00 2.049600e-15 -9.996093e-16 -1.050000e-15 0.000000e+00 9.300000e-21
-1.060000e+00 -1.060000e+00 0.000000e+00 2.060900e-15 -1.000900e-15 -1.060000e-15 0.000000e+00 3.944305e-31
-1.070000e+00 -1.070000e+00 0.000000e+00 2.072200e-15 -1.002200e-15 -1.070000e-15 0.000000e+00 1.972152e-31
-1.080000e+00 -1.080000e+00 0.000000e+00 2.083500e-15 -1.003500e-15 -1.080000e-15 0.000000e+00 3.944305e-31
-1.090000e+00 -1.090000e+00 0.000000e+00 2.094700e-15 -1.004700e-15 -1.090000e-15 0.000000e+00 1.972152e-31
-1.100000e+00 -1.100000e+00 0.000000e+00 2.106000e-15 -1.006000e-15 -1.100000e-15 0.000000e+00 3.944305e-31
-1.110000e+00 -1.110000e+00 0.000000e+00 2.117200e-15 -1.007200e-15 -1.110000e-15 0.000000e+00 0.000000e+00
-1.120000e+00 -1.120000e+00 0.000000e+00 2.128500e-15 -1.008500e-15 -1.120000e-15 0.000000e+00 1.972152e-31
-1.130000e+00 -1.130000e+00 0.000000e+00 2.139700e-15 -1.009700e-15 -1.130000e-15 0.000000e+00 1.972152e-31
-1.140000e+00 -1.140000e+00 0.000000e+00 2.150900e-15 -1.010900e-15 -1.140000e-15 0.000000e+00 3.944305e-31
-1.150000e+00 -1.150000e+00 0.000000e+00 2.162100e-15 -1.012100e-15 -1.150000e-15 0.000000e+00 1.972152e-31
-1.160000e+00 -1.160000e+00 0.000000e+00 2.173300e-15 -1.013300e-15 -1.160000e-15 0.000000e+00 0.000000e+00
-1.170000e+00 -1.170000e+00 0.000000e+00 2.184500e-15 -1.014500e-15 -1.170000e-15 0.000000e+00 1.972152e-31
-1.180000e+00 -1.180000e+00 0.000000e+00 2.195700e-15 -1.015700e-15 -1.180000e-15 0.000000e+00 0.000000e+00
-1.190000e+00 -1.190000e+00 0.000000e+00 2.206900e-15 -1.016900e-15 -1.190000e-15 0.000000e+00 3.944305e-31
-1.200000e+00 -1.200000e+00 0.000000e+00 2.218100e-15 -1.018100e-15 -1.200000e-15 0.000000e+00 1.972152e-31
0.000000e+00 0.000000e+00 -2.000000e-01 -4.482700e-28 -4.482700e-28 -2.332400e-15 2.332400e-15 8.965404e-28
-1.000000e-02 -1.000000e-02 -2.000000e-01 6.715300e-15 -6.705300e-15 -2.342400e-15 2.332400e-15 7.888609e-31
-2.000000e-02 -2.000000e-02 -2.000000e-01 1.047410e-14 -1.045410e-14 -2.352400e-15 2.332400e-15 7.888609e-31
-3.000000e-02 -3.000000e-02 -2.000000e-01 1.236170e-14 -1.233170e-14 -2.362400e-15 2.332400e-15 3.944305e-31
-4.000000e-02 -4.000000e-02 -2.000000e-01 1.331880e-14 -1.327880e-14 -2.372400e-15 2.332400e-15 1.183291e-30
-5.000000e-02 -5.000000e-02 -2.000000e-01 1.387200e-14 -1.382200e-14 -2.382400e-15 2.332400e-15 0.000000e+00
-6.000000e-02 -6.000000e-02 -2.000000e-01 1.424580e-14 -1.418580e-14 -2.392400e-15 2.332400e-15 0.000000e+00
-7.000000e-02 -7.000000e-02 -2.000000e-01 1.453130e-14 -1.446130e-14 -2.402400e-15 2.332400e-15 3.944305e-31
-8.000000e-02 -8.000000e-02 -2.000000e-01 1.476810e-14 -1.468810e-14 -2.412400e-15 2.332400e-15 1.972152e-30
-9.000000e-02 -9.000000e-02 -2.000000e-01 1.497480e-14 -1.488480e-14 -2.422400e-15 2.332400e-15 1.183291e-30
-1.000000e-01 -1.000000e-01 -2.000000e-01 1.516100e-14 -1.506100e-14 -2.432400e-15 2.332400e-15 3.944305e-31
-1.100000e-01 -1.100000e-01 -2.000000e-01 1.533230e-14 -1.522230e-14 -2.442400e-15 2.332400e-15 1.577722e-30
-1.200000e-01 -1.200000e-01 -2.000000e-01 1.549200e-14 -1.537200e-14 -2.452400e-15 2.332400e-15 0.000000e+00
-1.300000e-01 -1.300000e-01 -2.000000e-01 1.564230e-14 -1.551230e-14 -2.462400e-15 2.332400e-15 1.183291e-30
-1.400000e-01 -1.400000e-01 -2.000000e-01 1.578470e-14 -1.564470e-14 -2.472400e-15 2.332400e-15 3.944305e-31
-1.500000e-01 -1.500000e-01 -2.000000e-01 1.592040e-14 -1.577040e-14 -2.482400e-15 2.332400e-15 2.366583e-30
-1.600000e-01 -1.600000e-01 -2.000000e-01 1.605020e-14 -1.589020e-14 -2.492400e-15 2.332400e-15 7.888609e-31
-1.700000e-01 -1.700000e-01 -2.000000e-01 1.617460e-14 -1.600460e-14 -2.502400e-15 2.332400e-15 3.549874e-30
-1.800000e-01 -1.800000e-01 -2.000000e-01 1.629440e-14 -1.611440e-14 -2.512400e-15 2.332400e-15 1.577722e-30
-1.900000e-01 -1.900000e-01 -2.000000e-01 1.640980e-14 -1.621980e-14 -2.522400e-15 2.332400e-15 3.944305e-31
-2.000000e-01 -2.000000e-01 -2.000000e-01 1.652130e-14 -1.632130e-14 -2.532400e-15 2.332400e-15 1.972152e-30
-2.100000e-01 -2.100000e-01 -2.000000e-01 1.662920e-14 -1.641920e-14 -2.542400e-15 2.332400e-15 2.366583e-30
-2.200000e-01 -2.200000e-01 -2.000000e-01 1.673380e-14 -1.651380e-14 -2.552400e-15 2.332400e-15 2.366583e-30
-2.300000e-01 -2.300000e-01 -2.000000e-01 1.683530e-14 -1.660530e-14 -2.562400e-15 2.332400e-15 7.888609e-31
-2.400000e-01 -2.400000e-01 -2.000000e-01 1.693390e-14 -1.669390e-14 -2.572400e-15 2.332400e-15 3.944305e-31
-2.500000e-01 -2.500000e-01 -2.000000e-01 1.702980e-14 -1.677980e-14 -2.582400e-15 2.332400e-15 1.183291e-30
-2.600000e-01 -2.600000e-01 -2.000000e-01 1.712320e-14 -1.686320e-14 -2.592400e-15 2.332400e-15 0.000000e+00
-2.700000e-01 -2.700000e-01 -2.000000e-01 1.721420e-14 -1.694420e-14 -2.602400e-15 2.332400e-15 4.733165e-30
-2.800000e-01 -2.800000e-01 -2.000000e-01 1.730300e-14 -1.702300e-14 -2.612400e-15 2.332400e-15 7.888609e-31
-2.900000e-01 -2.900000e-01 -2.000000e-01 1.738970e-14 -1.709970e-14 -2.622400e-15 2.332400e-15 7.888609e-31
-3.000000e-01 -3.000000e-01 -2.000000e-01 1.747440e-14 -1.717440e-14 -2.632400e-15 2.332400e-15 1.183291e-30
-3.100000e-01 -3.100000e-01 -2.000000e-01 1.755720e-14 -1.724720e-14 -2.642400e-15 2.332400e-15 3.944305e-31
-3.200000e-01 -3.200000e-01 -2.000000e-01 1.763830e-14 -1.731830e-14 -2.652400e-15 2.332400e-15 1.577722e-30
-3.300000e-01 -3.300000e-01 -2.000000e-01 1.771760e-14 -1.738760e-14 -2.662400e-15 2.332400e-15 0.000000e+00
-3.400000e-01 -3.400000e-01 -2.000000e-01 1.779530e-14 -1.745530e-14 -2.672400e-15 2.332400e-15 1.972152e-30
-3.500000e-01 -3.500000e-01 -2.000000e-01 1.787150e-14 -1.752150e-14 -2.682400e-15 2.332400e-15 3.944305e-31
-3.600000e-01 -3.600000e-01 -2.000000e-01 1.794630e-14 -1.758630e-14 -2.692400e-15 2.332400e-15 2.761013e-30
-3.700000e-01 -3.700000e-01 -2.000000e-01 1.801960e-14 -1.764960e-14 -2.702400e-15 2.332400e-15 1.183291e-30
-3.800000e-01 -3.800000e-01 -2.000000e-01 1.809160e-14 -1.771160e-14 -2.712400e-15 2.332400e-15 3.155444e-30
-3.900000e-01 -3.900000e-01 -2.000000e-01 1.816230e-14 -1.777230e-14 -2.722400e-15 2.332400e-15 1.577722e-30
-4.000000e-01 -4.000000e-01 -2.000000e-01 1.823190e-14 -1.783190e-14 -2.732400e-15 2.332400e-15 3.549874e-30
-4.100000e-01 -4.100000e-01 -2.000000e-01 1.830020e-14 -1.789020e-14 -2.742400e-15 2.332400e-15 1.972152e-30
-4.200000e-01 -4.200000e-01 -2.000000e-01 1.836740e-14 -1.794740e-14 -2.752400e-15 2.332400e-15 2.366583e-30
-4.300000e-01 -4.300000e-01 -2.000000e-01 1.843350e-14 -1.800350e-14 -2.762400e-15 2.332400e-15 7.888609e-31
-4.400000e-01 -4.400000e-01 -2.000000e-01 1.849860e-14 -1.805860e-14 -2.772400e-15 2.332400e-15 1.183291e-30
-4.500000e-01 -4.500000e-01 -2.000000e-01 1.856270e-14 -1.811270e-14 -2.782400e-15 2.332400e-15 3.944305e-31
-4.600000e-01 -4.600000e-01 -2.000000e-01 1.862580e-14 -1.816580e-14 -2.792400e-15 2.332400e-15 1.183291e-30
-4.700000e-01 -4.700000e-01 -2.000000e-01 1.868800e-14 -1.821800e-14 -2.802400e-15 2.332400e-15 3.944305e-31
-4.800000e-01 -4.800000e-01 -2.000000e-01 1.874930e-14 -1.826930e-14 -2.812400e-15 2.332400e-15 1.972152e-30
-4.900000e-01 -4.900000e-01 -2.000000e-01 1.880970e-14 -1.831970e-14 -2.822400e-15 2.332400e-15 7.888609e-31
-5.000000e-01 -5.000000e-01 -2.000000e-01 1.886930e-14 -1.836930e-14 -2.832400e-15 2.332400e-15 2.366583e-30
-5.100000e-01 -5.100000e-01 -2.000000e-01 1.892810e-14 -1.841810e-14 -2.842400e-15 2.332400e-15 1.972152e-30
-5.200000e-01 -5.200000e-01 -2.000000e-01 1.898620e-14 -1.846620e-14 -2.852400e-15 2.332400e-15 3.944305e-31
-5.300000e-01 -5.300000e-01 -2.000000e-01 1.904340e-14 -1.851340e-14 -2.862400e-15 2.332400e-15 1.577722e-30
-5.400000e-01 -5.400000e-01 -2.000000e-01 1.910000e-14 -1.856000e-14 -2.872400e-15 2.332400e-15 3.155444e-30
-5.500000e-01 -5.500000e-01 -2.000000e-01 1.915580e-14 -1.860580e-14 -2.882400e-15 2.332400e-15 2.366583e-30
-5.600000e-01 -5.600000e-01 -2.000000e-01 1.921100e-14 -1.865100e-14 -2.892400e-15 2.332400e-15 7.888609e-31
-5.700000e-01 -5.700000e-01 -2.000000e-01 1.926550e-14 -1.869550e-14 -2.902400e-15 2.332400e-15 3.944305e-31
-5.800000e-01 -5.800000e-01 -2.000000e-01 1.931940e-14 -1.873940e-14 -2.912400e-15 2.332400e-15 1.972152e-30
-5.900000e-01 -5.900000e-01 -2.000000e-01 1.937260e-14 -1.878260e-14 -2.922400e-15 2.332400e-15 0.000000e+00
-6.000000e-01 -6.000000e-01 -2.000000e-01 1.942520e-14 -1.882520e-14 -2.932400e-15 2.332400e-15 1.577722e-30
-6.100000e-01 -6.100000e-01 -2.000000e-01 1.947730e-14 -1.886730e-14 -2.942400e-15 2.332400e-15 3.549874e-30
-6.200000e-01 -6.200000e-01 -2.000000e-01 1.952880e-14 -1.890880e-14 -2.952400e-15 2.332400e-15 1.183291e-30
-6.300000e-01 -6.300000e-01 -2.000000e-01 1.957970e-14 -1.894970e-14 -2.962400e-15 2.332400e-15 1.183291e-30
-6.400000e-01 -6.400000e-01 -2.000000e-01 1.963010e-14 -1.899010e-14 -2.972400e-15 2.332400e-15 2.761013e-30
-6.500000e-01 -6.500000e-01 -2.000000e-01 1.968000e-14 -1.903000e-14 -2.982400e-15 2.332400e-15 1.577722e-30
-6.600000e-01 -6.600000e-01 -2.000000e-01 1.972930e-14 -1.906930e-14 -2.992400e-15 2.332400e-15 0.000000e+00
-6.700000e-01 -6.700000e-01 -2.000000e-01 1.977820e-14 -1.910820e-14 -3.002400e-15 2.332400e-15 1.972152e-30
-6.800000e-01 -6.800000e-01 -2.000000e-01 1.982660e-14 -1.914660e-14 -3.012400e-15 2.332400e-15 3.549874e-30
-6.900000e-01 -6.900000e-01 -2.000000e-01 1.987450e-14 -1.918450e-14 -3.022400e-15 2.332400e-15 7.888609e-31
-7.000000e-01 -7.000000e-01 -2.000000e-01 1.992200e-14 -1.922200e-14 -3.032400e-15 2.332400e-15 7.888609e-31
-7.100000e-01 -7.100000e-01 -2.000000e-01 1.996900e-14 -1.925900e-14 -3.042400e-15 2.332400e-15 3.944305e-31
-7.200000e-01 -7.200000e-01 -2.000000e-01 2.001560e-14 -1.929560e-14 -3.052400e-15 2.332400e-15 1.183291e-30
-7.300000e-01 -7.300000e-01 -2.000000e-01 2.006170e-14 -1.933170e-14 -3.062400e-15 2.332400e-15 6.310887e-30
-7.400000e-01 -7.400000e-01 -2.000000e-01 2.010750e-14 -1.936750e-14 -3.072400e-15 2.332400e-15 1.183291e-30
-7.500000e-01 -7.500000e-01 -2.000000e-01 2.015280e-14 -1.940280e-14 -3.082400e-15 2.332400e-15 3.944305e-31
-7.600000e-01 -7.600000e-01 -2.000000e-01 2.019780e-14 -1.943780e-14 -3.092400e-15 2.332400e-15 7.888609e-31
-7.700000e-01 -7.700000e-01 -2.000000e-01 2.024230e-14 -1.947230e-14 -3.102400e-15 2.332400e-15 7.888609e-31
-7.800000e-01 -7.800000e-01 -2.000000e-01 2.028650e-14 -1.950650e-14 -3.112400e-15 2.332400e-15 3.549874e-30
-7.900000e-01 -7.900000e-01 -2.000000e-01 2.033040e-14 -1.954040e-14 -3.122400e-15 2.332400e-15 1.972152e-30
-8.000000e-01 -8.000000e-01 -2.000000e-01 2.037380e-14 -1.957380e-14 -3.132400e-15 2.332400e-15 0.000000e+00
-8.100000e-01 -8.100000e-01 -2.000000e-01 2.041690e-14 -1.960690e-14 -3.142400e-15 2.332400e-15 1.577722e-30
-8.200000e-01 -8.200000e-01 -2.000000e-01 2.045970e-14 -1.963970e-14 -3.152400e-15 2.332400e-15 7.888609e-31
-8.300000e-01 -8.300000e-01 -2.000000e-01 2.050220e-14 -1.967220e-14 -3.162400e-15 2.332400e-15 2.366583e-30
-8.400000e-01 -8.400000e-01 -2.000000e-01 2.054430e-14 -1.970430e-14 -3.172400e-15 2.332400e-15 1.183291e-30
-8.500000e-01 -8.500000e-01 -2.000000e-01 2.058610e-14 -1.973610e-14 -3.182400e-15 2.332400e-15 2.761013e-30
-8.600000e-01 -8.600000e-01 -2.000000e-01 2.062750e-14 -1.976750e-14 -3.192400e-15 2.332400e-15 1.577722e-30
-8.700000e-01 -8.700000e-01 -2.000000e-01 2.066870e-14 -1.979870e-14 -3.202400e-15 2.332400e-15 0.000000e+00
-8.800000e-01 -8.800000e-01 -2.000000e-01 2.070960e-14 -1.982960e-14 -3.212400e-15 2.332400e-15 1.972152e-30
-8.900000e-01 -8.900000e-01 -2.000000e-01 2.075020e-14 -1.986020e-14 -3.222400e-15 2.332400e-15 3.944305e-31
-9.000000e-01 -9.000000e-01 -2.000000e-01 2.079050e-14 -1.989050e-14 -3.232400e-15 2.332400e-15 7.888609e-31
-9.100000e-01 -9.100000e-01 -2.000000e-01 2.083050e-14 -1.992050e-14 -3.242400e-15 2.332400e-15 1.183291e-30
-9.200000e-01 -9.200000e-01 -2.000000e-01 2.087020e-14 -1.995020e-14 -3.252400e-15 2.332400e-15 0.000000e+00
-9.300000e-01 -9.300000e-01 -2.000000e-01 2.090960e-14 -1.997960e-14 -3.262400e-15 2.332400e-15 1.577722e-30
-9.400000e-01 -9.400000e-01 -2.000000e-01 2.094880e-14 -2.000880e-14 -3.272400e-15 2.332400e-15 3.549874e-30
-9.500000e-01 -9.500000e-01 -2.000000e-01 2.098780e-14 -2.003780e-14 -3.282400e-15 2.332400e-15 1.183291e-30
-9.600000e-01 -9.600000e-01 -2.000000e-01 2.102640e-14 -2.006640e-14 -3.292400e-15 2.332400e-15 3.944305e-30
-9.700000e-01 -9.700000e-01 -2.000000e-01 2.106490e-14 -2.009490e-14 -3.302400e-15 2.332400e-15 7.888609e-31
-9.800000e-01 -9.800000e-01 -2.000000e-01 2.110310e-14 -2.012310e-14 -3.312400e-15 2.332400e-15 7.888609e-31
-9.900000e-01 -9.900000e-01 -2.000000e-01 2.114100e-14 -2.015100e-14 -3.322400e-15 2.332400e-15 2.761013e-30
-1.000000e+00 -1.000000e+00 -2.000000e-01 2.117870e-14 -2.017870e-14 -3.332400e-15 2.332400e-15 1.972152e-30
-1.010000e+00 -1.010000e+00 -2.000000e-01 2.121620e-14 -2.020620e-14 -3.342400e-15 2.332400e-15 2.761013e-30
-1.020000e+00 -1.020000e+00 -2.000000e-01 2.125340e-14 -2.023340e-14 -3.352400e-15 2.332400e-15 1.972152e-30
-1.030000e+00 -1.030000e+00 -2.000000e-01 2.129040e-14 -2.026040e-14 -3.362400e-15 2.332400e-15 2.366583e-30
-1.040000e+00 -1.040000e+00 -2.000000e-01 2.132720e-14 -2.028720e-14 -3.372400e-15 2.332400e-15 7.888609e-31
-1.050000e+00 -1.050000e+00 -2.000000e-01 2.136380e-14 -2.031380e-14 -3.382400e-15 2.332400e-15 1.972152e-30
-1.060000e+00 -1.060000e+00 -2.000000e-01 2.140020e-14 -2.034020e-14 -3.392400e-15 2.332400e-15 3.549874e-30
-1.070000e+00 -1.070000e+00 -2.000000e-01 2.143630e-14 -2.036630e-14 -3.402400e-15 2.332400e-15 1.577722e-30
-1.080000e+00 -1.080000e+00 -2.000000e-01 2.147230e-14 -2.039230e-14 -3.412400e-15 2.332400e-15 0.000000e+00
-1.090000e+00 -1.090000e+00 -2.000000e-01 2.150800e-14 -2.041800e-14 -3.422400e-15 2.332400e-15 7.888609e-31
-1.100000e+00 -1.100000e+00 -2.000000e-01 2.154360e-14 -2.044360e-14 -3.432400e-15 2.332400e-15 2.366583e-30
-1.110000e+00 -1.110000e+00 -2.000000e-01 2.157890e-14 -2.046890e-14 -3.442400e-15 2.332400e-15 3.944305e-31
-1.120000e+00 -1.120000e+00 -2.000000e-01 2.161410e-14 -2.049410e-14 -3.452400e-15 2.332400e-15 1.972152e-30
-1.130000e+00 -1.130000e+00 -2.000000e-01 2.164910e-14 -2.051910e-14 -3.462400e-15 2.332400e-15 3.155444e-30
-1.140000e+00 -1.140000e+00 -2.000000e-01 2.168390e-14 -2.054390e-14 -3.472400e-15 2.332400e-15 1.577722e-30
-1.150000e+00 -1.150000e+00 -2.000000e-01 2.171850e-14 -2.056850e-14 -3.482400e-15 2.332400e-15 3.549874e-30
-1.160000e+00 -1.160000e+00 -2.000000e-01 2.175290e-14 -2.059290e-14 -3.492400e-15 2.332400e-15 1.972152e-30
-1.170000e+00 -1.170000e+00 -2.000000e-01 2.178720e-14 -2.061720e-14 -3.502400e-15 2.332400e-15 7.888609e-31
-1.180000e+00 -1.180000e+00 -2.000000e-01 2.182130e-14 -2.064130e-14 -3.512400e-15 2.332400e-15 2.761013e-30
-1.190000e+00 -1.190000e+00 -2.000000e-01 2.185520e-14 -2.066520e-14 -3.522400e-15 2.332400e-15 1.577722e-30
-1.200000e+00 -1.200000e+00 -2.000000e-01 2.188890e-14 -2.068890e-14 -3.532400e-15 2.332400e-15 0.000000e+00
0.000000e+00 0.000000e+00 -4.000000e-01 -1.938900e-19 -1.938900e-19 -1.690160e-16 1.694038e-16 2.000000e-23
-1.000000e-02 -1.000000e-02 -4.000000e-01 1.398135e-10 -1.398135e-10 -1.790160e-16 1.692684e-16 9.747600e-18
-2.000000e-02 -2.000000e-02 -4.000000e-01 2.183262e-10 -2.183262e-10 -1.890160e-16 1.692052e-16 1.981080e-17
-3.000000e-02 -3.000000e-02 -4.000000e-01 2.577797e-10 -2.577797e-10 -1.990160e-16 1.691778e-16 2.983820e-17
-4.000000e-02 -4.000000e-02 -4.000000e-01 2.777147e-10 -2.777147e-10 -2.090160e-16 1.691662e-16 3.984980e-17
-5.000000e-02 -5.000000e-02 -4.000000e-01 2.891482e-10 -2.891482e-10 -2.190160e-16 1.691609e-16 4.985510e-17
-6.000000e-02 -6.000000e-02 -4.000000e-01 2.967981e-10 -2.967980e-10 -2.290160e-16 1.691583e-16 4.014230e-17
-7.000000e-02 -7.000000e-02 -4.000000e-01 3.025870e-10 -3.025870e-10 -2.390160e-16 1.691569e-16 6.985910e-17
-8.000000e-02 -8.000000e-02 -4.000000e-01 3.073470e-10 -3.073469e-10 -2.490160e-16 1.691561e-16 2.014010e-17
-9.000000e-02 -9.000000e-02 -4.000000e-01 3.114721e-10 -3.114720e-10 -2.590160e-16 1.691556e-16 1.013960e-17
-1.000000e-01 -1.000000e-01 -4.000000e-01 3.151670e-10 -3.151669e-10 -2.690160e-16 1.691552e-16 1.392000e-19
-1.100000e-01 -1.100000e-01 -4.000000e-01 3.185476e-10 -3.185475e-10 -2.790160e-16 1.691550e-16 9.861000e-18
-1.200000e-01 -1.200000e-01 -4.000000e-01 3.216847e-10 -3.216846e-10 -2.890160e-16 1.691549e-16 1.986110e-17
-1.300000e-01 -1.300000e-01 -4.000000e-01 3.246244e-10 -3.246243e-10 -2.990160e-16 1.691548e-16 2.986120e-17
-1.400000e-01 -1.400000e-01 -4.000000e-01 3.273988e-10 -3.273987e-10 -3.090160e-16 1.691547e-16 3.986130e-17
-1.500000e-01 -1.500000e-01 -4.000000e-01 3.300311e-10 -3.300310e-10 -3.190160e-16 1.691546e-16 4.986140e-17
-1.600000e-01 -1.600000e-01 -4.000000e-01 3.325390e-10 -3.325389e-10 -3.290160e-16 1.691546e-16 5.986140e-17
-1.700000e-01 -1.700000e-01 -4.000000e-01 3.349364e-10 -3.349362e-10 -3.390160e-16 1.691545e-16 3.013850e-17
-1.800000e-01 -1.800000e-01 -4.000000e-01 3.372344e-10 -3.372343e-10 -3.490160e-16 1.691545e-16 7.986150e-17
-1.900000e-01 -1.900000e-01 -4.000000e-01 3.394424e-10 -3.394422e-10 -3.590160e-16 1.691545e-16 1.013850e-17
-2.000000e-01 -2.000000e-01 -4.000000e-01 3.415680e-10 -3.415678e-10 -3.690160e-16 1.691545e-16 1.385000e-19
-2.100000e-01 -2.100000e-01 -4.000000e-01 3.436180e-10 -3.436178e-10 -3.790160e-16 1.691545e-16 9.861500e-18
-2.200000e-01 -2.200000e-01 -4.000000e-01 3.455981e-10 -3.455979e-10 -3.890160e-16 1.691544e-16 1.986160e-17
-2.300000e-01 -2.300000e-01 -4.000000e-01 3.475134e-10 -3.475132e-10 -3.990160e-16 1.691544e-16 2.986160e-17
-2.400000e-01 -2.400000e-01 -4.000000e-01 3.493684e-10 -3.493682e-10 -4.090160e-16 1.691544e-16 3.986160e-17
-2.500000e-01 -2.500000e-01 -4.000000e-01 3.511670e-10 -3.511668e-10 -4.190160e-16 1.691544e-16 4.986160e-17
-2.600000e-01 -2.600000e-01 -4.000000e-01 3.529128e-10 -3.529126e-10 -4.290160e-16 1.691544e-16 5.986160e-17
-2.700000e-01 -2.700000e-01 -4.000000e-01 3.546091e-10 -3.546088e-10 -4.390160e-16 1.691544e-16 3.013840e-17
-2.800000e-01 -2.800000e-01 -4.000000e-01 3.562586e-10 -3.562583e-10 -4.490160e-16 1.691544e-16 2.013840e-17
-2.900000e-01 -2.900000e-01 -4.000000e-01 3.578642e-10 -3.578639e-10 -4.590160e-16 1.691544e-16 1.013840e-17
-3.000000e-01 -3.000000e-01 -4.000000e-01 3.594281e-10 -3.594278e-10 -4.690160e-16 1.691544e-16 1.384000e-19
-3.100000e-01 -3.100000e-01 -4.000000e-01 3.609526e-10 -3.609523e-10 -4.790160e-16 1.691544e-16 9.861600e-18
-3.200000e-01 -3.200000e-01 -4.000000e-01 3.624398e-10 -3.624394e-10 -4.890160e-16 1.691544e-16 8.013840e-17
-3.300000e-01 -3.300000e-01 -4.000000e-01 3.638914e-10 -3.638911e-10 -4.990160e-16 1.691544e-16 2.986160e-17
-3.400000e-01 -3.400000e-01 -4.000000e-01 3.653094e-10 -3.653090e-10 -5.090160e-16 1.691544e-16 6.013840e-17
-3.500000e-01 -3.500000e-01 -4.000000e-01 3.666952e-10 -3.666948e-10 -5.190160e-16 1.691544e-16 5.013840e-17
-3.600000e-01 -3.600000e-01 -4.000000e-01 3.680503e-10 -3.680499e-10 -5.290160e-16 1.691544e-16 4.013840e-17
-3.700000e-01 -3.700000e-01 -4.000000e-01 3.693762e-10 -3.693758e-10 -5.390160e-16 1.691544e-16 3.013840e-17
-3.800000e-01 -3.800000e-01 -4.000000e-01 3.706741e-10 -3.706737e-10 -5.490160e-16 1.691544e-16 2.013840e-17
-3.900000e-01 -3.900000e-01 -4.000000e-01 3.719452e-10 -3.719448e-10 -5.590160e-16 1.691544e-16 1.013840e-17
-4.000000e-01 -4.000000e-01 -4.000000e-01 3.731908e-10 -3.731904e-10 -5.690160e-16 1.691544e-16 1.384000e-19
-4.100000e-01 -4.100000e-01 -4.000000e-01 3.744117e-10 -3.744113e-10 -5.790160e-16 1.691544e-16 9.861600e-18
-4.200000e-01 -4.200000e-01 -4.000000e-01 3.756091e-10 -3.756087e-10 -5.890160e-16 1.691544e-16 1.986160e-17
-4.300000e-01 -4.300000e-01 -4.000000e-01 3.767839e-10 -3.767834e-10 -5.990160e-16 1.691544e-16 7.013840e-17
-4.400000e-01 -4.400000e-01 -4.000000e-01 3.779368e-10 -3.779364e-10 -6.090160e-16 1.691544e-16 3.986160e-17
-4.500000e-01 -4.500000e-01 -4.000000e-01 3.790689e-10 -3.790685e-10 -6.190160e-16 1.691544e-16 4.986160e-17
-4.600000e-01 -4.600000e-01 -4.000000e-01 3.801808e-10 -3.801804e-10 -6.290160e-16 1.691544e-16 5.986160e-17
-4.700000e-01 -4.700000e-01 -4.000000e-01 3.812733e-10 -3.812729e-10 -6.390160e-16 1.691544e-16 6.986160e-17
-4.800000e-01 -4.800000e-01 -4.000000e-01 3.823471e-10 -3.823466e-10 -6.490160e-16 1.691544e-16 2.013840e-17
-4.900000e-01 -4.900000e-01 -4.000000e-01 3.834029e-10 -3.834024e-10 -6.590160e-16 1.691544e-16 1.013840e-17
-5.000000e-01 -5.000000e-01 -4.000000e-01 3.844412e-10 -3.844407e-10 -6.690160e-16 1.691544e-16 1.384000e-19
-5.100000e-01 -5.100000e-01 -4.000000e-01 3.854627e-10 -3.854622e-10 -6.790160e-16 1.691544e-16 9.861600e-18
-5.200000e-01 -5.200000e-01 -4.000000e-01 3.864679e-10 -3.864674e-10 -6.890160e-16 1.691544e-16 1.986160e-17
-5.300000e-01 -5.300000e-01 -4.000000e-01 3.874574e-10 -3.874569e-10 -6.990160e-16 1.691544e-16 2.986160e-17
-5.400000e-01 -5.400000e-01 -4.000000e-01 3.884317e-10 -3.884312e-10 -7.090160e-16 1.691544e-16 3.986160e-17
-5.500000e-01 -5.500000e-01 -4.000000e-01 3.893913e-10 -3.893907e-10 -7.190160e-16 1.691544e-16 5.013840e-17
-5.600000e-01 -5.600000e-01 -4.000000e-01 3.903365e-10 -3.903360e-10 -7.290160e-16 1.691544e-16 5.986160e-17
-5.700000e-01 -5.700000e-01 -4.000000e-01 3.912680e-10 -3.912674e-10 -7.390160e-16 1.691544e-16 3.013840e-17
-5.800000e-01 -5.800000e-01 -4.000000e-01 3.921860e-10 -3.921855e-10 -7.490160e-16 1.691544e-16 7.986160e-17
-5.900000e-01 -5.900000e-01 -4.000000e-01 3.930911e-10 -3.930905e-10 -7.590160e-16 1.691544e-16 1.013840e-17
-6.000000e-01 -6.000000e-01 -4.000000e-01 3.939835e-10 -3.939829e-10 -7.690160e-16 1.691544e-16 1.384000e-19
-6.100000e-01 -6.100000e-01 -4.000000e-01 3.948637e-10 -3.948631e-10 -7.790160e-16 1.691544e-16 9.861600e-18
-6.200000e-01 -6.200000e-01 -4.000000e-01 3.957320e-10 -3.957313e-10 -7.890160e-16 1.691544e-16 8.013840e-17
-6.300000e-01 -6.300000e-01 -4.000000e-01 3.965887e-10 -3.965880e-10 -7.990160e-16 1.691544e-16 7.013840e-17
-6.400000e-01 -6.400000e-01 -4.000000e-01 3.974341e-10 -3.974335e-10 -8.090160e-16 1.691544e-16 3.986160e-17
-6.500000e-01 -6.500000e-01 -4.000000e-01 3.982686e-10 -3.982680e-10 -8.190160e-16 1.691544e-16 4.986160e-17
-6.600000e-01 -6.600000e-01 -4.000000e-01 3.990925e-10 -3.990919e-10 -8.290160e-16 1.691544e-16 5.986160e-17
-6.700000e-01 -6.700000e-01 -4.000000e-01 3.999061e-10 -3.999054e-10 -8.390160e-16 1.691544e-16 3.013840e-17
-6.800000e-01 -6.800000e-01 -4.000000e-01 4.007095e-10 -4.007088e-10 -8.490160e-16 1.691544e-16 2.013840e-17
-6.900000e-01 -6.900000e-01 -4.000000e-01 4.015032e-10 -4.015025e-10 -8.590160e-16 1.691544e-16 1.013840e-17
-7.000000e-01 -7.000000e-01 -4.000000e-01 4.022872e-10 -4.022865e-10 -8.690160e-16 1.691544e-16 1.384000e-19
-7.100000e-01 -7.100000e-01 -4.000000e-01 4.030620e-10 -4.030613e-10 -8.790160e-16 1.691544e-16 9.861600e-18
-7.200000e-01 -7.200000e-01 -4.000000e-01 4.038277e-10 -4.038269e-10 -8.890160e-16 1.691544e-16 8.013840e-17
-7.300000e-01 -7.300000e-01 -4.000000e-01 4.045845e-10 -4.045837e-10 -8.990160e-16 1.691544e-16 7.013840e-17
-7.400000e-01 -7.400000e-01 -4.000000e-01 4.053326e-10 -4.053319e-10 -9.090160e-16 1.691544e-16 3.986160e-17
-7.500000e-01 -7.500000e-01 -4.000000e-01 4.060724e-10 -4.060716e-10 -9.190160e-16 1.691544e-16 5.013840e-17
-7.600000e-01 -7.600000e-01 -4.000000e-01 4.068038e-10 -4.068031e-10 -9.290160e-16 1.691544e-16 5.986160e-17
-7.700000e-01 -7.700000e-01 -4.000000e-01 4.075273e-10 -4.075265e-10 -9.390160e-16 1.691544e-16 3.013840e-17
-7.800000e-01 -7.800000e-01 -4.000000e-01 4.082429e-10 -4.082421e-10 -9.490160e-16 1.691544e-16 2.013840e-17
-7.900000e-01 -7.900000e-01 -4.000000e-01 4.089508e-10 -4.089500e-10 -9.590160e-16 1.691544e-16 1.013840e-17
-8.000000e-01 -8.000000e-01 -4.000000e-01 4.096512e-10 -4.096504e-10 -9.690160e-16 1.691544e-16 1.384000e-19
-8.100000e-01 -8.100000e-01 -4.000000e-01 4.103444e-10 -4.103435e-10 -9.790160e-16 1.691544e-16 9.013840e-17
-8.200000e-01 -8.200000e-01 -4.000000e-01 4.110303e-10 -4.110295e-10 -9.890160e-16 1.691544e-16 1.986160e-17
-8.300000e-01 -8.300000e-01 -4.000000e-01 4.117092e-10 -4.117084e-10 -9.990160e-16 1.691544e-16 2.986160e-17
-8.400000e-01 -8.400000e-01 -4.000000e-01 4.123813e-10 -4.123805e-10 -1.009000e-15 1.691544e-16 3.984560e-17
-8.500000e-01 -8.500000e-01 -4.000000e-01 4.130467e-10 -4.130458e-10 -1.019000e-15 1.691544e-16 5.015440e-17
-8.600000e-01 -8.600000e-01 -4.000000e-01 4.137055e-10 -4.137046e-10 -1.029000e-15 1.691544e-16 4.015440e-17
-8.700000e-01 -8.700000e-01 -4.000000e-01 4.143579e-10 -4.143570e-10 -1.039000e-15 1.691544e-16 3.015440e-17
-8.800000e-01 -8.800000e-01 -4.000000e-01 4.150040e-10 -4.150031e-10 -1.049000e-15 1.691544e-16 2.015440e-17
-8.900000e-01 -8.900000e-01 -4.000000e-01 4.156439e-10 -4.156430e-10 -1.059000e-15 1.691544e-16 1.015440e-17
-9.000000e-01 -9.000000e-01 -4.000000e-01 4.162778e-10 -4.162769e-10 -1.069000e-15 1.691544e-16 1.544000e-19
-9.100000e-01 -9.100000e-01 -4.000000e-01 4.169058e-10 -4.169049e-10 -1.079000e-15 1.691544e-16 9.845600e-18
-9.200000e-01 -9.200000e-01 -4.000000e-01 4.175280e-10 -4.175271e-10 -1.089000e-15 1.691544e-16 1.984560e-17
-9.300000e-01 -9.300000e-01 -4.000000e-01 4.181445e-10 -4.181436e-10 -1.099000e-15 1.691544e-16 2.984560e-17
-9.400000e-01 -9.400000e-01 -4.000000e-01 4.187555e-10 -4.187545e-10 -1.109000e-15 1.691544e-16 6.015440e-17
-9.500000e-01 -9.500000e-01 -4.000000e-01 4.193610e-10 -4.193600e-10 -1.119000e-15 1.691544e-16 5.015440e-17
-9.600000e-01 -9.600000e-01 -4.000000e-01 4.199611e-10 -4.199602e-10 -1.129000e-15 1.691544e-16 5.984560e-17
-9.700000e-01 -9.700000e-01 -4.000000e-01 4.205560e-10 -4.205551e-10 -1.139000e-15 1.691544e-16 6.984560e-17
-9.800000e-01 -9.800000e-01 -4.000000e-01 4.211458e-10 -4.211448e-10 -1.149000e-15 1.691544e-16 2.015440e-17
-9.900000e-01 -9.900000e-01 -4.000000e-01 4.217305e-10 -4.217295e-10 -1.159000e-15 1.691544e-16 1.015440e-17
-1.000000e+00 -1.000000e+00 -4.000000e-01 4.223102e-10 -4.223092e-10 -1.169000e-15 1.691544e-16 1.544001e-19
-1.010000e+00 -1.010000e+00 -4.000000e-01 4.228851e-10 -4.228841e-10 -1.179000e-15 1.691544e-16 9.845600e-18
-1.020000e+00 -1.020000e+00 -4.000000e-01 4.234552e-10 -4.234542e-10 -1.189000e-15 1.691544e-16 1.984560e-17
-1.030000e+00 -1.030000e+00 -4.000000e-01 4.240206e-10 -4.240196e-10 -1.199000e-15 1.691544e-16 2.984560e-17
-1.040000e+00 -1.040000e+00 -4.000000e-01 4.245814e-10 -4.245804e-10 -1.209000e-15 1.691544e-16 3.984560e-17
-1.050000e+00 -1.050000e+00 -4.000000e-01 4.251377e-10 -4.251366e-10 -1.219000e-15 1.691544e-16 5.015440e-17
-1.060000e+00 -1.060000e+00 -4.000000e-01 4.256895e-10 -4.256884e-10 -1.229000e-15 1.691544e-16 4.015440e-17
-1.070000e+00 -1.070000e+00 -4.000000e-01 4.262369e-10 -4.262359e-10 -1.239000e-15 1.691544e-16 6.984560e-17
-1.080000e+00 -1.080000e+00 -4.000000e-01 4.267801e-10 -4.267790e-10 -1.249000e-15 1.691544e-16 2.015440e-17
-1.090000e+00 -1.090000e+00 -4.000000e-01 4.273190e-10 -4.273179e-10 -1.259000e-15 1.691544e-16 1.015440e-17
-1.100000e+00 -1.100000e+00 -4.000000e-01 4.278538e-10 -4.278527e-10 -1.269000e-15 1.691544e-16 1.543999e-19
-1.110000e+00 -1.110000e+00 -4.000000e-01 4.283845e-10 -4.283834e-10 -1.279000e-15 1.691544e-16 9.845600e-18
-1.120000e+00 -1.120000e+00 -4.000000e-01 4.289112e-10 -4.289101e-10 -1.289000e-15 1.691544e-16 1.984560e-17
-1.130000e+00 -1.130000e+00 -4.000000e-01 4.294340e-10 -4.294328e-10 -1.299000e-15 1.691544e-16 7.015440e-17
-1.140000e+00 -1.140000e+00 -4.000000e-01 4.299529e-10 -4.299517e-10 -1.309000e-15 1.691544e-16 6.015440e-17
-1.150000e+00 -1.150000e+00 -4.000000e-01 4.304679e-10 -4.304668e-10 -1.319000e-15 1.691544e-16 4.984560e-17
-1.160000e+00 -1.160000e+00 -4.000000e-01 4.309792e-10 -4.309781e-10 -1.329000e-15 1.691544e-16 5.984560e-17
-1.170000e+00 -1.170000e+00 -4.000000e-01 4.314868e-10 -4.314857e-10 -1.339000e-15 1.691544e-16 6.984560e-17
-1.180000e+00 -1.180000e+00 -4.000000e-01 4.319908e-10 -4.319897e-10 -1.349000e-15 1.691544e-16 7.984560e-17
-1.190000e+00 -1.190000e+00 -4.000000e-01 4.324912e-10 -4.324901e-10 -1.359000e-15 1.691544e-16 8.984560e-17
-1.200000e+00 -1.200000e+00 -4.000000e-01 4.329881e-10 -4.329869e-10 -1.369000e-15 1.691544e-16 1.544000e-19
0.000000e+00 0.000000e+00 -6.000000e-01 -3.169230e-14 -3.169230e-14 -9.184000e-18 6.339380e-14 1.600000e-20
-1.000000e-02 -1.000000e-02 -6.000000e-01 6.283470e-08 -6.283470e-08 -1.918400e-17 5.654130e-14 5.652212e-14
-2.000000e-02 -2.000000e-02 -6.000000e-01 1.182807e-07 -1.182807e-07 -2.918400e-17 5.041640e-14 5.038722e-14
-3.000000e-02 -3.000000e-02 -6.000000e-01 1.657559e-07 -1.657559e-07 -3.918400e-17 4.510190e-14 4.506272e-14
-4.000000e-02 -4.000000e-02 -6.000000e-01 2.049089e-07 -2.049089e-07 -4.918400e-17 4.067660e-14 4.062742e-14
-5.000000e-02 -5.000000e-02 -6.000000e-01 2.360764e-07 -2.360765e-07 -5.918400e-17 3.715580e-14 6.290338e-14
-6.000000e-02 -6.000000e-02 -6.000000e-01 2.603019e-07 -2.603019e-07 -6.918400e-17 3.446860e-14 3.439942e-14
-7.000000e-02 -7.000000e-02 -6.000000e-01 2.789930e-07 -2.789930e-07 -7.918400e-17 3.247980e-14 3.240062e-14
-8.000000e-02 -8.000000e-02 -6.000000e-01 2.935311e-07 -2.935311e-07 -8.918400e-17 3.103400e-14 3.094482e-14
-9.000000e-02 -9.000000e-02 -6.000000e-01 3.050517e-07 -3.050517e-07 -9.918400e-17 2.998890e-14 2.988972e-14
-1.000000e-01 -1.000000e-01 -6.000000e-01 3.143994e-07 -3.143995e-07 -1.091840e-16 2.923100e-14 7.087818e-14
-1.100000e-01 -1.100000e-01 -6.000000e-01 3.221723e-07 -3.221724e-07 -1.191840e-16 2.867630e-14 7.144288e-14
-1.200000e-01 -1.200000e-01 -6.000000e-01 3.287859e-07 -3.287859e-07 -1.291840e-16 2.826530e-14 2.813612e-14
-1.300000e-01 -1.300000e-01 -6.000000e-01 3.345288e-07 -3.345289e-07 -1.391840e-16 2.795640e-14 7.218278e-14
-1.400000e-01 -1.400000e-01 -6.000000e-01 3.396038e-07 -3.396038e-07 -1.491840e-16 2.772080e-14 2.757162e-14
-1.500000e-01 -1.500000e-01 -6.000000e-01 3.441553e-07 -3.441554e-07 -1.591840e-16 2.753850e-14 7.262068e-14
-1.600000e-01 -1.600000e-01 -6.000000e-01 3.482883e-07 -3.482883e-07 -1.691840e-16 2.739560e-14 2.722642e-14
-1.700000e-01 -1.700000e-01 -6.000000e-01 3.520801e-07 -3.520801e-07 -1.791840e-16 2.728200e-14 2.710282e-14
-1.800000e-01 -1.800000e-01 -6.000000e-01 3.555892e-07 -3.555892e-07 -1.891840e-16 2.719060e-14 2.700142e-14
-1.900000e-01 -1.900000e-01 -6.000000e-01 3.588602e-07 -3.588602e-07 -1.991840e-16 2.711620e-14 2.691702e-14
-2.000000e-01 -2.000000e-01 -6.000000e-01 3.619280e-07 -3.619280e-07 -2.091840e-16 2.705500e-14 2.684582e-14
-2.100000e-01 -2.100000e-01 -6.000000e-01 3.648202e-07 -3.648202e-07 -2.191840e-16 2.700410e-14 2.678492e-14
-2.200000e-01 -2.200000e-01 -6.000000e-01 3.675588e-07 -3.675589e-07 -2.291840e-16 2.696150e-14 7.326768e-14
-2.300000e-01 -2.300000e-01 -6.000000e-01 3.701620e-07 -3.701621e-07 -2.391840e-16 2.692540e-14 7.331378e-14
-2.400000e-01 -2.400000e-01 -6.000000e-01 3.726446e-07 -3.726447e-07 -2.491840e-16 2.689460e-14 7.335458e-14
-2.500000e-01 -2.500000e-01 -6.000000e-01 3.750190e-07 -3.750191e-07 -2.591840e-16 2.686810e-14 7.339108e-14
-2.600000e-01 -2.600000e-01 -6.000000e-01 3.772957e-07 -3.772957e-07 -2.691840e-16 2.684520e-14 2.657602e-14
-2.700000e-01 -2.700000e-01 -6.000000e-01 3.794834e-07 -3.794835e-07 -2.791840e-16 2.682520e-14 7.345398e-14
-2.800000e-01 -2.800000e-01 -6.000000e-01 3.815900e-07 -3.815900e-07 -2.891840e-16 2.680760e-14 2.651842e-14
-2.900000e-01 -2.900000e-01 -6.000000e-01 3.836220e-07 -3.836220e-07 -2.991840e-16 2.679210e-14 2.649292e-14
-3.000000e-01 -3.000000e-01 -6.000000e-01 3.855851e-07 -3.855852e-07 -3.091840e-16 2.677840e-14 7.353078e-14
-3.100000e-01 -3.100000e-01 -6.000000e-01 3.874845e-07 -3.874846e-07 -3.191840e-16 2.676610e-14 7.355308e-14
-3.200000e-01 -3.200000e-01 -6.000000e-01 3.893247e-07 -3.893247e-07 -3.291840e-16 2.675510e-14 2.642592e-14
-3.300000e-01 -3.300000e-01 -6.000000e-01 3.911096e-07 -3.911097e-07 -3.391840e-16 2.674510e-14 7.359408e-14
-3.400000e-01 -3.400000e-01 -6.000000e-01 3.928429e-07 -3.928429e-07 -3.491840e-16 2.673610e-14 2.638692e-14
-3.500000e-01 -3.500000e-01 -6.000000e-01 3.945276e-07 -3.945277e-07 -3.591840e-16 2.672790e-14 7.363128e-14
-3.600000e-01 -3.600000e-01 -6.000000e-01 3.961668e-07 -3.961668e-07 -3.691840e-16 2.672040e-14 2.635122e-14
-3.700000e-01 -3.700000e-01 -6.000000e-01 3.977630e-07 -3.977631e-07 -3.791840e-16 2.671350e-14 7.366568e-14
-3.800000e-01 -3.800000e-01 -6.000000e-01 3.993187e-07 -3.993187e-07 -3.891840e-16 2.670720e-14 2.631802e-14
-3.900000e-01 -3.900000e-01 -6.000000e-01 4.008360e-07 -4.008360e-07 -3.991840e-16 2.670130e-14 2.630212e-14
-4.000000e-01 -4.000000e-01 -6.000000e-01 4.023168e-07 -4.023169e-07 -4.091840e-16 2.669590e-14 7.371328e-14
-4.100000e-01 -4.100000e-01 -6.000000e-01 4.037632e-07 -4.037632e-07 -4.191840e-16 2.669090e-14 2.627172e-14
-4.200000e-01 -4.200000e-01 -6.000000e-01 4.051766e-07 -4.051767e-07 -4.291840e-16 2.668610e-14 7.374308e-14
-4.300000e-01 -4.300000e-01 -6.000000e-01 4.065588e-07 -4.065589e-07 -4.391840e-16 2.668170e-14 7.375748e-14
-4.400000e-01 -4.400000e-01 -6.000000e-01 4.079112e-07 -4.079112e-07 -4.491840e-16 2.667760e-14 2.622842e-14
-4.500000e-01 -4.500000e-01 -6.000000e-01 4.092350e-07 -4.092350e-07 -4.591840e-16 2.667370e-14 2.621452e-14
-4.600000e-01 -4.600000e-01 -6.000000e-01 4.105316e-07 -4.105316e-07 -4.691840e-16 2.667000e-14 2.620082e-14
-4.700000e-01 -4.700000e-01 -6.000000e-01 4.118021e-07 -4.118021e-07 -4.791840e-16 2.666650e-14 2.618732e-14
-4.800000e-01 -4.800000e-01 -6.000000e-01 4.130476e-07 -4.130477e-07 -4.891840e-16 2.666320e-14 7.382598e-14
-4.900000e-01 -4.900000e-01 -6.000000e-01 4.142692e-07 -4.142692e-07 -4.991840e-16 2.666010e-14 2.616092e-14
-5.000000e-01 -5.000000e-01 -6.000000e-01 4.154677e-07 -4.154678e-07 -5.091840e-16 2.665710e-14 7.385208e-14
-5.100000e-01 -5.100000e-01 -6.000000e-01 4.166441e-07 -4.166442e-07 -5.191840e-16 2.665420e-14 7.386498e-14
-5.200000e-01 -5.200000e-01 -6.000000e-01 4.177993e-07 -4.177993e-07 -5.291840e-16 2.665150e-14 2.612232e-14
-5.300000e-01 -5.300000e-01 -6.000000e-01 4.189340e-07 -4.189340e-07 -5.391840e-16 2.664890e-14 2.610972e-14
-5.400000e-01 -5.400000e-01 -6.000000e-01 4.200489e-07 -4.200489e-07 -5.491840e-16 2.664640e-14 2.609722e-14
-5.500000e-01 -5.500000e-01 -6.000000e-01 4.211448e-07 -4.211449e-07 -5.591840e-16 2.664400e-14 7.391518e-14
-5.600000e-01 -5.600000e-01 -6.000000e-01 4.222224e-07 -4.222225e-07 -5.691840e-16 2.664170e-14 7.392748e-14
-5.700000e-01 -5.700000e-01 -6.000000e-01 4.232823e-07 -4.232823e-07 -5.791840e-16 2.663950e-14 2.606032e-14
-5.800000e-01 -5.800000e-01 -6.000000e-01 4.243251e-07 -4.243251e-07 -5.891840e-16 2.663730e-14 2.604812e-14
-5.900000e-01 -5.900000e-01 -6.000000e-01 4.253513e-07 -4.253513e-07 -5.991840e-16 2.663530e-14 2.603612e-14
-6.000000e-01 -6.000000e-01 -6.000000e-01 4.263615e-07 -4.263615e-07 -6.091840e-16 2.663330e-14 2.602412e-14
-6.100000e-01 -6.100000e-01 -6.000000e-01 4.273562e-07 -4.273562e-07 -6.191840e-16 2.663130e-14 2.601212e-14
-6.200000e-01 -6.200000e-01 -6.000000e-01 4.283359e-07 -4.283360e-07 -6.291840e-16 2.662950e-14 7.399968e-14
-6.300000e-01 -6.300000e-01 -6.000000e-01 4.293011e-07 -4.293012e-07 -6.391840e-16 2.662760e-14 7.401158e-14
-6.400000e-01 -6.400000e-01 -6.000000e-01 4.302522e-07 -4.302523e-07 -6.491840e-16 2.662590e-14 7.402328e-14
-6.500000e-01 -6.500000e-01 -6.000000e-01 4.311897e-07 -4.311897e-07 -6.591840e-16 2.662410e-14 2.596492e-14
-6.600000e-01 -6.600000e-01 -6.000000e-01 4.321139e-07 -4.321139e-07 -6.691840e-16 2.662250e-14 2.595332e-14
-6.700000e-01 -6.700000e-01 -6.000000e-01 4.330252e-07 -4.330252e-07 -6.791840e-16 2.662080e-14 2.594162e-14
-6.800000e-01 -6.800000e-01 -6.000000e-01 4.339240e-07 -4.339240e-07 -6.891840e-16 2.661930e-14 2.593012e-14
-6.900000e-01 -6.900000e-01 -6.000000e-01 4.348106e-07 -4.348107e-07 -6.991840e-16 2.661770e-14 7.408148e-14
-7.000000e-01 -7.000000e-01 -6.000000e-01 4.356855e-07 -4.356855e-07 -7.091840e-16 2.661620e-14 2.590702e-14
-7.100000e-01 -7.100000e-01 -6.000000e-01 4.365488e-07 -4.365489e-07 -7.191840e-16 2.661470e-14 7.410448e-14
-7.200000e-01 -7.200000e-01 -6.000000e-01 4.374010e-07 -4.374010e-07 -7.291840e-16 2.661330e-14 2.588412e-14
-7.300000e-01 -7.300000e-01 -6.000000e-01 4.382423e-07 -4.382423e-07 -7.391840e-16 2.661190e-14 2.587272e-14
-7.400000e-01 -7.400000e-01 -6.000000e-01 4.390730e-07 -4.390731e-07 -7.491840e-16 2.661050e-14 7.413868e-14
-7.500000e-01 -7.500000e-01 -6.000000e-01 4.398934e-07 -4.398935e-07 -7.591840e-16 2.660910e-14 7.415008e-14
-7.600000e-01 -7.600000e-01 -6.000000e-01 4.407038e-07 -4.407038e-07 -7.691840e-16 2.660780e-14 2.583862e-14
-7.700000e-01 -7.700000e-01 -6.000000e-01 4.415043e-07 -4.415043e-07 -7.791840e-16 2.660650e-14 2.582732e-14
-7.800000e-01 -7.800000e-01 -6.000000e-01 4.422953e-07 -4.422953e-07 -7.891840e-16 2.660520e-14 2.581602e-14
-7.900000e-01 -7.900000e-01 -6.000000e-01 4.430770e-07 -4.430770e-07 -7.991840e-16 2.660400e-14 2.580482e-14
-8.000000e-01 -8.000000e-01 -6.000000e-01 4.438496e-07 -4.438496e-07 -8.091840e-16 2.660280e-14 2.579362e-14
-8.100000e-01 -8.100000e-01 -6.000000e-01 4.446133e-07 -4.446133e-07 -8.191840e-16 2.660160e-14 2.578242e-14
-8.200000e-01 -8.200000e-01 -6.000000e-01 4.453684e-07 -4.453684e-07 -8.291840e-16 2.660040e-14 2.577122e-14
-8.300000e-01 -8.300000e-01 -6.000000e-01 4.461150e-07 -4.461150e-07 -8.391840e-16 2.659920e-14 2.576002e-14
-8.400000e-01 -8.400000e-01 -6.000000e-01 4.468533e-07 -4.468533e-07 -8.491840e-16 2.659810e-14 2.574892e-14
-8.500000e-01 -8.500000e-01 -6.000000e-01 4.475836e-07 -4.475836e-07 -8.591840e-16 2.659700e-14 2.573782e-14
-8.600000e-01 -8.600000e-01 -6.000000e-01 4.483059e-07 -4.483060e-07 -8.691840e-16 2.659590e-14 7.427328e-14
-8.700000e-01 -8.700000e-01 -6.000000e-01 4.490206e-07 -4.490206e-07 -8.791840e-16 2.659480e-14 2.571562e-14
-8.800000e-01 -8.800000e-01 -6.000000e-01 4.497277e-07 -4.497277e-07 -8.891840e-16 2.659370e-14 2.570452e-14
-8.900000e-01 -8.900000e-01 -6.000000e-01 4.504275e-07 -4.504275e-07 -8.991840e-16 2.659260e-14 2.569342e-14
-9.000000e-01 -9.000000e-01 -6.000000e-01 4.511200e-07 -4.511200e-07 -9.091840e-16 2.659160e-14 2.568242e-14
-9.100000e-01 -9.100000e-01 -6.000000e-01 4.518055e-07 -4.518055e-07 -9.191840e-16 2.659060e-14 2.567142e-14
-9.200000e-01 -9.200000e-01 -6.000000e-01 4.524840e-07 -4.524840e-07 -9.291840e-16 2.658960e-14 2.566042e-14
-9.300000e-01 -9.300000e-01 -6.000000e-01 4.531558e-07 -4.531558e-07 -9.391840e-16 2.658860e-14 2.564942e-14
-9.400000e-01 -9.400000e-01 -6.000000e-01 4.538209e-07 -4.538210e-07 -9.491840e-16 2.658760e-14 7.436158e-14
-9.500000e-01 -9.500000e-01 -6.000000e-01 4.544796e-07 -4.544796e-07 -9.591840e-16 2.658660e-14 2.562742e-14
-9.600000e-01 -9.600000e-01 -6.000000e-01 4.551319e-07 -4.551319e-07 -9.691840e-16 2.658570e-14 2.561652e-14
-9.700000e-01 -9.700000e-01 -6.000000e-01 4.557780e-07 -4.557780e-07 -9.791840e-16 2.658470e-14 2.560552e-14
-9.800000e-01 -9.800000e-01 -6.000000e-01 4.564179e-07 -4.564180e-07 -9.891840e-16 2.658380e-14 7.440538e-14
-9.900000e-01 -9.900000e-01 -6.000000e-01 4.570519e-07 -4.570519e-07 -9.991840e-16 2.658290e-14 2.558372e-14
-1.000000e+00 -1.000000e+00 -6.000000e-01 4.576800e-07 -4.576800e-07 -1.009200e-15 2.658190e-14 2.557270e-14
-1.010000e+00 -1.010000e+00 -6.000000e-01 4.583024e-07 -4.583024e-07 -1.019200e-15 2.658100e-14 2.556180e-14
-1.020000e+00 -1.020000e+00 -6.000000e-01 4.589191e-07 -4.589191e-07 -1.029200e-15 2.658020e-14 2.555100e-14
-1.030000e+00 -1.030000e+00 -6.000000e-01 4.595302e-07 -4.595302e-07 -1.039200e-15 2.657930e-14 2.554010e-14
-1.040000e+00 -1.040000e+00 -6.000000e-01 4.601359e-07 -4.601360e-07 -1.049200e-15 2.657840e-14 7.447080e-14
-1.050000e+00 -1.050000e+00 -6.000000e-01 4.607363e-07 -4.607363e-07 -1.059200e-15 2.657750e-14 2.551830e-14
-1.060000e+00 -1.060000e+00 -6.000000e-01 4.613315e-07 -4.613315e-07 -1.069200e-15 2.657670e-14 2.550750e-14
-1.070000e+00 -1.070000e+00 -6.000000e-01 4.619215e-07 -4.619215e-07 -1.079200e-15 2.657590e-14 2.549670e-14
-1.080000e+00 -1.080000e+00 -6.000000e-01 4.625064e-07 -4.625064e-07 -1.089200e-15 2.657500e-14 2.548580e-14
-1.090000e+00 -1.090000e+00 -6.000000e-01 4.630864e-07 -4.630864e-07 -1.099200e-15 2.657420e-14 2.547500e-14
-1.100000e+00 -1.100000e+00 -6.000000e-01 4.636615e-07 -4.636616e-07 -1.109200e-15 2.657340e-14 7.453580e-14
-1.110000e+00 -1.110000e+00 -6.000000e-01 4.642319e-07 -4.642319e-07 -1.119200e-15 2.657260e-14 2.545340e-14
-1.120000e+00 -1.120000e+00 -6.000000e-01 4.647975e-07 -4.647976e-07 -1.129200e-15 2.657180e-14 7.455740e-14
-1.130000e+00 -1.130000e+00 -6.000000e-01 4.653586e-07 -4.653586e-07 -1.139200e-15 2.657100e-14 2.543180e-14
-1.140000e+00 -1.140000e+00 -6.000000e-01 4.659150e-07 -4.659151e-07 -1.149200e-15 2.657020e-14 7.457900e-14
-1.150000e+00 -1.150000e+00 -6.000000e-01 4.664671e-07 -4.664671e-07 -1.159200e-15 2.656950e-14 2.541030e-14
-1.160000e+00 -1.160000e+00 -6.000000e-01 4.670147e-07 -4.670147e-07 -1.169200e-15 2.656870e-14 2.539950e-14
-1.170000e+00 -1.170000e+00 -6.000000e-01 4.675580e-07 -4.675580e-07 -1.179200e-15 2.656790e-14 2.538870e-14
-1.180000e+00 -1.180000e+00 -6.000000e-01 4.680971e-07 -4.680971e-07 -1.189200e-15 2.656720e-14 2.537800e-14
-1.190000e+00 -1.190000e+00 -6.000000e-01 4.686320e-07 -4.686320e-07 -1.199200e-15 2.656640e-14 2.536720e-14
-1.200000e+00 -1.200000e+00 -6.000000e-01 4.691628e-07 -4.691628e-07 -1.209200e-15 2.656570e-14 2.535650e-14
0.000000e+00 0.000000e+00 -8.000000e-01 -5.188227e-13 -5.188227e-13 -4.435500e-19 1.037600e-12 4.584355e-17
-1.000000e-02 -1.000000e-02 -8.000000e-01 2.220106e-07 -2.220116e-07 -1.044360e-17 9.912737e-13 8.736744e-15
-2.000000e-02 -2.000000e-02 -8.000000e-01 4.360691e-07 -4.360701e-07 -2.044360e-17 9.464561e-13 5.356434e-14
-3.000000e-02 -3.000000e-02 -8.000000e-01 6.418691e-07 -6.418700e-07 -3.044360e-17 9.032326e-13 3.202156e-15
-4.000000e-02 -4.000000e-02 -8.000000e-01 8.389906e-07 -8.389915e-07 -4.044360e-17 8.616755e-13 3.836494e-14
-5.000000e-02 -5.000000e-02 -8.000000e-01 1.027000e-06 -1.027000e-06 -5.044360e-17 8.218836e-13 8.218332e-13
-6.000000e-02 -6.000000e-02 -8.000000e-01 1.205300e-06 -1.205300e-06 -6.044360e-17 7.839733e-13 7.839129e-13
-7.000000e-02 -7.000000e-02 -8.000000e-01 1.373500e-06 -1.373500e-06 -7.044360e-17 7.480682e-13 7.479978e-13
-8.000000e-02 -8.000000e-02 -8.000000e-01 1.531400e-06 -1.531400e-06 -8.044360e-17 7.142885e-13 7.142081e-13
-9.000000e-02 -9.000000e-02 -8.000000e-01 1.678700e-06 -1.678700e-06 -9.044360e-17 6.827384e-13 6.826480e-13
-1.000000e-01 -1.000000e-01 -8.000000e-01 1.815400e-06 -1.815400e-06 -1.004436e-16 6.534956e-13 6.533952e-13
-1.100000e-01 -1.100000e-01 -8.000000e-01 1.941800e-06 -1.941800e-06 -1.104436e-16 6.266024e-13 6.264920e-13
-1.200000e-01 -1.200000e-01 -8.000000e-01 2.058300e-06 -2.058300e-06 -1.204436e-16 6.020601e-13 6.019397e-13
-1.300000e-01 -1.300000e-01 -8.000000e-01 2.165300e-06 -2.165300e-06 -1.304436e-16 5.798277e-13 5.796973e-13
-1.400000e-01 -1.400000e-01 -8.000000e-01 2.263600e-06 -2.263600e-06 -1.404436e-16 5.598246e-13 5.596842e-13
-1.500000e-01 -1.500000e-01 -8.000000e-01 2.353800e-06 -2.353800e-06 -1.504435e-16 5.419359e-13 5.417855e-13
-1.600000e-01 -1.600000e-01 -8.000000e-01 2.436500e-06 -2.436500e-06 -1.604435e-16 5.260212e-13 5.258608e-13
-1.700000e-01 -1.700000e-01 -8.000000e-01 2.512600e-06 -2.512600e-06 -1.704435e-16 5.119227e-13 5.117523e-13
-1.800000e-01 -1.800000e-01 -8.000000e-01 2.582600e-06 -2.582600e-06 -1.804435e-16 4.994747e-13 4.992943e-13
-1.900000e-01 -1.900000e-01 -8.000000e-01 2.647200e-06 -2.647200e-06 -1.904435e-16 4.885100e-13 4.883196e-13
-2.000000e-01 -2.000000e-01 -8.000000e-01 2.706800e-06 -2.706800e-06 -2.004435e-16 4.788669e-13 4.786665e-13
-2.100000e-01 -2.100000e-01 -8.000000e-01 2.762100e-06 -2.762100e-06 -2.104435e-16 4.703924e-13 4.701820e-13
-2.200000e-01 -2.200000e-01 -8.000000e-01 2.813300e-06 -2.813300e-06 -2.204435e-16 4.629456e-13 4.627252e-13
-2.300000e-01 -2.300000e-01 -8.000000e-01 2.861100e-06 -2.861100e-06 -2.304435e-16 4.563984e-13 4.561680e-13
-2.400000e-01 -2.400000e-01 -8.000000e-01 2.905600e-06 -2.905600e-06 -2.404435e-16 4.506364e-13 4.503960e-13
-2.500000e-01 -2.500000e-01 -8.000000e-01 2.947200e-06 -2.947200e-06 -2.504435e-16 4.455583e-13 4.453079e-13
-2.600000e-01 -2.600000e-01 -8.000000e-01 2.986100e-06 -2.986100e-06 -2.604435e-16 4.410751e-13 4.408147e-13
-2.700000e-01 -2.700000e-01 -8.000000e-01 3.022700e-06 -3.022700e-06 -2.704435e-16 4.371092e-13 4.368388e-13
-2.800000e-01 -2.800000e-01 -8.000000e-01 3.057200e-06 -3.057200e-06 -2.804435e-16 4.335932e-13 4.333128e-13
-2.900000e-01 -2.900000e-01 -8.000000e-01 3.089700e-06 -3.089700e-06 -2.904435e-16 4.304687e-13 4.301783e-13
-3.000000e-01 -3.000000e-01 -8.000000e-01 3.120400e-06 -3.120400e-06 -3.004435e-16 4.276853e-13 4.273849e-13
-3.100000e-01 -3.100000e-01 -8.000000e-01 3.149500e-06 -3.149500e-06 -3.104435e-16 4.251994e-13 4.248890e-13
-3.200000e-01 -3.200000e-01 -8.000000e-01 3.177100e-06 -3.177100e-06 -3.204435e-16 4.229735e-13 4.226531e-13
-3.300000e-01 -3.300000e-01 -8.000000e-01 3.203300e-06 -3.203300e-06 -3.304435e-16 4.209753e-13 4.206449e-13
-3.400000e-01 -3.400000e-01 -8.000000e-01 3.228300e-06 -3.228300e-06 -3.404435e-16 4.191768e-13 4.188364e-13
-3.500000e-01 -3.500000e-01 -8.000000e-01 3.252200e-06 -3.252200e-06 -3.504435e-16 4.175537e-13 4.172033e-13
-3.600000e-01 -3.600000e-01 -8.000000e-01 3.275000e-06 -3.275000e-06 -3.604435e-16 4.160854e-13 4.157250e-13
-3.700000e-01 -3.700000e-01 -8.000000e-01 3.296800e-06 -3.296800e-06 -3.704435e-16 4.147535e-13 4.143831e-13
-3.800000e-01 -3.800000e-01 -8.000000e-01 3.317800e-06 -3.317800e-06 -3.804435e-16 4.135424e-13 4.131620e-13
-3.900000e-01 -3.900000e-01 -8.000000e-01 3.337900e-06 -3.337900e-06 -3.904435e-16 4.124386e-13 4.120482e-13
-4.000000e-01 -4.000000e-01 -8.000000e-01 3.357200e-06 -3.357200e-06 -4.004435e-16 4.114299e-13 4.110295e-13
-4.100000e-01 -4.100000e-01 -8.000000e-01 3.375800e-06 -3.375800e-06 -4.104435e-16 4.105061e-13 4.100957e-13
-4.200000e-01 -4.200000e-01 -8.000000e-01 3.393800e-06 -3.393800e-06 -4.204435e-16 4.096581e-13 4.092377e-13
-4.300000e-01 -4.300000e-01 -8.000000e-01 3.411100e-06 -3.411100e-06 -4.304435e-16 4.088780e-13 4.084476e-13
-4.400000e-01 -4.400000e-01 -8.000000e-01 3.427800e-06 -3.427800e-06 -4.404435e-16 4.081586e-13 4.077182e-13
-4.500000e-01 -4.500000e-01 -8.000000e-01 3.444100e-06 -3.444100e-06 -4.504435e-16 4.074939e-13 4.070435e-13
-4.600000e-01 -4.600000e-01 -8.000000e-01 3.459700e-06 -3.459700e-06 -4.604435e-16 4.068785e-13 4.064181e-13
-4.700000e-01 -4.700000e-01 -8.000000e-01 3.474900e-06 -3.474900e-06 -4.704435e-16 4.063074e-13 4.058370e-13
-4.800000e-01 -4.800000e-01 -8.000000e-01 3.489700e-06 -3.489700e-06 -4.804435e-16 4.057766e-13 4.052962e-13
-4.900000e-01 -4.900000e-01 -8.000000e-01 3.504000e-06 -3.504000e-06 -4.904435e-16 4.052822e-13 4.047918e-13
-5.000000e-01 -5.000000e-01 -8.000000e-01 3.518000e-06 -3.518000e-06 -5.004435e-16 4.048208e-13 4.043204e-13
-5.100000e-01 -5.100000e-01 -8.000000e-01 3.531500e-06 -3.531500e-06 -5.104435e-16 4.043895e-13 4.038791e-13
-5.200000e-01 -5.200000e-01 -8.000000e-01 3.544700e-06 -3.544700e-06 -5.204435e-16 4.039855e-13 4.034651e-13
-5.300000e-01 -5.300000e-01 -8.000000e-01 3.557600e-06 -3.557600e-06 -5.304435e-16 4.036066e-13 4.030762e-13
-5.400000e-01 -5.400000e-01 -8.000000e-01 3.570100e-06 -3.570100e-06 -5.404435e-16 4.032506e-13 4.027102e-13
-5.500000e-01 -5.500000e-01 -8.000000e-01 3.582300e-06 -3.582300e-06 -5.504435e-16 4.029155e-13 4.023651e-13
-5.600000e-01 -5.600000e-01 -8.000000e-01 3.594200e-06 -3.594200e-06 -5.604435e-16 4.025996e-13 4.020392e-13
-5.700000e-01 -5.700000e-01 -8.000000e-01 3.605900e-06 -3.605900e-06 -5.704435e-16 4.023013e-13 4.017309e-13
-5.800000e-01 -5.800000e-01 -8.000000e-01 3.617200e-06 -3.617200e-06 -5.804435e-16 4.020193e-13 4.014389e-13
-5.900000e-01 -5.900000e-01 -8.000000e-01 3.628400e-06 -3.628400e-06 -5.904435e-16 4.017523e-13 4.011619e-13
-6.000000e-01 -6.000000e-01 -8.000000e-01 3.639300e-06 -3.639300e-06 -6.004435e-16 4.014991e-13 4.008987e-13
-6.100000e-01 -6.100000e-01 -8.000000e-01 3.649900e-06 -3.649900e-06 -6.104435e-16 4.012588e-13 4.006484e-13
-6.200000e-01 -6.200000e-01 -8.000000e-01 3.660400e-06 -3.660400e-06 -6.204435e-16 4.010302e-13 4.004098e-13
-6.300000e-01 -6.300000e-01 -8.000000e-01 3.670600e-06 -3.670600e-06 -6.304435e-16 4.008126e-13 4.001822e-13
-6.400000e-01 -6.400000e-01 -8.000000e-01 3.680600e-06 -3.680600e-06 -6.404435e-16 4.006053e-13 3.999649e-13
-6.500000e-01 -6.500000e-01 -8.000000e-01 3.690400e-06 -3.690400e-06 -6.504435e-16 4.004074e-13 3.997570e-13
-6.600000e-01 -6.600000e-01 -8.000000e-01 3.700100e-06 -3.700100e-06 -6.604435e-16 4.002183e-13 3.995579e-13
-6.700000e-01 -6.700000e-01 -8.000000e-01 3.709500e-06 -3.709500e-06 -6.704435e-16 4.000374e-13 3.993670e-13
-6.800000e-01 -6.800000e-01 -8.000000e-01 3.718800e-06 -3.718800e-06 -6.804435e-16 3.998642e-13 3.991838e-13
-6.900000e-01 -6.900000e-01 -8.000000e-01 3.727900e-06 -3.727900e-06 -6.904435e-16 3.996982e-13 3.990078e-13
-7.000000e-01 -7.000000e-01 -8.000000e-01 3.736900e-06 -3.736900e-06 -7.004435e-16 3.995389e-13 3.988385e-13
-7.100000e-01 -7.100000e-01 -8.000000e-01 3.745700e-06 -3.745700e-06 -7.104435e-16 3.993859e-13 3.986755e-13
-7.200000e-01 -7.200000e-01 -8.000000e-01 3.754300e-06 -3.754300e-06 -7.204435e-16 3.992387e-13 3.985183e-13
-7.300000e-01 -7.300000e-01 -8.000000e-01 3.762800e-06 -3.762800e-06 -7.304435e-16 3.990971e-13 3.983667e-13
-7.400000e-01 -7.400000e-01 -8.000000e-01 3.771200e-06 -3.771200e-06 -7.404435e-16 3.989607e-13 3.982203e-13
-7.500000e-01 -7.500000e-01 -8.000000e-01 3.779400e-06 -3.779400e-06 -7.504435e-16 3.988291e-13 3.980787e-13
-7.600000e-01 -7.600000e-01 -8.000000e-01 3.787500e-06 -3.787500e-06 -7.604435e-16 3.987022e-13 3.979418e-13
-7.700000e-01 -7.700000e-01 -8.000000e-01 3.795500e-06 -3.795500e-06 -7.704435e-16 3.985795e-13 3.978091e-13
-7.800000e-01 -7.800000e-01 -8.000000e-01 3.803400e-06 -3.803400e-06 -7.804435e-16 3.984610e-13 3.976806e-13
-7.900000e-01 -7.900000e-01 -8.000000e-01 3.811100e-06 -3.811100e-06 -7.904435e-16 3.983463e-13 3.975559e-13
-8.000000e-01 -8.000000e-01 -8.000000e-01 3.818700e-06 -3.818700e-06 -8.004435e-16 3.982353e-13 3.974349e-13
-8.100000e-01 -8.100000e-01 -8.000000e-01 3.826200e-06 -3.826200e-06 -8.104435e-16 3.981277e-13 3.973173e-13
-8.200000e-01 -8.200000e-01 -8.000000e-01 3.833600e-06 -3.833600e-06 -8.204435e-16 3.980234e-13 3.972030e-13
-8.300000e-01 -8.300000e-01 -8.000000e-01 3.840900e-06 -3.840900e-06 -8.304435e-16 3.979222e-13 3.970918e-13
-8.400000e-01 -8.400000e-01 -8.000000e-01 3.848100e-06 -3.848100e-06 -8.404435e-16 3.978239e-13 3.969835e-13
-8.500000e-01 -8.500000e-01 -8.000000e-01 3.855200e-06 -3.855200e-06 -8.504435e-16 3.977284e-13 3.968780e-13
-8.600000e-01 -8.600000e-01 -8.000000e-01 3.862200e-06 -3.862200e-06 -8.604435e-16 3.976356e-13 3.967752e-13
-8.700000e-01 -8.700000e-01 -8.000000e-01 3.869100e-06 -3.869100e-06 -8.704435e-16 3.975453e-13 3.966749e-13
-8.800000e-01 -8.800000e-01 -8.000000e-01 3.876000e-06 -3.876000e-06 -8.804435e-16 3.974574e-13 3.965770e-13
-8.900000e-01 -8.900000e-01 -8.000000e-01 3.882700e-06 -3.882700e-06 -8.904435e-16 3.973718e-13 3.964814e-13
-9.000000e-01 -9.000000e-01 -8.000000e-01 3.889300e-06 -3.889300e-06 -9.004435e-16 3.972883e-13 3.963879e-13
-9.100000e-01 -9.100000e-01 -8.000000e-01 3.895900e-06 -3.895900e-06 -9.104435e-16 3.972069e-13 3.962965e-13
-9.200000e-01 -9.200000e-01 -8.000000e-01 3.902400e-06 -3.902400e-06 -9.204435e-16 3.971275e-13 3.962071e-13
-9.300000e-01 -9.300000e-01 -8.000000e-01 3.908800e-06 -3.908800e-06 -9.304435e-16 3.970500e-13 3.961196e-13
-9.400000e-01 -9.400000e-01 -8.000000e-01 3.915100e-06 -3.915100e-06 -9.404435e-16 3.969743e-13 3.960339e-13
-9.500000e-01 -9.500000e-01 -8.000000e-01 3.921300e-06 -3.921300e-06 -9.504435e-16 3.969004e-13 3.959500e-13
-9.600000e-01 -9.600000e-01 -8.000000e-01 3.927500e-06 -3.927500e-06 -9.604435e-16 3.968281e-13 3.958677e-13
-9.700000e-01 -9.700000e-01 -8.000000e-01 3.933600e-06 -3.933600e-06 -9.704435e-16 3.967573e-13 3.957869e-13
-9.800000e-01 -9.800000e-01 -8.000000e-01 3.939600e-06 -3.939600e-06 -9.804435e-16 3.966881e-13 3.957077e-13
-9.900000e-01 -9.900000e-01 -8.000000e-01 3.945600e-06 -3.945600e-06 -9.904435e-16 3.966204e-13 3.956300e-13
-1.000000e+00 -1.000000e+00 -8.000000e-01 3.951500e-06 -3.951500e-06 -1.000400e-15 3.965541e-13 3.955537e-13
-1.010000e+00 -1.010000e+00 -8.000000e-01 3.957300e-06 -3.957300e-06 -1.010400e-15 3.964891e-13 3.954787e-13
-1.020000e+00 -1.020000e+00 -8.000000e-01 3.963100e-06 -3.963100e-06 -1.020400e-15 3.964254e-13 3.954050e-13
-1.030000e+00 -1.030000e+00 -8.000000e-01 3.968800e-06 -3.968800e-06 -1.030400e-15 3.963629e-13 3.953325e-13
-1.040000e+00 -1.040000e+00 -8.000000e-01 3.974400e-06 -3.974400e-06 -1.040400e-15 3.963016e-13 3.952612e-13
-1.050000e+00 -1.050000e+00 -8.000000e-01 3.980000e-06 -3.980000e-06 -1.050400e-15 3.962415e-13 3.951911e-13
-1.060000e+00 -1.060000e+00 -8.000000e-01 3.985500e-06 -3.985500e-06 -1.060400e-15 3.961825e-13 3.951221e-13
-1.070000e+00 -1.070000e+00 -8.000000e-01 3.991000e-06 -3.991000e-06 -1.070400e-15 3.961246e-13 3.950542e-13
-1.080000e+00 -1.080000e+00 -8.000000e-01 3.996400e-06 -3.996400e-06 -1.080400e-15 3.960677e-13 3.949873e-13
-1.090000e+00 -1.090000e+00 -8.000000e-01 4.001700e-06 -4.001700e-06 -1.090400e-15 3.960117e-13 3.949213e-13
-1.100000e+00 -1.100000e+00 -8.000000e-01 4.007000e-06 -4.007000e-06 -1.100400e-15 3.959568e-13 3.948564e-13
-1.110000e+00 -1.110000e+00 -8.000000e-01 4.012300e-06 -4.012300e-06 -1.110400e-15 3.959027e-13 3.947923e-13
-1.120000e+00 -1.120000e+00 -8.000000e-01 4.017500e-06 -4.017500e-06 -1.120400e-15 3.958496e-13 3.947292e-13
-1.130000e+00 -1.130000e+00 -8.000000e-01 4.022600e-06 -4.022600e-06 -1.130400e-15 3.957973e-13 3.946669e-13
-1.140000e+00 -1.140000e+00 -8.000000e-01 4.027700e-06 -4.027700e-06 -1.140400e-15 3.957458e-13 3.946054e-13
-1.150000e+00 -1.150000e+00 -8.000000e-01 4.032800e-06 -4.032800e-06 -1.150400e-15 3.956952e-13 3.945448e-13
-1.160000e+00 -1.160000e+00 -8.000000e-01 4.037800e-06 -4.037800e-06 -1.160400e-15 3.956453e-13 3.944849e-13
-1.170000e+00 -1.170000e+00 -8.000000e-01 4.042700e-06 -4.042700e-06 -1.170400e-15 3.955962e-13 3.944258e-13
-1.180000e+00 -1.180000e+00 -8.000000e-01 4.047600e-06 -4.047600e-06 -1.180400e-15 3.955478e-13 3.943674e-13
-1.190000e+00 -1.190000e+00 -8.000000e-01 4.052500e-06 -4.052500e-06 -1.190400e-15 3.955001e-13 3.943097e-13
-1.200000e+00 -1.200000e+00 -8.000000e-01 4.057300e-06 -4.057300e-06 -1.200400e-15 3.954532e-13 3.942528e-13
0.000000e+00 0.000000e+00 -1.000000e+00 -2.165200e-12 -2.165200e-12 -7.238900e-18 4.330300e-12 1.072389e-16
-1.000000e-02 -1.000000e-02 -1.000000e+00 3.590481e-07 -3.590523e-07 -1.512120e-17 4.206700e-12 6.684879e-15
-2.000000e-02 -2.000000e-02 -1.000000e+00 7.122649e-07 -7.122690e-07 -2.363000e-17 4.085800e-12 1.422363e-14
-3.000000e-02 -3.000000e-02 -1.000000e+00 1.059500e-06 -1.059500e-06 -3.257390e-17 3.967500e-12 3.967467e-12
-4.000000e-02 -4.000000e-02 -1.000000e+00 1.400500e-06 -1.400500e-06 -4.182460e-17 3.851800e-12 3.851758e-12
-5.000000e-02 -5.000000e-02 -1.000000e+00 1.735000e-06 -1.735000e-06 -5.130360e-17 3.738700e-12 3.738649e-12
-6.000000e-02 -6.000000e-02 -1.000000e+00 2.062800e-06 -2.062800e-06 -6.093270e-17 3.628400e-12 3.628339e-12
-7.000000e-02 -7.000000e-02 -1.000000e+00 2.383600e-06 -2.383600e-06 -7.066860e-17 3.520800e-12 3.520729e-12
-8.000000e-02 -8.000000e-02 -1.000000e+00 2.696900e-06 -2.696900e-06 -8.048410e-17 3.416100e-12 3.416020e-12
-9.000000e-02 -9.000000e-02 -1.000000e+00 3.002700e-06 -3.002700e-06 -9.035080e-17 3.314300e-12 3.314210e-12
-1.000000e-01 -1.000000e-01 -1.000000e+00 3.300400e-06 -3.300400e-06 -1.002562e-16 3.215500e-12 3.215400e-12
-1.100000e-01 -1.100000e-01 -1.000000e+00 3.589900e-06 -3.589900e-06 -1.101902e-16 3.119900e-12 3.119790e-12
-1.200000e-01 -1.200000e-01 -1.000000e+00 3.870900e-06 -3.870900e-06 -1.201431e-16 3.027400e-12 3.027280e-12
-1.300000e-01 -1.300000e-01 -1.000000e+00 4.143300e-06 -4.143300e-06 -1.301100e-16 2.938200e-12 2.938070e-12
-1.400000e-01 -1.400000e-01 -1.000000e+00 4.406700e-06 -4.406700e-06 -1.400856e-16 2.852500e-12 2.852360e-12
-1.500000e-01 -1.500000e-01 -1.000000e+00 4.661300e-06 -4.661300e-06 -1.500693e-16 2.770100e-12 2.769950e-12
-1.600000e-01 -1.600000e-01 -1.000000e+00 4.906800e-06 -4.906800e-06 -1.600563e-16 2.691300e-12 2.691140e-12
-1.700000e-01 -1.700000e-01 -1.000000e+00 5.143400e-06 -5.143400e-06 -1.700471e-16 2.616100e-12 2.615930e-12
-1.800000e-01 -1.800000e-01 -1.000000e+00 5.371100e-06 -5.371100e-06 -1.800408e-16 2.544500e-12 2.544320e-12
-1.900000e-01 -1.900000e-01 -1.000000e+00 5.590000e-06 -5.590000e-06 -1.900356e-16 2.476500e-12 2.476310e-12
-2.000000e-01 -2.000000e-01 -1.000000e+00 5.800300e-06 -5.800300e-06 -2.000322e-16 2.412000e-12 2.411800e-12
-2.100000e-01 -2.100000e-01 -1.000000e+00 6.002200e-06 -6.002200e-06 -2.100295e-16 2.351200e-12 2.350990e-12
-2.200000e-01 -2.200000e-01 -1.000000e+00 6.195900e-06 -6.195900e-06 -2.200272e-16 2.293900e-12 2.293680e-12
-2.300000e-01 -2.300000e-01 -1.000000e+00 6.381700e-06 -6.381800e-06 -2.300259e-16 2.240000e-12 9.776023e-11
-2.400000e-01 -2.400000e-01 -1.000000e+00 6.559900e-06 -6.559900e-06 -2.400248e-16 2.189400e-12 2.189160e-12
-2.500000e-01 -2.500000e-01 -1.000000e+00 6.730700e-06 -6.730700e-06 -2.500239e-16 2.142100e-12 2.141850e-12
-2.600000e-01 -2.600000e-01 -1.000000e+00 6.894400e-06 -6.894400e-06 -2.600231e-16 2.097900e-12 2.097640e-12
-2.700000e-01 -2.700000e-01 -1.000000e+00 7.051300e-06 -7.051300e-06 -2.700229e-16 2.056700e-12 2.056430e-12
-2.800000e-01 -2.800000e-01 -1.000000e+00 7.201600e-06 -7.201600e-06 -2.800223e-16 2.018300e-12 2.018020e-12
-2.900000e-01 -2.900000e-01 -1.000000e+00 7.345600e-06 -7.345600e-06 -2.900218e-16 1.982700e-12 1.982410e-12
-3.000000e-01 -3.000000e-01 -1.000000e+00 7.483500e-06 -7.483500e-06 -3.000217e-16 1.949500e-12 1.949200e-12
-3.100000e-01 -3.100000e-01 -1.000000e+00 7.615600e-06 -7.615600e-06 -3.100216e-16 1.918800e-12 1.918490e-12
-3.200000e-01 -3.200000e-01 -1.000000e+00 7.742200e-06 -7.742200e-06 -3.200212e-16 1.890300e-12 1.889980e-12
-3.300000e-01 -3.300000e-01 -1.000000e+00 7.863400e-06 -7.863400e-06 -3.300212e-16 1.863800e-12 1.863470e-12
-3.400000e-01 -3.400000e-01 -1.000000e+00 7.979500e-06 -7.979500e-06 -3.400211e-16 1.839400e-12 1.839060e-12
-3.500000e-01 -3.500000e-01 -1.000000e+00 8.090800e-06 -8.090800e-06 -3.500210e-16 1.816700e-12 1.816350e-12
-3.600000e-01 -3.600000e-01 -1.000000e+00 8.197400e-06 -8.197400e-06 -3.600208e-16 1.795700e-12 1.795340e-12
-3.700000e-01 -3.700000e-01 -1.000000e+00 8.299600e-06 -8.299600e-06 -3.700207e-16 1.776300e-12 1.775930e-12
-3.800000e-01 -3.800000e-01 -1.000000e+00 8.397500e-06 -8.397600e-06 -3.800207e-16 1.758300e-12 9.824208e-11
-3.900000e-01 -3.900000e-01 -1.000000e+00 8.491500e-06 -8.491500e-06 -3.900207e-16 1.741600e-12 1.741210e-12
-4.000000e-01 -4.000000e-01 -1.000000e+00 8.581600e-06 -8.581600e-06 -4.000207e-16 1.726200e-12 1.725800e-12
-4.100000e-01 -4.100000e-01 -1.000000e+00 8.668100e-06 -8.668100e-06 -4.100207e-16 1.711900e-12 1.711490e-12
-4.200000e-01 -4.200000e-01 -1.000000e+00 8.751200e-06 -8.751200e-06 -4.200206e-16 1.698600e-12 1.698180e-12
-4.300000e-01 -4.300000e-01 -1.000000e+00 8.831000e-06 -8.831000e-06 -4.300206e-16 1.686200e-12 1.685770e-12
-4.400000e-01 -4.400000e-01 -1.000000e+00 8.907600e-06 -8.907600e-06 -4.400204e-16 1.674800e-12 1.674360e-12
-4.500000e-01 -4.500000e-01 -1.000000e+00 8.981400e-06 -8.981400e-06 -4.500204e-16 1.664100e-12 1.663650e-12
-4.600000e-01 -4.600000e-01 -1.000000e+00 9.052300e-06 -9.052400e-06 -4.600204e-16 1.654200e-12 9.834626e-11
-4.700000e-01 -4.700000e-01 -1.000000e+00 9.120700e-06 -9.120700e-06 -4.700204e-16 1.645000e-12 1.644530e-12
-4.800000e-01 -4.800000e-01 -1.000000e+00 9.186500e-06 -9.186500e-06 -4.800204e-16 1.636400e-12 1.635920e-12
-4.900000e-01 -4.900000e-01 -1.000000e+00 9.250000e-06 -9.250000e-06 -4.900204e-16 1.628300e-12 1.627810e-12
-5.000000e-01 -5.000000e-01 -1.000000e+00 9.311200e-06 -9.311200e-06 -5.000204e-16 1.620800e-12 1.620300e-12
-5.100000e-01 -5.100000e-01 -1.000000e+00 9.370300e-06 -9.370300e-06 -5.100204e-16 1.613800e-12 1.613290e-12
-5.200000e-01 -5.200000e-01 -1.000000e+00 9.427300e-06 -9.427400e-06 -5.200204e-16 1.607300e-12 9.839322e-11
-5.300000e-01 -5.300000e-01 -1.000000e+00 9.482500e-06 -9.482500e-06 -5.300204e-16 1.601100e-12 1.600570e-12
-5.400000e-01 -5.400000e-01 -1.000000e+00 9.535900e-06 -9.535900e-06 -5.400204e-16 1.595400e-12 1.594860e-12
-5.500000e-01 -5.500000e-01 -1.000000e+00 9.587500e-06 -9.587500e-06 -5.500204e-16 1.590000e-12 1.589450e-12
-5.600000e-01 -5.600000e-01 -1.000000e+00 9.637600e-06 -9.637600e-06 -5.600204e-16 1.584900e-12 1.584340e-12
-5.700000e-01 -5.700000e-01 -1.000000e+00 9.686000e-06 -9.686000e-06 -5.700204e-16 1.580100e-12 1.579530e-12
-5.800000e-01 -5.800000e-01 -1.000000e+00 9.733000e-06 -9.733000e-06 -5.800204e-16 1.575600e-12 1.575020e-12
-5.900000e-01 -5.900000e-01 -1.000000e+00 9.778600e-06 -9.778600e-06 -5.900204e-16 1.571400e-12 1.570810e-12
-6.000000e-01 -6.000000e-01 -1.000000e+00 9.822900e-06 -9.822900e-06 -6.000204e-16 1.567400e-12 1.566800e-12
-6.100000e-01 -6.100000e-01 -1.000000e+00 9.866000e-06 -9.866000e-06 -6.100203e-16 1.563700e-12 1.563090e-12
-6.200000e-01 -6.200000e-01 -1.000000e+00 9.907800e-06 -9.907800e-06 -6.200203e-16 1.560100e-12 1.559480e-12
-6.300000e-01 -6.300000e-01 -1.000000e+00 9.948400e-06 -9.948500e-06 -6.300203e-16 1.556700e-12 9.844393e-11
-6.400000e-01 -6.400000e-01 -1.000000e+00 9.988000e-06 -9.988000e-06 -6.400203e-16 1.553500e-12 1.552860e-12
-6.500000e-01 -6.500000e-01 -1.000000e+00 1.002660e-05 -1.002660e-05 -6.500203e-16 1.550500e-12 1.549850e-12
-6.600000e-01 -6.600000e-01 -1.000000e+00 1.006410e-05 -1.006410e-05 -6.600203e-16 1.547600e-12 1.546940e-12
-6.700000e-01 -6.700000e-01 -1.000000e+00 1.010070e-05 -1.010070e-05 -6.700203e-16 1.544900e-12 1.544230e-12
-6.800000e-01 -6.800000e-01 -1.000000e+00 1.013640e-05 -1.013640e-05 -6.800203e-16 1.542300e-12 1.541620e-12
-6.900000e-01 -6.900000e-01 -1.000000e+00 1.017130e-05 -1.017130e-05 -6.900203e-16 1.539900e-12 1.539210e-12
-7.000000e-01 -7.000000e-01 -1.000000e+00 1.020530e-05 -1.020530e-05 -7.000203e-16 1.537500e-12 1.536800e-12
-7.100000e-01 -7.100000e-01 -1.000000e+00 1.023850e-05 -1.023850e-05 -7.100203e-16 1.535300e-12 1.534590e-12
-7.200000e-01 -7.200000e-01 -1.000000e+00 1.027100e-05 -1.027100e-05 -7.200203e-16 1.533200e-12 1.532480e-12
-7.300000e-01 -7.300000e-01 -1.000000e+00 1.030270e-05 -1.030270e-05 -7.300203e-16 1.531200e-12 1.530470e-12
-7.400000e-01 -7.400000e-01 -1.000000e+00 1.033370e-05 -1.033370e-05 -7.400203e-16 1.529200e-12 1.528460e-12
-7.500000e-01 -7.500000e-01 -1.000000e+00 1.036410e-05 -1.036410e-05 -7.500203e-16 1.527400e-12 1.526650e-12
-7.600000e-01 -7.600000e-01 -1.000000e+00 1.039380e-05 -1.039380e-05 -7.600203e-16 1.525600e-12 1.524840e-12
-7.700000e-01 -7.700000e-01 -1.000000e+00 1.042290e-05 -1.042290e-05 -7.700203e-16 1.523900e-12 1.523130e-12
-7.800000e-01 -7.800000e-01 -1.000000e+00 1.045140e-05 -1.045140e-05 -7.800203e-16 1.522300e-12 1.521520e-12
-7.900000e-01 -7.900000e-01 -1.000000e+00 1.047930e-05 -1.047940e-05 -7.900203e-16 1.520700e-12 9.848009e-11
-8.000000e-01 -8.000000e-01 -1.000000e+00 1.050670e-05 -1.050670e-05 -8.000203e-16 1.519200e-12 1.518400e-12
-8.100000e-01 -8.100000e-01 -1.000000e+00 1.053360e-05 -1.053360e-05 -8.100203e-16 1.517800e-12 1.516990e-12
-8.200000e-01 -8.200000e-01 -1.000000e+00 1.055990e-05 -1.055990e-05 -8.200203e-16 1.516400e-12 1.515580e-12
-8.300000e-01 -8.300000e-01 -1.000000e+00 1.058580e-05 -1.058580e-05 -8.300203e-16 1.515000e-12 1.514170e-12
-8.400000e-01 -8.400000e-01 -1.000000e+00 1.061120e-05 -1.061120e-05 -8.400203e-16 1.513800e-12 1.512960e-12
-8.500000e-01 -8.500000e-01 -1.000000e+00 1.063610e-05 -1.063610e-05 -8.500203e-16 1.512500e-12 1.511650e-12
-8.600000e-01 -8.600000e-01 -1.000000e+00 1.066060e-05 -1.066060e-05 -8.600203e-16 1.511300e-12 1.510440e-12
-8.700000e-01 -8.700000e-01 -1.000000e+00 1.068460e-05 -1.068460e-05 -8.700203e-16 1.510200e-12 1.509330e-12
-8.800000e-01 -8.800000e-01 -1.000000e+00 1.070830e-05 -1.070830e-05 -8.800203e-16 1.509100e-12 1.508220e-12
-8.900000e-01 -8.900000e-01 -1.000000e+00 1.073150e-05 -1.073150e-05 -8.900203e-16 1.508000e-12 1.507110e-12
-9.000000e-01 -9.000000e-01 -1.000000e+00 1.075440e-05 -1.075440e-05 -9.000203e-16 1.507000e-12 1.506100e-12
-9.100000e-01 -9.100000e-01 -1.000000e+00 1.077690e-05 -1.077690e-05 -9.100203e-16 1.506000e-12 1.505090e-12
-9.200000e-01 -9.200000e-01 -1.000000e+00 1.079900e-05 -1.079900e-05 -9.200203e-16 1.505000e-12 1.504080e-12
-9.300000e-01 -9.300000e-01 -1.000000e+00 1.082080e-05 -1.082080e-05 -9.300203e-16 1.504100e-12 1.503170e-12
-9.400000e-01 -9.400000e-01 -1.000000e+00 1.084220e-05 -1.084220e-05 -9.400203e-16 1.503200e-12 1.502260e-12
-9.500000e-01 -9.500000e-01 -1.000000e+00 1.086330e-05 -1.086330e-05 -9.500202e-16 1.502300e-12 1.501350e-12
-9.600000e-01 -9.600000e-01 -1.000000e+00 1.088410e-05 -1.088410e-05 -9.600202e-16 1.501500e-12 1.500540e-12
-9.700000e-01 -9.700000e-01 -1.000000e+00 1.090460e-05 -1.090460e-05 -9.700202e-16 1.500600e-12 1.499630e-12
-9.800000e-01 -9.800000e-01 -1.000000e+00 1.092480e-05 -1.092480e-05 -9.800202e-16 1.499800e-12 1.498820e-12
-9.900000e-01 -9.900000e-01 -1.000000e+00 1.094470e-05 -1.094470e-05 -9.900202e-16 1.499100e-12 1.498110e-12
-1.000000e+00 -1.000000e+00 -1.000000e+00 1.096430e-05 -1.096430e-05 -1.000000e-15 1.498300e-12 1.497300e-12
-1.010000e+00 -1.010000e+00 -1.000000e+00 1.098360e-05 -1.098360e-05 -1.010000e-15 1.497600e-12 1.496590e-12
-1.020000e+00 -1.020000e+00 -1.000000e+00 1.100270e-05 -1.100270e-05 -1.020000e-15 1.496900e-12 1.495880e-12
-1.030000e+00 -1.030000e+00 -1.000000e+00 1.102150e-05 -1.102150e-05 -1.030000e-15 1.496200e-12 1.495170e-12
-1.040000e+00 -1.040000e+00 -1.000000e+00 1.104000e-05 -1.104000e-05 -1.040000e-15 1.495500e-12 1.494460e-12
-1.050000e+00 -1.050000e+00 -1.000000e+00 1.105830e-05 -1.105830e-05 -1.050000e-15 1.494800e-12 1.493750e-12
-1.060000e+00 -1.060000e+00 -1.000000e+00 1.107640e-05 -1.107640e-05 -1.060000e-15 1.494200e-12 1.493140e-12
-1.070000e+00 -1.070000e+00 -1.000000e+00 1.109420e-05 -1.109420e-05 -1.070000e-15 1.493600e-12 1.492530e-12
-1.080000e+00 -1.080000e+00 -1.000000e+00 1.111180e-05 -1.111180e-05 -1.080000e-15 1.493000e-12 1.491920e-12
-1.090000e+00 -1.090000e+00 -1.000000e+00 1.112920e-05 -1.112920e-05 -1.090000e-15 1.492400e-12 1.491310e-12
-1.100000e+00 -1.100000e+00 -1.000000e+00 1.114630e-05 -1.114630e-05 -1.100000e-15 1.491800e-12 1.490700e-12
-1.110000e+00 -1.110000e+00 -1.000000e+00 1.116330e-05 -1.116330e-05 -1.110000e-15 1.491200e-12 1.490090e-12
-1.120000e+00 -1.120000e+00 -1.000000e+00 1.118000e-05 -1.118000e-05 -1.120000e-15 1.490700e-12 1.489580e-12
-1.130000e+00 -1.130000e+00 -1.000000e+00 1.119660e-05 -1.119660e-05 -1.130000e-15 1.490100e-12 1.488970e-12
-1.140000e+00 -1.140000e+00 -1.000000e+00 1.121290e-05 -1.121290e-05 -1.140000e-15 1.489600e-12 1.488460e-12
-1.150000e+00 -1.150000e+00 -1.000000e+00 1.122910e-05 -1.122910e-05 -1.150000e-15 1.489100e-12 1.487950e-12
-1.160000e+00 -1.160000e+00 -1.000000e+00 1.124500e-05 -1.124500e-05 -1.160000e-15 1.488600e-12 1.487440e-12
-1.170000e+00 -1.170000e+00 -1.000000e+00 1.126080e-05 -1.126080e-05 -1.170000e-15 1.488100e-12 1.486930e-12
-1.180000e+00 -1.180000e+00 -1.000000e+00 1.127640e-05 -1.127640e-05 -1.180000e-15 1.487600e-12 1.486420e-12
-1.190000e+00 -1.190000e+00 -1.000000e+00 1.129180e-05 -1.129180e-05 -1.190000e-15 1.487100e-12 1.485910e-12
-1.200000e+00 -1.200000e+00 -1.000000e+00 1.130710e-05 -1.130710e-05 -1.200000e-15 1.486600e-12 1.485400e-12
0.000000e+00 0.000000e+00 -1.200000e+00 -5.889400e-12 -5.889400e-12 -1.242630e-11 2.420500e-11 1.000000e-16
-1.000000e-02 -1.000000e-02 -1.200000e+00 4.531587e-07 -4.531702e-07 -8.675500e-12 2.019700e-11 2.150000e-14
-2.000000e-02 -2.000000e-02 -1.200000e+00 9.025713e-07 -9.025825e-07 -6.059000e-12 1.732770e-11 6.870000e-14
-3.000000e-02 -3.000000e-02 -1.200000e+00 1.348100e-06 -1.348100e-06 -4.233300e-12 1.525350e-11 1.102020e-11
-4.000000e-02 -4.000000e-02 -1.200000e+00 1.789700e-06 -1.789700e-06 -2.959100e-12 1.373510e-11 1.077600e-11
-5.000000e-02 -5.000000e-02 -1.200000e+00 2.227100e-06 -2.227100e-06 -2.069500e-12 1.260560e-11 1.053610e-11
-6.000000e-02 -6.000000e-02 -1.200000e+00 2.660300e-06 -2.660300e-06 -1.448200e-12 1.174870e-11 1.030050e-11
-7.000000e-02 -7.000000e-02 -1.200000e+00 3.089000e-06 -3.089000e-06 -1.014200e-12 1.108350e-11 1.006930e-11
-8.000000e-02 -8.000000e-02 -1.200000e+00 3.513000e-06 -3.513000e-06 -7.109478e-13 1.055320e-11 9.842252e-12
-9.000000e-02 -9.000000e-02 -1.200000e+00 3.932200e-06 -3.932200e-06 -4.988820e-13 1.011860e-11 9.619718e-12
-1.000000e-01 -1.000000e-01 -1.200000e+00 4.346400e-06 -4.346400e-06 -3.505209e-13 9.752000e-12 9.401479e-12
-1.100000e-01 -1.100000e-01 -1.200000e+00 4.755300e-06 -4.755300e-06 -2.466485e-13 9.434400e-12 9.187752e-12
-1.200000e-01 -1.200000e-01 -1.200000e+00 5.158800e-06 -5.158800e-06 -1.738626e-13 9.152300e-12 8.978437e-12
-1.300000e-01 -1.300000e-01 -1.200000e+00 5.556600e-06 -5.556600e-06 -1.228077e-13 8.896500e-12 8.773692e-12
-1.400000e-01 -1.400000e-01 -1.200000e+00 5.948500e-06 -5.948500e-06 -8.695190e-14 8.660500e-12 8.573548e-12
-1.500000e-01 -1.500000e-01 -1.200000e+00 6.334500e-06 -6.334500e-06 -6.173480e-14 8.439800e-12 8.378065e-12
-1.600000e-01 -1.600000e-01 -1.200000e+00 6.714200e-06 -6.714200e-06 -4.397060e-14 8.231400e-12 8.187429e-12
-1.700000e-01 -1.700000e-01 -1.200000e+00 7.087600e-06 -7.087600e-06 -3.143380e-14 8.032900e-12 8.001466e-12
-1.800000e-01 -1.800000e-01 -1.200000e+00 7.454500e-06 -7.454500e-06 -2.256730e-14 7.842900e-12 7.820333e-12
-1.900000e-01 -1.900000e-01 -1.200000e+00 7.814700e-06 -7.814700e-06 -1.628280e-14 7.660500e-12 7.644217e-12
-2.000000e-01 -2.000000e-01 -1.200000e+00 8.168300e-06 -8.168300e-06 -1.181630e-14 7.484900e-12 7.473084e-12
-2.100000e-01 -2.100000e-01 -1.200000e+00 8.515000e-06 -8.515100e-06 -8.632500e-15 7.315500e-12 9.269313e-11
-2.200000e-01 -2.200000e-01 -1.200000e+00 8.854900e-06 -8.855000e-06 -6.357200e-15 7.152100e-12 9.285426e-11
-2.300000e-01 -2.300000e-01 -1.200000e+00 9.188000e-06 -9.188000e-06 -4.725300e-15 6.994500e-12 6.989775e-12
-2.400000e-01 -2.400000e-01 -1.200000e+00 9.514100e-06 -9.514100e-06 -3.551100e-15 6.842500e-12 6.838949e-12
-2.500000e-01 -2.500000e-01 -1.200000e+00 9.833300e-06 -9.833300e-06 -2.703500e-15 6.695900e-12 6.693197e-12
-2.600000e-01 -2.600000e-01 -1.200000e+00 1.014560e-05 -1.014560e-05 -2.089200e-15 6.554700e-12 6.552611e-12
-2.700000e-01 -2.700000e-01 -1.200000e+00 1.045100e-05 -1.045110e-05 -1.642800e-15 6.418800e-12 9.358284e-11
-2.800000e-01 -2.800000e-01 -1.200000e+00 1.074970e-05 -1.074970e-05 -1.317400e-15 6.288100e-12 6.286783e-12
-2.900000e-01 -2.900000e-01 -1.200000e+00 1.104160e-05 -1.104160e-05 -1.079500e-15 6.162500e-12 6.161420e-12
-3.000000e-01 -3.000000e-01 -1.200000e+00 1.132680e-05 -1.132680e-05 -9.051172e-16 6.042000e-12 6.041095e-12
-3.100000e-01 -3.100000e-01 -1.200000e+00 1.160540e-05 -1.160540e-05 -7.773546e-16 5.926500e-12 5.925723e-12
-3.200000e-01 -3.200000e-01 -1.200000e+00 1.187740e-05 -1.187740e-05 -6.837542e-16 5.815900e-12 5.815216e-12
-3.300000e-01 -3.300000e-01 -1.200000e+00 1.214290e-05 -1.214290e-05 -6.153087e-16 5.710100e-12 5.709485e-12
-3.400000e-01 -3.400000e-01 -1.200000e+00 1.240200e-05 -1.240200e-05 -5.655036e-16 5.609000e-12 5.608434e-12
-3.500000e-01 -3.500000e-01 -1.200000e+00 1.265470e-05 -1.265470e-05 -5.297186e-16 5.512500e-12 5.511970e-12
-3.600000e-01 -3.600000e-01 -1.200000e+00 1.290120e-05 -1.290120e-05 -5.042937e-16 5.420500e-12 5.419996e-12
-3.700000e-01 -3.700000e-01 -1.200000e+00 1.314140e-05 -1.314140e-05 -4.868233e-16 5.332700e-12 5.332213e-12
-3.800000e-01 -3.800000e-01 -1.200000e+00 1.337540e-05 -1.337540e-05 -4.753320e-16 5.249200e-12 5.248725e-12
-3.900000e-01 -3.900000e-01 -1.200000e+00 1.360340e-05 -1.360340e-05 -4.684043e-16 5.169700e-12 5.169232e-12
-4.000000e-01 -4.000000e-01 -1.200000e+00 1.382530e-05 -1.382530e-05 -4.649882e-16 5.094200e-12 5.093735e-12
-4.100000e-01 -4.100000e-01 -1.200000e+00 1.404130e-05 -1.404130e-05 -4.642621e-16 5.022400e-12 5.021936e-12
-4.200000e-01 -4.200000e-01 -1.200000e+00 1.425140e-05 -1.425140e-05 -4.656625e-16 4.954200e-12 4.953734e-12
-4.300000e-01 -4.300000e-01 -1.200000e+00 1.445580e-05 -1.445580e-05 -4.687049e-16 4.889500e-12 4.889031e-12
-4.400000e-01 -4.400000e-01 -1.200000e+00 1.465450e-05 -1.465450e-05 -4.730060e-16 4.828200e-12 4.827727e-12
-4.500000e-01 -4.500000e-01 -1.200000e+00 1.484750e-05 -1.484750e-05 -4.783896e-16 4.770000e-12 4.769522e-12
-4.600000e-01 -4.600000e-01 -1.200000e+00 1.503510e-05 -1.503510e-05 -4.845596e-16 4.714800e-12 4.714315e-12
-4.700000e-01 -4.700000e-01 -1.200000e+00 1.521720e-05 -1.521720e-05 -4.913931e-16 4.662500e-12 4.662009e-12
-4.800000e-01 -4.800000e-01 -1.200000e+00 1.539410e-05 -1.539410e-05 -4.987620e-16 4.613000e-12 4.612501e-12
-4.900000e-01 -4.900000e-01 -1.200000e+00 1.556580e-05 -1.556580e-05 -5.065369e-16 4.566100e-12 4.565593e-12
-5.000000e-01 -5.000000e-01 -1.200000e+00 1.573250e-05 -1.573250e-05 -5.146597e-16 4.521600e-12 4.521085e-12
-5.100000e-01 -5.100000e-01 -1.200000e+00 1.589420e-05 -1.589420e-05 -5.230817e-16 4.479500e-12 4.478977e-12
-5.200000e-01 -5.200000e-01 -1.200000e+00 1.605110e-05 -1.605110e-05 -5.317408e-16 4.439700e-12 4.439168e-12
-5.300000e-01 -5.300000e-01 -1.200000e+00 1.620340e-05 -1.620340e-05 -5.405652e-16 4.401900e-12 4.401359e-12
-5.400000e-01 -5.400000e-01 -1.200000e+00 1.635110e-05 -1.635110e-05 -5.495728e-16 4.366100e-12 4.365550e-12
-5.500000e-01 -5.500000e-01 -1.200000e+00 1.649440e-05 -1.649440e-05 -5.587221e-16 4.332300e-12 4.331741e-12
-5.600000e-01 -5.600000e-01 -1.200000e+00 1.663340e-05 -1.663340e-05 -5.679784e-16 4.300200e-12 4.299632e-12
-5.700000e-01 -5.700000e-01 -1.200000e+00 1.676830e-05 -1.676830e-05 -5.773120e-16 4.269800e-12 4.269223e-12
-5.800000e-01 -5.800000e-01 -1.200000e+00 1.689920e-05 -1.689920e-05 -5.867470e-16 4.240900e-12 4.240313e-12
-5.900000e-01 -5.900000e-01 -1.200000e+00 1.702630e-05 -1.702630e-05 -5.962408e-16 4.213600e-12 4.213004e-12
-6.000000e-01 -6.000000e-01 -1.200000e+00 1.714960e-05 -1.714960e-05 -6.058021e-16 4.187700e-12 4.187094e-12
-6.100000e-01 -6.100000e-01 -1.200000e+00 1.726920e-05 -1.726920e-05 -6.154094e-16 4.163100e-12 4.162485e-12
-6.200000e-01 -6.200000e-01 -1.200000e+00 1.738540e-05 -1.738540e-05 -6.250579e-16 4.139700e-12 4.139075e-12
-6.300000e-01 -6.300000e-01 -1.200000e+00 1.749830e-05 -1.749830e-05 -6.347437e-16 4.117600e-12 4.116965e-12
-6.400000e-01 -6.400000e-01 -1.200000e+00 1.760790e-05 -1.760790e-05 -6.444631e-16 4.096500e-12 4.095856e-12
-6.500000e-01 -6.500000e-01 -1.200000e+00 1.771440e-05 -1.771440e-05 -6.542131e-16 4.076500e-12 4.075846e-12
-6.600000e-01 -6.600000e-01 -1.200000e+00 1.781790e-05 -1.781790e-05 -6.639910e-16 4.057500e-12 4.056836e-12
-6.700000e-01 -6.700000e-01 -1.200000e+00 1.791850e-05 -1.791850e-05 -6.737819e-16 4.039400e-12 4.038726e-12
-6.800000e-01 -6.800000e-01 -1.200000e+00 1.801630e-05 -1.801630e-05 -6.835968e-16 4.022200e-12 4.021516e-12
-6.900000e-01 -6.900000e-01 -1.200000e+00 1.811150e-05 -1.811150e-05 -6.934339e-16 4.005800e-12 4.005107e-12
-7.000000e-01 -7.000000e-01 -1.200000e+00 1.820410e-05 -1.820410e-05 -7.032796e-16 3.990200e-12 3.989497e-12
-7.100000e-01 -7.100000e-01 -1.200000e+00 1.829420e-05 -1.829420e-05 -7.131332e-16 3.975400e-12 3.974687e-12
-7.200000e-01 -7.200000e-01 -1.200000e+00 1.838190e-05 -1.838190e-05 -7.230054e-16 3.961200e-12 3.960477e-12
-7.300000e-01 -7.300000e-01 -1.200000e+00 1.846740e-05 -1.846740e-05 -7.328949e-16 3.947700e-12 3.946967e-12
-7.400000e-01 -7.400000e-01 -1.200000e+00 1.855060e-05 -1.855060e-05 -7.427787e-16 3.934800e-12 3.934057e-12
-7.500000e-01 -7.500000e-01 -1.200000e+00 1.863170e-05 -1.863170e-05 -7.526785e-16 3.922500e-12 3.921747e-12
-7.600000e-01 -7.600000e-01 -1.200000e+00 1.871080e-05 -1.871080e-05 -7.625933e-16 3.910700e-12 3.909937e-12
-7.700000e-01 -7.700000e-01 -1.200000e+00 1.878790e-05 -1.878800e-05 -7.725014e-16 3.899500e-12 9.610127e-11
-7.800000e-01 -7.800000e-01 -1.200000e+00 1.886320e-05 -1.886320e-05 -7.824236e-16 3.888700e-12 3.887918e-12
-7.900000e-01 -7.900000e-01 -1.200000e+00 1.893660e-05 -1.893660e-05 -7.923490e-16 3.878400e-12 3.877608e-12
-8.000000e-01 -8.000000e-01 -1.200000e+00 1.900830e-05 -1.900830e-05 -8.022873e-16 3.868600e-12 3.867798e-12
-8.100000e-01 -8.100000e-01 -1.200000e+00 1.907830e-05 -1.907830e-05 -8.122182e-16 3.859200e-12 3.858388e-12
-8.200000e-01 -8.200000e-01 -1.200000e+00 1.914670e-05 -1.914670e-05 -8.221614e-16 3.850100e-12 3.849278e-12
-8.300000e-01 -8.300000e-01 -1.200000e+00 1.921360e-05 -1.921360e-05 -8.321067e-16 3.841500e-12 3.840668e-12
-8.400000e-01 -8.400000e-01 -1.200000e+00 1.927890e-05 -1.927890e-05 -8.420540e-16 3.833100e-12 3.832258e-12
-8.500000e-01 -8.500000e-01 -1.200000e+00 1.934280e-05 -1.934280e-05 -8.520031e-16 3.825200e-12 3.824348e-12
-8.600000e-01 -8.600000e-01 -1.200000e+00 1.940530e-05 -1.940530e-05 -8.619539e-16 3.817500e-12 3.816638e-12
-8.700000e-01 -8.700000e-01 -1.200000e+00 1.946640e-05 -1.946640e-05 -8.719155e-16 3.810100e-12 3.809228e-12
-8.800000e-01 -8.800000e-01 -1.200000e+00 1.952630e-05 -1.952630e-05 -8.818693e-16 3.803100e-12 3.802218e-12
-8.900000e-01 -8.900000e-01 -1.200000e+00 1.958490e-05 -1.958490e-05 -8.918335e-16 3.796200e-12 3.795308e-12
-9.000000e-01 -9.000000e-01 -1.200000e+00 1.964230e-05 -1.964230e-05 -9.017989e-16 3.789700e-12 3.788798e-12
-9.100000e-01 -9.100000e-01 -1.200000e+00 1.969850e-05 -1.969850e-05 -9.117653e-16 3.783400e-12 3.782488e-12
-9.200000e-01 -9.200000e-01 -1.200000e+00 1.975360e-05 -1.975360e-05 -9.217327e-16 3.777300e-12 3.776378e-12
-9.300000e-01 -9.300000e-01 -1.200000e+00 1.980770e-05 -1.980770e-05 -9.317011e-16 3.771500e-12 3.770568e-12
-9.400000e-01 -9.400000e-01 -1.200000e+00 1.986060e-05 -1.986060e-05 -9.416704e-16 3.765800e-12 3.764858e-12
-9.500000e-01 -9.500000e-01 -1.200000e+00 1.991260e-05 -1.991260e-05 -9.516404e-16 3.760400e-12 3.759448e-12
-9.600000e-01 -9.600000e-01 -1.200000e+00 1.996360e-05 -1.996360e-05 -9.616198e-16 3.755100e-12 3.754138e-12
-9.700000e-01 -9.700000e-01 -1.200000e+00 2.001360e-05 -2.001360e-05 -9.715913e-16 3.750000e-12 3.749028e-12
-9.800000e-01 -9.800000e-01 -1.200000e+00 2.006280e-05 -2.006280e-05 -9.815719e-16 3.745100e-12 3.744118e-12
-9.900000e-01 -9.900000e-01 -1.200000e+00 2.011100e-05 -2.011100e-05 -9.915448e-16 3.740400e-12 3.739408e-12
-1.000000e+00 -1.000000e+00 -1.200000e+00 2.015840e-05 -2.015840e-05 -1.001500e-15 3.735800e-12 3.734798e-12
-1.010000e+00 -1.010000e+00 -1.200000e+00 2.020490e-05 -2.020490e-05 -1.011500e-15 3.731400e-12 3.730389e-12
-1.020000e+00 -1.020000e+00 -1.200000e+00 2.025060e-05 -2.025060e-05 -1.021500e-15 3.727100e-12 3.726079e-12
-1.030000e+00 -1.030000e+00 -1.200000e+00 2.029560e-05 -2.029560e-05 -1.031500e-15 3.722900e-12 3.721868e-12
-1.040000e+00 -1.040000e+00 -1.200000e+00 2.033980e-05 -2.033980e-05 -1.041400e-15 3.718900e-12 3.717859e-12
-1.050000e+00 -1.050000e+00 -1.200000e+00 2.038330e-05 -2.038330e-05 -1.051400e-15 3.715000e-12 3.713949e-12
-1.060000e+00 -1.060000e+00 -1.200000e+00 2.042600e-05 -2.042600e-05 -1.061400e-15 3.711200e-12 3.710139e-12
-1.070000e+00 -1.070000e+00 -1.200000e+00 2.046810e-05 -2.046810e-05 -1.071400e-15 3.707600e-12 3.706529e-12
-1.080000e+00 -1.080000e+00 -1.200000e+00 2.050950e-05 -2.050950e-05 -1.081400e-15 3.704000e-12 3.702919e-12
-1.090000e+00 -1.090000e+00 -1.200000e+00 2.055020e-05 -2.055020e-05 -1.091400e-15 3.700500e-12 3.699409e-12
-1.100000e+00 -1.100000e+00 -1.200000e+00 2.059030e-05 -2.059030e-05 -1.101400e-15 3.697200e-12 3.696099e-12
-1.110000e+00 -1.110000e+00 -1.200000e+00 2.062980e-05 -2.062980e-05 -1.111300e-15 3.693900e-12 3.692789e-12
-1.120000e+00 -1.120000e+00 -1.200000e+00 2.066870e-05 -2.066870e-05 -1.121300e-15 3.690800e-12 3.689679e-12
-1.130000e+00 -1.130000e+00 -1.200000e+00 2.070710e-05 -2.070710e-05 -1.131300e-15 3.687700e-12 3.686569e-12
-1.140000e+00 -1.140000e+00 -1.200000e+00 2.074480e-05 -2.074480e-05 -1.141300e-15 3.684700e-12 3.683559e-12
-1.150000e+00 -1.150000e+00 -1.200000e+00 2.078200e-05 -2.078200e-05 -1.151300e-15 3.681800e-12 3.680649e-12
-1.160000e+00 -1.160000e+00 -1.200000e+00 2.081870e-05 -2.081870e-05 -1.161300e-15 3.678900e-12 3.677739e-12
-1.170000e+00 -1.170000e+00 -1.200000e+00 2.085490e-05 -2.085490e-05 -1.171300e-15 3.676200e-12 3.675029e-12
-1.180000e+00 -1.180000e+00 -1.200000e+00 2.089050e-05 -2.089050e-05 -1.181300e-15 3.673500e-12 3.672319e-12
-1.190000e+00 -1.190000e+00 -1.200000e+00 2.092570e-05 -2.092570e-05 -1.191200e-15 3.670900e-12 3.669709e-12
-1.200000e+00 -1.200000e+00 -1.200000e+00 2.096040e-05 -2.096040e-05 -1.201200e-15 3.668300e-12 3.667099e-12