 time            time            v(in_delay)     v(mid1_delay)   v(mid2_delay)   v(out_delay)   
 0.00000000e+00  0.00000000e+00  0.00000000e+00  1.20000000e+00  5.01773098e-13  1.20000000e+00 
 2.00000000e-12  2.00000000e-12  4.80000000e-03  1.20232806e+00  8.33975129e-04  1.20094463e+00 
 4.00000000e-12  4.00000000e-12  9.60000000e-03  1.20463767e+00  1.64532271e-03  1.20185267e+00 
 8.00000000e-12  8.00000000e-12  1.92000000e-02  1.20921118e+00  3.21473745e-03  1.20358325e+00 
 1.60000000e-11  1.60000000e-11  3.84000000e-02  1.21815737e+00  6.11568804e-03  1.20666856e+00 
 3.20000000e-11  3.20000000e-11  7.68000000e-02  1.23529456e+00  1.10577421e-02  1.21151724e+00 
 6.40000000e-11  6.40000000e-11  1.53600000e-01  1.26698538e+00  1.82705094e-02  1.21731338e+00 
 1.07972400e-10  1.07972400e-10  2.59133759e-01  1.30593618e+00  2.41642023e-02  1.21989331e+00 
 1.57323252e-10  1.57323252e-10  3.77575804e-01  1.34428730e+00  2.72576891e-02  1.21869914e+00 
 2.08606116e-10  2.08606116e-10  5.00654679e-01  1.37940343e+00  2.82750167e-02  1.21550736e+00 
 2.64369991e-10  2.64369991e-10  6.34487978e-01  1.41606850e+00  2.88632471e-02  1.21225443e+00 
 2.78877459e-10  2.78877459e-10  6.69305902e-01  1.42584084e+00  2.91055566e-02  1.21163762e+00 
 2.91745159e-10  2.91745159e-10  7.00188382e-01  1.43484538e+00  2.94313459e-02  1.21124964e+00 
 3.02260358e-10  3.02260358e-10  7.25424860e-01  1.44262004e+00  2.98269750e-02  1.21109393e+00 
 3.16814654e-10  3.16814654e-10  7.60355169e-01  1.45410767e+00  3.05737351e-02  1.21110941e+00 
 3.32074147e-10  3.32074147e-10  7.96977952e-01  1.46667913e+00  3.14413763e-02  1.21121876e+00 
 3.42317743e-10  3.42317743e-10  8.21562584e-01  1.47509051e+00  3.19509824e-02  1.21120985e+00 
 3.54532381e-10  3.54532381e-10  8.50877713e-01  1.48477037e+00  3.23793930e-02  1.21100526e+00 
 3.66715998e-10  3.66715998e-10  8.80118395e-01  1.49373702e+00  3.25280961e-02  1.21050998e+00 
 3.80820344e-10  3.80820344e-10  9.13968826e-01  1.50274956e+00  3.22267066e-02  1.20945867e+00 
 3.94287875e-10  3.94287875e-10  9.46290901e-01  1.50934194e+00  3.13091442e-02  1.20783472e+00 
 4.09349507e-10  4.09349507e-10  9.82438816e-01  1.51370124e+00  2.94331068e-02  1.20521472e+00 
 4.22978821e-10  4.22978821e-10  1.01514917e+00  1.51496145e+00  2.70890377e-02  1.20229208e+00 
 4.30944978e-10  4.30944978e-10  1.03426795e+00  1.51476569e+00  2.55522295e-02  1.20048202e+00 
 4.41983955e-10  4.41983955e-10  1.06076149e+00  1.51375252e+00  2.38357677e-02  1.19884309e+00 
 4.54461406e-10  4.54461406e-10  1.09070737e+00  1.51155227e+00  2.19016144e-02  1.19719370e+00 
 4.68755955e-10  4.68755955e-10  1.12501429e+00  1.50768947e+00  1.95350658e-02  1.19527163e+00 
 4.84377978e-10  4.84377978e-10  1.16250715e+00  1.50182027e+00  1.67750493e-02  1.19314097e+00 
 5.00000000e-10  5.00000000e-10  1.20000000e+00  1.49415464e+00  1.38283871e-02  1.19097603e+00 
 5.00904629e-10  5.00904629e-10  1.20000000e+00  1.49326377e+00  1.35480197e-02  1.19075564e+00 
 5.02713887e-10  5.02713887e-10  1.20000000e+00  1.49148219e+00  1.29914388e-02  1.19032047e+00 
 5.06332403e-10  5.06332403e-10  1.20000000e+00  1.48792074e+00  1.18979946e-02  1.18947679e+00 
 5.13569436e-10  5.13569436e-10  1.20000000e+00  1.48080481e+00  9.78926601e-03  1.18789497e+00 
 5.28043500e-10  5.28043500e-10  1.20000000e+00  1.46659603e+00  5.86031072e-03  1.18511947e+00 
 5.56991629e-10  5.56991629e-10  1.20000000e+00  1.43811588e+00 -1.11327888e-03  1.18078979e+00 
 5.81115819e-10  5.81115819e-10  1.20000000e+00  1.41394139e+00 -6.43938932e-03  1.17798458e+00 
 6.03666270e-10  6.03666270e-10  1.20000000e+00  1.39141882e+00 -1.07575990e-02  1.17619381e+00 
 6.14041532e-10  6.14041532e-10  1.20000000e+00  1.38107415e+00 -1.25565880e-02  1.17560241e+00 
 6.22624277e-10  6.22624277e-10  1.20000000e+00  1.37252107e+00 -1.39684928e-02  1.17520524e+00 
 6.28912792e-10  6.28912792e-10  1.20000000e+00  1.36625534e+00 -1.49636276e-02  1.17496078e+00 
 6.36273301e-10  6.36273301e-10  1.20000000e+00  1.35892129e+00 -1.60902876e-02  1.17471876e+00 
 6.45638750e-10  6.45638750e-10  1.20000000e+00  1.34958744e+00 -1.74697303e-02  1.17447217e+00 
 6.64369646e-10  6.64369646e-10  1.20000000e+00  1.33090532e+00 -2.00708482e-02  1.17415198e+00 
 6.87128705e-10  6.87128705e-10  1.20000000e+00  1.30816650e+00 -2.29926236e-02  1.17401299e+00 
 7.11372167e-10  7.11372167e-10  1.20000000e+00  1.28388160e+00 -2.58717462e-02  1.17409335e+00 
 7.23508834e-10  7.23508834e-10  1.20000000e+00  1.27169657e+00 -2.72352307e-02  1.17420552e+00 
 7.33702462e-10  7.33702462e-10  1.20000000e+00  1.26144593e+00 -2.83470775e-02  1.17432804e+00 
 7.46934599e-10  7.46934599e-10  1.20000000e+00  1.24811474e+00 -2.97528128e-02  1.17451576e+00 
 7.56573909e-10  7.56573909e-10  1.20000000e+00  1.23838443e+00 -3.07534088e-02  1.17466897e+00 
 7.70837868e-10  7.70837868e-10  1.20000000e+00  1.22395451e+00 -3.22040538e-02  1.17491386e+00 
 7.86525465e-10  7.86525465e-10  1.20000000e+00  1.20803878e+00 -3.37653179e-02  1.17520022e+00 
 8.10274095e-10  8.10274095e-10  1.20000000e+00  1.18384725e+00 -3.60787286e-02  1.17564891e+00 
 8.40129071e-10  8.40129071e-10  1.20000000e+00  1.15325626e+00 -3.89333579e-02  1.17620841e+00 
 8.81383136e-10  8.81383136e-10  1.20000000e+00  1.11062436e+00 -4.28490075e-02  1.17691539e+00 
 9.32934714e-10  9.32934714e-10  1.20000000e+00  1.05668610e+00 -4.78168090e-02  1.17760820e+00 
 9.66467357e-10  9.66467357e-10  1.20000000e+00  1.02115046e+00 -5.11450923e-02  1.17791621e+00 
 1.00000000e-09  1.00000000e-09  1.20000000e+00  9.85196396e-01 -5.45992661e-02  1.17808773e+00 
 1.00206472e-09  1.00206472e-09  1.20000000e+00  9.82967792e-01 -5.48162375e-02  1.17809372e+00 
 1.00619415e-09  1.00619415e-09  1.20000000e+00  9.78504861e-01 -5.52518236e-02  1.17810422e+00 
 1.01445301e-09  1.01445301e-09  1.20000000e+00  9.69555418e-01 -5.61311343e-02  1.17811803e+00 
 1.03097073e-09  1.03097073e-09  1.20000000e+00  9.51556407e-01 -5.79259910e-02  1.17811509e+00 
 1.06400618e-09  1.06400618e-09  1.20000000e+00  9.15101726e-01 -6.16843659e-02  1.17797852e+00 
 1.13007707e-09  1.13007707e-09  1.20000000e+00  8.39683114e-01 -7.00932631e-02  1.17710647e+00 
 1.20851229e-09  1.20851229e-09  1.20000000e+00  7.42740701e-01 -8.21580868e-02  1.17487570e+00 
 1.25102517e-09  1.25102517e-09  1.20000000e+00  6.85199489e-01 -8.95416072e-02  1.17330797e+00 
 1.26933197e-09  1.26933197e-09  1.20000000e+00  6.58999334e-01 -9.27628680e-02  1.17269013e+00 
 1.28759094e-09  1.28759094e-09  1.20000000e+00  6.31642322e-01 -9.58208196e-02  1.17226545e+00 
 1.29978482e-09  1.29978482e-09  1.20000000e+00  6.12472301e-01 -9.76718198e-02  1.17217566e+00 
 1.31120374e-09  1.31120374e-09  1.20000000e+00  5.93866955e-01 -9.92031199e-02  1.17228013e+00 
 1.32402511e-09  1.32402511e-09  1.20000000e+00  5.72802371e-01 -1.00714068e-01  1.17258026e+00 
 1.33763013e-09  1.33763013e-09  1.20000000e+00  5.51706365e-01 -1.02274156e-01  1.17292282e+00 
 1.34465792e-09  1.34465792e-09  1.20000000e+00  5.41741312e-01 -1.03141783e-01  1.17303777e+00 
 1.35384773e-09  1.35384773e-09  1.20000000e+00  5.29735116e-01 -1.04366875e-01  1.17310269e+00 
 1.36498625e-09  1.36498625e-09  1.20000000e+00  5.16535159e-01 -1.05974973e-01  1.17307005e+00 
 1.37681446e-09  1.37681446e-09  1.20000000e+00  5.03766031e-01 -1.07787571e-01  1.17294646e+00 
 1.39135356e-09  1.39135356e-09  1.20000000e+00  4.89309317e-01 -1.10092982e-01  1.17273903e+00 
 1.40925990e-09  1.40925990e-09  1.20000000e+00  4.72743207e-01 -1.12953279e-01  1.17248993e+00 
 1.43227092e-09  1.43227092e-09  1.20000000e+00  4.52708631e-01 -1.16530646e-01  1.17229389e+00 
 1.46196241e-09  1.46196241e-09  1.20000000e+00  4.28125535e-01 -1.20799593e-01  1.17238035e+00 
 1.50085784e-09  1.50085784e-09  1.20000000e+00  3.97329113e-01 -1.25533316e-01  1.17321067e+00 
 1.55167542e-09  1.55167542e-09  1.20000000e+00  3.59027130e-01 -1.29874991e-01  1.17559605e+00 
 1.60699790e-09  1.60699790e-09  1.20000000e+00  3.19863175e-01 -1.31915750e-01  1.17975796e+00 
 1.66127818e-09  1.66127818e-09  1.20000000e+00  2.84304767e-01 -1.31051004e-01  1.18517372e+00 
 1.73517465e-09  1.73517465e-09  1.20000000e+00  2.40950221e-01 -1.25359694e-01  1.19401619e+00 
 1.83223949e-09  1.83223949e-09  1.20000000e+00  1.92819250e-01 -1.07977603e-01  1.21047848e+00 
 1.91849124e-09  1.91849124e-09  1.20000000e+00  1.57516508e-01 -8.54209584e-02  1.22618418e+00 
 1.98508793e-09  1.98508793e-09  1.20000000e+00  1.34409078e-01 -6.57992591e-02  1.23600627e+00 
 2.05970939e-09  2.05970939e-09  1.20000000e+00  1.12254285e-01 -4.13943657e-02  1.24564225e+00 
 2.20895229e-09  2.20895229e-09  1.20000000e+00  7.76059792e-02  1.47480007e-02  1.26308178e+00 
 2.37802641e-09  2.37802641e-09  1.20000000e+00  5.03696135e-02  8.86550522e-02  1.28178687e+00 
 2.53330385e-09  2.53330385e-09  1.20000000e+00  3.36502617e-02  1.65078017e-01  1.29948917e+00 
 2.73615430e-09  2.73615430e-09  1.20000000e+00  1.97594369e-02  2.77396384e-01  1.32676600e+00 
 2.92098066e-09  2.92098066e-09  1.20000000e+00  1.23964054e-02  3.98219556e-01  1.36169413e+00 
 3.05008358e-09  3.05008358e-09  1.20000000e+00  9.40521578e-03  5.03140727e-01  1.39931305e+00 
 3.16219580e-09  3.16219580e-09  1.20000000e+00  7.91847913e-03  6.15320896e-01  1.44897897e+00 
 3.20402572e-09  3.20402572e-09  1.20000000e+00  7.63313034e-03  6.61197285e-01  1.47171250e+00 
 3.23517825e-09  3.23517825e-09  1.20000000e+00  7.51656149e-03  6.95407585e-01  1.48978989e+00 
 3.26414009e-09  3.26414009e-09  1.20000000e+00  7.47260079e-03  7.25727138e-01  1.50693375e+00 
 3.30102720e-09  3.30102720e-09  1.20000000e+00  7.49723263e-03  7.60861117e-01  1.52810218e+00 
 3.32321592e-09  3.32321592e-09  1.20000000e+00  7.56378812e-03  7.80202477e-01  1.54005055e+00 
 3.35127638e-09  3.35127638e-09  1.20000000e+00  7.70974858e-03  8.02828914e-01  1.55378033e+00 
 3.38475267e-09  3.38475267e-09  1.20000000e+00  7.97210060e-03  8.27143523e-01  1.56759513e+00 
 3.42186827e-09  3.42186827e-09  1.20000000e+00  8.35620495e-03  8.50736678e-01  1.57929205e+00 
 3.46928462e-09  3.46928462e-09  1.20000000e+00  8.92812767e-03  8.76084222e-01  1.58879350e+00 
 3.54022664e-09  3.54022664e-09  1.20000000e+00  9.78223343e-03  9.05756360e-01  1.59335764e+00 
 3.58373238e-09  3.58373238e-09  1.20000000e+00  1.02120740e-02  9.20054911e-01  1.59141849e+00 
 3.62394780e-09  3.62394780e-09  1.20000000e+00  1.05140991e-02  9.31232996e-01  1.58699115e+00 
 3.66105289e-09  3.66105289e-09  1.20000000e+00  1.07062162e-02  9.40132608e-01  1.58089281e+00 
 3.69902911e-09  3.69902911e-09  1.20000000e+00  1.08188369e-02  9.48078241e-01  1.57266753e+00 
 3.74043863e-09  3.74043863e-09  1.20000000e+00  1.08561701e-02  9.55655546e-01  1.56104413e+00 
 3.77807226e-09  3.77807226e-09  1.20000000e+00  1.08414719e-02  9.61857321e-01  1.54689670e+00 
 3.80391991e-09  3.80391991e-09  1.20000000e+00  1.08481048e-02  9.66050705e-01  1.53333285e+00 
 3.82071230e-09  3.82071230e-09  1.20000000e+00  1.09066889e-02  9.69038468e-01  1.52081545e+00 
 3.83291858e-09  3.83291858e-09  1.20000000e+00  1.10232927e-02  9.71619682e-01  1.50783326e+00 
 3.84366438e-09  3.84366438e-09  1.20000000e+00  1.12315008e-02  9.74486324e-01  1.49131184e+00 
 3.85683630e-09  3.85683630e-09  1.20000000e+00  1.16841362e-02  9.79091741e-01  1.46149373e+00 
 3.86985078e-09  3.86985078e-09  1.20000000e+00  1.22870951e-02  9.84443038e-01  1.42343177e+00 
 3.88213976e-09  3.88213976e-09  1.20000000e+00  1.28901494e-02  9.89603531e-01  1.38339958e+00 
 3.89576098e-09  3.89576098e-09  1.20000000e+00  1.35433995e-02  9.95166323e-01  1.33604487e+00 
 3.91684372e-09  3.91684372e-09  1.20000000e+00  1.44990082e-02  1.00336245e+00  1.25724692e+00 
 3.95453502e-09  3.95453502e-09  1.20000000e+00  1.60295119e-02  1.01685058e+00  1.10046403e+00 
 3.99245291e-09  3.99245291e-09  1.20000000e+00  1.73256185e-02  1.02903636e+00  9.23381320e-01 
 4.03953286e-09  4.03953286e-09  1.20000000e+00  1.85955951e-02  1.04245431e+00  6.80266389e-01 
 4.08863433e-09  4.08863433e-09  1.20000000e+00  1.95118495e-02  1.05456539e+00  4.09145021e-01 
 4.11014186e-09  4.11014186e-09  1.20000000e+00  1.96966617e-02  1.05896876e+00  2.96953327e-01 
 4.12700988e-09  4.12700988e-09  1.20000000e+00  1.96265668e-02  1.06156550e+00  2.28343928e-01 
 4.15226258e-09  4.15226258e-09  1.20000000e+00  1.92035915e-02  1.06415851e+00  1.65540242e-01 
 4.17205750e-09  4.17205750e-09  1.20000000e+00  1.88169040e-02  1.06590460e+00  1.35284002e-01 
 4.19668632e-09  4.19668632e-09  1.20000000e+00  1.84204393e-02  1.06830028e+00  1.08770620e-01 
 4.22501569e-09  4.22501569e-09  1.20000000e+00  1.81208180e-02  1.07152725e+00  8.69344679e-02 
 4.26788854e-09  4.26788854e-09  1.20000000e+00  1.79368081e-02  1.07723473e+00  6.40978770e-02 
 4.32173515e-09  4.32173515e-09  1.20000000e+00  1.80088488e-02  1.08530147e+00  4.57263105e-02 
 4.39494635e-09  4.39494635e-09  1.20000000e+00  1.83241600e-02  1.09679921e+00  3.09613671e-02 
 4.47431118e-09  4.47431118e-09  1.20000000e+00  1.86418249e-02  1.10893516e+00  2.21261441e-02 
 4.57243260e-09  4.57243260e-09  1.20000000e+00  1.87299486e-02  1.12255921e+00  1.60830772e-02 
 4.68683321e-09  4.68683321e-09  1.20000000e+00  1.83143965e-02  1.13612845e+00  1.20413848e-02 
 4.83834047e-09  4.83834047e-09  1.20000000e+00  1.70697132e-02  1.15054098e+00  8.69111390e-03 
 5.03301508e-09  5.03301508e-09  1.20000000e+00  1.48161255e-02  1.16433630e+00  5.89235748e-03 
 5.29483097e-09  5.29483097e-09  1.20000000e+00  1.15051873e-02  1.17700892e+00  3.53697362e-03 
 5.61281318e-09  5.61281318e-09  1.20000000e+00  7.90354089e-03  1.18655768e+00  1.91586494e-03 
 6.00107571e-09  6.00107571e-09  1.20000000e+00  4.62193068e-03  1.19313834e+00  9.04813952e-04 
 6.40107571e-09  6.40107571e-09  1.20000000e+00  2.45797767e-03  1.19664736e+00  4.18663148e-04 
 6.80107571e-09  6.80107571e-09  1.20000000e+00  1.21545065e-03  1.19839875e+00  1.95618906e-04 
 7.20107571e-09  7.20107571e-09  1.20000000e+00  5.61439360e-04  1.19925502e+00  9.17769885e-05 
 7.60107571e-09  7.60107571e-09  1.20000000e+00  2.42399544e-04  1.19966544e+00  4.24774441e-05 
 8.00107571e-09  8.00107571e-09  1.20000000e+00  9.72211142e-05  1.19985721e+00  1.89104381e-05 
 8.40107571e-09  8.40107571e-09  1.20000000e+00  3.54946267e-05  1.19994359e+00  7.83353514e-06 
 8.80107571e-09  8.80107571e-09  1.20000000e+00  1.11141763e-05  1.19998046e+00  2.86053087e-06 
 9.20107571e-09  9.20107571e-09  1.20000000e+00  2.35694282e-06  1.19999496e+00  8.01020539e-07 
 9.60107571e-09  9.60107571e-09  1.20000000e+00 -3.32588484e-07  1.19999992e+00  5.69108224e-08 
 1.00010757e-08  1.00010757e-08  1.20000000e+00 -7.76848917e-07  1.20000125e+00 -1.27262061e-07 
 1.02505379e-08  1.02505379e-08  1.20000000e+00 -7.16875014e-07  1.20000112e+00 -1.59671745e-07 
 1.05000000e-08  1.05000000e-08  1.20000000e+00 -5.78160375e-07  1.20000085e+00 -1.28987764e-07 
 1.05012503e-08  1.05012503e-08  1.19699939e+00 -6.97796470e-04  1.19962218e+00 -3.85292863e-04 
 1.05037508e-08  1.05037508e-08  1.19099816e+00 -2.08111910e-03  1.19887855e+00 -1.12652360e-03 
 1.05087518e-08  1.05087518e-08  1.17899571e+00 -4.79892960e-03  1.19745190e+00 -2.48054296e-03 
 1.05187538e-08  1.05187538e-08  1.15499081e+00 -1.00502084e-02  1.19482367e+00 -4.72636565e-03 
 1.05387579e-08  1.05387579e-08  1.10698101e+00 -1.99281063e-02  1.19030445e+00 -7.79735836e-03 
 1.05677235e-08  1.05677235e-08  1.03746370e+00 -3.30906192e-02  1.18504945e+00 -1.00152019e-02 
 1.05991915e-08  1.05991915e-08  9.61940398e-01 -4.62726972e-02  1.18054523e+00 -1.06604429e-02 
 1.06340977e-08  1.06340977e-08  8.78165429e-01 -5.99259456e-02  1.17652949e+00 -1.02999229e-02 
 1.06606354e-08  1.06606354e-08  8.14474957e-01 -6.96873298e-02  1.17402503e+00 -9.61514490e-03 
 1.06758499e-08  1.06758499e-08  7.77960126e-01 -7.50172224e-02  1.17279218e+00 -9.11510053e-03 
 1.06874779e-08  1.06874779e-08  7.50053001e-01 -7.89652735e-02  1.17193752e+00 -8.70580358e-03 
 1.06999804e-08  1.06999804e-08  7.20047065e-01 -8.30967562e-02  1.17109316e+00 -8.25616954e-03 
 1.07136943e-08  1.07136943e-08  6.87133595e-01 -8.74600600e-02  1.17026923e+00 -7.74226712e-03 
 1.07236443e-08  1.07236443e-08  6.63253637e-01 -9.04489919e-02  1.16977150e+00 -7.32624358e-03 
 1.07361303e-08  1.07361303e-08  6.33287165e-01 -9.38298637e-02  1.16934436e+00 -6.68630377e-03 
 1.07458357e-08  1.07458357e-08  6.09994221e-01 -9.60473471e-02  1.16922456e+00 -6.05006463e-03 
 1.07560806e-08  1.07560806e-08  5.85406496e-01 -9.79879889e-02  1.16929406e+00 -5.26689164e-03 
 1.07668323e-08  1.07668323e-08  5.59602503e-01 -9.99032034e-02  1.16940120e+00 -4.50819965e-03 
 1.07726100e-08  1.07726100e-08  5.45735887e-01 -1.01111593e-01  1.16934805e+00 -4.24808595e-03 
 1.07792537e-08  1.07792537e-08  5.29791085e-01 -1.02834151e-01  1.16909990e+00 -4.15516877e-03 
 1.07875847e-08  1.07875847e-08  5.09796831e-01 -1.05622040e-01  1.16845325e+00 -4.37516767e-03 
 1.07954793e-08  1.07954793e-08  4.90849777e-01 -1.08883220e-01  1.16752603e+00 -4.87146770e-03 
 1.08049132e-08  1.08049132e-08  4.68208304e-01 -1.13357477e-01  1.16615338e+00 -5.66356522e-03 
 1.08157542e-08  1.08157542e-08  4.42189959e-01 -1.18920584e-01  1.16443000e+00 -6.61206903e-03 
 1.08288834e-08  1.08288834e-08  4.10679928e-01 -1.25830191e-01  1.16237411e+00 -7.58254204e-03 
 1.08420835e-08  1.08420835e-08  3.78999532e-01 -1.32670412e-01  1.16049250e+00 -8.24573716e-03 
 1.08575573e-08  1.08575573e-08  3.41862434e-01 -1.40327498e-01  1.15861637e+00 -8.59920488e-03 
 1.08739625e-08  1.08739625e-08  3.02489886e-01 -1.47868183e-01  1.15705601e+00 -8.51713268e-03 
 1.08999175e-08  1.08999175e-08  2.40198045e-01 -1.58326374e-01  1.15550540e+00 -7.61970308e-03 
 1.09354849e-08  1.09354849e-08  1.54836319e-01 -1.69258065e-01  1.15518209e+00 -5.27540206e-03 
 1.09677424e-08  1.09677424e-08  7.74181597e-02 -1.75347877e-01  1.15666130e+00 -2.35319331e-03 
 1.10000000e-08  1.10000000e-08  0.00000000e+00 -1.77433375e-01  1.15967597e+00  8.19945864e-04 
 1.10008805e-08  1.10008805e-08  0.00000000e+00 -1.76831234e-01  1.16007388e+00  1.14343161e-03 
 1.10026415e-08  1.10026415e-08  0.00000000e+00 -1.75628771e-01  1.16086449e+00  1.77971426e-03 
 1.10061636e-08  1.10061636e-08  0.00000000e+00 -1.73232615e-01  1.16242132e+00  3.00215068e-03 
 1.10132077e-08  1.10132077e-08  0.00000000e+00 -1.68475059e-01  1.16543886e+00  5.25108288e-03 
 1.10272958e-08  1.10272958e-08  0.00000000e+00 -1.59087772e-01  1.17112092e+00  9.04511211e-03 
 1.10453776e-08  1.10453776e-08  0.00000000e+00 -1.47260055e-01  1.17780562e+00  1.27447473e-02 
 1.10688008e-08  1.10688008e-08  0.00000000e+00 -1.32248374e-01  1.18561026e+00  1.59944254e-02 
 1.10754166e-08  1.10754166e-08  0.00000000e+00 -1.28067485e-01  1.18765332e+00  1.66297151e-02 
 1.10802001e-08  1.10802001e-08  0.00000000e+00 -1.25058859e-01  1.18909118e+00  1.70243248e-02 
 1.10872996e-08  1.10872996e-08  0.00000000e+00 -1.20613451e-01  1.19117021e+00  1.75256459e-02 
 1.10900247e-08  1.10900247e-08  0.00000000e+00 -1.18913201e-01  1.19195140e+00  1.76928460e-02 
 1.10951324e-08  1.10951324e-08  0.00000000e+00 -1.15734858e-01  1.19339196e+00  1.79724749e-02 
 1.11010453e-08  1.11010453e-08  0.00000000e+00 -1.12068702e-01  1.19502278e+00  1.82453823e-02 
 1.11128710e-08  1.11128710e-08  0.00000000e+00 -1.04775681e-01  1.19817420e+00  1.86481618e-02 
 1.11365226e-08  1.11365226e-08  0.00000000e+00 -8.93332171e-02  1.20510177e+00  1.97509495e-02 
 1.11582655e-08  1.11582655e-08  0.00000000e+00 -7.50252107e-02  1.21125883e+00  2.03613897e-02 
 1.11865512e-08  1.11865512e-08  0.00000000e+00 -5.67898814e-02  1.21846738e+00  2.03411099e-02 
 1.12009005e-08  1.12009005e-08  0.00000000e+00 -4.76817514e-02  1.22182144e+00  2.00636905e-02 
 1.12141543e-08  1.12141543e-08  0.00000000e+00 -3.93401912e-02  1.22476643e+00  1.97010284e-02 
 1.12310699e-08  1.12310699e-08  0.00000000e+00 -2.87773039e-02  1.22834256e+00  1.91443535e-02 
 1.12428989e-08  1.12428989e-08  0.00000000e+00 -2.14401991e-02  1.23073352e+00  1.87115736e-02 
 1.12613392e-08  1.12613392e-08  0.00000000e+00 -1.00715627e-02  1.23430379e+00  1.79995262e-02 
 1.12791856e-08  1.12791856e-08  0.00000000e+00  8.60493670e-04  1.23759598e+00  1.72910154e-02 
 1.13067617e-08  1.13067617e-08  0.00000000e+00  1.76395605e-02  1.24241177e+00  1.62049094e-02 
 1.13411239e-08  1.13411239e-08  0.00000000e+00  3.83925478e-02  1.24802142e+00  1.49202308e-02 
 1.13677053e-08  1.13677053e-08  0.00000000e+00  5.43498715e-02  1.25210354e+00  1.40009508e-02 
 1.13923309e-08  1.13923309e-08  0.00000000e+00  6.90741490e-02  1.25571406e+00  1.32177597e-02 
 1.14197280e-08  1.14197280e-08  0.00000000e+00  8.54054163e-02  1.25956592e+00  1.24281442e-02 
 1.14466762e-08  1.14466762e-08  0.00000000e+00  1.01431692e-01  1.26320861e+00  1.17345120e-02 
 1.14714321e-08  1.14714321e-08  0.00000000e+00  1.16132505e-01  1.26644476e+00  1.11668920e-02 
 1.14993065e-08  1.14993065e-08  0.00000000e+00  1.32673428e-01  1.26998187e+00  1.06024376e-02 
 1.15340490e-08  1.15340490e-08  0.00000000e+00  1.53293112e-01  1.27426146e+00  1.00003329e-02 
 1.15848959e-08  1.15848959e-08  0.00000000e+00  1.83530597e-01  1.28033550e+00  9.29858490e-03 
 1.16620423e-08  1.16620423e-08  0.00000000e+00  2.29722724e-01  1.28931928e+00  8.57752848e-03 
 1.18025552e-08  1.18025552e-08  0.00000000e+00  3.15954726e-01  1.30590846e+00  8.10711612e-03 
 1.19012776e-08  1.19012776e-08  0.00000000e+00  3.79471457e-01  1.31838040e+00  8.34893966e-03 
 1.20000000e-08  1.20000000e-08  0.00000000e+00  4.47324325e-01  1.33235464e+00  9.08737788e-03 
 1.20048658e-08  1.20048658e-08  0.00000000e+00  4.50808231e-01  1.33308710e+00  9.13803979e-03 
 1.20145973e-08  1.20145973e-08  0.00000000e+00  4.57820683e-01  1.33456728e+00  9.24323341e-03 
 1.20340603e-08  1.20340603e-08  0.00000000e+00  4.72039030e-01  1.33760672e+00  9.47367370e-03 
 1.20729863e-08  1.20729863e-08  0.00000000e+00  5.01287844e-01  1.34404979e+00  1.00187709e-02 
 1.21508383e-08  1.21508383e-08  0.00000000e+00  5.63054523e-01  1.35863661e+00  1.14113619e-02 
 1.22288549e-08  1.22288549e-08  0.00000000e+00  6.28509831e-01  1.37544187e+00  1.29413641e-02 
 1.22682754e-08  1.22682754e-08  0.00000000e+00  6.62263537e-01  1.38455846e+00  1.36041716e-02 
 1.23077963e-08  1.23077963e-08  0.00000000e+00  6.95636934e-01  1.39387220e+00  1.40602065e-02 
 1.23460592e-08  1.23460592e-08  0.00000000e+00  7.26404164e-01  1.40280638e+00  1.42142604e-02 
 1.23915913e-08  1.23915913e-08  0.00000000e+00  7.60351247e-01  1.41294908e+00  1.39479176e-02 
 1.24247643e-08  1.24247643e-08  0.00000000e+00  7.83663054e-01  1.41975569e+00  1.33975854e-02 
 1.24638537e-08  1.24638537e-08  0.00000000e+00  8.10174806e-01  1.42676044e+00  1.22938404e-02 
 1.25084739e-08  1.25084739e-08  0.00000000e+00  8.39720357e-01  1.43277680e+00  1.03117545e-02 
 1.25626183e-08  1.25626183e-08  0.00000000e+00  8.75112715e-01  1.43607416e+00  6.70888877e-03 
 1.26187285e-08  1.26187285e-08  0.00000000e+00  9.10729497e-01  1.43400599e+00  1.79849102e-03 
 1.26491249e-08  1.26491249e-08  0.00000000e+00  9.28879504e-01  1.43048511e+00 -1.41809081e-03 
 1.26793240e-08  1.26793240e-08  0.00000000e+00  9.45803577e-01  1.42531638e+00 -5.00660036e-03 
 1.27127656e-08  1.27127656e-08  0.00000000e+00  9.63206071e-01  1.41833881e+00 -8.35620708e-03 
 1.27621203e-08  1.27621203e-08  0.00000000e+00  9.86440263e-01  1.40565258e+00 -1.26050101e-02 
 1.28152684e-08  1.28152684e-08  0.00000000e+00  1.00857302e+00  1.38889489e+00 -1.67062701e-02 
 1.28954678e-08  1.28954678e-08  0.00000000e+00  1.03728804e+00  1.35787774e+00 -2.25726771e-02 
 1.29999987e-08  1.29999987e-08  0.00000000e+00  1.06800286e+00  1.30795260e+00 -3.01886826e-02 
 1.31200421e-08  1.31200421e-08  0.00000000e+00  1.09600795e+00  1.23857252e+00 -3.95295738e-02 
 1.32446035e-08  1.32446035e-08  0.00000000e+00  1.11869149e+00  1.15409088e+00 -5.08183936e-02 
 1.33702780e-08  1.33702780e-08  0.00000000e+00  1.13643287e+00  1.05650382e+00 -6.54327440e-02 
 1.34943496e-08  1.34943496e-08  0.00000000e+00  1.14994959e+00  9.46835317e-01 -8.60723306e-02 
 1.35779836e-08  1.35779836e-08  0.00000000e+00  1.15719060e+00  8.62605101e-01 -1.06282659e-01 
 1.36371559e-08  1.36371559e-08  0.00000000e+00  1.16151835e+00  7.94852382e-01 -1.26080286e-01 
 1.36885535e-08  1.36885535e-08  0.00000000e+00  1.16478784e+00  7.27615194e-01 -1.49928573e-01 
 1.37409821e-08  1.37409821e-08  0.00000000e+00  1.16768946e+00  6.49592517e-01 -1.83737011e-01 
 1.37751957e-08  1.37751957e-08  0.00000000e+00  1.16937408e+00  5.95441728e-01 -2.11403129e-01 
 1.37969820e-08  1.37969820e-08  0.00000000e+00  1.17038698e+00  5.62274821e-01 -2.31537243e-01 
 1.38236664e-08  1.38236664e-08  0.00000000e+00  1.17160266e+00  5.26722095e-01 -2.58327651e-01 
 1.38512517e-08  1.38512517e-08  0.00000000e+00  1.17283509e+00  4.95936220e-01 -2.86418709e-01 
 1.38736450e-08  1.38736450e-08  0.00000000e+00  1.17380382e+00  4.73901643e-01 -3.08029970e-01 
 1.38986321e-08  1.38986321e-08  0.00000000e+00  1.17484142e+00  4.51392964e-01 -3.29940903e-01 
 1.39285904e-08  1.39285904e-08  0.00000000e+00  1.17601846e+00  4.26587070e-01 -3.52631386e-01 
 1.39704498e-08  1.39704498e-08  0.00000000e+00  1.17753359e+00  3.95110267e-01 -3.77819331e-01 
 1.40233774e-08  1.40233774e-08  0.00000000e+00  1.17922245e+00  3.59678657e-01 -4.00051555e-01 
 1.40839806e-08  1.40839806e-08  0.00000000e+00  1.18083003e+00  3.24106435e-01 -4.14740607e-01 
 1.41536225e-08  1.41536225e-08  0.00000000e+00  1.18224446e+00  2.88889891e-01 -4.20106555e-01 
 1.42209490e-08  1.42209490e-08  0.00000000e+00  1.18322157e+00  2.60083720e-01 -4.14322571e-01 
 1.42900001e-08  1.42900001e-08  0.00000000e+00  1.18394219e+00  2.35381493e-01 -3.93691484e-01 
 1.43106660e-08  1.43106660e-08  0.00000000e+00  1.18410308e+00  2.28594817e-01 -3.82156128e-01 
 1.43284662e-08  1.43284662e-08  0.00000000e+00  1.18420126e+00  2.22638690e-01 -3.67351539e-01 
 1.43407778e-08  1.43407778e-08  0.00000000e+00  1.18422646e+00  2.18202937e-01 -3.52168951e-01 
 1.43559133e-08  1.43559133e-08  0.00000000e+00  1.18418565e+00  2.12144576e-01 -3.25243860e-01 
 1.43718902e-08  1.43718902e-08  0.00000000e+00  1.18407420e+00  2.05295661e-01 -2.88290833e-01 
 1.43832938e-08  1.43832938e-08  0.00000000e+00  1.18397509e+00  2.00401665e-01 -2.58600095e-01 
 1.43965667e-08  1.43965667e-08  0.00000000e+00  1.18385225e+00  1.94827924e-01 -2.21489652e-01 
 1.44140115e-08  1.44140115e-08  0.00000000e+00  1.18368619e+00  1.87748646e-01 -1.68944213e-01 
 1.44460079e-08  1.44460079e-08  0.00000000e+00  1.18338213e+00  1.75491990e-01 -6.20707491e-02 
 1.44808300e-08  1.44808300e-08  0.00000000e+00  1.18307038e+00  1.63164482e-01  6.87546063e-02 
 1.45158411e-08  1.45158411e-08  0.00000000e+00  1.18279640e+00  1.51767375e-01  2.14167174e-01 
 1.45571356e-08  1.45571356e-08  0.00000000e+00  1.18254401e+00  1.39528197e-01  4.00791371e-01 
 1.46109762e-08  1.46109762e-08  0.00000000e+00  1.18236444e+00  1.25463886e-01  6.59613335e-01 
 1.46414694e-08  1.46414694e-08  0.00000000e+00  1.18240040e+00  1.18765548e-01  8.00424570e-01 
 1.46632258e-08  1.46632258e-08  0.00000000e+00  1.18256976e+00  1.15072882e-01  8.80621900e-01 
 1.46938694e-08  1.46938694e-08  0.00000000e+00  1.18303643e+00  1.11566790e-01  9.51211383e-01 
 1.47215017e-08  1.47215017e-08  0.00000000e+00  1.18355185e+00  1.09219008e-01  9.89060807e-01 
 1.47508729e-08  1.47508729e-08  0.00000000e+00  1.18409086e+00  1.06871395e-01  1.01689746e+00 
 1.47841716e-08  1.47841716e-08  0.00000000e+00  1.18464719e+00  1.04102266e-01  1.04034522e+00 
 1.48344450e-08  1.48344450e-08  0.00000000e+00  1.18536355e+00  9.95758263e-02  1.06667565e+00 
 1.49005388e-08  1.49005388e-08  0.00000000e+00  1.18611001e+00  9.30879691e-02  1.09173426e+00 
 1.49927340e-08  1.49927340e-08  0.00000000e+00  1.18689518e+00  8.35244390e-02  1.11631810e+00 
 1.51150102e-08  1.51150102e-08  0.00000000e+00  1.18769607e+00  7.09198604e-02  1.13828025e+00 
 1.52792992e-08  1.52792992e-08  0.00000000e+00  1.18865678e+00  5.55302298e-02  1.15728759e+00 
 1.54756544e-08  1.54756544e-08  0.00000000e+00  1.18987147e+00  4.04139641e-02  1.17146686e+00 
 1.57106715e-08  1.57106715e-08  0.00000000e+00  1.19146805e+00  2.69623793e-02  1.18196000e+00 
 1.59873611e-08  1.59873611e-08  0.00000000e+00  1.19337438e+00  1.63275990e-02  1.18942369e+00 
 1.63159369e-08  1.63159369e-08  0.00000000e+00  1.19539167e+00  8.70592346e-03  1.19450169e+00 
 1.67030517e-08  1.67030517e-08  0.00000000e+00  1.19721746e+00  3.90780893e-03  1.19761259e+00 
 1.71030517e-08  1.71030517e-08  0.00000000e+00  1.19848060e+00  1.56396791e-03  1.19909385e+00 
 1.75030517e-08  1.75030517e-08  0.00000000e+00  1.19923981e+00  5.54452414e-04  1.19970824e+00 
 1.79030517e-08  1.79030517e-08  0.00000000e+00  1.19965528e+00  1.59098847e-04  1.19993396e+00 
 1.83030517e-08  1.83030517e-08  0.00000000e+00  1.19986250e+00  2.35678380e-05  1.20000304e+00 
 1.87030517e-08  1.87030517e-08  0.00000000e+00  1.19995538e+00 -1.22593845e-05  1.20001761e+00 
 1.91030517e-08  1.91030517e-08  0.00000000e+00  1.19999180e+00 -1.73101885e-05  1.20001251e+00 
 1.95030517e-08  1.95030517e-08  0.00000000e+00  1.20000392e+00 -1.26448669e-05  1.20000745e+00 
 1.97515258e-08  1.97515258e-08  0.00000000e+00  1.20000505e+00 -8.95938376e-06  1.20000504e+00 
 2.00000000e-08  2.00000000e-08  0.00000000e+00  1.20000438e+00 -6.02739908e-06  1.20000328e+00 
