v(drain_bias) v(gate_bias) id_bias ig_bias is_bias ib_bias
0.0000000000e+00 0.0000000000e+00 -0.0000000000e+00 -0.0000000000e+00 -0.0000000000e+00 -0.0000000000e+00
0.0000000000e+00 6.0000000000e-01 -1.2108539497e-10 2.4218027367e-10 -1.2108539497e-10 -9.4837037782e-15
0.0000000000e+00 1.2000000000e+00 -1.1863133580e-07 2.3841592223e-07 -1.1863133580e-07 -1.1532506386e-09
0.0000000000e+00 0.0000000000e+00 -0.0000000000e+00 -0.0000000000e+00 -0.0000000000e+00 -0.0000000000e+00
0.0000000000e+00 6.0000000000e-01 -1.2108539497e-10 2.4218027367e-10 -1.2108539497e-10 -9.4837037782e-15
0.0000000000e+00 1.2000000000e+00 -1.1863133580e-07 2.3841592223e-07 -1.1863133580e-07 -1.1532506386e-09
0.0000000000e+00 0.0000000000e+00 -0.0000000000e+00 -0.0000000000e+00 -0.0000000000e+00 -0.0000000000e+00
0.0000000000e+00 6.0000000000e-01 -1.2108539497e-10 2.4218027367e-10 -1.2108539497e-10 -9.4837037782e-15
0.0000000000e+00 1.2000000000e+00 -1.1863133580e-07 2.3841592223e-07 -1.1863133580e-07 -1.1532506386e-09
