0.0000000000e+00 0.0000000000e+00 3.8993332057e-29 -7.0361747298e-12 7.0251744606e-12 1.1000269215e-14
1.0000000000e-11 0.0000000000e+00 3.8994330996e-29 -7.0361747298e-12 7.0251744606e-12 1.1000269215e-14
3.0000000000e-11 0.0000000000e+00 3.8990723216e-29 -7.0361747298e-12 7.0251744606e-12 1.1000269215e-14
7.0000000000e-11 0.0000000000e+00 3.8997350754e-29 -7.0361747298e-12 7.0251744606e-12 1.1000269215e-14
1.5000000000e-10 0.0000000000e+00 3.8989851579e-29 -7.0361747298e-12 7.0251744606e-12 1.1000269215e-14
2.5000000000e-10 0.0000000000e+00 3.8993209353e-29 -7.0361747298e-12 7.0251744606e-12 1.1000269215e-14
3.5000000000e-10 0.0000000000e+00 3.8993502031e-29 -7.0361747298e-12 7.0251744606e-12 1.1000269215e-14
4.5000000000e-10 0.0000000000e+00 3.8994233428e-29 -7.0361747298e-12 7.0251744606e-12 1.1000269215e-14
5.5000000000e-10 0.0000000000e+00 3.8992643895e-29 -7.0361747298e-12 7.0251744606e-12 1.1000269215e-14
6.5000000000e-10 0.0000000000e+00 3.8992585626e-29 -7.0361747298e-12 7.0251744606e-12 1.1000269215e-14
7.5000000000e-10 0.0000000000e+00 3.8994345683e-29 -7.0361747298e-12 7.0251744606e-12 1.1000269215e-14
8.5000000000e-10 0.0000000000e+00 3.8992563488e-29 -7.0361747298e-12 7.0251744606e-12 1.1000269215e-14
9.5000000000e-10 0.0000000000e+00 3.8994191393e-29 -7.0361747298e-12 7.0251744606e-12 1.1000269215e-14
1.0000000000e-09 0.0000000000e+00 3.8993613360e-29 -7.0361747298e-12 7.0251744606e-12 1.1000269215e-14
1.0000834167e-09 8.3416666667e-03 -2.1206303402e-04 5.7737139443e-05 9.5473013128e-05 5.8852881446e-05
1.0002502500e-09 2.5025000000e-02 -5.3559643147e-04 1.3650344860e-04 2.2969717940e-04 1.6939580346e-04
1.0005839167e-09 5.8391666667e-02 -8.1343445698e-04 1.9637339689e-04 3.3758985211e-04 2.7947120798e-04
1.0009840497e-09 9.8404974753e-02 -8.9079225484e-04 2.1502081596e-04 3.7947738296e-04 2.9629405593e-04
1.0013870025e-09 1.3870024506e-01 -9.0654677827e-04 2.1755266930e-04 3.9671113512e-04 2.9228297385e-04
1.0019331175e-09 1.9331175200e-01 -9.1338523689e-04 2.2058576755e-04 4.1166209116e-04 2.8113737817e-04
1.0028615955e-09 2.8615954877e-01 -9.1716089434e-04 2.2320155207e-04 4.2862737318e-04 2.6533196909e-04
1.0047185514e-09 4.7185514230e-01 -9.1548698790e-04 2.3193928240e-04 4.4523663790e-04 2.3831106760e-04
1.0073592757e-09 7.3592757115e-01 -1.0678883609e-03 1.0775122713e-04 7.5656853273e-04 2.0356860106e-04
1.0086796379e-09 8.6796378557e-01 -1.6615984721e-03 -2.8910697227e-04 1.7496902907e-03 2.0101515366e-04
1.0093398189e-09 9.3398189279e-01 -1.7178100328e-03 -8.5829239962e-04 2.2960160145e-03 2.8008641796e-04
1.0096699095e-09 9.6699094639e-01 -1.7469316032e-03 -1.1175574776e-03 2.6392107485e-03 2.2527833221e-04
1.0100000000e-09 1.0000000000e+00 -1.7737745724e-03 -1.4571095086e-03 2.9564486390e-03 2.7443544196e-04
1.0100834167e-09 1.0000000000e+00 -1.5361534070e-03 -1.6041707737e-03 2.9108942424e-03 2.2942993831e-04
1.0102212524e-09 1.0000000000e+00 -1.1890210625e-03 -1.8308364131e-03 2.8405461904e-03 1.7931128513e-04
1.0104969239e-09 1.0000000000e+00 -7.0802511705e-04 -2.1522258253e-03 2.7524448360e-03 1.0780610634e-04
1.0110005058e-09 1.0000000000e+00 -2.6104127742e-04 -2.4506706629e-03 2.6730828150e-03 3.8629125282e-05
1.0114878990e-09 1.0000000000e+00 -1.0015067922e-04 -2.5616050208e-03 2.6459094868e-03 1.5846213271e-05
1.0121000253e-09 1.0000000000e+00 -2.8257730062e-05 -2.6082263829e-03 2.6329236273e-03 3.5604857221e-06
1.0128504604e-09 1.0000000000e+00 -5.2783194752e-06 -2.6259370078e-03 2.6297392162e-03 1.4761111555e-06
1.0139660203e-09 1.0000000000e+00 4.4248844036e-08 -2.6274397844e-03 2.6280737680e-03 -6.7823246476e-07
1.0156571039e-09 1.0000000000e+00 -2.7002183299e-08 -2.6295061500e-03 2.6288714110e-03 6.6174119907e-07
1.0187123600e-09 1.0000000000e+00 -1.9884994123e-08 -2.6274049737e-03 2.6280815841e-03 -6.5672535264e-07
1.0248228723e-09 1.0000000000e+00 -2.2554401190e-08 -2.6295091201e-03 2.6288773365e-03 6.5433804386e-07
1.0370438969e-09 1.0000000000e+00 -2.1725462216e-08 -2.6274045220e-03 2.6280793735e-03 -6.5312602262e-07
1.0614859461e-09 1.0000000000e+00 -2.1834265738e-08 -2.6295091898e-03 2.6288784528e-03 6.5257133960e-07
1.1103700444e-09 1.0000000000e+00 -2.2046015036e-08 -2.6274045306e-03 2.6280788248e-03 -6.5224820078e-07
1.2081382412e-09 1.0000000000e+00 -2.1683189922e-08 -2.6295091628e-03 2.6288787117e-03 6.5213426033e-07
1.3081382412e-09 1.0000000000e+00 -2.2142517160e-08 -2.6274045470e-03 2.6280786496e-03 -6.5196007383e-07
1.4081382412e-09 1.0000000000e+00 -2.1589892576e-08 -2.6295091562e-03 2.6288788965e-03 6.5184961926e-07
1.5081382412e-09 1.0000000000e+00 -2.2233785792e-08 -2.6274045525e-03 2.6280784620e-03 -6.5167570724e-07
1.6081382412e-09 1.0000000000e+00 -2.1500630309e-08 -2.6295091493e-03 2.6288790844e-03 6.5156557680e-07
1.7081382412e-09 1.0000000000e+00 -2.2321085299e-08 -2.6274045607e-03 2.6280782738e-03 -6.5139198259e-07
1.8081382412e-09 1.0000000000e+00 -2.1415250894e-08 -2.6295091398e-03 2.6288792729e-03 6.5128216360e-07
1.9081382412e-09 1.0000000000e+00 -2.2404586355e-08 -2.6274045716e-03 2.6280780851e-03 -6.5110887458e-07
2.0081382412e-09 1.0000000000e+00 -2.1333587364e-08 -2.6295091276e-03 2.6288794619e-03 6.5099935474e-07
2.1081382412e-09 1.0000000000e+00 -2.2484452301e-08 -2.6274045850e-03 2.6280778958e-03 -6.5082635889e-07
2.2081382412e-09 1.0000000000e+00 -2.1255479930e-08 -2.6295091131e-03 2.6288796514e-03 6.5071712641e-07
2.3081382412e-09 1.0000000000e+00 -2.2560839454e-08 -2.6274046007e-03 2.6280777060e-03 -6.5054441221e-07
2.4081382412e-09 1.0000000000e+00 -2.1180775664e-08 -2.6295090962e-03 2.6288798415e-03 6.5043545583e-07
2.5081382412e-09 1.0000000000e+00 -2.2633897410e-08 -2.6274046188e-03 2.6280775157e-03 -6.5026301226e-07
2.6081382412e-09 1.0000000000e+00 -2.1109328228e-08 -2.6295090770e-03 2.6288800320e-03 6.5015432121e-07
2.7081382412e-09 1.0000000000e+00 -2.2703769338e-08 -2.6274046390e-03 2.6280773249e-03 -6.4998213772e-07
2.8081382412e-09 1.0000000000e+00 -2.1040997562e-08 -2.6295090557e-03 2.6288802230e-03 6.4987370169e-07
2.9081382412e-09 1.0000000000e+00 -2.2770592242e-08 -2.6274046614e-03 2.6280771338e-03 -6.4970176821e-07
3.0081382412e-09 1.0000000000e+00 -2.0975649644e-08 -2.6295090323e-03 2.6288804143e-03 6.4959357734e-07
3.1081382412e-09 1.0000000000e+00 -2.2834497240e-08 -2.6274046858e-03 2.6280769422e-03 -6.4942188423e-07
3.2081382412e-09 1.0000000000e+00 -2.0913156204e-08 -2.6295090069e-03 2.6288806061e-03 6.4931392908e-07
3.3081382412e-09 1.0000000000e+00 -2.2895609810e-08 -2.6274047121e-03 2.6280767502e-03 -6.4914246711e-07
3.4081382412e-09 1.0000000000e+00 -2.0853394486e-08 -2.6295089796e-03 2.6288807983e-03 6.4903473867e-07
3.5081382412e-09 1.0000000000e+00 -2.2954050041e-08 -2.6274047403e-03 2.6280765578e-03 -6.4886349903e-07
3.6081382412e-09 1.0000000000e+00 -2.0796247020e-08 -2.6295089506e-03 2.6288809908e-03 6.4875598866e-07
3.7081382412e-09 1.0000000000e+00 -2.3009932851e-08 -2.6274047702e-03 2.6280763651e-03 -6.4858496290e-07
3.8081382412e-09 1.0000000000e+00 -2.0741601380e-08 -2.6295089198e-03 2.6288811837e-03 6.4847766236e-07
3.9081382412e-09 1.0000000000e+00 -2.3063368218e-08 -2.6274048019e-03 2.6280761721e-03 -6.4830684241e-07
4.0081382412e-09 1.0000000000e+00 -2.0689349977e-08 -2.6295088873e-03 2.6288813769e-03 6.4819974381e-07
4.1081382412e-09 1.0000000000e+00 -2.3114461396e-08 -2.6274048351e-03 2.6280759787e-03 -6.4802912195e-07
4.2081382412e-09 1.0000000000e+00 -2.0639389851e-08 -2.6295088532e-03 2.6288815704e-03 6.4792221773e-07
4.3081382412e-09 1.0000000000e+00 -2.3163313105e-08 -2.6274048700e-03 2.6280757851e-03 -6.4775178658e-07
4.4081382412e-09 1.0000000000e+00 -2.0591622465e-08 -2.6295088176e-03 2.6288817642e-03 6.4764506953e-07
4.5081382412e-09 1.0000000000e+00 -2.3210019744e-08 -2.6274049063e-03 2.6280755912e-03 -6.4747482203e-07
4.6081382412e-09 1.0000000000e+00 -2.0545953518e-08 -2.6295087806e-03 2.6288819582e-03 6.4736828523e-07
4.7081382412e-09 1.0000000000e+00 -2.3254673563e-08 -2.6274049441e-03 2.6280753970e-03 -6.4719821463e-07
4.8081382412e-09 1.0000000000e+00 -2.0502292767e-08 -2.6295087421e-03 2.6288821526e-03 6.4709185150e-07
4.9081382412e-09 1.0000000000e+00 -2.3297362840e-08 -2.6274049832e-03 2.6280752025e-03 -6.4692195134e-07
5.0000000000e-09 1.0000000000e+00 -2.0458747108e-08 -2.6295087009e-03 2.6288823561e-03 6.4680352980e-07
