 time time power_switching
 0.0000000000e+00 0.0000000000e+00 1.4519999887e-12
 2.4437420077e-13 2.4437420077e-13 -1.0739577848e-04
 4.5481323278e-13 4.5481323278e-13 -1.0738348455e-04
 8.7569129681e-13 8.7569129681e-13 -1.0734691731e-04
 1.7174474249e-12 1.7174474249e-12 -1.0730461345e-04
 3.4009596810e-12 3.4009596810e-12 -1.0721241159e-04
 6.7679841932e-12 6.7679841932e-12 -1.0699729102e-04
 1.3502033218e-11 1.3502033218e-11 -1.0644187752e-04
 2.1575819835e-11 2.1575819835e-11 -1.0553544967e-04
 3.0033272184e-11 3.0033272184e-11 -1.0429205894e-04
 3.8891451588e-11 3.8891451588e-11 -1.0268200531e-04
 4.8320835071e-11 4.8320835071e-11 -1.0065754732e-04
 5.9097419791e-11 5.9097419791e-11 -9.8039911659e-05
 6.8450721377e-11 6.8450721377e-11 -9.5612615569e-05
 8.7157324549e-11 8.7157324549e-11 -9.0817583080e-05
 9.7212485853e-11 9.7212485853e-11 -8.8707750800e-05
 1.0566252187e-10 1.0566252187e-10 -8.7221874653e-05
 1.1739912728e-10 1.1739912728e-10 -8.5433655522e-05
 1.2776495024e-10 1.2776495024e-10 -8.4252662339e-05
 1.3623284922e-10 1.3623284922e-10 -8.3513156744e-05
 1.5316864716e-10 1.5316864716e-10 -8.2316129009e-05
 1.6621488000e-10 1.6621488000e-10 -8.1749129285e-05
 1.7641098519e-10 1.7641098519e-10 -8.1437249721e-05
 1.8798053692e-10 1.8798053692e-10 -8.1147224692e-05
 2.0075274381e-10 2.0075274381e-10 -8.0919371092e-05
 2.1230506417e-10 2.1230506417e-10 -8.0789437256e-05
 2.2272855940e-10 2.2272855940e-10 -8.0720743701e-05
 2.3278446605e-10 2.3278446605e-10 -8.0690820053e-05
 2.4259987825e-10 2.4259987825e-10 -8.0694460776e-05
 2.5373872019e-10 2.5373872019e-10 -8.0734473359e-05
 2.6333294133e-10 2.6333294133e-10 -8.0804015327e-05
 2.7407314348e-10 2.7407314348e-10 -8.0914399940e-05
 2.8330780821e-10 2.8330780821e-10 -8.1042280766e-05
 2.9360184713e-10 2.9360184713e-10 -8.1212905545e-05
 3.0243287850e-10 3.0243287850e-10 -8.1283462464e-05
 3.1248931528e-10 3.1248931528e-10 -8.1197110185e-05
 3.2112224488e-10 3.2112224488e-10 -8.0976505019e-05
 3.3110402920e-10 3.3110402920e-10 -8.0538521574e-05
 3.4051921867e-10 3.4051921867e-10 -7.9938498616e-05
 3.5032554585e-10 3.5032554585e-10 -7.9110210494e-05
 3.6008245776e-10 3.6008245776e-10 -7.8070716066e-05
 3.6997357288e-10 3.6997357288e-10 -7.6788445146e-05
 3.7985146134e-10 3.7985146134e-10 -7.5269788437e-05
 3.8962727600e-10 3.8962727600e-10 -7.3525481714e-05
 3.9909970747e-10 3.9909970747e-10 -7.1601358478e-05
 4.0808817790e-10 4.0808817790e-10 -6.9560514891e-05
 4.1646979516e-10 4.1646979516e-10 -6.7469444459e-05
 4.2385416359e-10 4.2385416359e-10 -6.5479168662e-05
 4.3032550776e-10 4.3032550776e-10 -6.3624537143e-05
 4.3608898128e-10 4.3608898128e-10 -6.1889134569e-05
 4.4136056768e-10 4.4136056768e-10 -6.0235640364e-05
 4.4624790074e-10 4.4624790074e-10 -5.8648818927e-05
 4.5602256686e-10 4.5602256686e-10 -5.5321796017e-05
 4.5984007191e-10 4.5984007191e-10 -5.3986190814e-05
 4.6747508202e-10 4.6747508202e-10 -5.1223088529e-05
 4.7102520825e-10 4.7102520825e-10 -4.9920976962e-05
 4.7812546071e-10 4.7812546071e-10 -4.7248334697e-05
 4.8157744230e-10 4.8157744230e-10 -4.5944638313e-05
 4.8848140548e-10 4.8848140548e-10 -4.3281747419e-05
 4.9185314148e-10 4.9185314148e-10 -4.1989138669e-05
 4.9592657074e-10 4.9592657074e-10 -4.0410450974e-05
 5.0000000000e-10 5.0000000000e-10 -3.8826928344e-05
 5.0245720177e-10 5.0245720177e-10 5.7499343108e-05
 5.0453819380e-10 5.0453819380e-10 5.7531414729e-05
 5.0661203386e-10 5.0661203386e-10 5.7547306867e-05
 5.1075971400e-10 5.1075971400e-10 5.7574713158e-05
 5.1905507426e-10 5.1905507426e-10 5.7614736211e-05
 5.3564579479e-10 5.3564579479e-10 5.7641561440e-05
 5.5142825808e-10 5.5142825808e-10 5.7597228513e-05
 5.6591211004e-10 5.6591211004e-10 5.7514786322e-05
 5.8076394851e-10 5.8076394851e-10 5.7411661530e-05
 5.9633318998e-10 5.9633318998e-10 5.7314697001e-05
 6.1168870741e-10 6.1168870741e-10 5.7460331546e-05
 6.2082609030e-10 6.2082609030e-10 5.6727809983e-05
 6.2759607994e-10 6.2759607994e-10 5.7100824039e-05
 6.3428833110e-10 6.3428833110e-10 5.6979128002e-05
 6.4767283343e-10 6.4767283343e-10 5.6812764642e-05
 6.5853733737e-10 6.5853733737e-10 5.6665988732e-05
 6.7044519715e-10 6.7044519715e-10 5.6508493014e-05
 6.8444245351e-10 6.8444245351e-10 5.6325532578e-05
 6.9896258121e-10 6.9896258121e-10 5.6137973938e-05
 7.1317585098e-10 7.1317585098e-10 5.5956867092e-05
 7.2747282241e-10 7.2747282241e-10 5.5777075519e-05
 7.4205300310e-10 7.4205300310e-10 5.5596114293e-05
 7.5664337607e-10 7.5664337607e-10 5.5417433950e-05
 7.7104243846e-10 7.7104243846e-10 5.5243399821e-05
 7.8520021419e-10 7.8520021419e-10 5.5074432156e-05
 7.9900161296e-10 7.9900161296e-10 5.4911710046e-05
 8.1227086683e-10 8.1227086683e-10 5.4757068999e-05
 8.2487770257e-10 8.2487770257e-10 5.4611741175e-05
 8.3675459589e-10 8.3675459589e-10 5.4476205601e-05
 8.4767976445e-10 8.4767976445e-10 5.4352690775e-05
 8.5742428614e-10 8.5742428614e-10 5.4243445250e-05
 8.6556320803e-10 8.6556320803e-10 5.4152865958e-05
 8.7328004543e-10 8.7328004543e-10 5.4067463931e-05
 8.8044740197e-10 8.8044740197e-10 5.3988588022e-05
 8.8729260617e-10 8.8729260617e-10 5.3911409567e-05
 8.9382363666e-10 8.9382363666e-10 5.3750135517e-05
 9.0011193663e-10 9.0011193663e-10 5.3471530286e-05
 9.0618519408e-10 9.0618519408e-10 5.3089324502e-05
 9.1207861162e-10 9.1207861162e-10 5.2614616492e-05
 9.1781613494e-10 9.1781613494e-10 5.2057256167e-05
 9.2342032646e-10 9.2342032646e-10 5.1425638355e-05
 9.2890949744e-10 9.2890949744e-10 5.0727248427e-05
 9.3429989269e-10 9.3429989269e-10 4.9968702220e-05
 9.3960549720e-10 9.3960549720e-10 4.9155969594e-05
 9.4483868252e-10 9.4483868252e-10 4.8294456394e-05
 9.5001037473e-10 9.5001037473e-10 4.7389114784e-05
 9.5513033277e-10 9.5513033277e-10 4.6444510751e-05
 9.6020730990e-10 9.6020730990e-10 4.5464888355e-05
 9.6524921033e-10 9.6524921033e-10 4.4454217513e-05
 9.7026320550e-10 9.7026320550e-10 4.3416234900e-05
 9.7525583384e-10 9.7525583384e-10 4.2354476458e-05
 9.8524109053e-10 9.8524109053e-10 4.0163152823e-05
 9.8993961725e-10 9.8993961725e-10 3.9110209703e-05
 9.9496980862e-10 9.9496980862e-10 3.7970822612e-05
 1.0000000000e-09 1.0000000000e-09 3.6823456231e-05
 1.0012575478e-09 1.0012575478e-09 3.6539705289e-05
 1.0034008000e-09 1.0034008000e-09 3.6047630452e-05
 1.0062491795e-09 1.0062491795e-09 3.5395616898e-05
 1.0119459386e-09 1.0119459386e-09 3.4092203519e-05
 1.0233394568e-09 1.0233394568e-09 3.1505556044e-05
 1.0444819028e-09 1.0444819028e-09 2.6870802833e-05
 1.0641632535e-09 1.0641632535e-09 2.2870057055e-05
 1.0809738866e-09 1.0809738866e-09 1.9758467437e-05
 1.0967505431e-09 1.0967505431e-09 1.7116903235e-05
 1.1118465661e-09 1.1118465661e-09 1.4847224432e-05
 1.1264342648e-09 1.1264342648e-09 1.2888979977e-05
 1.1409095760e-09 1.1409095760e-09 1.1163443202e-05
 1.1555418413e-09 1.1555418413e-09 9.6249688794e-06
 1.1705045500e-09 1.1705045500e-09 8.2482389067e-06
 1.1859712154e-09 1.1859712154e-09 7.0139670337e-06
 1.2021134989e-09 1.2021134989e-09 5.9080922963e-06
 1.2191036822e-09 1.2191036822e-09 4.9205072750e-06
 1.2371330442e-09 1.2371330442e-09 4.0431851229e-06
 1.2564248265e-09 1.2564248265e-09 3.2693989211e-06
 1.2749732728e-09 1.2749732728e-09 2.6610159705e-06
 1.2936611303e-09 1.2936611303e-09 2.1597133701e-06
 1.3129759472e-09 1.3129759472e-09 1.7385009265e-06
 1.3329396148e-09 1.3329396148e-09 1.3876517570e-06
 1.3538329985e-09 1.3538329985e-09 1.0947427171e-06
 1.3760580489e-09 1.3760580489e-09 8.4957645820e-07
 1.4001090367e-09 1.4001090367e-09 6.4465064048e-07
 1.4267759554e-09 1.4267759554e-09 4.7355916498e-07
 1.4575024133e-09 1.4575024133e-09 3.3055056737e-07
 1.4956119938e-09 1.4956119938e-09 2.0956046645e-07
 1.5457696515e-09 1.5457696515e-09 1.1166727579e-07
 1.5980528428e-09 1.5980528428e-09 5.5538707741e-08
 1.6440581933e-09 1.6440581933e-09 2.9414269578e-08
 1.6846224133e-09 1.6846224133e-09 1.6832253421e-08
 1.7224553903e-09 1.7224553903e-09 1.0109737191e-08
 1.7588671241e-09 1.7588671241e-09 6.2602138004e-09
 1.7947388306e-09 1.7947388306e-09 3.9400090138e-09
 1.8307983329e-09 1.8307983329e-09 2.4890894346e-09
 1.8675525065e-09 1.8675525065e-09 1.5638707069e-09
 1.9053987415e-09 1.9053987415e-09 9.6992631126e-10
 1.9447069323e-09 1.9447069323e-09 5.8971395313e-10
 1.9852633530e-09 1.9852633530e-09 3.5192577331e-10
 2.0298297632e-09 2.0298297632e-09 1.9791864854e-10
 2.0759382295e-09 2.0759382295e-09 1.0803242353e-10
 2.1248896113e-09 2.1248896113e-09 5.6202469523e-11
 2.1778186215e-09 2.1778186215e-09 2.7420762718e-11
 2.2351844947e-09 2.2351844947e-09 1.2613320288e-11
 2.2978867971e-09 2.2978867971e-09 5.7365960786e-12
 2.3671914133e-09 2.3671914133e-09 3.0388235299e-12
 2.4446549831e-09 2.4446549831e-09 2.3180229365e-12
 2.5323815365e-09 2.5323815365e-09 2.3663500571e-12
 2.6333225572e-09 2.6333225572e-09 2.5960990506e-12
 2.7517180881e-09 2.7517180881e-09 2.7786018425e-12
 2.8939048450e-09 2.8939048450e-09 2.8683624548e-12
 3.0697750419e-09 3.0697750419e-09 2.8924451628e-12
 3.2954226308e-09 3.2954226308e-09 2.8891740696e-12
 3.5976021362e-09 3.5976021362e-09 2.8826184635e-12
 3.8877787452e-09 3.8877787452e-09 2.8803950974e-12
 4.2652297757e-09 4.2652297757e-09 2.8800626412e-12
 4.5529110276e-09 4.5529110276e-09 2.8802210484e-12
 4.7962500730e-09 4.7962500730e-09 2.8803035596e-12
 5.0827416110e-09 5.0827416110e-09 2.8803290660e-12
 5.4602389815e-09 5.4602389815e-09 2.8803294195e-12
 5.7524900153e-09 5.7524900153e-09 2.8803264045e-12
 5.8914214262e-09 5.8914214262e-09 2.8803254421e-12
 6.0336891543e-09 6.0336891543e-09 2.8803250463e-12
 6.1558884093e-09 6.1558884093e-09 2.8803251753e-12
 6.2659159891e-09 6.2659159891e-09 2.8803249764e-12
 6.3797810688e-09 6.3797810688e-09 2.8803249598e-12
 6.4997781006e-09 6.4997781006e-09 2.8803251950e-12
 6.6272182010e-09 6.6272182010e-09 2.8803249947e-12
 6.7660431044e-09 6.7660431044e-09 2.8803249356e-12
 6.9218023373e-09 6.9218023373e-09 2.8803250899e-12
 7.1087561993e-09 7.1087561993e-09 2.8803250540e-12
 7.3212990517e-09 7.3212990517e-09 2.8803249461e-12
 7.5353682770e-09 7.5353682770e-09 2.8803250391e-12
 7.7077678872e-09 7.7077678872e-09 2.8803249509e-12
 7.8577457966e-09 7.8577457966e-09 2.8803249883e-12
 8.0005200198e-09 8.0005200198e-09 2.8803248864e-12
 8.0285628067e-09 8.0285628067e-09 2.8803248623e-12
 8.0554397118e-09 8.0554397118e-09 2.8803259261e-12
 8.0825219995e-09 8.0825219995e-09 2.8803244992e-12
 8.1043948318e-09 8.1043948318e-09 2.8803251437e-12
 8.1270682154e-09 8.1270682154e-09 2.8803254820e-12
 8.1540191288e-09 8.1540191288e-09 2.8803248948e-12
 8.1895436125e-09 8.1895436125e-09 2.8803255898e-12
 8.2292802888e-09 8.2292802888e-09 2.8803248050e-12
 8.2668537341e-09 8.2668537341e-09 2.8803251790e-12
 8.2990648600e-09 8.2990648600e-09 2.8803255315e-12
 8.3287285647e-09 8.3287285647e-09 2.8803246193e-12
 8.3576948643e-09 8.3576948643e-09 2.8803248732e-12
 8.3867003010e-09 8.3867003010e-09 2.8803246208e-12
 8.4165145858e-09 8.4165145858e-09 2.8803253097e-12
 8.4478743263e-09 8.4478743263e-09 2.8803243882e-12
 8.4814358271e-09 8.4814358271e-09 2.8803248389e-12
 8.5179424097e-09 8.5179424097e-09 2.8803251479e-12
 8.5583413405e-09 8.5583413405e-09 2.8803254072e-12
 8.6039096721e-09 8.6039096721e-09 2.8803251785e-12
 8.6564969946e-09 8.6564969946e-09 2.8803251501e-12
 8.7189887109e-09 8.7189887109e-09 2.8803254214e-12
 8.7963076081e-09 8.7963076081e-09 2.8803250417e-12
 8.8980338288e-09 8.8980338288e-09 2.8803249556e-12
 9.0476938449e-09 9.0476938449e-09 2.8803248023e-12
 9.2803787154e-09 9.2803787154e-09 2.8803251034e-12
 9.5905374781e-09 9.5905374781e-09 2.8803250087e-12
 9.9166898900e-09 9.9166898900e-09 2.8803249564e-12
 1.0244346401e-08 1.0244346401e-08 2.8803250141e-12
 1.0500000000e-08 1.0500000000e-08 2.8803250207e-12
 1.0504585242e-08 1.0504585242e-08 9.3553277749e-05
 1.0513577613e-08 1.0513577613e-08 9.0298585181e-05
 1.0517641094e-08 1.0517641094e-08 8.9175908370e-05
 1.0525768057e-08 1.0525768057e-08 8.7043864368e-05
 1.0530626818e-08 1.0530626818e-08 8.5883640526e-05
 1.0540344339e-08 1.0540344339e-08 8.3725746120e-05
 1.0545656951e-08 1.0545656951e-08 8.2671691503e-05
 1.0552016728e-08 1.0552016728e-08 8.1481973809e-05
 1.0558107583e-08 1.0558107583e-08 8.0423552541e-05
 1.0564804613e-08 1.0564804613e-08 7.9344733648e-05
 1.0571992521e-08 1.0571992521e-08 7.8279675055e-05
 1.0579970556e-08 1.0579970556e-08 7.7201672830e-05
 1.0588918382e-08 1.0588918382e-08 7.6113323565e-05
 1.0599101802e-08 1.0599101802e-08 7.5018368300e-05
 1.0608110670e-08 1.0608110670e-08 7.4177156518e-05
 1.0626128405e-08 1.0626128405e-08 7.2765829614e-05
 1.0639139793e-08 1.0639139793e-08 7.2028827306e-05
 1.0650185375e-08 1.0650185375e-08 7.1567297281e-05
 1.0662291892e-08 1.0662291892e-08 7.1210406048e-05
 1.0675559811e-08 1.0675559811e-08 7.1019253056e-05
 1.0688241564e-08 1.0688241564e-08 7.1050989856e-05
 1.0700424407e-08 1.0700424407e-08 7.1287774318e-05
 1.0712939099e-08 1.0712939099e-08 7.1727921178e-05
 1.0725926408e-08 1.0725926408e-08 7.2132548301e-05
 1.0739297180e-08 1.0739297180e-08 7.2443409703e-05
 1.0752814524e-08 1.0752814524e-08 7.2679591577e-05
 1.0766275886e-08 1.0766275886e-08 7.2874322398e-05
 1.0779643955e-08 1.0779643955e-08 7.3193200800e-05
 1.0793913261e-08 1.0793913261e-08 7.3734879718e-05
 1.0808435988e-08 1.0808435988e-08 7.4528319690e-05
 1.0822370653e-08 1.0822370653e-08 7.5544797313e-05
 1.0835751282e-08 1.0835751282e-08 7.6765335777e-05
 1.0848869740e-08 1.0848869740e-08 7.8199086655e-05
 1.0861800667e-08 1.0861800667e-08 7.9847291963e-05
 1.0874540295e-08 1.0874540295e-08 8.1699531537e-05
 1.0887203708e-08 1.0887203708e-08 8.3758889833e-05
 1.0899960174e-08 1.0899960174e-08 8.6043667590e-05
 1.0912918142e-08 1.0912918142e-08 8.8571695730e-05
 1.0926102822e-08 1.0926102822e-08 9.1353715028e-05
 1.0939445350e-08 1.0939445350e-08 9.4388723586e-05
 1.0952754738e-08 1.0952754738e-08 9.7650169636e-05
 1.0965519703e-08 1.0965519703e-08 1.0101333870e-04
 1.0977453093e-08 1.0977453093e-08 1.0437265274e-04
 1.0988589121e-08 1.0988589121e-08 1.0769347551e-04
 1.0994294560e-08 1.0994294560e-08 1.0944818343e-04
 1.1000000000e-08 1.1000000000e-08 1.1125570773e-04
 1.1001426360e-08 1.1001426360e-08 5.3126521485e-06
 1.1003276479e-08 1.1003276479e-08 5.3113849367e-06
 1.1005597895e-08 1.1005597895e-08 5.3104788117e-06
 1.1010240726e-08 1.1010240726e-08 5.3098018965e-06
 1.1019526389e-08 1.1019526389e-08 5.3078676477e-06
 1.1027011995e-08 1.1027011995e-08 5.3058381096e-06
 1.1035256245e-08 1.1035256245e-08 5.3032093577e-06
 1.1043224638e-08 1.1043224638e-08 5.3003472257e-06
 1.1051398176e-08 1.1051398176e-08 5.2971438100e-06
 1.1059623494e-08 1.1059623494e-08 5.2936967710e-06
 1.1068015918e-08 1.1068015918e-08 5.2899916890e-06
 1.1076586015e-08 1.1076586015e-08 5.2860489278e-06
 1.1085398447e-08 1.1085398447e-08 5.2818587954e-06
 1.1094509288e-08 1.1094509288e-08 5.2774099464e-06
 1.1103996613e-08 1.1103996613e-08 5.2726759662e-06
 1.1113954025e-08 1.1113954025e-08 5.2676187806e-06
 1.1124502072e-08 1.1124502072e-08 5.2621832317e-06
 1.1134082409e-08 1.1134082409e-08 5.2571907670e-06
 1.1146374361e-08 1.1146374361e-08 5.2507244705e-06
 1.1157458815e-08 1.1157458815e-08 5.2448468815e-06
 1.1168566283e-08 1.1168566283e-08 5.2389222127e-06
 1.1180754041e-08 1.1180754041e-08 5.2323891550e-06
 1.1193912847e-08 1.1193912847e-08 5.2253050345e-06
 1.1208196731e-08 1.1208196731e-08 5.2175861000e-06
 1.1223953966e-08 1.1223953966e-08 5.2090421235e-06
 1.1241416090e-08 1.1241416090e-08 5.1995441324e-06
 1.1260738221e-08 1.1260738221e-08 5.1890033040e-06
 1.1282002766e-08 1.1282002766e-08 5.1773692510e-06
 1.1305152129e-08 1.1305152129e-08 5.1646672092e-06
 1.1329177894e-08 1.1329177894e-08 5.1514456850e-06
 1.1353294127e-08 1.1353294127e-08 5.1381358523e-06
 1.1377632461e-08 1.1377632461e-08 5.1246647792e-06
 1.1402530758e-08 1.1402530758e-08 5.1108436041e-06
 1.1428077175e-08 1.1428077175e-08 5.0966201307e-06
 1.1454309314e-08 1.1454309314e-08 5.0819695784e-06
 1.1481415634e-08 1.1481415634e-08 5.0667820034e-06
 1.1509632799e-08 1.1509632799e-08 5.0509186013e-06
 1.1539129125e-08 1.1539129125e-08 5.0342769366e-06
 1.1570033589e-08 1.1570033589e-08 5.0167749246e-06
 1.1602475181e-08 1.1602475181e-08 4.9983286014e-06
 1.1636538741e-08 1.1636538741e-08 4.9788771579e-06
 1.1672198618e-08 1.1672198618e-08 4.9584214736e-06
 1.1709281681e-08 1.1709281681e-08 4.9370467992e-06
 1.1747439141e-08 1.1747439141e-08 4.9149413361e-06
 1.1786132650e-08 1.1786132650e-08 4.8924073381e-06
 1.1823193430e-08 1.1823193430e-08 4.8707103673e-06
 1.1857070001e-08 1.1857070001e-08 4.8507782125e-06
 1.1887920796e-08 1.1887920796e-08 4.8325422935e-06
 1.1916275020e-08 1.1916275020e-08 4.8157102076e-06
 1.1942348504e-08 1.1942348504e-08 4.8001703081e-06
 1.1966266837e-08 1.1966266837e-08 4.7858621166e-06
 1.1983133419e-08 1.1983133419e-08 4.7757419222e-06
 1.2000000000e-08 1.2000000000e-08 4.7655957635e-06
 1.2002453219e-08 1.2002453219e-08 4.7645163592e-06
 1.2006398427e-08 1.2006398427e-08 4.7617407729e-06
 1.2012164457e-08 1.2012164457e-08 4.7582628412e-06
 1.2023696518e-08 1.2023696518e-08 4.7512977028e-06
 1.2046760639e-08 1.2046760639e-08 4.7373300106e-06
 1.2092888882e-08 1.2092888882e-08 4.7092424528e-06
 1.2185145368e-08 1.2185145368e-08 4.6524370448e-06
 1.2360121233e-08 1.2360121233e-08 4.5422343491e-06
 1.2574145994e-08 1.2574145994e-08 4.4028240508e-06
 1.2795819633e-08 1.2795819633e-08 4.2535414839e-06
 1.3020562092e-08 1.3020562092e-08 4.1013061160e-06
 1.3245291840e-08 1.3245291840e-08 3.9723487721e-06
 1.3463358589e-08 1.3463358589e-08 3.9949535667e-06
 1.3605112940e-08 1.3605112940e-08 4.3627652764e-06
 1.3737204696e-08 1.3737204696e-08 4.7496526996e-06
 1.3866588784e-08 1.3866588784e-08 4.5575119307e-06
 1.3963071572e-08 1.3963071572e-08 4.0326629679e-06
 1.4049648115e-08 1.4049648115e-08 3.5102148984e-06
 1.4186642677e-08 1.4186642677e-08 2.7459327702e-06
 1.4335286661e-08 1.4335286661e-08 2.0088433819e-06
 1.4475928507e-08 1.4475928507e-08 1.4482090856e-06
 1.4614233299e-08 1.4614233299e-08 1.0331265654e-06
 1.4745356939e-08 1.4745356939e-08 7.4278516665e-07
 1.4866522845e-08 1.4866522845e-08 5.4486300010e-07
 1.4969880790e-08 1.4969880790e-08 4.1777255480e-07
 1.5067976150e-08 1.5067976150e-08 3.2465145234e-07
 1.5164265153e-08 1.5164265153e-08 2.5335940393e-07
 1.5254881648e-08 1.5254881648e-08 2.0057588381e-07
 1.5340322042e-08 1.5340322042e-08 1.6091671797e-07
 1.5421507690e-08 1.5421507690e-08 1.3053037435e-07
 1.5498607010e-08 1.5498607010e-08 1.0701243790e-07
 1.5571960093e-08 1.5571960093e-08 8.8591658429e-08
 1.5641972173e-08 1.5641972173e-08 7.3982832985e-08
 1.5708951745e-08 1.5708951745e-08 6.2272769004e-08
 1.5773169120e-08 1.5773169120e-08 5.2794260400e-08
 1.5834871868e-08 1.5834871868e-08 4.5052056519e-08
 1.5894274606e-08 1.5894274606e-08 3.8675635487e-08
 1.5951564704e-08 1.5951564704e-08 3.3384273587e-08
 1.6006908268e-08 1.6006908268e-08 2.8962705982e-08
 1.6060452469e-08 1.6060452469e-08 2.5244214436e-08
 1.6112328122e-08 1.6112328122e-08 2.2098440045e-08
 1.6162652218e-08 1.6162652218e-08 1.9422527103e-08
 1.6211529823e-08 1.6211529823e-08 1.7134647643e-08
 1.6259055651e-08 1.6259055651e-08 1.5169201642e-08
 1.6305315432e-08 1.6305315432e-08 1.3473220375e-08
 1.6350387035e-08 1.6350387035e-08 1.2003647628e-08
 1.6394341434e-08 1.6394341434e-08 1.0725265558e-08
 1.6437243506e-08 1.6437243506e-08 9.6090986093e-09
 1.6479152734e-08 1.6479152734e-08 8.6311756309e-09
 1.6520123798e-08 1.6520123798e-08 7.7715626593e-09
 1.6560207086e-08 1.6560207086e-08 7.0136018519e-09
 1.6599449140e-08 1.6599449140e-08 6.3433087059e-09
 1.6637893042e-08 1.6637893042e-08 5.7488916392e-09
 1.6675578753e-08 1.6675578753e-08 5.2203668627e-09
 1.6712543412e-08 1.6712543412e-08 4.7492479378e-09
 1.6748821594e-08 1.6748821594e-08 4.3282941749e-09
 1.6784445545e-08 1.6784445545e-08 3.9513057440e-09
 1.6819445387e-08 1.6819445387e-08 3.6129559989e-09
 1.6853849301e-08 1.6853849301e-08 3.3086536555e-09
 1.6887683692e-08 1.6887683692e-08 3.0344290020e-09
 1.6920973333e-08 1.6920973333e-08 2.7868395749e-09
 1.6953741499e-08 1.6953741499e-08 2.5628916589e-09
 1.6986010086e-08 1.6986010086e-08 2.3599747100e-09
 1.7017799716e-08 1.7017799716e-08 2.1758063651e-09
 1.7049129836e-08 1.7049129836e-08 2.0083862005e-09
 1.7080018803e-08 1.7080018803e-08 1.8559566763e-09
 1.7110483966e-08 1.7110483966e-08 1.7169700752e-09
 1.7140541738e-08 1.7140541738e-08 1.5900604271e-09
 1.7170207662e-08 1.7170207662e-08 1.4740195707e-09
 1.7199496472e-08 1.7199496472e-08 1.3677767271e-09
 1.7228844625e-08 1.7228844625e-08 1.2690084853e-09
 1.7258619714e-08 1.7258619714e-08 1.1760947012e-09
 1.7288896308e-08 1.7288896308e-08 1.0885919995e-09
 1.7319720366e-08 1.7319720366e-08 1.0061943855e-09
 1.7346426554e-08 1.7346426554e-08 9.3988647426e-10
 1.7371663732e-08 1.7371663732e-08 8.8126669360e-10
 1.7397396278e-08 1.7397396278e-08 8.2526964462e-10
 1.7423738034e-08 1.7423738034e-08 7.7163577234e-10
 1.7451150007e-08 1.7451150007e-08 7.1952279549e-10
 1.7480371029e-08 1.7480371029e-08 6.6783929250e-10
 1.7512194798e-08 1.7512194798e-08 6.1576093726e-10
 1.7546045823e-08 1.7546045823e-08 5.6480913061e-10
 1.7580978357e-08 1.7580978357e-08 5.1664427176e-10
 1.7616837021e-08 1.7616837021e-08 4.7147355136e-10
 1.7653556472e-08 1.7653556472e-08 4.2931275311e-10
 1.7691018614e-08 1.7691018614e-08 3.9018835798e-10
 1.7729178786e-08 1.7729178786e-08 3.5400617063e-10
 1.7768027230e-08 1.7768027230e-08 3.2062445642e-10
 1.7807554877e-08 1.7807554877e-08 2.8989749190e-10
 1.7847760002e-08 1.7847760002e-08 2.6167315799e-10
 1.7888647575e-08 1.7888647575e-08 2.3579723137e-10
 1.7930224867e-08 1.7930224867e-08 2.1211868474e-10
 1.7972501017e-08 1.7972501017e-08 1.9049092758e-10
 1.8015487115e-08 1.8015487115e-08 1.7077248283e-10
 1.8059195778e-08 1.8059195778e-08 1.5282767037e-10
 1.8103641018e-08 1.8103641018e-08 1.3652696645e-10
 1.8148838278e-08 1.8148838278e-08 1.2174714405e-10
 1.8194804437e-08 1.8194804437e-08 1.0837135718e-10
 1.8241557852e-08 1.8241557852e-08 9.6289145429e-11
 1.8289118410e-08 1.8289118410e-08 8.5396377238e-11
 1.8337507602e-08 1.8337507602e-08 7.5595144525e-11
 1.8386748600e-08 1.8386748600e-08 6.6793626313e-11
 1.8436866342e-08 1.8436866342e-08 5.8905920274e-11
 1.8487887628e-08 1.8487887628e-08 5.1851852245e-11
 1.8539841219e-08 1.8539841219e-08 4.5556763036e-11
 1.8592757953e-08 1.8592757953e-08 3.9951286883e-11
 1.8646670864e-08 1.8646670864e-08 3.4971119880e-11
 1.8701615312e-08 1.8701615312e-08 3.0556773908e-11
 1.8757629123e-08 1.8757629123e-08 2.6653340554e-11
 1.8814752749e-08 1.8814752749e-08 2.3210241189e-11
 1.8873029426e-08 1.8873029426e-08 2.0180984799e-11
 1.8932505364e-08 1.8932505364e-08 1.7522932733e-11
 1.8993229935e-08 1.8993229935e-08 1.5197055784e-11
 1.9055255890e-08 1.9055255890e-08 1.3167711031e-11
 1.9118639588e-08 1.9118639588e-08 1.1402414401e-11
 1.9183441246e-08 1.9183441246e-08 9.8716312548e-12
 1.9249725209e-08 1.9249725209e-08 8.5485654009e-12
 1.9317560242e-08 1.9317560242e-08 7.4089638270e-12
 1.9387019846e-08 1.9387019846e-08 6.4309259455e-12
 1.9458182601e-08 1.9458182601e-08 5.5947271527e-12
 1.9531132537e-08 1.9531132537e-08 4.8826460003e-12
 1.9605959526e-08 1.9605959526e-08 4.2788057076e-12
 1.9682759712e-08 1.9682759712e-08 3.7690186446e-12
 1.9761635972e-08 1.9761635972e-08 3.3406485004e-12
 1.9842698402e-08 1.9842698402e-08 2.9824712364e-12
 1.9926064841e-08 1.9926064841e-08 2.6845535287e-12
 2.0000000000e-08 2.0000000000e-08 2.4694875228e-12
 2.0001320844e-08 2.0001320844e-08 -1.0742782443e-04
 2.0003962531e-08 2.0003962531e-08 -1.0718265589e-04
 2.0009245905e-08 2.0009245905e-08 -1.0681510199e-04
 2.0017096986e-08 2.0017096986e-08 -1.0607410625e-04
 2.0026364006e-08 2.0026364006e-08 -1.0487556661e-04
 2.0035091696e-08 2.0035091696e-08 -1.0341255069e-04
 2.0044557684e-08 2.0044557684e-08 -1.0150279341e-04
 2.0054821751e-08 2.0054821751e-08 -9.9110778881e-05
 2.0063752723e-08 2.0063752723e-08 -9.6835889600e-05
 2.0081614667e-08 2.0081614667e-08 -9.2185000113e-05
 2.0096720205e-08 2.0096720205e-08 -8.8712020393e-05
 2.0108331510e-08 2.0108331510e-08 -8.6698244155e-05
 2.0117208470e-08 2.0117208470e-08 -8.5488061269e-05
 2.0134962390e-08 2.0134962390e-08 -8.3491467599e-05
 2.0147512755e-08 2.0147512755e-08 -8.2643151113e-05
 2.0156702128e-08 2.0156702128e-08 -8.2195280132e-05
 2.0175080874e-08 2.0175080874e-08 -8.1438359950e-05
 2.0191932389e-08 2.0191932389e-08 -8.1034343169e-05
 2.0204646771e-08 2.0204646771e-08 -8.0862968265e-05
 2.0217964508e-08 2.0217964508e-08 -8.0741244324e-05
 2.0235135977e-08 2.0235135977e-08 -8.0672505964e-05
 2.0252402876e-08 2.0252402876e-08 -8.0709926007e-05
 2.0268536170e-08 2.0268536170e-08 -8.0836505519e-05
 2.0284035246e-08 2.0284035246e-08 -8.1037338095e-05
 2.0299016881e-08 2.0299016881e-08 -8.1255689725e-05
 2.0313210943e-08 2.0313210943e-08 -8.1171027832e-05
 2.0325806269e-08 2.0325806269e-08 -8.0786349328e-05
 2.0337108760e-08 2.0337108760e-08 -8.0170976268e-05
 2.0347969122e-08 2.0347969122e-08 -7.9323123913e-05
 2.0358554332e-08 2.0358554332e-08 -7.8242775727e-05
 2.0368885785e-08 2.0368885785e-08 -7.6935608860e-05
 2.0378966653e-08 2.0378966653e-08 -7.5410102500e-05
 2.0388837016e-08 2.0388837016e-08 -7.3669746353e-05
 2.0399592886e-08 2.0399592886e-08 -7.1490243120e-05
 2.0409451267e-08 2.0409451267e-08 -6.9227823124e-05
 2.0420097206e-08 2.0420097206e-08 -6.6504470123e-05
 2.0429979649e-08 2.0429979649e-08 -6.3720107976e-05
 2.0437401788e-08 2.0437401788e-08 -6.1475121254e-05
 2.0444280921e-08 2.0444280921e-08 -5.9284672440e-05
 2.0450410172e-08 2.0450410172e-08 -5.7249513601e-05
 2.0456183906e-08 2.0456183906e-08 -5.5265796300e-05
 2.0461621735e-08 2.0461621735e-08 -5.3343805888e-05
 2.0466842000e-08 2.0466842000e-08 -5.1454793503e-05
 2.0471885862e-08 2.0471885862e-08 -4.9593751595e-05
 2.0476804697e-08 2.0476804697e-08 -4.7749744427e-05
 2.0486642368e-08 2.0486642368e-08 -4.3967052258e-05
 2.0491118681e-08 2.0491118681e-08 -4.2260546953e-05
 2.0500000000e-08 2.0500000000e-08 -3.8790857931e-05
 2.0502220330e-08 2.0502220330e-08 5.7499416161e-05
 2.0504507379e-08 2.0504507379e-08 5.7532283488e-05
 2.0507473064e-08 2.0507473064e-08 5.7554384587e-05
 2.0513404436e-08 2.0513404436e-08 5.7590526885e-05
 2.0525267180e-08 2.0525267180e-08 5.7633520700e-05
 2.0544888163e-08 2.0544888163e-08 5.7627373276e-05
 2.0569061659e-08 2.0569061659e-08 5.7511221608e-05
 2.0594855604e-08 2.0594855604e-08 5.7324366515e-05
 2.0620967914e-08 2.0620967914e-08 5.7160170626e-05
 2.0647071669e-08 2.0647071669e-08 5.6816522514e-05
 2.0672927971e-08 2.0672927971e-08 5.6486509624e-05
 2.0697531166e-08 2.0697531166e-08 5.6154139056e-05
 2.0722228362e-08 2.0722228362e-08 5.5839837641e-05
 2.0747286906e-08 2.0747286906e-08 5.5528779057e-05
 2.0771863711e-08 2.0771863711e-08 5.5230700124e-05
 2.0795247591e-08 2.0795247591e-08 5.4953179217e-05
 2.0817103321e-08 2.0817103321e-08 5.4698832257e-05
 2.0836995158e-08 2.0836995158e-08 5.4471374577e-05
 2.0854626273e-08 2.0854626273e-08 5.4272841794e-05
 2.0870089499e-08 2.0870089499e-08 5.4100975488e-05
 2.0883283803e-08 2.0883283803e-08 5.3955948717e-05
 2.0894776702e-08 2.0894776702e-08 5.3711732348e-05
 2.0905079539e-08 2.0905079539e-08 5.3160870036e-05
 2.0914499568e-08 2.0914499568e-08 5.2383097626e-05
 2.0923383014e-08 2.0923383014e-08 5.1421705613e-05
 2.0931950472e-08 2.0931950472e-08 5.0299056006e-05
 2.0940272166e-08 2.0940272166e-08 4.9040444176e-05
 2.0948413977e-08 2.0948413977e-08 4.7665111725e-05
 2.0956415714e-08 2.0956415714e-08 4.6191665715e-05
 2.0964313781e-08 2.0964313781e-08 4.4635999051e-05
 2.0972136915e-08 2.0972136915e-08 4.3012824268e-05
 2.0979910551e-08 2.0979910551e-08 4.1335444496e-05
 2.0989955276e-08 2.0989955276e-08 3.9098720610e-05
 2.0994977638e-08 2.0994977638e-08 3.7962177304e-05
 2.1000000000e-08 2.1000000000e-08 3.6816921953e-05
 2.1001255591e-08 2.1001255591e-08 3.6533603147e-05
 2.1003396618e-08 2.1003396618e-08 3.6042035490e-05
 2.1006242349e-08 2.1006242349e-08 3.5390626994e-05
 2.1011933810e-08 2.1011933810e-08 3.4088436429e-05
 2.1023316732e-08 2.1023316732e-08 3.1504232898e-05
 2.1044690170e-08 2.1044690170e-08 2.6820479449e-05
 2.1064652031e-08 2.1064652031e-08 2.2769323618e-05
 2.1081706252e-08 2.1081706252e-08 1.9623849303e-05
 2.1097721087e-08 2.1097721087e-08 1.6957670926e-05
 2.1113061257e-08 2.1113061257e-08 1.4669916134e-05
 2.1127900441e-08 2.1127900441e-08 1.2699208707e-05
 2.1142642656e-08 2.1142642656e-08 1.0965633355e-05
 2.1157565252e-08 2.1157565252e-08 9.4227584092e-06
 2.1172848253e-08 2.1172848253e-08 8.0448422776e-06
 2.1188672767e-08 2.1188672767e-08 6.8123011981e-06
 2.1205219687e-08 2.1205219687e-08 5.7108352479e-06
 2.1222672494e-08 2.1222672494e-08 4.7301331399e-06
 2.1241236700e-08 2.1241236700e-08 3.8619768833e-06
 2.1259825039e-08 2.1259825039e-08 3.1461287876e-06
 2.1278337747e-08 2.1278337747e-08 2.5611882070e-06
 2.1297264432e-08 2.1297264432e-08 2.0726738148e-06
 2.1316760338e-08 2.1316760338e-08 1.6646347625e-06
 2.1336999799e-08 2.1336999799e-08 1.3242087732e-06
 2.1358294699e-08 2.1358294699e-08 1.0396115448e-06
 2.1381038657e-08 2.1381038657e-08 8.0170443692e-07
 2.1405793865e-08 2.1405793865e-08 6.0308676898e-07
 2.1433486331e-08 2.1433486331e-08 4.3740301700e-07
 2.1465884073e-08 2.1465884073e-08 2.9885473645e-07
 2.1507548177e-08 2.1507548177e-08 1.8056561631e-07
 2.1568382254e-08 2.1568382254e-08 8.1291878471e-08
 2.1624177980e-08 2.1624177980e-08 3.6363634597e-08
 2.1668461343e-08 2.1668461343e-08 1.8894429248e-08
 2.1708176000e-08 2.1708176000e-08 1.0637500521e-08
 2.1745752290e-08 2.1745752290e-08 6.2920966581e-09
 2.1782035415e-08 2.1782035415e-08 3.8550031978e-09
 2.1818109499e-08 2.1818109499e-08 2.3995218806e-09
 2.1854680851e-08 2.1854680851e-08 1.4964962094e-09
 2.1892172671e-08 2.1892172671e-08 9.2657957797e-10
 2.1930979819e-08 2.1930979819e-08 5.6495764280e-10
 2.1971483124e-08 2.1971483124e-08 3.3664687211e-10
 2.2014058789e-08 2.2014058789e-08 1.9458954748e-10
 2.2058767743e-08 2.2058767743e-08 1.0881063499e-10
 2.2107668090e-08 2.2107668090e-08 5.7037647046e-11
 2.2159790200e-08 2.2159790200e-08 2.8385676745e-11
 2.2215357935e-08 2.2215357935e-08 1.3576117771e-11
 2.2276109582e-08 2.2276109582e-08 6.4276606365e-12
 2.2343056456e-08 2.2343056456e-08 3.4410709194e-12
 2.2417462514e-08 2.2417462514e-08 2.5032532016e-12
 2.2501282321e-08 2.2501282321e-08 2.4207994945e-12
 2.2597129658e-08 2.2597129658e-08 2.5913169608e-12
 2.2708658521e-08 2.2708658521e-08 2.7594101556e-12
 2.2841260689e-08 2.2841260689e-08 2.8546176310e-12
 2.3003171651e-08 2.3003171651e-08 2.8874628839e-12
 2.3207482253e-08 2.3207482253e-08 2.8892019182e-12
 2.3476028663e-08 2.3476028663e-08 2.8836398233e-12
 2.3853119295e-08 2.3853119295e-08 2.8804432601e-12
 2.4283514950e-08 2.4283514950e-08 2.8800484979e-12
 2.4660180224e-08 2.4660180224e-08 2.8802257348e-12
 2.5055155995e-08 2.5055155995e-08 2.8803157397e-12
 2.5565951734e-08 2.5565951734e-08 2.8803320208e-12
 2.5704823538e-08 2.5704823538e-08 2.8803283775e-12
 2.5839911643e-08 2.5839911643e-08 2.8803260597e-12
 2.5977044212e-08 2.5977044212e-08 2.8803251275e-12
 2.6094204085e-08 2.6094204085e-08 2.8803250655e-12
 2.6212482624e-08 2.6212482624e-08 2.8803250187e-12
 2.6340227148e-08 2.6340227148e-08 2.8803251460e-12
 2.6477233389e-08 2.6477233389e-08 2.8803250648e-12
 2.6628755014e-08 2.6628755014e-08 2.8803250190e-12
 2.6807614105e-08 2.6807614105e-08 2.8803250650e-12
 2.7015721583e-08 2.7015721583e-08 2.8803250017e-12
 2.7242839652e-08 2.7242839652e-08 2.8803250451e-12
 2.7423138905e-08 2.7423138905e-08 2.8803250210e-12
 2.7575663523e-08 2.7575663523e-08 2.8803251101e-12
 2.7720046250e-08 2.7720046250e-08 2.8803251753e-12
 2.7749916907e-08 2.7749916907e-08 2.8803252425e-12
 2.7781073668e-08 2.7781073668e-08 2.8803250502e-12
 2.7808324675e-08 2.7808324675e-08 2.8803254881e-12
 2.7829467526e-08 2.7829467526e-08 2.8803243830e-12
 2.7851234237e-08 2.7851234237e-08 2.8803244798e-12
 2.7875951252e-08 2.7875951252e-08 2.8803261665e-12
 2.7905603187e-08 2.7905603187e-08 2.8803246874e-12
 2.7952839143e-08 2.7952839143e-08 2.8803256536e-12
 2.7999320029e-08 2.7999320029e-08 2.8803253507e-12
 2.8034293015e-08 2.8034293015e-08 2.8803249280e-12
 2.8065016548e-08 2.8065016548e-08 2.8803250803e-12
 2.8094838815e-08 2.8094838815e-08 2.8803249904e-12
 2.8124268453e-08 2.8124268453e-08 2.8803259191e-12
 2.8154285913e-08 2.8154285913e-08 2.8803256000e-12
 2.8185843191e-08 2.8185843191e-08 2.8803256024e-12
 2.8219615420e-08 2.8219615420e-08 2.8803253095e-12
 2.8256358795e-08 2.8256358795e-08 2.8803250097e-12
 2.8297056179e-08 2.8297056179e-08 2.8803250810e-12
 2.8343015717e-08 2.8343015717e-08 2.8803249546e-12
 2.8396131434e-08 2.8396131434e-08 2.8803251863e-12
 2.8459374786e-08 2.8459374786e-08 2.8803250110e-12
 2.8537847449e-08 2.8537847449e-08 2.8803251407e-12
 2.8641579195e-08 2.8641579195e-08 2.8803252115e-12
 2.8795723666e-08 2.8795723666e-08 2.8803251718e-12
 2.9033222419e-08 2.9033222419e-08 2.8803250180e-12
 2.9361489194e-08 2.9361489194e-08 2.8803249844e-12
 2.9703652748e-08 2.9703652748e-08 2.8803249724e-12
 3.0068564177e-08 3.0068564177e-08 2.8803249842e-12
 3.0284282089e-08 3.0284282089e-08 2.8803250053e-12
 3.0500000000e-08 3.0500000000e-08 2.8803250074e-12
 3.0503906250e-08 3.0503906250e-08 9.3701487494e-05
 3.0511718750e-08 3.0511718750e-08 9.0845224289e-05
 3.0515710673e-08 3.0515710673e-08 8.9708597887e-05
 3.0523694520e-08 3.0523694520e-08 8.7560678662e-05
 3.0528529417e-08 3.0528529417e-08 8.6375773448e-05
 3.0538199210e-08 3.0538199210e-08 8.4172683416e-05
 3.0543441231e-08 3.0543441231e-08 8.3105299221e-05
 3.0549704972e-08 3.0549704972e-08 8.1901534707e-05
 3.0555667839e-08 3.0555667839e-08 8.0835686072e-05
 3.0562195599e-08 3.0562195599e-08 7.9752044569e-05
 3.0569159611e-08 3.0569159611e-08 7.8685949677e-05
 3.0576843770e-08 3.0576843770e-08 7.7609355548e-05
 3.0585412590e-08 3.0585412590e-08 7.6523107290e-05
 3.0595130312e-08 3.0595130312e-08 7.5426078844e-05
 3.0606217100e-08 3.0606217100e-08 7.4336843936e-05
 3.0615982688e-08 3.0615982688e-08 7.3521323997e-05
 3.0635513865e-08 3.0635513865e-08 7.2197508942e-05
 3.0649516234e-08 3.0649516234e-08 7.1569620426e-05
 3.0660994382e-08 3.0660994382e-08 7.1237246817e-05
 3.0673280598e-08 3.0673280598e-08 7.1038671833e-05
 3.0686891573e-08 3.0686891573e-08 7.1034188298e-05
 3.0699812583e-08 3.0699812583e-08 7.1265935719e-05
 3.0712161214e-08 3.0712161214e-08 7.1698557459e-05
 3.0724963685e-08 3.0724963685e-08 7.2106632261e-05
 3.0738510109e-08 3.0738510109e-08 7.2426465611e-05
 3.0752133057e-08 3.0752133057e-08 7.2668044303e-05
 3.0765578274e-08 3.0765578274e-08 7.2862466393e-05
 3.0778924264e-08 3.0778924264e-08 7.3171578846e-05
 3.0793161559e-08 3.0793161559e-08 7.3700640346e-05
 3.0807874690e-08 3.0807874690e-08 7.4491237819e-05
 3.0822079188e-08 3.0822079188e-08 7.5518116724e-05
 3.0835689554e-08 3.0835689554e-08 7.6756323161e-05
 3.0849012468e-08 3.0849012468e-08 7.8213429020e-05
 3.0862163475e-08 3.0862163475e-08 7.9894259523e-05
 3.0875133550e-08 3.0875133550e-08 8.1788483129e-05
 3.0888022917e-08 3.0888022917e-08 8.3896876790e-05
 3.0901007775e-08 3.0901007775e-08 8.6238221947e-05
 3.0914208285e-08 3.0914208285e-08 8.8832705856e-05
 3.0927644618e-08 3.0927644618e-08 9.1691391731e-05
 3.0941228020e-08 3.0941228020e-08 9.4810542244e-05
 3.0954680714e-08 3.0954680714e-08 9.8142090262e-05
 3.0967397711e-08 3.0967397711e-08 1.0152816380e-04
 3.0979224284e-08 3.0979224284e-08 1.0488903605e-04
 3.0990270025e-08 3.0990270025e-08 1.0820993174e-04
 3.1000000000e-08 3.1000000000e-08 1.1127076540e-04
 3.1002432494e-08 3.1002432494e-08 5.3139617862e-06
 3.1005125251e-08 3.1005125251e-08 5.3113332514e-06
 3.1008327293e-08 3.1008327293e-08 5.3100965818e-06
 3.1014731378e-08 3.1014731378e-08 5.3089420067e-06
 3.1022205593e-08 3.1022205593e-08 5.3071673120e-06
 3.1030062223e-08 3.1030062223e-08 5.3048886974e-06
 3.1038041397e-08 3.1038041397e-08 5.3022182103e-06
 3.1046111732e-08 3.1046111732e-08 5.2992182612e-06
 3.1054275291e-08 3.1054275291e-08 5.2959337785e-06
 3.1062562067e-08 3.1062562067e-08 5.2923900996e-06
 3.1071007913e-08 3.1071007913e-08 5.2886015348e-06
 3.1079658346e-08 3.1079658346e-08 5.2845709777e-06
 3.1088567511e-08 3.1088567511e-08 5.2802913502e-06
 3.1097801628e-08 3.1097801628e-08 5.2757448102e-06
 3.1107442383e-08 3.1107442383e-08 5.2709016698e-06
 3.1117592467e-08 3.1117592467e-08 5.2657180135e-06
 3.1126828752e-08 3.1126828752e-08 5.2609407477e-06
 3.1138489049e-08 3.1138489049e-08 5.2548449927e-06
 3.1149023732e-08 3.1149023732e-08 5.2492881763e-06
 3.1159547178e-08 3.1159547178e-08 5.2437001377e-06
 3.1171001649e-08 3.1171001649e-08 5.2375838543e-06
 3.1183282282e-08 3.1183282282e-08 5.2309947716e-06
 3.1196535784e-08 3.1196535784e-08 5.2238540144e-06
 3.1211081732e-08 3.1211081732e-08 5.2159880676e-06
 3.1227150926e-08 3.1227150926e-08 5.2072694892e-06
 3.1244942517e-08 3.1244942517e-08 5.1975866375e-06
 3.1264625792e-08 3.1264625792e-08 5.1868427626e-06
 3.1286259055e-08 3.1286259055e-08 5.1750003898e-06
 3.1309747023e-08 3.1309747023e-08 5.1621052674e-06
 3.1333846795e-08 3.1333846795e-08 5.1488354430e-06
 3.1357966327e-08 3.1357966327e-08 5.1355162719e-06
 3.1382388712e-08 3.1382388712e-08 5.1219910363e-06
 3.1407423153e-08 3.1407423153e-08 5.1080862383e-06
 3.1433101315e-08 3.1433101315e-08 5.0937808486e-06
 3.1459481149e-08 3.1459481149e-08 5.0790386598e-06
 3.1486783833e-08 3.1486783833e-08 5.0637311513e-06
 3.1515239929e-08 3.1515239929e-08 5.0477225104e-06
 3.1545000331e-08 3.1545000331e-08 5.0309197427e-06
 3.1576192015e-08 3.1576192015e-08 5.0132415452e-06
 3.1608943171e-08 3.1608943171e-08 4.9946040370e-06
 3.1643322510e-08 3.1643322510e-08 4.9749552519e-06
 3.1679276901e-08 3.1679276901e-08 4.9543116453e-06
 3.1716600968e-08 3.1716600968e-08 4.9327771738e-06
 3.1754909893e-08 3.1754909893e-08 4.9105614780e-06
 3.1793630458e-08 3.1793630458e-08 4.8879882226e-06
 3.1830179266e-08 3.1830179266e-08 4.8665690552e-06
 3.1863406079e-08 3.1863406079e-08 4.8470005132e-06
 3.1893726084e-08 3.1893726084e-08 4.8290625122e-06
 3.1921632841e-08 3.1921632841e-08 4.8124824254e-06
 3.1947273438e-08 3.1947273438e-08 4.7971888063e-06
 3.1970788612e-08 3.1970788612e-08 4.7831117668e-06
 3.1985394306e-08 3.1985394306e-08 4.7743437429e-06
 3.2000000000e-08 3.2000000000e-08 4.7655560842e-06
 3.2002480762e-08 3.2002480762e-08 4.7644643941e-06
 3.2006269445e-08 3.2006269445e-08 4.7617786749e-06
 3.2011572055e-08 3.2011572055e-08 4.7585804122e-06
 3.2022177273e-08 3.2022177273e-08 4.7521760499e-06
 3.2043387709e-08 3.2043387709e-08 4.7393357168e-06
 3.2085808582e-08 3.2085808582e-08 4.7135266841e-06
 3.2170650327e-08 3.2170650327e-08 4.6613784357e-06
 3.2340333818e-08 3.2340333818e-08 4.5548207952e-06
 3.2679700799e-08 3.2679700799e-08 4.3315363852e-06
 3.3230310104e-08 3.3230310104e-08 3.9482789565e-06
 3.3415129663e-08 3.3415129663e-08 3.9523289823e-06
 3.3585263936e-08 3.3585263936e-08 4.2695977479e-06
 3.3756895533e-08 3.3756895533e-08 4.7257559094e-06
 3.3887023324e-08 3.3887023324e-08 4.5009622452e-06
 3.3989118449e-08 3.3989118449e-08 3.9126125372e-06
 3.4080326106e-08 3.4080326106e-08 3.3584366259e-06
 3.4233127598e-08 3.4233127598e-08 2.5258069570e-06
 3.4411897946e-08 3.4411897946e-08 1.7067155450e-06
 3.4599973809e-08 3.4599973809e-08 1.0738108536e-06
 3.4783012380e-08 3.4783012380e-08 6.6262667580e-07
 3.4896707739e-08 3.4896707739e-08 4.8904298756e-07
 3.5000582002e-08 3.5000582002e-08 3.7276638972e-07
 3.5104378866e-08 3.5104378866e-08 2.8469296388e-07
 3.5204628864e-08 3.5204628864e-08 2.1948024969e-07
 3.5305241971e-08 3.5305241971e-08 1.6900380283e-07
 3.5408933644e-08 3.5408933644e-08 1.2901091874e-07
 3.5516503988e-08 3.5516503988e-08 9.7393449655e-08
 3.5629457266e-08 3.5629457266e-08 7.2401674298e-08
 3.5750046888e-08 3.5750046888e-08 5.2658869663e-08
 3.5881493547e-08 3.5881493547e-08 3.7115069255e-08
 3.6029028583e-08 3.6029028583e-08 2.4944359462e-08
 3.6206144956e-08 3.6206144956e-08 1.5311636004e-08
 3.6429267990e-08 3.6429267990e-08 8.0319540368e-09
 3.6654718408e-08 3.6654718408e-08 4.0287913270e-09
 3.6837406245e-08 3.6837406245e-08 2.2888785176e-09
 3.6993494398e-08 3.6993494398e-08 1.4303792070e-09
 3.7055442273e-08 3.7055442273e-08 1.2066301943e-09
 3.7109581359e-08 3.7109581359e-08 1.0460355611e-09
 3.7188247972e-08 3.7188247972e-08 8.5201069674e-10
 3.7301080471e-08 3.7301080471e-08 6.3419917315e-10
 3.7335688387e-08 3.7335688387e-08 5.8011213745e-10
 3.7370056878e-08 3.7370056878e-08 5.3123945688e-10
 3.7403173030e-08 3.7403173030e-08 4.8814891203e-10
 3.7431355443e-08 3.7431355443e-08 4.5429072652e-10
 3.7459616103e-08 3.7459616103e-08 4.2271965791e-10
 3.7489712384e-08 3.7489712384e-08 3.9151651857e-10
 3.7521938857e-08 3.7521938857e-08 3.6065784878e-10
 3.7557853751e-08 3.7557853751e-08 3.2912321150e-10
 3.7600266778e-08 3.7600266778e-08 2.9540352729e-10
 3.7656337725e-08 3.7656337725e-08 2.5602167212e-10
 3.7745184994e-08 3.7745184994e-08 2.0385678072e-10
 3.7814197520e-08 3.7814197520e-08 1.7078242663e-10
 3.7868234416e-08 3.7868234416e-08 1.4876548479e-10
 3.7918894328e-08 3.7918894328e-08 1.3076889207e-10
 3.7967644703e-08 3.7967644703e-08 1.1554732106e-10
 3.8015454175e-08 3.8015454175e-08 1.0236924611e-10
 3.8064065515e-08 3.8064065515e-08 9.0531954089e-11
 3.8114470724e-08 3.8114470724e-08 7.9720377914e-11
 3.8167370699e-08 3.8167370699e-08 6.9778028751e-11
 3.8223583580e-08 3.8223583580e-08 6.0587437466e-11
 3.8284002321e-08 3.8284002321e-08 5.2075074587e-11
 3.8349648957e-08 3.8349648957e-08 4.4199244624e-11
 3.8421799698e-08 3.8421799698e-08 3.6936514048e-11
 3.8502099934e-08 3.8502099934e-08 3.0278857369e-11
 3.8592726004e-08 3.8592726004e-08 2.4232596530e-11
 3.8696638669e-08 3.8696638669e-08 1.8817390695e-11
 3.8817968473e-08 3.8817968473e-08 1.4065739015e-11
 3.8962608791e-08 3.8962608791e-08 1.0021580805e-11
 3.9139121469e-08 3.9139121469e-08 6.7354133860e-12
 3.9360057539e-08 3.9360057539e-08 4.2514577501e-12
 3.9643756980e-08 3.9643756980e-08 2.5806028885e-12
 4.0000000000e-08 4.0000000000e-08 1.6908344810e-12
 4.0003906250e-08 4.0003906250e-08 -1.0749100932e-04
 4.0011718750e-08 4.0011718750e-08 -1.0662267072e-04
 4.0013671875e-08 4.0013671875e-08 -1.0641111890e-04
 4.0017578125e-08 4.0017578125e-08 -1.0599595035e-04
 4.0025390625e-08 4.0025390625e-08 -1.0499878558e-04
 4.0033623513e-08 4.0033623513e-08 -1.0367147570e-04
 4.0042709909e-08 4.0042709909e-08 -1.0189650676e-04
 4.0052632273e-08 4.0052632273e-08 -9.9642409482e-05
 4.0064752433e-08 4.0064752433e-08 -9.6582949384e-05
 4.0075200399e-08 4.0075200399e-08 -9.3853886613e-05
 4.0086032276e-08 4.0086032276e-08 -9.1168859944e-05
 4.0098635065e-08 4.0098635065e-08 -8.8418445284e-05
 4.0108956881e-08 4.0108956881e-08 -8.6636519936e-05
 4.0117312165e-08 4.0117312165e-08 -8.5483977360e-05
 4.0134022734e-08 4.0134022734e-08 -8.3588254305e-05
 4.0146220149e-08 4.0146220149e-08 -8.2726573262e-05
 4.0155349076e-08 4.0155349076e-08 -8.2259002636e-05
 4.0173606930e-08 4.0173606930e-08 -8.1478941868e-05
 4.0189834218e-08 4.0189834218e-08 -8.1072968734e-05
 4.0202238713e-08 4.0202238713e-08 -8.0891196000e-05
 4.0215472614e-08 4.0215472614e-08 -8.0755572126e-05
 4.0232508745e-08 4.0232508745e-08 -8.0671457850e-05
 4.0249558397e-08 4.0249558397e-08 -8.0693550958e-05
 4.0265706229e-08 4.0265706229e-08 -8.0805250830e-05
 4.0281349544e-08 4.0281349544e-08 -8.0993279867e-05
 4.0296475552e-08 4.0296475552e-08 -8.1230922988e-05
 4.0310779042e-08 4.0310779042e-08 -8.1207614621e-05
 4.0324118218e-08 4.0324118218e-08 -8.0851673120e-05
 4.0335596496e-08 4.0335596496e-08 -8.0264984125e-05
 4.0346531839e-08 4.0346531839e-08 -7.9446523620e-05
 4.0357197840e-08 4.0357197840e-08 -7.8391916746e-05
 4.0367585539e-08 4.0367585539e-08 -7.7110443608e-05
 4.0377703686e-08 4.0377703686e-08 -7.5611225578e-05
 4.0387604756e-08 4.0387604756e-08 -7.3896717943e-05
 4.0398372017e-08 4.0398372017e-08 -7.1748934310e-05
 4.0408243160e-08 4.0408243160e-08 -6.9514686988e-05
 4.0419047462e-08 4.0419047462e-08 -6.6782263167e-05
 4.0428968247e-08 4.0428968247e-08 -6.4012369031e-05
 4.0436546498e-08 4.0436546498e-08 -6.1736678219e-05
 4.0443506789e-08 4.0443506789e-08 -5.9532888024e-05
 4.0449715664e-08 4.0449715664e-08 -5.7480669610e-05
 4.0455543697e-08 4.0455543697e-08 -5.5485699103e-05
 4.0461027613e-08 4.0461027613e-08 -5.3553281687e-05
 4.0466283660e-08 4.0466283660e-08 -5.1656028038e-05
 4.0471357482e-08 4.0471357482e-08 -4.9787699236e-05
 4.0476301067e-08 4.0476301067e-08 -4.7937406612e-05
 4.0486188237e-08 4.0486188237e-08 -4.4139988560e-05
 4.0490673919e-08 4.0490673919e-08 -4.2430995163e-05
 4.0495336960e-08 4.0495336960e-08 -4.0630359866e-05
 4.0500000000e-08 4.0500000000e-08 -3.8818940205e-05
 4.0502629029e-08 4.0502629029e-08 5.7501125788e-05
 4.0504844243e-08 4.0504844243e-08 5.7535001183e-05
 4.0507065839e-08 4.0507065839e-08 5.7551562763e-05
 4.0511509031e-08 4.0511509031e-08 5.7579855171e-05
 4.0520395414e-08 4.0520395414e-08 5.7619685369e-05
 4.0538168182e-08 4.0538168182e-08 5.7639657559e-05
 4.0561359098e-08 4.0561359098e-08 5.7558762674e-05
 4.0586806746e-08 4.0586806746e-08 5.7380475140e-05
 4.0612845976e-08 4.0612845976e-08 5.7315520968e-05
 4.0638565112e-08 4.0638565112e-08 5.6805603310e-05
 4.0657925814e-08 4.0657925814e-08 5.6711067432e-05
 4.0672991769e-08 4.0672991769e-08 5.6473812810e-05
 4.0689318881e-08 4.0689318881e-08 5.6260257666e-05
 4.0713550701e-08 4.0713550701e-08 5.5949164080e-05
 4.0738898111e-08 4.0738898111e-08 5.5631518899e-05
 4.0762394097e-08 4.0762394097e-08 5.5344419231e-05
 4.0785279966e-08 4.0785279966e-08 5.5070476551e-05
 4.0807764426e-08 4.0807764426e-08 5.4806486866e-05
 4.0828530744e-08 4.0828530744e-08 5.4567215028e-05
 4.0847012020e-08 4.0847012020e-08 5.4357766544e-05
 4.0863348580e-08 4.0863348580e-08 5.4175174168e-05
 4.0877442638e-08 4.0877442638e-08 5.4019507998e-05
 4.0889611351e-08 4.0889611351e-08 5.3865668165e-05
 4.0900398043e-08 4.0900398043e-08 5.3448270286e-05
 4.0910183554e-08 4.0910183554e-08 5.2767436313e-05
 4.0919232563e-08 4.0919232563e-08 5.1892623011e-05
 4.0927947148e-08 4.0927947148e-08 5.0840593239e-05
 4.0936367735e-08 4.0936367735e-08 4.9643707973e-05
 4.0944591037e-08 4.0944591037e-08 4.8319895216e-05
 4.0952652712e-08 4.0952652712e-08 4.6890208297e-05
 4.0960596270e-08 4.0960596270e-08 4.5370784366e-05
 4.0968451172e-08 4.0968451172e-08 4.3777324520e-05
 4.0976245357e-08 4.0976245357e-08 4.2123549856e-05
 4.0984177374e-08 4.0984177374e-08 4.0383278965e-05
 4.0991895889e-08 4.0991895889e-08 3.8650514907e-05
 4.1000000000e-08 4.1000000000e-08 3.6805675929e-05
 4.1002026028e-08 4.1002026028e-08 3.6350018538e-05
 4.1004950582e-08 4.1004950582e-08 3.5678364884e-05
 4.1008731274e-08 4.1008731274e-08 3.4813329468e-05
 4.1016292657e-08 4.1016292657e-08 3.3087401323e-05
 4.1031415424e-08 4.1031415424e-08 2.9690650888e-05
 4.1051730979e-08 4.1051730979e-08 2.5345760747e-05
 4.1070110146e-08 4.1070110146e-08 2.1726118185e-05
 4.1086571672e-08 4.1086571672e-08 1.8781331149e-05
 4.1102230197e-08 4.1102230197e-08 1.6256291735e-05
 4.1117301734e-08 4.1117301734e-08 1.4081308334e-05
 4.1132044201e-08 4.1132044201e-08 1.2188683179e-05
 4.1146799158e-08 4.1146799158e-08 1.0514132059e-05
 4.1161794566e-08 4.1161794566e-08 9.0209024629e-06
 4.1177207103e-08 4.1177207103e-08 7.6857917511e-06
 4.1193214958e-08 4.1193214958e-08 6.4912478699e-06
 4.1209996231e-08 4.1209996231e-08 5.4245234574e-06
 4.1227738686e-08 4.1227738686e-08 4.4760618770e-06
 4.1246656497e-08 4.1246656497e-08 3.6380877901e-06
 4.1265078869e-08 4.1265078869e-08 2.9677344084e-06
 4.1283635675e-08 4.1283635675e-08 2.4138606866e-06
 4.1302731605e-08 4.1302731605e-08 1.9490660486e-06
 4.1322403586e-08 4.1322403586e-08 1.5617432420e-06
 4.1342891914e-08 4.1342891914e-08 1.2384575380e-06
 4.1364541141e-08 4.1364541141e-08 9.6803093388e-07
 4.1387768894e-08 4.1387768894e-08 7.4206184416e-07
 4.1413211856e-08 4.1413211856e-08 5.5348500115e-07
 4.1441956151e-08 4.1441956151e-08 3.9616049239e-07
 4.1476199818e-08 4.1476199818e-08 2.6428488112e-07
 4.1522493901e-08 4.1522493901e-08 1.4970381975e-07
 4.1587967558e-08 4.1587967558e-08 6.1323195436e-08
 4.1640325587e-08 4.1640325587e-08 2.8098308622e-08
 4.1682623105e-08 4.1682623105e-08 1.4904664089e-08
 4.1721792340e-08 4.1721792340e-08 8.4291287522e-09
 4.1758952348e-08 4.1758952348e-08 5.0092974753e-09
 4.1795090719e-08 4.1795090719e-08 3.0742994656e-09
 4.1831314252e-08 4.1831314252e-08 1.9093020753e-09
 4.1868190366e-08 4.1868190366e-08 1.1853940316e-09
 4.1906115393e-08 4.1906115393e-08 7.2919106777e-10
 4.1945491239e-08 4.1945491239e-08 4.4076851395e-10
 4.1986695687e-08 4.1986695687e-08 2.5981051189e-10
 4.2030113222e-08 4.2030113222e-08 1.4821402474e-10
 4.2075667940e-08 4.2075667940e-08 8.1801225019e-11
 4.2126569266e-08 4.2126569266e-08 4.1634517465e-11
 4.2179584548e-08 4.2179584548e-08 2.0528465796e-11
 4.2236792443e-08 4.2236792443e-08 9.8094425634e-12
 4.2299731497e-08 4.2299731497e-08 4.8430201573e-12
 4.2369188632e-08 4.2369188632e-08 2.9310826020e-12
 4.2446719499e-08 4.2446719499e-08 2.4436049041e-12
 4.2534535290e-08 4.2534535290e-08 2.4985413245e-12
 4.2635543617e-08 4.2635543617e-08 2.6736454158e-12
 4.2753926630e-08 4.2753926630e-08 2.8080892691e-12
 4.2895942743e-08 4.2895942743e-08 2.8727956053e-12
 4.3071274964e-08 4.3071274964e-08 2.8895272847e-12
 4.3295553151e-08 4.3295553151e-08 2.8867815525e-12
 4.3595745324e-08 4.3595745324e-08 2.8819506877e-12
 4.4041265465e-08 4.4041265465e-08 2.8800699512e-12
 4.4433724227e-08 4.4433724227e-08 2.8801295251e-12
 4.4799764630e-08 4.4799764630e-08 2.8802780524e-12
 4.5232351770e-08 4.5232351770e-08 2.8803286074e-12
 4.5467901895e-08 4.5467901895e-08 2.8803286889e-12
 4.5609758554e-08 4.5609758554e-08 2.8803266054e-12
 4.5761337751e-08 4.5761337751e-08 2.8803253381e-12
 4.5880594514e-08 4.5880594514e-08 2.8803250920e-12
 4.5989081231e-08 4.5989081231e-08 2.8803249446e-12
 4.6102942961e-08 4.6102942961e-08 2.8803251978e-12
 4.6221823427e-08 4.6221823427e-08 2.8803249493e-12
 4.6347694315e-08 4.6347694315e-08 2.8803250560e-12
 4.6484791665e-08 4.6484791665e-08 2.8803250779e-12
 4.6637931008e-08 4.6637931008e-08 2.8803250076e-12
 4.6819552846e-08 4.6819552846e-08 2.8803249343e-12
 4.7029661710e-08 4.7029661710e-08 2.8803250604e-12
 4.7255267193e-08 4.7255267193e-08 2.8803249537e-12
 4.7433030243e-08 4.7433030243e-08 2.8803251130e-12
 4.7584419410e-08 4.7584419410e-08 2.8803250025e-12
 4.7728341261e-08 4.7728341261e-08 2.8803249981e-12
 4.7757128210e-08 4.7757128210e-08 2.8803251915e-12
 4.7785555716e-08 4.7785555716e-08 2.8803252168e-12
 4.7812655959e-08 4.7812655959e-08 2.8803254434e-12
 4.7834169421e-08 4.7834169421e-08 2.8803254456e-12
 4.7856347491e-08 4.7856347491e-08 2.8803248092e-12
 4.7882134998e-08 4.7882134998e-08 2.8803251042e-12
 4.7914444247e-08 4.7914444247e-08 2.8803253341e-12
 4.7958494707e-08 4.7958494707e-08 2.8803250050e-12
 4.7999867131e-08 4.7999867131e-08 2.8803250149e-12
 4.8033164949e-08 4.8033164949e-08 2.8803248803e-12
 4.8063350430e-08 4.8063350430e-08 2.8803246070e-12
 4.8092712963e-08 4.8092712963e-08 2.8803249417e-12
 4.8121884723e-08 4.8121884723e-08 2.8803245639e-12
 4.8151769793e-08 4.8151769793e-08 2.8803253753e-12
 4.8183191107e-08 4.8183191107e-08 2.8803246462e-12
 4.8216806145e-08 4.8216806145e-08 2.8803252843e-12
 4.8253365140e-08 4.8253365140e-08 2.8803251928e-12
 4.8293827670e-08 4.8293827670e-08 2.8803248537e-12
 4.8339476970e-08 4.8339476970e-08 2.8803250933e-12
 4.8392170648e-08 4.8392170648e-08 2.8803250821e-12
 4.8454810404e-08 4.8454810404e-08 2.8803249496e-12
 4.8532352163e-08 4.8532352163e-08 2.8803249134e-12
 4.8634458980e-08 4.8634458980e-08 2.8803250748e-12
 4.8784956728e-08 4.8784956728e-08 2.8803251122e-12
 4.9018535642e-08 4.9018535642e-08 2.8803250297e-12
 4.9346770252e-08 4.9346770252e-08 2.8803250133e-12
 4.9688404328e-08 4.9688404328e-08 2.8803250523e-12
 5.0051896008e-08 5.0051896008e-08 2.8803250565e-12
 5.0275948004e-08 5.0275948004e-08 2.8803250867e-12
 5.0500000000e-08 5.0500000000e-08 2.8803250020e-12
 5.0503906250e-08 5.0503906250e-08 9.3701487494e-05
 5.0511718750e-08 5.0511718750e-08 9.0845221703e-05
 5.0515710673e-08 5.0515710673e-08 8.9708597890e-05
 5.0523694520e-08 5.0523694520e-08 8.7560678665e-05
 5.0528529417e-08 5.0528529417e-08 8.6375773451e-05
 5.0538199210e-08 5.0538199210e-08 8.4172683418e-05
 5.0543441231e-08 5.0543441231e-08 8.3105299224e-05
 5.0549704972e-08 5.0549704972e-08 8.1901534710e-05
 5.0555667839e-08 5.0555667839e-08 8.0835686074e-05
 5.0562195599e-08 5.0562195599e-08 7.9752044571e-05
 5.0569159611e-08 5.0569159611e-08 7.8685949679e-05
 5.0576843770e-08 5.0576843770e-08 7.7609355549e-05
 5.0585412590e-08 5.0585412590e-08 7.6523107291e-05
 5.0595130312e-08 5.0595130312e-08 7.5426078845e-05
 5.0606217100e-08 5.0606217100e-08 7.4336843937e-05
 5.0615982688e-08 5.0615982688e-08 7.3521323998e-05
 5.0635513865e-08 5.0635513865e-08 7.2197508942e-05
 5.0649516234e-08 5.0649516234e-08 7.1569620427e-05
 5.0660994382e-08 5.0660994382e-08 7.1237246817e-05
 5.0673280598e-08 5.0673280598e-08 7.1038671834e-05
 5.0686891573e-08 5.0686891573e-08 7.1034188299e-05
 5.0699812583e-08 5.0699812583e-08 7.1265935719e-05
 5.0712161214e-08 5.0712161214e-08 7.1698557459e-05
 5.0724963685e-08 5.0724963685e-08 7.2106632261e-05
 5.0738510109e-08 5.0738510109e-08 7.2426465612e-05
 5.0752133057e-08 5.0752133057e-08 7.2668044303e-05
 5.0765578274e-08 5.0765578274e-08 7.2862466393e-05
 5.0778924264e-08 5.0778924264e-08 7.3171578846e-05
 5.0793161559e-08 5.0793161559e-08 7.3700640346e-05
 5.0807875354e-08 5.0807875354e-08 7.4491274163e-05
 5.0822080767e-08 5.0822080767e-08 7.5518235130e-05
 5.0835691943e-08 5.0835691943e-08 7.6756551558e-05
 5.0849015604e-08 5.0849015604e-08 7.8213791080e-05
 5.0862167420e-08 5.0862167420e-08 7.9894789895e-05
 5.0875138356e-08 5.0875138356e-08 8.1789217377e-05
 5.0888028601e-08 5.0888028601e-08 8.3897844935e-05
 5.0901014375e-08 5.0901014375e-08 8.6239457345e-05
 5.0914215869e-08 5.0914215869e-08 8.8834250228e-05
 5.0927653216e-08 5.0927653216e-08 9.1693286165e-05
 5.0941237557e-08 5.0941237557e-08 9.4812812381e-05
 5.0954690113e-08 5.0954690113e-08 9.8144505710e-05
 5.0967406517e-08 5.0967406517e-08 1.0153059010e-04
 5.0979232589e-08 5.0979232589e-08 1.0489146788e-04
 5.0990277893e-08 5.0990277893e-08 1.0821235814e-04
 5.1000000000e-08 5.1000000000e-08 1.1127073958e-04
 5.1002430527e-08 5.1002430527e-08 5.3139590885e-06
 5.1005122161e-08 5.1005122161e-08 5.3113336181e-06
 5.1008322751e-08 5.1008322751e-08 5.3100972733e-06
 5.1014723932e-08 5.1014723932e-08 5.3089435678e-06
 5.1022198141e-08 5.1022198141e-08 5.3071692973e-06
 5.1030054363e-08 5.1030054363e-08 5.3048911773e-06
 5.1038033544e-08 5.1038033544e-08 5.3022210095e-06
 5.1046103755e-08 5.1046103755e-08 5.2992213742e-06
 5.1054267227e-08 5.1054267227e-08 5.2959371509e-06
 5.1062553859e-08 5.1062553859e-08 5.2923937214e-06
 5.1070999530e-08 5.1070999530e-08 5.2886053936e-06
 5.1079649737e-08 5.1079649737e-08 5.2845750771e-06
 5.1088558618e-08 5.1088558618e-08 5.2802957015e-06
 5.1097792378e-08 5.1097792378e-08 5.2757494366e-06
 5.1107432688e-08 5.1107432688e-08 5.2709066067e-06
 5.1117582212e-08 5.1117582212e-08 5.2657233121e-06
 5.1126818014e-08 5.1126818014e-08 5.2609463546e-06
 5.1138477428e-08 5.1138477428e-08 5.2548511235e-06
 5.1149011342e-08 5.1149011342e-08 5.2492947601e-06
 5.1159533971e-08 5.1159533971e-08 5.2437071962e-06
 5.1170987416e-08 5.1170987416e-08 5.2375914984e-06
 5.1183266822e-08 5.1183266822e-08 5.2310031100e-06
 5.1196518877e-08 5.1196518877e-08 5.2238631661e-06
 5.1211063112e-08 5.1211063112e-08 5.2159981792e-06
 5.1227130311e-08 5.1227130311e-08 5.2072807170e-06
 5.1244919666e-08 5.1244919666e-08 5.1975991178e-06
 5.1264600566e-08 5.1264600566e-08 5.1868565777e-06
 5.1286231476e-08 5.1286231476e-08 5.1750155343e-06
 5.1309717291e-08 5.1309717291e-08 5.1621216400e-06
 5.1333816762e-08 5.1333816762e-08 5.1488520297e-06
 5.1357936522e-08 5.1357936522e-08 5.1355327804e-06
 5.1382358607e-08 5.1382358607e-08 5.1220077589e-06
 5.1407392418e-08 5.1407392418e-08 5.1081033614e-06
 5.1433070021e-08 5.1433070021e-08 5.0937983355e-06
 5.1459449233e-08 5.1459449233e-08 5.0790565504e-06
 5.1486751006e-08 5.1486751006e-08 5.0637496130e-06
 5.1515205949e-08 5.1515205949e-08 5.0477416867e-06
 5.1544965084e-08 5.1544965084e-08 5.0309397070e-06
 5.1576155403e-08 5.1576155403e-08 5.0132623633e-06
 5.1608905099e-08 5.1608905099e-08 4.9946257747e-06
 5.1643282989e-08 5.1643282989e-08 4.9749779172e-06
 5.1679236110e-08 5.1679236110e-08 4.9543351491e-06
 5.1716559273e-08 5.1716559273e-08 4.9328013178e-06
 5.1754867855e-08 5.1754867855e-08 4.9105859469e-06
 5.1793588816e-08 5.1793588816e-08 4.8880125914e-06
 5.1830140643e-08 5.1830140643e-08 4.8665917762e-06
 5.1863371057e-08 5.1863371057e-08 4.8470212157e-06
 5.1893694014e-08 5.1893694014e-08 4.8290815551e-06
 5.1921603275e-08 5.1921603275e-08 4.8125000552e-06
 5.1947246271e-08 5.1947246271e-08 4.7972050694e-06
 5.1970763661e-08 5.1970763661e-08 4.7831267579e-06
 5.1985381830e-08 5.1985381830e-08 4.7743512685e-06
 5.2000000000e-08 5.2000000000e-08 4.7655561119e-06
 5.2002480393e-08 5.2002480393e-08 4.7644645851e-06
 5.2006269867e-08 5.2006269867e-08 4.7617784489e-06
 5.2011575071e-08 5.2011575071e-08 4.7585786206e-06
 5.2022185478e-08 5.2022185478e-08 4.7521711193e-06
 5.2043406292e-08 5.2043406292e-08 4.7393244771e-06
 5.2085847920e-08 5.2085847920e-08 4.7135026987e-06
 5.2170731175e-08 5.2170731175e-08 4.6613284241e-06
 5.2340497687e-08 5.2340497687e-08 4.5547163800e-06
 5.2680030710e-08 5.2680030710e-08 4.3313122354e-06
 5.3230705154e-08 5.3230705154e-08 3.9480220351e-06
 5.3415406180e-08 5.3415406180e-08 3.9524816134e-06
 5.3585498042e-08 5.3585498042e-08 4.2703372545e-06
 5.3757040371e-08 5.3757040371e-08 4.7260334672e-06
 5.3887172177e-08 5.3887172177e-08 4.5003224189e-06
 5.3989212380e-08 5.3989212380e-08 3.9120078322e-06
 5.4080424523e-08 5.4080424523e-08 3.3578482845e-06
 5.4233254252e-08 5.4233254252e-08 2.5251508540e-06
 5.4412038765e-08 5.4412038765e-08 1.7061541174e-06
 5.4600102756e-08 5.4600102756e-08 1.0734577804e-06
 5.4783140917e-08 5.4783140917e-08 6.6240050796e-07
 5.4896826010e-08 5.4896826010e-08 4.8888793314e-07
 5.5000689853e-08 5.5000689853e-08 3.7265789324e-07
 5.5104486116e-08 5.5104486116e-08 2.8461028614e-07
 5.5204736822e-08 5.5204736822e-08 2.1941588467e-07
 5.5305350432e-08 5.5305350432e-08 1.6895385430e-07
 5.5409043827e-08 5.5409043827e-08 1.2897208822e-07
 5.5516616844e-08 5.5516616844e-08 9.7363357925e-08
 5.5629573623e-08 5.5629573623e-08 7.2378558081e-08
 5.5750168135e-08 5.5750168135e-08 5.2641304165e-08
 5.5881621991e-08 5.5881621991e-08 3.7101903550e-08
 5.6029167421e-08 5.6029167421e-08 2.4934727750e-08
 5.6206329455e-08 5.6206329455e-08 1.5303584612e-08
 5.6429438937e-08 5.6429438937e-08 8.0279017380e-09
 5.6654799289e-08 5.6654799289e-08 4.0280236689e-09
 5.6837476172e-08 5.6837476172e-08 2.2886309660e-09
 5.6993555445e-08 5.6993555445e-08 1.4303108190e-09
 5.7055501013e-08 5.7055501013e-08 1.2065865851e-09
 5.7109637318e-08 5.7109637318e-08 1.0460074985e-09
 5.7188312033e-08 5.7188312033e-08 8.5197071708e-10
 5.7301148121e-08 5.7301148121e-08 6.3416364516e-10
 5.7335754885e-08 5.7335754885e-08 5.8008139242e-10
 5.7370119914e-08 5.7370119914e-08 5.3121604436e-10
 5.7403235953e-08 5.7403235953e-08 4.8812755606e-10
 5.7431418802e-08 5.7431418802e-08 4.5427035331e-10
 5.7459679776e-08 5.7459679776e-08 4.2270036798e-10
 5.7489776831e-08 5.7489776831e-08 3.9149788238e-10
 5.7522004589e-08 5.7522004589e-08 3.6063950348e-10
 5.7557921436e-08 5.7557921436e-08 3.2910483099e-10
 5.7600337964e-08 5.7600337964e-08 2.9538438909e-10
 5.7656417925e-08 5.7656417925e-08 2.5599916370e-10
 5.7745267040e-08 5.7745267040e-08 2.0383784362e-10
 5.7814272643e-08 5.7814272643e-08 1.7076962972e-10
 5.7868306559e-08 5.7868306559e-08 1.4875550216e-10
 5.7918965754e-08 5.7918965754e-08 1.3076037698e-10
 5.7967715651e-08 5.7967715651e-08 1.1553995326e-10
 5.8015525148e-08 5.8015525148e-08 1.0236272336e-10
 5.8064137038e-08 5.8064137038e-08 9.0526071513e-11
 5.8114543102e-08 5.8114543102e-08 7.9715035743e-11
 5.8167444222e-08 5.8167444222e-08 6.9773162029e-11
 5.8223658580e-08 5.8223658580e-08 6.0582997858e-11
 5.8284079169e-08 5.8284079169e-08 5.2071029933e-11
 5.8349728100e-08 5.8349728100e-08 4.4195572506e-11
 5.8421881705e-08 5.8421881705e-08 3.6933197658e-11
 5.8502185545e-08 5.8502185545e-08 3.0275886722e-11
 5.8592816214e-08 5.8592816214e-08 2.4229967550e-11
 5.8696734848e-08 5.8696734848e-08 1.8815103279e-11
 5.8818072552e-08 5.8818072552e-08 1.4063797439e-11
 5.8962723552e-08 5.8962723552e-08 1.0019992841e-11
 5.9139250980e-08 5.9139250980e-08 6.7341873693e-12
 5.9360207766e-08 5.9360207766e-08 4.2505940769e-12
 5.9643936610e-08 5.9643936610e-08 2.5800805652e-12
 6.0000000000e-08 6.0000000000e-08 1.6910073054e-12
 6.0003906250e-08 6.0003906250e-08 -1.0749100932e-04
 6.0011718750e-08 6.0011718750e-08 -1.0662267352e-04
 6.0013671875e-08 6.0013671875e-08 -1.0641111890e-04
 6.0017578125e-08 6.0017578125e-08 -1.0599595035e-04
 6.0025390625e-08 6.0025390625e-08 -1.0499878558e-04
 6.0033623513e-08 6.0033623513e-08 -1.0367147570e-04
 6.0042709909e-08 6.0042709909e-08 -1.0189650676e-04
 6.0052632273e-08 6.0052632273e-08 -9.9642409485e-05
 6.0064752433e-08 6.0064752433e-08 -9.6582949383e-05
 6.0075200399e-08 6.0075200399e-08 -9.3853886610e-05
 6.0086032261e-08 6.0086032261e-08 -9.1168863698e-05
 6.0098635043e-08 6.0098635043e-08 -8.8418449875e-05
 6.0108956861e-08 6.0108956861e-08 -8.6636523107e-05
 6.0117312147e-08 6.0117312147e-08 -8.5483979758e-05
 6.0134022718e-08 6.0134022718e-08 -8.3588255560e-05
 6.0146220133e-08 6.0146220133e-08 -8.2726574280e-05
 6.0155349055e-08 6.0155349055e-08 -8.2259003732e-05
 6.0173606900e-08 6.0173606900e-08 -8.1478942874e-05
 6.0189834165e-08 6.0189834165e-08 -8.1072969916e-05
 6.0202238636e-08 6.0202238636e-08 -8.0891197145e-05
 6.0215472512e-08 6.0215472512e-08 -8.0755572996e-05
 6.0232508626e-08 6.0232508626e-08 -8.0671458086e-05
 6.0249558260e-08 6.0249558260e-08 -8.0693550451e-05
 6.0265706089e-08 6.0265706089e-08 -8.0805249554e-05
 6.0281349409e-08 6.0281349409e-08 -8.0993277911e-05
 6.0296475422e-08 6.0296475422e-08 -8.1230921656e-05
 6.0310778917e-08 6.0310778917e-08 -8.1207616412e-05
 6.0324118120e-08 6.0324118120e-08 -8.0851676994e-05
 6.0335596403e-08 6.0335596403e-08 -8.0264989953e-05
 6.0346531749e-08 6.0346531749e-08 -7.9446531440e-05
 6.0357197753e-08 6.0357197753e-08 -7.8391926475e-05
 6.0367585454e-08 6.0367585454e-08 -7.7110455160e-05
 6.0377703603e-08 6.0377703603e-08 -7.5611238930e-05
 6.0387604674e-08 6.0387604674e-08 -7.3896733071e-05
 6.0398371936e-08 6.0398371936e-08 -7.1748951545e-05
 6.0408243080e-08 6.0408243080e-08 -6.9514706104e-05
 6.0419047393e-08 6.0419047393e-08 -6.6782281725e-05
 6.0428968180e-08 6.0428968180e-08 -6.4012388568e-05
 6.0436546440e-08 6.0436546440e-08 -6.1736696091e-05
 6.0443506736e-08 6.0443506736e-08 -5.9532905303e-05
 6.0449715615e-08 6.0449715615e-08 -5.7480686081e-05
 6.0455543651e-08 6.0455543651e-08 -5.5485715125e-05
 6.0461027569e-08 6.0461027569e-08 -5.3553297316e-05
 6.0466283618e-08 6.0466283618e-08 -5.1656043412e-05
 6.0471357441e-08 6.0471357441e-08 -4.9787714421e-05
 6.0476301027e-08 6.0476301027e-08 -4.7937421675e-05
 6.0486188199e-08 6.0486188199e-08 -4.4140003246e-05
 6.0490673881e-08 6.0490673881e-08 -4.2431010017e-05
 6.0495336941e-08 6.0495336941e-08 -4.0630367220e-05
 6.0500000000e-08 6.0500000000e-08 -3.8818940066e-05
 6.0502629034e-08 6.0502629034e-08 5.7501125801e-05
 6.0504844252e-08 6.0504844252e-08 5.7535001258e-05
 6.0507065853e-08 6.0507065853e-08 5.7551562863e-05
 6.0511509054e-08 6.0511509054e-08 5.7579855304e-05
 6.0520395457e-08 6.0520395457e-08 5.7619685504e-05
 6.0538168262e-08 6.0538168262e-08 5.7639657485e-05
 6.0561359200e-08 6.0561359200e-08 5.7558762125e-05
 6.0586807063e-08 6.0586807063e-08 5.7380473034e-05
 6.0612846600e-08 6.0612846600e-08 5.7315499469e-05
 6.0638566899e-08 6.0638566899e-08 5.6805608493e-05
 6.0657929202e-08 6.0657929202e-08 5.6711018040e-05
 6.0672996700e-08 6.0672996700e-08 5.6473747959e-05
 6.0689325855e-08 6.0689325855e-08 5.6260167233e-05
 6.0713558551e-08 6.0713558551e-08 5.5949064483e-05
 6.0738906197e-08 6.0738906197e-08 5.5631418867e-05
 6.0762402443e-08 6.0762402443e-08 5.5344318204e-05
 6.0785288496e-08 6.0785288496e-08 5.5070375370e-05
 6.0807772783e-08 6.0807772783e-08 5.4806389676e-05
 6.0828538631e-08 6.0828538631e-08 5.4567124904e-05
 6.0847019331e-08 6.0847019331e-08 5.4357684264e-05
 6.0863355302e-08 6.0863355302e-08 5.4175099476e-05
 6.0877448525e-08 6.0877448525e-08 5.4019443306e-05
 6.0889616565e-08 6.0889616565e-08 5.3865552359e-05
 6.0900402776e-08 6.0900402776e-08 5.3448009769e-05
 6.0910187915e-08 6.0910187915e-08 5.2767070574e-05
 6.0919236751e-08 6.0919236751e-08 5.1892165834e-05
 6.0927951182e-08 6.0927951182e-08 5.0840061254e-05
 6.0936371665e-08 6.0936371665e-08 4.9643110928e-05
 6.0944594880e-08 6.0944594880e-08 4.8319243741e-05
 6.0952656491e-08 6.0952656491e-08 4.6889510552e-05
 6.0960600000e-08 6.0960600000e-08 4.5370048163e-05
 6.0968454867e-08 6.0968454867e-08 4.3776556646e-05
 6.0976249030e-08 6.0976249030e-08 4.2122756639e-05
 6.0984181130e-08 6.0984181130e-08 4.0382444215e-05
 6.0991899780e-08 6.0991899780e-08 3.8649634589e-05
 6.1000000000e-08 6.1000000000e-08 3.6805677255e-05
 6.1002025055e-08 6.1002025055e-08 3.6350237035e-05
 6.1004948883e-08 6.1004948883e-08 3.5678750519e-05
 6.1008728549e-08 6.1008728549e-08 3.4813948998e-05
 6.1016287882e-08 6.1016287882e-08 3.3088483212e-05
 6.1031406547e-08 6.1031406547e-08 2.9692607481e-05
 6.1051722741e-08 6.1051722741e-08 2.5347450282e-05
 6.1070103226e-08 6.1070103226e-08 2.1727411826e-05
 6.1086565249e-08 6.1086565249e-08 1.8782417778e-05
 6.1102224094e-08 6.1102224094e-08 1.6257218541e-05
 6.1117295872e-08 6.1117295872e-08 1.4082102269e-05
 6.1132038408e-08 6.1132038408e-08 1.2189379207e-05
 6.1146793315e-08 6.1146793315e-08 1.0514750508e-05
 6.1161788600e-08 6.1161788600e-08 9.0214543691e-06
 6.1177200940e-08 6.1177200940e-08 7.6862854030e-06
 6.1193208529e-08 6.1193208529e-08 6.4916892663e-06
 6.1209989464e-08 6.1209989464e-08 5.4249168592e-06
 6.1227731504e-08 6.1227731504e-08 4.4764106378e-06
 6.1246648809e-08 6.1246648809e-08 3.6383947065e-06
 6.1265071095e-08 6.1265071095e-08 2.9679897592e-06
 6.1283627747e-08 6.1283627747e-08 2.4140739694e-06
 6.1302723420e-08 6.1302723420e-08 1.9492449478e-06
 6.1322395100e-08 6.1322395100e-08 1.5618926707e-06
 6.1342883030e-08 6.1342883030e-08 1.2385822366e-06
 6.1364531712e-08 6.1364531712e-08 9.6813495766e-07
 6.1387758714e-08 6.1387758714e-08 7.4214846682e-07
 6.1413200599e-08 6.1413200599e-08 5.5355700315e-07
 6.1441943225e-08 6.1441943225e-08 3.9622035714e-07
 6.1476183874e-08 6.1476183874e-08 2.6433520458e-07
 6.1522469683e-08 6.1522469683e-08 1.4974987500e-07
 6.1587935529e-08 6.1587935529e-08 6.1352559497e-08
 6.1640297622e-08 6.1640297622e-08 2.8111676591e-08
 6.1682597678e-08 6.1682597678e-08 1.4911636650e-08
 6.1721767568e-08 6.1721767568e-08 8.4331522683e-09
 6.1758928052e-08 6.1758928052e-08 5.0117160957e-09
 6.1795066507e-08 6.1795066507e-08 3.0758046893e-09
 6.1831289672e-08 6.1831289672e-08 1.9102573096e-09
 6.1868165149e-08 6.1868165149e-08 1.1860026127e-09
 6.1906089309e-08 6.1906089309e-08 7.2957682707e-10
 6.1945464040e-08 6.1945464040e-08 4.4100997600e-10
 6.1986667124e-08 6.1986667124e-08 2.5995863193e-10
 6.2030083025e-08 6.2030083025e-08 1.4830237900e-10
 6.2075636200e-08 6.2075636200e-08 8.1851889294e-11
 6.2126533083e-08 6.2126533083e-08 4.1662918964e-11
 6.2179546914e-08 6.2179546914e-08 2.0542592027e-11
 6.2236751623e-08 6.2236751623e-08 9.8159759807e-12
 6.2299686293e-08 6.2299686293e-08 4.8456124931e-12
 6.2369138480e-08 6.2369138480e-08 2.9318109914e-12
 6.2446663166e-08 6.2446663166e-08 2.4436040342e-12
 6.2534470993e-08 6.2534470993e-08 2.4983544071e-12
 6.2635468988e-08 6.2635468988e-08 2.6734864306e-12
 6.2753838202e-08 6.2753838202e-08 2.8080055984e-12
 6.2895835226e-08 6.2895835226e-08 2.8727690323e-12
 6.3071140012e-08 6.3071140012e-08 2.8895271457e-12
 6.3295377018e-08 6.3295377018e-08 2.8867868113e-12
 6.3595502735e-08 6.3595502735e-08 2.8819533533e-12
 6.4040861953e-08 6.4040861953e-08 2.8800702834e-12
 6.4433352739e-08 6.4433352739e-08 2.8801294301e-12
 6.4799391876e-08 6.4799391876e-08 2.8802780787e-12
 6.5231888424e-08 6.5231888424e-08 2.8803285707e-12
 6.5467757093e-08 6.5467757093e-08 2.8803285815e-12
 6.5609627875e-08 6.5609627875e-08 2.8803266138e-12
 6.5761284715e-08 6.5761284715e-08 2.8803254063e-12
 6.5880577596e-08 6.5880577596e-08 2.8803250122e-12
 6.5989069275e-08 6.5989069275e-08 2.8803251933e-12
 6.6102936772e-08 6.6102936772e-08 2.8803250195e-12
 6.6221822581e-08 6.6221822581e-08 2.8803250357e-12
 6.6347695537e-08 6.6347695537e-08 2.8803249035e-12
 6.6484794570e-08 6.6484794570e-08 2.8803249619e-12
 6.6637936372e-08 6.6637936372e-08 2.8803251028e-12
 6.6819562373e-08 6.6819562373e-08 2.8803251060e-12
 6.7029673030e-08 6.7029673030e-08 2.8803250964e-12
 6.7255268448e-08 6.7255268448e-08 2.8803249988e-12
 6.7433026906e-08 6.7433026906e-08 2.8803249196e-12
 6.7584414940e-08 6.7584414940e-08 2.8803249833e-12
 6.7728335875e-08 6.7728335875e-08 2.8803250124e-12
 6.7757122269e-08 6.7757122269e-08 2.8803249105e-12
 6.7785548537e-08 6.7785548537e-08 2.8803249500e-12
 6.7812648731e-08 6.7812648731e-08 2.8803255626e-12
 6.7834162423e-08 6.7834162423e-08 2.8803247990e-12
 6.7856340789e-08 6.7856340789e-08 2.8803251625e-12
 6.7882129000e-08 6.7882129000e-08 2.8803248875e-12
 6.7914440063e-08 6.7914440063e-08 2.8803245870e-12
 6.7958487204e-08 6.7958487204e-08 2.8803252081e-12
 6.7999856836e-08 6.7999856836e-08 2.8803249699e-12
 6.8033153897e-08 6.8033153897e-08 2.8803251445e-12
 6.8063339038e-08 6.8063339038e-08 2.8803248196e-12
 6.8092701295e-08 6.8092701295e-08 2.8803249877e-12
 6.8121872914e-08 6.8121872914e-08 2.8803250813e-12
 6.8151757888e-08 6.8151757888e-08 2.8803248097e-12
 6.8183179085e-08 6.8183179085e-08 2.8803251498e-12
 6.8216793983e-08 6.8216793983e-08 2.8803253352e-12
 6.8253352803e-08 6.8253352803e-08 2.8803254293e-12
 6.8293815103e-08 6.8293815103e-08 2.8803252342e-12
 6.8339464095e-08 6.8339464095e-08 2.8803247064e-12
 6.8392157350e-08 6.8392157350e-08 2.8803253205e-12
 6.8454796494e-08 6.8454796494e-08 2.8803249310e-12
 6.8532337303e-08 6.8532337303e-08 2.8803250667e-12
 6.8634442459e-08 6.8634442459e-08 2.8803249580e-12
 6.8784936500e-08 6.8784936500e-08 2.8803249163e-12
 6.9018511390e-08 6.9018511390e-08 2.8803250428e-12
 6.9346745948e-08 6.9346745948e-08 2.8803249984e-12
 6.9688379405e-08 6.9688379405e-08 2.8803249994e-12
 7.0051869505e-08 7.0051869505e-08 2.8803250306e-12
 7.0275934753e-08 7.0275934753e-08 2.8803250223e-12
 7.0500000000e-08 7.0500000000e-08 2.8803250054e-12
 7.0503906250e-08 7.0503906250e-08 9.3701487494e-05
 7.0511718750e-08 7.0511718750e-08 9.0845221699e-05
 7.0515710673e-08 7.0515710673e-08 8.9708597890e-05
 7.0523694520e-08 7.0523694520e-08 8.7560678665e-05
 7.0528529417e-08 7.0528529417e-08 8.6375773451e-05
 7.0538199210e-08 7.0538199210e-08 8.4172683418e-05
 7.0543441231e-08 7.0543441231e-08 8.3105299224e-05
 7.0549704972e-08 7.0549704972e-08 8.1901534710e-05
 7.0555667839e-08 7.0555667839e-08 8.0835686074e-05
 7.0562195599e-08 7.0562195599e-08 7.9752044571e-05
 7.0569159611e-08 7.0569159611e-08 7.8685949679e-05
 7.0576843770e-08 7.0576843770e-08 7.7609355549e-05
 7.0585412590e-08 7.0585412590e-08 7.6523107291e-05
 7.0595130312e-08 7.0595130312e-08 7.5426078845e-05
 7.0606217100e-08 7.0606217100e-08 7.4336843937e-05
 7.0615982688e-08 7.0615982688e-08 7.3521323998e-05
 7.0635513865e-08 7.0635513865e-08 7.2197508942e-05
 7.0649516234e-08 7.0649516234e-08 7.1569620427e-05
 7.0660994382e-08 7.0660994382e-08 7.1237246817e-05
 7.0673280598e-08 7.0673280598e-08 7.1038671834e-05
 7.0686891573e-08 7.0686891573e-08 7.1034188299e-05
 7.0699812583e-08 7.0699812583e-08 7.1265935719e-05
 7.0712161214e-08 7.0712161214e-08 7.1698557459e-05
 7.0724963685e-08 7.0724963685e-08 7.2106632261e-05
 7.0738510109e-08 7.0738510109e-08 7.2426465612e-05
 7.0752133057e-08 7.0752133057e-08 7.2668044303e-05
 7.0765578274e-08 7.0765578274e-08 7.2862466393e-05
 7.0778924264e-08 7.0778924264e-08 7.3171578846e-05
 7.0793161559e-08 7.0793161559e-08 7.3700640346e-05
 7.0807875354e-08 7.0807875354e-08 7.4491274163e-05
 7.0822080767e-08 7.0822080767e-08 7.5518235130e-05
 7.0835691943e-08 7.0835691943e-08 7.6756551558e-05
 7.0849015604e-08 7.0849015604e-08 7.8213791080e-05
 7.0862167420e-08 7.0862167420e-08 7.9894789895e-05
 7.0875138356e-08 7.0875138356e-08 8.1789217376e-05
 7.0888028601e-08 7.0888028601e-08 8.3897844935e-05
 7.0901014375e-08 7.0901014375e-08 8.6239457345e-05
 7.0914215869e-08 7.0914215869e-08 8.8834250228e-05
 7.0927653216e-08 7.0927653216e-08 9.1693286165e-05
 7.0941237557e-08 7.0941237557e-08 9.4812812381e-05
 7.0954690113e-08 7.0954690113e-08 9.8144505709e-05
 7.0967406517e-08 7.0967406517e-08 1.0153059010e-04
 7.0979232589e-08 7.0979232589e-08 1.0489146788e-04
 7.0990277893e-08 7.0990277893e-08 1.0821235814e-04
 7.1000000000e-08 7.1000000000e-08 1.1127073958e-04
 7.1002430527e-08 7.1002430527e-08 5.3139590885e-06
 7.1005122161e-08 7.1005122161e-08 5.3113336182e-06
 7.1008322751e-08 7.1008322751e-08 5.3100972733e-06
 7.1014723932e-08 7.1014723932e-08 5.3089435678e-06
 7.1022198141e-08 7.1022198141e-08 5.3071692973e-06
 7.1030054364e-08 7.1030054364e-08 5.3048911773e-06
 7.1038033544e-08 7.1038033544e-08 5.3022210095e-06
 7.1046103755e-08 7.1046103755e-08 5.2992213742e-06
 7.1054267227e-08 7.1054267227e-08 5.2959371509e-06
 7.1062553859e-08 7.1062553859e-08 5.2923937214e-06
 7.1070999530e-08 7.1070999530e-08 5.2886053936e-06
 7.1079649737e-08 7.1079649737e-08 5.2845750771e-06
 7.1088558618e-08 7.1088558618e-08 5.2802957015e-06
 7.1097792378e-08 7.1097792378e-08 5.2757494366e-06
 7.1107432688e-08 7.1107432688e-08 5.2709066067e-06
 7.1117582212e-08 7.1117582212e-08 5.2657233121e-06
 7.1126818014e-08 7.1126818014e-08 5.2609463546e-06
 7.1138477428e-08 7.1138477428e-08 5.2548511235e-06
 7.1149011342e-08 7.1149011342e-08 5.2492947601e-06
 7.1159533971e-08 7.1159533971e-08 5.2437071962e-06
 7.1170987416e-08 7.1170987416e-08 5.2375914984e-06
 7.1183266822e-08 7.1183266822e-08 5.2310031100e-06
 7.1196518877e-08 7.1196518877e-08 5.2238631661e-06
 7.1211063112e-08 7.1211063112e-08 5.2159981792e-06
 7.1227130311e-08 7.1227130311e-08 5.2072807170e-06
 7.1244919666e-08 7.1244919666e-08 5.1975991178e-06
 7.1264600566e-08 7.1264600566e-08 5.1868565777e-06
 7.1286231476e-08 7.1286231476e-08 5.1750155343e-06
 7.1309717291e-08 7.1309717291e-08 5.1621216400e-06
 7.1333816762e-08 7.1333816762e-08 5.1488520296e-06
 7.1357936522e-08 7.1357936522e-08 5.1355327804e-06
 7.1382358607e-08 7.1382358607e-08 5.1220077589e-06
 7.1407392418e-08 7.1407392418e-08 5.1081033614e-06
 7.1433070021e-08 7.1433070021e-08 5.0937983355e-06
 7.1459449233e-08 7.1459449233e-08 5.0790565504e-06
 7.1486751006e-08 7.1486751006e-08 5.0637496130e-06
 7.1515205949e-08 7.1515205949e-08 5.0477416867e-06
 7.1544965084e-08 7.1544965084e-08 5.0309397070e-06
 7.1576155403e-08 7.1576155403e-08 5.0132623633e-06
 7.1608905099e-08 7.1608905099e-08 4.9946257747e-06
 7.1643282989e-08 7.1643282989e-08 4.9749779172e-06
 7.1679236110e-08 7.1679236110e-08 4.9543351491e-06
 7.1716559273e-08 7.1716559273e-08 4.9328013178e-06
 7.1754867855e-08 7.1754867855e-08 4.9105859469e-06
 7.1793588816e-08 7.1793588816e-08 4.8880125914e-06
 7.1830140643e-08 7.1830140643e-08 4.8665917762e-06
 7.1863371057e-08 7.1863371057e-08 4.8470212157e-06
 7.1893694014e-08 7.1893694014e-08 4.8290815551e-06
 7.1921603275e-08 7.1921603275e-08 4.8125000551e-06
 7.1947246271e-08 7.1947246271e-08 4.7972050694e-06
 7.1970763661e-08 7.1970763661e-08 4.7831267579e-06
 7.1985381830e-08 7.1985381830e-08 4.7743512685e-06
 7.2000000000e-08 7.2000000000e-08 4.7655561119e-06
 7.2002480393e-08 7.2002480393e-08 4.7644645851e-06
 7.2006269867e-08 7.2006269867e-08 4.7617784489e-06
 7.2011575071e-08 7.2011575071e-08 4.7585786206e-06
 7.2022185478e-08 7.2022185478e-08 4.7521711193e-06
 7.2043406292e-08 7.2043406292e-08 4.7393244772e-06
 7.2085847920e-08 7.2085847920e-08 4.7135026987e-06
 7.2170731175e-08 7.2170731175e-08 4.6613284241e-06
 7.2340497687e-08 7.2340497687e-08 4.5547163801e-06
 7.2680030710e-08 7.2680030710e-08 4.3313122354e-06
 7.3230705158e-08 7.3230705158e-08 3.9480220327e-06
 7.3415406182e-08 7.3415406182e-08 3.9524816147e-06
 7.3585498044e-08 7.3585498044e-08 4.2703372611e-06
 7.3757040372e-08 7.3757040372e-08 4.7260334697e-06
 7.3887172179e-08 7.3887172179e-08 4.5003224118e-06
 7.3989212381e-08 7.3989212381e-08 3.9120078250e-06
 7.4080424524e-08 7.4080424524e-08 3.3578482772e-06
 7.4233254253e-08 7.4233254253e-08 2.5251508459e-06
 7.4412038767e-08 7.4412038767e-08 1.7061541105e-06
 7.4600102758e-08 7.4600102758e-08 1.0734577760e-06
 7.4783140919e-08 7.4783140919e-08 6.6240050522e-07
 7.4896826036e-08 7.4896826036e-08 4.8888789831e-07
 7.5000689906e-08 7.5000689906e-08 3.7265783916e-07
 7.5104486169e-08 7.5104486169e-08 2.8461024289e-07
 7.5204736873e-08 7.5204736873e-08 2.1941585241e-07
 7.5305350481e-08 7.5305350481e-08 1.6895383027e-07
 7.5409043870e-08 7.5409043870e-08 1.2897207171e-07
 7.5516616878e-08 7.5516616878e-08 9.7363347637e-08
 7.5629573646e-08 7.5629573646e-08 7.2378552606e-08
 7.5750168144e-08 7.5750168144e-08 5.2641302431e-08
 7.5881621977e-08 7.5881621977e-08 3.7101904705e-08
 7.6029167376e-08 7.6029167376e-08 2.4934730896e-08
 7.6206329265e-08 7.6206329265e-08 1.5303593313e-08
 7.6429438792e-08 7.6429438792e-08 8.0279056689e-09
 7.6654799428e-08 7.6654799428e-08 4.0280216503e-09
 7.6837476344e-08 7.6837476344e-08 2.2886292405e-09
 7.6993555644e-08 7.6993555644e-08 1.4303094687e-09
 7.7055501220e-08 7.7055501220e-08 1.2065854022e-09
 7.7109637534e-08 7.7109637534e-08 1.0460064420e-09
 7.7188312221e-08 7.7188312221e-08 8.5196991596e-10
 7.7301148297e-08 7.7301148297e-08 6.3416306886e-10
 7.7335755065e-08 7.7335755065e-08 5.8008085951e-10
 7.7370120105e-08 7.7370120105e-08 5.3121554118e-10
 7.7403236145e-08 7.7403236145e-08 4.8812709222e-10
 7.7431418992e-08 7.7431418992e-08 4.5426992275e-10
 7.7459679964e-08 7.7459679964e-08 4.2269996931e-10
 7.7489777017e-08 7.7489777017e-08 3.9149751587e-10
 7.7522004770e-08 7.7522004770e-08 3.6063917065e-10
 7.7557921612e-08 7.7557921612e-08 3.2910453310e-10
 7.7600338128e-08 7.7600338128e-08 2.9538413075e-10
 7.7656418058e-08 7.7656418058e-08 2.5599895974e-10
 7.7745267166e-08 7.7745267166e-08 2.0383768525e-10
 7.7814272793e-08 7.7814272793e-08 1.7076948651e-10
 7.7868306719e-08 7.7868306719e-08 1.4875537397e-10
 7.7918965916e-08 7.7918965916e-08 1.3076026426e-10
 7.7967715815e-08 7.7967715815e-08 1.1553985219e-10
 7.8015525312e-08 7.8015525312e-08 1.0236263493e-10
 7.8064137199e-08 7.8064137199e-08 9.0525993614e-11
 7.8114543261e-08 7.8114543261e-08 7.9714968111e-11
 7.8167444376e-08 7.8167444376e-08 6.9773103541e-11
 7.8223658729e-08 7.8223658729e-08 6.0582948320e-11
 7.8284079312e-08 7.8284079312e-08 5.2070988171e-11
 7.8349728235e-08 7.8349728235e-08 4.4195537896e-11
 7.8421881831e-08 7.8421881831e-08 3.6933170409e-11
 7.8502185658e-08 7.8502185658e-08 3.0275865035e-11
 7.8592816312e-08 7.8592816312e-08 2.4229951479e-11
 7.8696734924e-08 7.8696734924e-08 1.8815091866e-11
 7.8818072602e-08 7.8818072602e-08 1.4063790184e-11
 7.8962723565e-08 7.8962723565e-08 1.0019989128e-11
 7.9139250942e-08 7.9139250942e-08 6.7341856110e-12
 7.9360207657e-08 7.9360207657e-08 4.2505938235e-12
 7.9643936400e-08 7.9643936400e-08 2.5800810325e-12
 8.0000000000e-08 8.0000000000e-08 1.6910071674e-12
 8.0003906250e-08 8.0003906250e-08 -1.0749100932e-04
 8.0011718750e-08 8.0011718750e-08 -1.0662267351e-04
 8.0013671875e-08 8.0013671875e-08 -1.0641111890e-04
 8.0017578125e-08 8.0017578125e-08 -1.0599595035e-04
 8.0025390625e-08 8.0025390625e-08 -1.0499878558e-04
 8.0033623513e-08 8.0033623513e-08 -1.0367147570e-04
 8.0042709909e-08 8.0042709909e-08 -1.0189650676e-04
 8.0052632273e-08 8.0052632273e-08 -9.9642409485e-05
 8.0064752433e-08 8.0064752433e-08 -9.6582949383e-05
 8.0075200399e-08 8.0075200399e-08 -9.3853886610e-05
 8.0086032261e-08 8.0086032261e-08 -9.1168863709e-05
 8.0098635043e-08 8.0098635043e-08 -8.8418449889e-05
 8.0108956861e-08 8.0108956861e-08 -8.6636523116e-05
 8.0117312147e-08 8.0117312147e-08 -8.5483979765e-05
 8.0134022718e-08 8.0134022718e-08 -8.3588255564e-05
 8.0146220133e-08 8.0146220133e-08 -8.2726574283e-05
 8.0155349055e-08 8.0155349055e-08 -8.2259003735e-05
 8.0173606899e-08 8.0173606899e-08 -8.1478942877e-05
 8.0189834165e-08 8.0189834165e-08 -8.1072969919e-05
 8.0202238635e-08 8.0202238635e-08 -8.0891197148e-05
 8.0215472511e-08 8.0215472511e-08 -8.0755572999e-05
 8.0232508626e-08 8.0232508626e-08 -8.0671458086e-05
 8.0249558259e-08 8.0249558259e-08 -8.0693550449e-05
 8.0265706089e-08 8.0265706089e-08 -8.0805249550e-05
 8.0281349409e-08 8.0281349409e-08 -8.0993277905e-05
 8.0296475422e-08 8.0296475422e-08 -8.1230921652e-05
 8.0310778917e-08 8.0310778917e-08 -8.1207616417e-05
 8.0324118120e-08 8.0324118120e-08 -8.0851677006e-05
 8.0335596403e-08 8.0335596403e-08 -8.0264989971e-05
 8.0346531749e-08 8.0346531749e-08 -7.9446531464e-05
 8.0357197752e-08 8.0357197752e-08 -7.8391926505e-05
 8.0367585454e-08 8.0367585454e-08 -7.7110455196e-05
 8.0377703603e-08 8.0377703603e-08 -7.5611238971e-05
 8.0387604674e-08 8.0387604674e-08 -7.3896733118e-05
 8.0398371936e-08 8.0398371936e-08 -7.1748951599e-05
 8.0408243079e-08 8.0408243079e-08 -6.9514706163e-05
 8.0419047392e-08 8.0419047392e-08 -6.6782281783e-05
 8.0428968179e-08 8.0428968179e-08 -6.4012388629e-05
 8.0436546440e-08 8.0436546440e-08 -6.1736696146e-05
 8.0443506736e-08 8.0443506736e-08 -5.9532905356e-05
 8.0449715615e-08 8.0449715615e-08 -5.7480686133e-05
 8.0455543651e-08 8.0455543651e-08 -5.5485715174e-05
 8.0461027569e-08 8.0461027569e-08 -5.3553297364e-05
 8.0466283618e-08 8.0466283618e-08 -5.1656043460e-05
 8.0471357441e-08 8.0471357441e-08 -4.9787714468e-05
 8.0476301027e-08 8.0476301027e-08 -4.7937421721e-05
 8.0486188199e-08 8.0486188199e-08 -4.4140003292e-05
 8.0490673881e-08 8.0490673881e-08 -4.2431010064e-05
 8.0495336940e-08 8.0495336940e-08 -4.0630367243e-05
 8.0500000000e-08 8.0500000000e-08 -3.8818940065e-05
 8.0502629034e-08 8.0502629034e-08 5.7501125801e-05
 8.0504844252e-08 8.0504844252e-08 5.7535001259e-05
 8.0507065853e-08 8.0507065853e-08 5.7551562863e-05
 8.0511509054e-08 8.0511509054e-08 5.7579855304e-05
 8.0520395457e-08 8.0520395457e-08 5.7619685505e-05
 8.0538168262e-08 8.0538168262e-08 5.7639657485e-05
 8.0561359200e-08 8.0561359200e-08 5.7558762123e-05
 8.0586807063e-08 8.0586807063e-08 5.7380473032e-05
 8.0612846600e-08 8.0612846600e-08 5.7315499459e-05
 8.0638566901e-08 8.0638566901e-08 5.6805608489e-05
 8.0657929206e-08 8.0657929206e-08 5.6711017990e-05
 8.0672996706e-08 8.0672996706e-08 5.6473747885e-05
 8.0689325863e-08 8.0689325863e-08 5.6260167126e-05
 8.0713558560e-08 8.0713558560e-08 5.5949064368e-05
 8.0738906206e-08 8.0738906206e-08 5.5631418755e-05
 8.0762402452e-08 8.0762402452e-08 5.5344318095e-05
 8.0785288505e-08 8.0785288505e-08 5.5070375264e-05
 8.0807772791e-08 8.0807772791e-08 5.4806389578e-05
 8.0828538639e-08 8.0828538639e-08 5.4567124817e-05
 8.0847019337e-08 8.0847019337e-08 5.4357684188e-05
 8.0863355308e-08 8.0863355308e-08 5.4175099409e-05
 8.0877448531e-08 8.0877448531e-08 5.4019443250e-05
 8.0889616570e-08 8.0889616570e-08 5.3865552259e-05
 8.0900402780e-08 8.0900402780e-08 5.3448009547e-05
 8.0910187919e-08 8.0910187919e-08 5.2767070264e-05
 8.0919236754e-08 8.0919236754e-08 5.1892165447e-05
 8.0927951186e-08 8.0927951186e-08 5.0840060803e-05
 8.0936371668e-08 8.0936371668e-08 4.9643110423e-05
 8.0944594884e-08 8.0944594884e-08 4.8319243189e-05
 8.0952656494e-08 8.0952656494e-08 4.6889509961e-05
 8.0960600003e-08 8.0960600003e-08 4.5370047540e-05
 8.0968454870e-08 8.0968454870e-08 4.3776555996e-05
 8.0976249033e-08 8.0976249033e-08 4.2122755967e-05
 8.0984181134e-08 8.0984181134e-08 4.0382443509e-05
 8.0991899783e-08 8.0991899783e-08 3.8649633844e-05
 8.1000000000e-08 8.1000000000e-08 3.6805677255e-05
 8.1002025054e-08 8.1002025054e-08 3.6350237220e-05
 8.1004948882e-08 8.1004948882e-08 3.5678750845e-05
 8.1008728547e-08 8.1008728547e-08 3.4813949522e-05
 8.1016287878e-08 8.1016287878e-08 3.3088484127e-05
 8.1031406540e-08 8.1031406540e-08 2.9692609136e-05
 8.1051722734e-08 8.1051722734e-08 2.5347451712e-05
 8.1070103220e-08 8.1070103220e-08 2.1727412920e-05
 8.1086565244e-08 8.1086565244e-08 1.8782418697e-05
 8.1102224089e-08 8.1102224089e-08 1.6257219325e-05
 8.1117295867e-08 8.1117295867e-08 1.4082102940e-05
 8.1132038403e-08 8.1132038403e-08 1.2189379795e-05
 8.1146793310e-08 8.1146793310e-08 1.0514751031e-05
 8.1161788595e-08 8.1161788595e-08 9.0214548359e-06
 8.1177200935e-08 8.1177200935e-08 7.6862858205e-06
 8.1193208524e-08 8.1193208524e-08 6.4916896396e-06
 8.1209989459e-08 8.1209989459e-08 5.4249171919e-06
 8.1227731498e-08 8.1227731498e-08 4.4764109328e-06
 8.1246648802e-08 8.1246648802e-08 3.6383949661e-06
 8.1265071088e-08 8.1265071088e-08 2.9679899750e-06
 8.1283627741e-08 8.1283627741e-08 2.4140741489e-06
 8.1302723413e-08 8.1302723413e-08 1.9492450975e-06
 8.1322395093e-08 8.1322395093e-08 1.5618927950e-06
 8.1342883023e-08 8.1342883023e-08 1.2385823395e-06
 8.1364531704e-08 8.1364531704e-08 9.6813504274e-07
 8.1387758705e-08 8.1387758705e-08 7.4214853698e-07
 8.1413200590e-08 8.1413200590e-08 5.5355706083e-07
 8.1441943214e-08 8.1441943214e-08 3.9622040450e-07
 8.1476183862e-08 8.1476183862e-08 2.6433524382e-07
 8.1522469665e-08 8.1522469665e-08 1.4974991024e-07
 8.1587935504e-08 8.1587935504e-08 6.1352581884e-08
 8.1640297600e-08 8.1640297600e-08 2.8111686785e-08
 8.1682597658e-08 8.1682597658e-08 1.4911641961e-08
 8.1721767549e-08 8.1721767549e-08 8.4331553285e-09
 8.1758928033e-08 8.1758928033e-08 5.0117179342e-09
 8.1795066488e-08 8.1795066488e-08 3.0758058315e-09
 8.1831289653e-08 8.1831289653e-08 1.9102580337e-09
 8.1868165130e-08 8.1868165130e-08 1.1860030739e-09
 8.1906089289e-08 8.1906089289e-08 7.2957711952e-10
 8.1945464019e-08 8.1945464019e-08 4.4101015874e-10
 8.1986667102e-08 8.1986667102e-08 2.5995874437e-10
 8.2030083002e-08 8.2030083002e-08 1.4830244576e-10
 8.2075636176e-08 8.2075636176e-08 8.1851927036e-11
 8.2126533054e-08 8.2126533054e-08 4.1662941435e-11
 8.2179546885e-08 8.2179546885e-08 2.0542602695e-11
 8.2236751592e-08 8.2236751592e-08 9.8159808024e-12
 8.2299686258e-08 8.2299686258e-08 4.8456146439e-12
 8.2369138441e-08 8.2369138441e-08 2.9318110517e-12
 8.2446663122e-08 8.2446663122e-08 2.4436039292e-12
 8.2534470943e-08 8.2534470943e-08 2.4983545634e-12
 8.2635468930e-08 8.2635468930e-08 2.6734863854e-12
 8.2753838133e-08 8.2753838133e-08 2.8080056054e-12
 8.2895835142e-08 8.2895835142e-08 2.8727690201e-12
 8.3071139907e-08 8.3071139907e-08 2.8895272065e-12
 8.3295376880e-08 8.3295376880e-08 2.8867868104e-12
 8.3595502544e-08 8.3595502544e-08 2.8819533389e-12
 8.4040861643e-08 8.4040861643e-08 2.8800703222e-12
 8.4433352450e-08 8.4433352450e-08 2.8801294577e-12
 8.4799391585e-08 8.4799391585e-08 2.8802780610e-12
 8.5231888074e-08 8.5231888074e-08 2.8803285537e-12
 8.5467756955e-08 8.5467756955e-08 2.8803285769e-12
 8.5609627746e-08 8.5609627746e-08 2.8803267434e-12
 8.5761284638e-08 8.5761284638e-08 2.8803254181e-12
 8.5880577543e-08 8.5880577543e-08 2.8803248963e-12
 8.5989069225e-08 8.5989069225e-08 2.8803251567e-12
 8.6102936726e-08 8.6102936726e-08 2.8803249466e-12
 8.6221822539e-08 8.6221822539e-08 2.8803249102e-12
 8.6347695496e-08 8.6347695496e-08 2.8803249796e-12
 8.6484794530e-08 8.6484794530e-08 2.8803249640e-12
 8.6637936334e-08 8.6637936334e-08 2.8803249484e-12
 8.6819562338e-08 8.6819562338e-08 2.8803250111e-12
 8.7029672996e-08 8.7029672996e-08 2.8803251373e-12
 8.7255268407e-08 8.7255268407e-08 2.8803249254e-12
 8.7433026862e-08 8.7433026862e-08 2.8803249967e-12
 8.7584414896e-08 8.7584414896e-08 2.8803250679e-12
 8.7728335829e-08 8.7728335829e-08 2.8803249732e-12
 8.7757122223e-08 8.7757122223e-08 2.8803250040e-12
 8.7785548490e-08 8.7785548490e-08 2.8803251108e-12
 8.7812648684e-08 8.7812648684e-08 2.8803250085e-12
 8.7834162376e-08 8.7834162376e-08 2.8803258629e-12
 8.7856340743e-08 8.7856340743e-08 2.8803243279e-12
 8.7882128954e-08 8.7882128954e-08 2.8803251099e-12
 8.7914440018e-08 8.7914440018e-08 2.8803254932e-12
 8.7958487157e-08 8.7958487157e-08 2.8803253786e-12
 8.7999856787e-08 8.7999856787e-08 2.8803255497e-12
 8.8033153848e-08 8.8033153848e-08 2.8803252307e-12
 8.8063338988e-08 8.8063338988e-08 2.8803250254e-12
 8.8092701245e-08 8.8092701245e-08 2.8803254686e-12
 8.8121872864e-08 8.8121872864e-08 2.8803254207e-12
 8.8151757838e-08 8.8151757838e-08 2.8803248009e-12
 8.8183179035e-08 8.8183179035e-08 2.8803256766e-12
 8.8216793933e-08 8.8216793933e-08 2.8803251081e-12
 8.8253352753e-08 8.8253352753e-08 2.8803252417e-12
 8.8293815053e-08 8.8293815053e-08 2.8803249887e-12
 8.8339464044e-08 8.8339464044e-08 2.8803247805e-12
 8.8392157299e-08 8.8392157299e-08 2.8803248473e-12
 8.8454796442e-08 8.8454796442e-08 2.8803248185e-12
 8.8532337251e-08 8.8532337251e-08 2.8803249947e-12
 8.8634442406e-08 8.8634442406e-08 2.8803250217e-12
 8.8784936444e-08 8.8784936444e-08 2.8803249325e-12
 8.9018511331e-08 8.9018511331e-08 2.8803250401e-12
 8.9346745890e-08 8.9346745890e-08 2.8803249563e-12
 8.9688379346e-08 8.9688379346e-08 2.8803250183e-12
 9.0051869445e-08 9.0051869445e-08 2.8803249841e-12
 9.0275934723e-08 9.0275934723e-08 2.8803249375e-12
 9.0500000000e-08 9.0500000000e-08 2.8803250192e-12
 9.0503906250e-08 9.0503906250e-08 9.3701487494e-05
 9.0511718750e-08 9.0511718750e-08 9.0845221699e-05
 9.0515710673e-08 9.0515710673e-08 8.9708597890e-05
 9.0523694520e-08 9.0523694520e-08 8.7560678665e-05
 9.0528529417e-08 9.0528529417e-08 8.6375773451e-05
 9.0538199210e-08 9.0538199210e-08 8.4172683418e-05
 9.0543441231e-08 9.0543441231e-08 8.3105299224e-05
 9.0549704972e-08 9.0549704972e-08 8.1901534710e-05
 9.0555667839e-08 9.0555667839e-08 8.0835686074e-05
 9.0562195599e-08 9.0562195599e-08 7.9752044571e-05
 9.0569159611e-08 9.0569159611e-08 7.8685949679e-05
 9.0576843770e-08 9.0576843770e-08 7.7609355549e-05
 9.0585412590e-08 9.0585412590e-08 7.6523107291e-05
 9.0595130312e-08 9.0595130312e-08 7.5426078845e-05
 9.0606217100e-08 9.0606217100e-08 7.4336843937e-05
 9.0615982688e-08 9.0615982688e-08 7.3521323998e-05
 9.0635513865e-08 9.0635513865e-08 7.2197508942e-05
 9.0649516234e-08 9.0649516234e-08 7.1569620427e-05
 9.0660994382e-08 9.0660994382e-08 7.1237246817e-05
 9.0673280598e-08 9.0673280598e-08 7.1038671834e-05
 9.0686891573e-08 9.0686891573e-08 7.1034188299e-05
 9.0699812583e-08 9.0699812583e-08 7.1265935719e-05
 9.0712161214e-08 9.0712161214e-08 7.1698557459e-05
 9.0724963685e-08 9.0724963685e-08 7.2106632261e-05
 9.0738510109e-08 9.0738510109e-08 7.2426465612e-05
 9.0752133057e-08 9.0752133057e-08 7.2668044303e-05
 9.0765578274e-08 9.0765578274e-08 7.2862466393e-05
 9.0778924264e-08 9.0778924264e-08 7.3171578846e-05
 9.0793161559e-08 9.0793161559e-08 7.3700640346e-05
 9.0807875354e-08 9.0807875354e-08 7.4491274163e-05
 9.0822080767e-08 9.0822080767e-08 7.5518235130e-05
 9.0835691943e-08 9.0835691943e-08 7.6756551558e-05
 9.0849015604e-08 9.0849015604e-08 7.8213791080e-05
 9.0862167420e-08 9.0862167420e-08 7.9894789895e-05
 9.0875138356e-08 9.0875138356e-08 8.1789217376e-05
 9.0888028601e-08 9.0888028601e-08 8.3897844935e-05
 9.0901014375e-08 9.0901014375e-08 8.6239457345e-05
 9.0914215869e-08 9.0914215869e-08 8.8834250228e-05
 9.0927653216e-08 9.0927653216e-08 9.1693286165e-05
 9.0941237557e-08 9.0941237557e-08 9.4812812381e-05
 9.0954690113e-08 9.0954690113e-08 9.8144505709e-05
 9.0967406517e-08 9.0967406517e-08 1.0153059010e-04
 9.0979232589e-08 9.0979232589e-08 1.0489146788e-04
 9.0990277893e-08 9.0990277893e-08 1.0821235814e-04
 9.1000000000e-08 9.1000000000e-08 1.1127073958e-04
 9.1002430527e-08 9.1002430527e-08 5.3139590885e-06
 9.1005122161e-08 9.1005122161e-08 5.3113336182e-06
 9.1008322751e-08 9.1008322751e-08 5.3100972733e-06
 9.1014723932e-08 9.1014723932e-08 5.3089435678e-06
 9.1022198141e-08 9.1022198141e-08 5.3071692973e-06
 9.1030054364e-08 9.1030054364e-08 5.3048911773e-06
 9.1038033544e-08 9.1038033544e-08 5.3022210095e-06
 9.1046103755e-08 9.1046103755e-08 5.2992213742e-06
 9.1054267227e-08 9.1054267227e-08 5.2959371509e-06
 9.1062553859e-08 9.1062553859e-08 5.2923937214e-06
 9.1070999530e-08 9.1070999530e-08 5.2886053936e-06
 9.1079649737e-08 9.1079649737e-08 5.2845750771e-06
 9.1088558618e-08 9.1088558618e-08 5.2802957015e-06
 9.1097792378e-08 9.1097792378e-08 5.2757494366e-06
 9.1107432688e-08 9.1107432688e-08 5.2709066067e-06
 9.1117582212e-08 9.1117582212e-08 5.2657233121e-06
 9.1126818014e-08 9.1126818014e-08 5.2609463546e-06
 9.1138477428e-08 9.1138477428e-08 5.2548511235e-06
 9.1149011342e-08 9.1149011342e-08 5.2492947601e-06
 9.1159533971e-08 9.1159533971e-08 5.2437071962e-06
 9.1170987416e-08 9.1170987416e-08 5.2375914984e-06
 9.1183266822e-08 9.1183266822e-08 5.2310031100e-06
 9.1196518877e-08 9.1196518877e-08 5.2238631661e-06
 9.1211063112e-08 9.1211063112e-08 5.2159981792e-06
 9.1227130311e-08 9.1227130311e-08 5.2072807170e-06
 9.1244919666e-08 9.1244919666e-08 5.1975991178e-06
 9.1264600566e-08 9.1264600566e-08 5.1868565777e-06
 9.1286231476e-08 9.1286231476e-08 5.1750155343e-06
 9.1309717291e-08 9.1309717291e-08 5.1621216400e-06
 9.1333816762e-08 9.1333816762e-08 5.1488520297e-06
 9.1357936522e-08 9.1357936522e-08 5.1355327804e-06
 9.1382358607e-08 9.1382358607e-08 5.1220077589e-06
 9.1407392418e-08 9.1407392418e-08 5.1081033614e-06
 9.1433070021e-08 9.1433070021e-08 5.0937983355e-06
 9.1459449233e-08 9.1459449233e-08 5.0790565504e-06
 9.1486751006e-08 9.1486751006e-08 5.0637496130e-06
 9.1515205949e-08 9.1515205949e-08 5.0477416867e-06
 9.1544965084e-08 9.1544965084e-08 5.0309397070e-06
 9.1576155403e-08 9.1576155403e-08 5.0132623633e-06
 9.1608905099e-08 9.1608905099e-08 4.9946257747e-06
 9.1643282989e-08 9.1643282989e-08 4.9749779172e-06
 9.1679236110e-08 9.1679236110e-08 4.9543351491e-06
 9.1716559273e-08 9.1716559273e-08 4.9328013178e-06
 9.1754867855e-08 9.1754867855e-08 4.9105859469e-06
 9.1793588816e-08 9.1793588816e-08 4.8880125914e-06
 9.1830140643e-08 9.1830140643e-08 4.8665917762e-06
 9.1863371057e-08 9.1863371057e-08 4.8470212157e-06
 9.1893694014e-08 9.1893694014e-08 4.8290815551e-06
 9.1921603275e-08 9.1921603275e-08 4.8125000552e-06
 9.1947246271e-08 9.1947246271e-08 4.7972050694e-06
 9.1970763661e-08 9.1970763661e-08 4.7831267579e-06
 9.1985381830e-08 9.1985381830e-08 4.7743512685e-06
 9.2000000000e-08 9.2000000000e-08 4.7655561119e-06
 9.2002480393e-08 9.2002480393e-08 4.7644645851e-06
 9.2006269867e-08 9.2006269867e-08 4.7617784489e-06
 9.2011575071e-08 9.2011575071e-08 4.7585786205e-06
 9.2022185478e-08 9.2022185478e-08 4.7521711193e-06
 9.2043406292e-08 9.2043406292e-08 4.7393244771e-06
 9.2085847920e-08 9.2085847920e-08 4.7135026987e-06
 9.2170731175e-08 9.2170731175e-08 4.6613284241e-06
 9.2340497687e-08 9.2340497687e-08 4.5547163800e-06
 9.2680030710e-08 9.2680030710e-08 4.3313122354e-06
 9.3230705158e-08 9.3230705158e-08 3.9480220326e-06
 9.3415406182e-08 9.3415406182e-08 3.9524816147e-06
 9.3585498044e-08 9.3585498044e-08 4.2703372612e-06
 9.3757040372e-08 9.3757040372e-08 4.7260334698e-06
 9.3887172179e-08 9.3887172179e-08 4.5003224118e-06
 9.3989212381e-08 9.3989212381e-08 3.9120078249e-06
 9.4080424524e-08 9.4080424524e-08 3.3578482771e-06
 9.4233254253e-08 9.4233254253e-08 2.5251508458e-06
 9.4412038767e-08 9.4412038767e-08 1.7061541104e-06
 9.4600102758e-08 9.4600102758e-08 1.0734577760e-06
 9.4783140919e-08 9.4783140919e-08 6.6240050520e-07
 9.4896826036e-08 9.4896826036e-08 4.8888789815e-07
 9.5000689906e-08 9.5000689906e-08 3.7265783892e-07
 9.5104486170e-08 9.5104486170e-08 2.8461024269e-07
 9.5204736873e-08 9.5204736873e-08 2.1941585226e-07
 9.5305350481e-08 9.5305350481e-08 1.6895383016e-07
 9.5409043870e-08 9.5409043870e-08 1.2897207164e-07
 9.5516616878e-08 9.5516616878e-08 9.7363347590e-08
 9.5629573646e-08 9.5629573646e-08 7.2378552581e-08
 9.5750168144e-08 9.5750168144e-08 5.2641302422e-08
 9.5881621977e-08 9.5881621977e-08 3.7101904710e-08
 9.6029167375e-08 9.6029167375e-08 2.4934730909e-08
 9.6206329264e-08 9.6206329264e-08 1.5303593352e-08
 9.6429438792e-08 9.6429438792e-08 8.0279056866e-09
 9.6654799428e-08 9.6654799428e-08 4.0280216409e-09
 9.6837476344e-08 9.6837476344e-08 2.2886292327e-09
 9.6993555645e-08 9.6993555645e-08 1.4303094626e-09
 9.7055501221e-08 9.7055501221e-08 1.2065853973e-09
 9.7109637535e-08 9.7109637535e-08 1.0460064368e-09
 9.7188312221e-08 9.7188312221e-08 8.5196991276e-10
 9.7301148297e-08 9.7301148297e-08 6.3416306634e-10
 9.7335755066e-08 9.7335755066e-08 5.8008085728e-10
 9.7370120106e-08 9.7370120106e-08 5.3121553892e-10
 9.7403236145e-08 9.7403236145e-08 4.8812708984e-10
 9.7431418993e-08 9.7431418993e-08 4.5426992136e-10
 9.7459679965e-08 9.7459679965e-08 4.2269996898e-10
 9.7489777018e-08 9.7489777018e-08 3.9149751366e-10
 9.7522004771e-08 9.7522004771e-08 3.6063916955e-10
 9.7557921612e-08 9.7557921612e-08 3.2910453210e-10
 9.7600338128e-08 9.7600338128e-08 2.9538412966e-10
 9.7656418058e-08 9.7656418058e-08 2.5599895878e-10
 9.7745267167e-08 9.7745267167e-08 2.0383768459e-10
 9.7814272793e-08 9.7814272793e-08 1.7076948585e-10
 9.7868306719e-08 9.7868306719e-08 1.4875537312e-10
 9.7918965917e-08 9.7918965917e-08 1.3076026379e-10
 9.7967715815e-08 9.7967715815e-08 1.1553985170e-10
 9.8015525313e-08 9.8015525313e-08 1.0236263511e-10
 9.8064137200e-08 9.8064137200e-08 9.0525992781e-11
 9.8114543261e-08 9.8114543261e-08 7.9714967498e-11
 9.8167444377e-08 9.8167444377e-08 6.9773103028e-11
 9.8223658730e-08 9.8223658730e-08 6.0582948302e-11
 9.8284079313e-08 9.8284079313e-08 5.2070988310e-11
 9.8349728236e-08 9.8349728236e-08 4.4195537830e-11
 9.8421881831e-08 9.8421881831e-08 3.6933169827e-11
 9.8502185659e-08 9.8502185659e-08 3.0275865187e-11
 9.8592816312e-08 9.8592816312e-08 2.4229951398e-11
 9.8696734925e-08 9.8696734925e-08 1.8815091735e-11
 9.8818072602e-08 9.8818072602e-08 1.4063790245e-11
 9.8962723565e-08 9.8962723565e-08 1.0019989300e-11
 9.9139250942e-08 9.9139250942e-08 6.7341858686e-12
 9.9360207657e-08 9.9360207657e-08 4.2505938649e-12
 9.9643936399e-08 9.9643936399e-08 2.5800810467e-12
 1.0000000000e-07 1.0000000000e-07 1.6910071700e-12
