 v-sweep         v(drain_iv)     v(gate_iv)      id              is              ib              ig              kcl            
 0.00000000e+00  0.00000000e+00  0.00000000e+00  0.00000000e+00  0.00000000e+00  0.00000000e+00  0.00000000e+00  0.00000000e+00 
-1.00000000e-01 -1.00000000e-01  0.00000000e+00  1.88903193e-13 -1.88803193e-13 -1.00000000e-16  0.00000000e+00  5.48504848e-30 
-2.00000000e-01 -2.00000000e-01  0.00000000e+00  5.26923188e-14 -5.24923188e-14 -2.00000000e-16  0.00000000e+00  1.65167752e-30 
-3.00000000e-01 -3.00000000e-01  0.00000000e+00  5.51938212e-14 -5.48938212e-14 -3.00000000e-16  0.00000000e+00  3.89500072e-30 
-4.00000000e-01 -4.00000000e-01  0.00000000e+00  5.75945361e-14 -5.71945361e-14 -4.00000000e-16  0.00000000e+00  9.31841944e-30 
-5.00000000e-01 -5.00000000e-01  0.00000000e+00  5.99537996e-14 -5.94537996e-14 -5.00000000e-16  0.00000000e+00  2.16936749e-30 
-6.00000000e-01 -6.00000000e-01  0.00000000e+00  6.22891747e-14 -6.16891747e-14 -6.00000000e-16  0.00000000e+00  7.59278621e-30 
-7.00000000e-01 -7.00000000e-01  0.00000000e+00  6.46087371e-14 -6.39087371e-14 -7.00000000e-16  0.00000000e+00  4.93038066e-31 
-8.00000000e-01 -8.00000000e-01  0.00000000e+00  6.69171027e-14 -6.61171027e-14 -8.00000000e-16  0.00000000e+00  5.91645679e-30 
-9.00000000e-01 -9.00000000e-01  0.00000000e+00  6.92172428e-14 -6.83172428e-14 -9.00000000e-16  0.00000000e+00  1.18329136e-30 
-1.00000000e+00 -1.00000000e+00  0.00000000e+00  7.15112377e-14 -7.05112377e-14 -1.00000000e-15  0.00000000e+00  8.48025473e-30 
-1.10000000e+00 -1.10000000e+00  0.00000000e+00  7.38007186e-14 -7.27007186e-14 -1.10000000e-15  0.00000000e+00  2.95822839e-30 
-1.20000000e+00 -1.20000000e+00  0.00000000e+00  7.60872699e-14 -7.48872699e-14 -1.20000000e-15  0.00000000e+00  2.56379794e-30 
 0.00000000e+00  0.00000000e+00 -2.00000000e-01  0.00000000e+00  0.00000000e+00  0.00000000e+00  0.00000000e+00  0.00000000e+00 
-1.00000000e-01 -1.00000000e-01 -2.00000000e-01  3.80052186e-11 -3.80051186e-11 -1.00000000e-16  0.00000000e+00  4.34625381e-28 
-2.00000000e-01 -2.00000000e-01 -2.00000000e-01  4.03484934e-11 -4.03482934e-11 -2.00000000e-16  0.00000000e+00  5.59309777e-27 
-3.00000000e-01 -3.00000000e-01 -2.00000000e-01  4.21944977e-11 -4.21941977e-11 -3.00000000e-16  0.00000000e+00  5.15841076e-27 
-4.00000000e-01 -4.00000000e-01 -2.00000000e-01  4.39630310e-11 -4.39626310e-11 -4.00000000e-16  0.00000000e+00  1.73850152e-27 
-5.00000000e-01 -5.00000000e-01 -2.00000000e-01  4.56997024e-11 -4.56992024e-11 -5.00000000e-16  0.00000000e+00  2.17311458e-27 
-6.00000000e-01 -6.00000000e-01 -2.00000000e-01  4.74180118e-11 -4.74174118e-11 -6.00000000e-16  0.00000000e+00  2.60767833e-27 
-7.00000000e-01 -7.00000000e-01 -2.00000000e-01  4.91241667e-11 -4.91234667e-11 -7.00000000e-16  0.00000000e+00  3.42000785e-27 
-8.00000000e-01 -8.00000000e-01 -2.00000000e-01  5.08217150e-11 -5.08209150e-11 -8.00000000e-16  0.00000000e+00  3.47690444e-27 
-9.00000000e-01 -9.00000000e-01 -2.00000000e-01  5.25129406e-11 -5.25120406e-11 -9.00000000e-16  0.00000000e+00  3.91156680e-27 
-1.00000000e+00 -1.00000000e+00 -2.00000000e-01  5.41994428e-11 -5.41984428e-11 -1.00000000e-15  0.00000000e+00  2.11631659e-27 
-1.10000000e+00 -1.10000000e+00 -2.00000000e-01  5.58824751e-11 -5.58813751e-11 -1.10000000e-15  0.00000000e+00  4.78069430e-27 
-1.20000000e+00 -1.20000000e+00 -2.00000000e-01  5.75632556e-11 -5.75620556e-11 -1.20000000e-15  0.00000000e+00  1.24699188e-27 
 0.00000000e+00  0.00000000e+00 -4.00000000e-01  0.00000000e+00  0.00000000e+00  0.00000000e+00  0.00000000e+00  0.00000000e+00 
-1.00000000e-01 -1.00000000e-01 -4.00000000e-01  2.64310676e-08 -2.64310675e-08 -1.00000000e-16  0.00000000e+00  1.62248411e-24 
-2.00000000e-01 -2.00000000e-01 -4.00000000e-01  2.80566151e-08 -2.80566149e-08 -2.00000000e-16  0.00000000e+00  6.37542346e-26 
-3.00000000e-01 -3.00000000e-01 -4.00000000e-01  2.93335983e-08 -2.93335980e-08 -3.00000000e-16  0.00000000e+00  1.55872993e-24 
-4.00000000e-01 -4.00000000e-01 -4.00000000e-01  3.05564362e-08 -3.05564358e-08 -4.00000000e-16  0.00000000e+00  6.74495337e-24 
-5.00000000e-01 -5.00000000e-01 -4.00000000e-01  3.17570086e-08 -3.17570081e-08 -5.00000000e-16  0.00000000e+00  1.81374682e-24 
-6.00000000e-01 -6.00000000e-01 -4.00000000e-01  3.29447414e-08 -3.29447408e-08 -6.00000000e-16  0.00000000e+00  3.11745967e-24 
-7.00000000e-01 -7.00000000e-01 -4.00000000e-01  3.41239678e-08 -3.41239671e-08 -7.00000000e-16  0.00000000e+00  5.18622353e-24 
-8.00000000e-01 -8.00000000e-01 -4.00000000e-01  3.52971648e-08 -3.52971640e-08 -8.00000000e-16  0.00000000e+00  2.55017037e-25 
-9.00000000e-01 -9.00000000e-01 -4.00000000e-01  3.64659271e-08 -3.64659262e-08 -9.00000000e-16  0.00000000e+00  4.67618956e-24 
-1.00000000e+00 -1.00000000e+00 -4.00000000e-01  3.76313716e-08 -3.76313706e-08 -1.00000000e-15  0.00000000e+00  3.62749385e-24 
-1.10000000e+00 -1.10000000e+00 -4.00000000e-01  3.87943733e-08 -3.87943722e-08 -1.10000000e-15  0.00000000e+00  1.30371275e-24 
-1.20000000e+00 -1.20000000e+00 -4.00000000e-01  3.99557810e-08 -3.99557798e-08 -1.20000000e-15  0.00000000e+00  3.82525555e-25 
 0.00000000e+00  0.00000000e+00 -6.00000000e-01  0.00000000e+00  0.00000000e+00  0.00000000e+00  0.00000000e+00  0.00000000e+00 
-1.00000000e-01 -1.00000000e-01 -6.00000000e-01  6.99423822e-06 -6.99423822e-06 -1.00000000e-16  0.00000000e+00  1.37280105e-22 
-2.00000000e-01 -2.00000000e-01 -6.00000000e-01  7.51036087e-06 -7.51036087e-06 -2.00000000e-16  0.00000000e+00  2.74560209e-22 
-3.00000000e-01 -3.00000000e-01 -6.00000000e-01  7.73513613e-06 -7.73513613e-06 -3.00000000e-16  0.00000000e+00  4.35192633e-22 
-4.00000000e-01 -4.00000000e-01 -6.00000000e-01  7.93293913e-06 -7.93293913e-06 -4.00000000e-16  0.00000000e+00  5.49120418e-22 
-5.00000000e-01 -5.00000000e-01 -6.00000000e-01  8.12130484e-06 -8.12130484e-06 -5.00000000e-16  0.00000000e+00  1.60632424e-22 
-6.00000000e-01 -6.00000000e-01 -6.00000000e-01  8.30434787e-06 -8.30434787e-06 -6.00000000e-16  0.00000000e+00  8.23680627e-22 
-7.00000000e-01 -7.00000000e-01 -6.00000000e-01  8.48379279e-06 -8.48379278e-06 -7.00000000e-16  0.00000000e+00  1.13927785e-22 
-8.00000000e-01 -8.00000000e-01 -6.00000000e-01  8.66059323e-06 -8.66059323e-06 -8.00000000e-16  0.00000000e+00  1.09824084e-21 
-9.00000000e-01 -9.00000000e-01 -6.00000000e-01  8.83535720e-06 -8.83535720e-06 -9.00000000e-16  0.00000000e+00  3.88487994e-22 
-1.00000000e+00 -1.00000000e+00 -6.00000000e-01  9.00850681e-06 -9.00850681e-06 -1.00000000e-15  0.00000000e+00  3.21264849e-22 
-1.10000000e+00 -1.10000000e+00 -6.00000000e-01  9.18035873e-06 -9.18035873e-06 -1.10000000e-15  0.00000000e+00  6.63048203e-22 
-1.20000000e+00 -1.20000000e+00 -6.00000000e-01  9.35118201e-06 -9.35118200e-06 -1.20000000e-15  0.00000000e+00  4.67046399e-23 
 0.00000000e+00  0.00000000e+00 -8.00000000e-01  0.00000000e+00  0.00000000e+00  0.00000000e+00  0.00000000e+00  0.00000000e+00 
-1.00000000e-01 -1.00000000e-01 -8.00000000e-01  6.08537904e-05 -6.08537904e-05 -1.00000000e-16  0.00000000e+00  2.67837895e-21 
-2.00000000e-01 -2.00000000e-01 -8.00000000e-01  9.07798838e-05 -9.07798838e-05 -2.00000000e-16  0.00000000e+00  8.19576926e-21 
-3.00000000e-01 -3.00000000e-01 -8.00000000e-01  9.88778373e-05 -9.88778373e-05 -3.00000000e-16  0.00000000e+00  1.25887326e-21 
-4.00000000e-01 -4.00000000e-01 -8.00000000e-01  1.01126231e-04 -1.01126231e-04 -4.00000000e-16  0.00000000e+00  1.07135158e-20 
-5.00000000e-01 -5.00000000e-01 -8.00000000e-01  1.02607787e-04 -1.02607787e-04 -5.00000000e-16  0.00000000e+00  6.93689600e-21 
-6.00000000e-01 -6.00000000e-01 -8.00000000e-01  1.03886251e-04 -1.03886251e-04 -6.00000000e-16  0.00000000e+00  2.51774652e-21 
-7.00000000e-01 -7.00000000e-01 -8.00000000e-01  1.05063450e-04 -1.05063450e-04 -7.00000000e-16  0.00000000e+00  1.58013811e-21 
-8.00000000e-01 -8.00000000e-01 -8.00000000e-01  1.06174913e-04 -1.06174913e-04 -8.00000000e-16  0.00000000e+00  5.67802274e-21 
-9.00000000e-01 -9.00000000e-01 -8.00000000e-01  1.07238562e-04 -1.07238562e-04 -9.00000000e-16  0.00000000e+00  3.77661978e-21 
-1.00000000e+00 -1.00000000e+00 -8.00000000e-01  1.08265322e-04 -1.08265322e-04 -1.00000000e-15  0.00000000e+00  3.21264849e-22 
-1.10000000e+00 -1.10000000e+00 -8.00000000e-01  1.09262577e-04 -1.09262577e-04 -1.10000000e-15  0.00000000e+00  4.41914948e-21 
-1.20000000e+00 -1.20000000e+00 -8.00000000e-01  1.10235685e-04 -1.10235685e-04 -1.20000000e-15  0.00000000e+00  8.51703411e-21 
 0.00000000e+00  0.00000000e+00 -1.00000000e+00  0.00000000e+00  0.00000000e+00  0.00000000e+00  0.00000000e+00  0.00000000e+00 
-1.00000000e-01 -1.00000000e-01 -1.00000000e+00  1.15959119e-04 -1.15959119e-04 -1.00000000e-16  0.00000000e+00  4.09788463e-21 
-2.00000000e-01 -2.00000000e-01 -1.00000000e+00  1.98381371e-04 -1.98381371e-04 -2.00000000e-16  0.00000000e+00  1.89092850e-20 
-3.00000000e-01 -3.00000000e-01 -1.00000000e+00  2.48611209e-04 -2.48611209e-04 -3.00000000e-16  0.00000000e+00  1.25887326e-21 
-4.00000000e-01 -4.00000000e-01 -1.00000000e+00  2.71056816e-04 -2.71056816e-04 -4.00000000e-16  0.00000000e+00  1.63915385e-20 
-5.00000000e-01 -5.00000000e-01 -1.00000000e+00  2.78624694e-04 -2.78624694e-04 -5.00000000e-16  0.00000000e+00  3.40419503e-20 
-6.00000000e-01 -6.00000000e-01 -1.00000000e+00  2.82498694e-04 -2.82498694e-04 -6.00000000e-16  0.00000000e+00  2.51774652e-21 
-7.00000000e-01 -7.00000000e-01 -1.00000000e+00  2.85493476e-04 -2.85493476e-04 -7.00000000e-16  0.00000000e+00  1.51326653e-20 
-8.00000000e-01 -8.00000000e-01 -1.00000000e+00  2.88119742e-04 -2.88119742e-04 -8.00000000e-16  0.00000000e+00  2.14270316e-20 
-9.00000000e-01 -9.00000000e-01 -1.00000000e+00  2.90525572e-04 -2.90525572e-04 -9.00000000e-16  0.00000000e+00  3.77661978e-21 
-1.00000000e+00 -1.00000000e+00 -1.00000000e+00  2.92776949e-04 -2.92776949e-04 -1.00000000e-15  0.00000000e+00  1.38737920e-20 
-1.10000000e+00 -1.10000000e+00 -1.00000000e+00  2.94911432e-04 -2.94911432e-04 -1.10000000e-15  0.00000000e+00  3.15242038e-20 
-1.20000000e+00 -1.20000000e+00 -1.00000000e+00  2.96953442e-04 -2.96953442e-04 -1.20000000e-15  0.00000000e+00  5.03549304e-21 
 0.00000000e+00  0.00000000e+00 -1.20000000e+00  0.00000000e+00  0.00000000e+00  0.00000000e+00  0.00000000e+00  0.00000000e+00 
-1.00000000e-01 -1.00000000e-01 -1.20000000e+00  1.65664029e-04 -1.65664029e-04 -1.00000000e-16  0.00000000e+00  1.76504118e-20 
-2.00000000e-01 -2.00000000e-01 -1.20000000e+00  2.97657853e-04 -2.97657853e-04 -2.00000000e-16  0.00000000e+00  1.89092850e-20 
-3.00000000e-01 -3.00000000e-01 -1.20000000e+00  3.96774622e-04 -3.96774622e-04 -3.00000000e-16  0.00000000e+00  1.25887326e-21 
-4.00000000e-01 -4.00000000e-01 -1.20000000e+00  4.64086594e-04 -4.64086594e-04 -4.00000000e-16  0.00000000e+00  3.78185701e-20 
-5.00000000e-01 -5.00000000e-01 -1.20000000e+00  5.02106940e-04 -5.02106940e-04 -5.00000000e-16  0.00000000e+00  7.43782669e-20 
-6.00000000e-01 -6.00000000e-01 -1.20000000e+00  5.18810882e-04 -5.18810882e-04 -6.00000000e-16  0.00000000e+00  2.51774652e-21 
-7.00000000e-01 -7.00000000e-01 -1.20000000e+00  5.26690077e-04 -5.26690077e-04 -7.00000000e-16  0.00000000e+00  6.93427739e-20 
-8.00000000e-01 -8.00000000e-01 -1.20000000e+00  5.32115729e-04 -5.32115729e-04 -8.00000000e-16  0.00000000e+00  7.56371402e-20 
-9.00000000e-01 -9.00000000e-01 -1.20000000e+00  5.36638547e-04 -5.36638547e-04 -9.00000000e-16  0.00000000e+00  3.77661978e-21 
-1.00000000e+00 -1.00000000e+00 -1.20000000e+00  5.40670147e-04 -5.40670147e-04 -1.00000000e-15  0.00000000e+00  4.03363166e-20 
-1.10000000e+00 -1.10000000e+00 -1.20000000e+00  5.44373040e-04 -5.44373040e-04 -1.10000000e-15  0.00000000e+00  3.15242038e-20 
-1.20000000e+00 -1.20000000e+00 -1.20000000e+00  5.47832965e-04 -5.47832965e-04 -1.20000000e-15  0.00000000e+00  5.03549304e-21 
