v-sweep v(drain_iv) v(gate_iv) id is ib ig kcl
0.000000e+00 0.000000e+00 0.000000e+00 2.126000e-27 2.126000e-27 0.000000e+00 -4.252000e-27 0.000000e+00
1.000000e-02 1.000000e-02 0.000000e+00 -5.689293e-16 5.589293e-16 1.000000e-17 -2.996300e-27 2.996363e-27
2.000000e-02 2.000000e-02 0.000000e+00 -9.391184e-16 9.191184e-16 2.000000e-17 -2.305100e-27 2.305226e-27
3.000000e-02 3.000000e-02 0.000000e+00 -1.162800e-15 1.132800e-15 3.000000e-17 -1.944700e-27 1.944595e-27
4.000000e-02 4.000000e-02 0.000000e+00 -1.294900e-15 1.254900e-15 4.000000e-17 -1.764100e-27 1.764155e-27
5.000000e-02 5.000000e-02 0.000000e+00 -1.377900e-15 1.327900e-15 5.000000e-17 -1.672900e-27 1.672721e-27
6.000000e-02 6.000000e-02 0.000000e+00 -1.435900e-15 1.375900e-15 6.000000e-17 -1.624700e-27 1.624885e-27
7.000000e-02 7.000000e-02 0.000000e+00 -1.480800e-15 1.410800e-15 7.000000e-17 -1.597700e-27 1.597453e-27
8.000000e-02 8.000000e-02 0.000000e+00 -1.518200e-15 1.438200e-15 8.000000e-17 -1.581700e-27 1.581811e-27
9.000000e-02 9.000000e-02 0.000000e+00 -1.551200e-15 1.461200e-15 9.000000e-17 -1.571700e-27 1.571577e-27
1.000000e-01 1.000000e-01 0.000000e+00 -1.581100e-15 1.481100e-15 1.000000e-16 -1.565200e-27 1.565040e-27
1.100000e-01 1.100000e-01 0.000000e+00 -1.609000e-15 1.499000e-15 1.100000e-16 -1.560800e-27 1.560603e-27
1.200000e-01 1.200000e-01 0.000000e+00 -1.635200e-15 1.515200e-15 1.200000e-16 -1.557700e-27 1.557478e-27
1.300000e-01 1.300000e-01 0.000000e+00 -1.660300e-15 1.530300e-15 1.300000e-16 -1.555400e-27 1.555523e-27
1.400000e-01 1.400000e-01 0.000000e+00 -1.684400e-15 1.544400e-15 1.400000e-16 -1.553800e-27 1.553701e-27
1.500000e-01 1.500000e-01 0.000000e+00 -1.707600e-15 1.557600e-15 1.500000e-16 -1.552500e-27 1.552352e-27
1.600000e-01 1.600000e-01 0.000000e+00 -1.730200e-15 1.570200e-15 1.600000e-16 -1.551600e-27 1.551625e-27
1.700000e-01 1.700000e-01 0.000000e+00 -1.752100e-15 1.582100e-15 1.700000e-16 -1.550800e-27 1.550800e-27
1.800000e-01 1.800000e-01 0.000000e+00 -1.773500e-15 1.593500e-15 1.800000e-16 -1.550200e-27 1.550348e-27
1.900000e-01 1.900000e-01 0.000000e+00 -1.794400e-15 1.604400e-15 1.900000e-16 -1.549800e-27 1.549726e-27
2.000000e-01 2.000000e-01 0.000000e+00 -1.814800e-15 1.614800e-15 2.000000e-16 -1.549400e-27 1.549474e-27
2.100000e-01 2.100000e-01 0.000000e+00 -1.834900e-15 1.624900e-15 2.100000e-16 -1.549100e-27 1.549149e-27
2.200000e-01 2.200000e-01 0.000000e+00 -1.854600e-15 1.634600e-15 2.200000e-16 -1.548800e-27 1.548800e-27
2.300000e-01 2.300000e-01 0.000000e+00 -1.873900e-15 1.643900e-15 2.300000e-16 -1.548600e-27 1.548551e-27
2.400000e-01 2.400000e-01 0.000000e+00 -1.893000e-15 1.653000e-15 2.400000e-16 -1.548400e-27 1.548351e-27
2.500000e-01 2.500000e-01 0.000000e+00 -1.911700e-15 1.661700e-15 2.500000e-16 -1.548300e-27 1.548399e-27
2.600000e-01 2.600000e-01 0.000000e+00 -1.930200e-15 1.670200e-15 2.600000e-16 -1.548100e-27 1.548149e-27
2.700000e-01 2.700000e-01 0.000000e+00 -1.948500e-15 1.678500e-15 2.700000e-16 -1.548000e-27 1.547852e-27
2.800000e-01 2.800000e-01 0.000000e+00 -1.966500e-15 1.686500e-15 2.800000e-16 -1.547900e-27 1.547506e-27
2.900000e-01 2.900000e-01 0.000000e+00 -1.984200e-15 1.694200e-15 2.900000e-16 -1.547800e-27 1.547948e-27
3.000000e-01 3.000000e-01 0.000000e+00 -2.001800e-15 1.701800e-15 3.000000e-16 -1.547800e-27 1.547504e-27
3.100000e-01 3.100000e-01 0.000000e+00 -2.019200e-15 1.709200e-15 3.100000e-16 -1.547700e-27 1.547601e-27
3.200000e-01 3.200000e-01 0.000000e+00 -2.036300e-15 1.716300e-15 3.200000e-16 -1.547600e-27 1.547847e-27
3.300000e-01 3.300000e-01 0.000000e+00 -2.053300e-15 1.723300e-15 3.300000e-16 -1.547600e-27 1.547797e-27
3.400000e-01 3.400000e-01 0.000000e+00 -2.070200e-15 1.730200e-15 3.400000e-16 -1.547600e-27 1.547403e-27
3.500000e-01 3.500000e-01 0.000000e+00 -2.086900e-15 1.736900e-15 3.500000e-16 -1.547500e-27 1.547253e-27
3.600000e-01 3.600000e-01 0.000000e+00 -2.103400e-15 1.743400e-15 3.600000e-16 -1.547500e-27 1.547401e-27
3.700000e-01 3.700000e-01 0.000000e+00 -2.119700e-15 1.749700e-15 3.700000e-16 -1.547400e-27 1.547252e-27
3.800000e-01 3.800000e-01 0.000000e+00 -2.136000e-15 1.756000e-15 3.800000e-16 -1.547400e-27 1.547647e-27
3.900000e-01 3.900000e-01 0.000000e+00 -2.152100e-15 1.762100e-15 3.900000e-16 -1.547400e-27 1.547203e-27
4.000000e-01 4.000000e-01 0.000000e+00 -2.168100e-15 1.768100e-15 4.000000e-16 -1.547400e-27 1.547548e-27
4.100000e-01 4.100000e-01 0.000000e+00 -2.183900e-15 1.773900e-15 4.100000e-16 -1.547400e-27 1.547548e-27
4.200000e-01 4.200000e-01 0.000000e+00 -2.199700e-15 1.779700e-15 4.200000e-16 -1.547300e-27 1.547399e-27
4.300000e-01 4.300000e-01 0.000000e+00 -2.215300e-15 1.785300e-15 4.300000e-16 -1.547300e-27 1.547152e-27
4.400000e-01 4.400000e-01 0.000000e+00 -2.230800e-15 1.790800e-15 4.400000e-16 -1.547300e-27 1.546906e-27
4.500000e-01 4.500000e-01 0.000000e+00 -2.246200e-15 1.796200e-15 4.500000e-16 -1.547300e-27 1.547103e-27
4.600000e-01 4.600000e-01 0.000000e+00 -2.261600e-15 1.801600e-15 4.600000e-16 -1.547300e-27 1.547201e-27
4.700000e-01 4.700000e-01 0.000000e+00 -2.276800e-15 1.806800e-15 4.700000e-16 -1.547300e-27 1.547399e-27
4.800000e-01 4.800000e-01 0.000000e+00 -2.291900e-15 1.811900e-15 4.800000e-16 -1.547200e-27 1.547496e-27
4.900000e-01 4.900000e-01 0.000000e+00 -2.306900e-15 1.816900e-15 4.900000e-16 -1.547200e-27 1.547594e-27
5.000000e-01 5.000000e-01 0.000000e+00 -2.321900e-15 1.821900e-15 5.000000e-16 -1.547200e-27 1.547003e-27
5.100000e-01 5.100000e-01 0.000000e+00 -2.336800e-15 1.826800e-15 5.100000e-16 -1.547200e-27 1.547594e-27
5.200000e-01 5.200000e-01 0.000000e+00 -2.351600e-15 1.831600e-15 5.200000e-16 -1.547200e-27 1.547299e-27
5.300000e-01 5.300000e-01 0.000000e+00 -2.366300e-15 1.836300e-15 5.300000e-16 -1.547200e-27 1.547101e-27
5.400000e-01 5.400000e-01 0.000000e+00 -2.380900e-15 1.840900e-15 5.400000e-16 -1.547200e-27 1.547299e-27
5.500000e-01 5.500000e-01 0.000000e+00 -2.395500e-15 1.845500e-15 5.500000e-16 -1.547200e-27 1.547397e-27
5.600000e-01 5.600000e-01 0.000000e+00 -2.410000e-15 1.850000e-15 5.600000e-16 -1.547200e-27 1.547594e-27
5.700000e-01 5.700000e-01 0.000000e+00 -2.424500e-15 1.854500e-15 5.700000e-16 -1.547200e-27 1.547397e-27
5.800000e-01 5.800000e-01 0.000000e+00 -2.438800e-15 1.858800e-15 5.800000e-16 -1.547200e-27 1.547101e-27
5.900000e-01 5.900000e-01 0.000000e+00 -2.453100e-15 1.863100e-15 5.900000e-16 -1.547200e-27 1.547299e-27
6.000000e-01 6.000000e-01 0.000000e+00 -2.467400e-15 1.867400e-15 6.000000e-16 -1.547200e-27 1.547397e-27
6.100000e-01 6.100000e-01 0.000000e+00 -2.481600e-15 1.871600e-15 6.100000e-16 -1.547200e-27 1.547200e-27
6.200000e-01 6.200000e-01 0.000000e+00 -2.495700e-15 1.875700e-15 6.200000e-16 -1.547200e-27 1.547003e-27
6.300000e-01 6.300000e-01 0.000000e+00 -2.509800e-15 1.879800e-15 6.300000e-16 -1.547200e-27 1.547101e-27
6.400000e-01 6.400000e-01 0.000000e+00 -2.523800e-15 1.883800e-15 6.400000e-16 -1.547200e-27 1.547299e-27
6.500000e-01 6.500000e-01 0.000000e+00 -2.537700e-15 1.887700e-15 6.500000e-16 -1.547100e-27 1.547396e-27
6.600000e-01 6.600000e-01 0.000000e+00 -2.551700e-15 1.891700e-15 6.600000e-16 -1.547100e-27 1.547100e-27
6.700000e-01 6.700000e-01 0.000000e+00 -2.565500e-15 1.895500e-15 6.700000e-16 -1.547100e-27 1.547297e-27
6.800000e-01 6.800000e-01 0.000000e+00 -2.579300e-15 1.899300e-15 6.800000e-16 -1.547100e-27 1.547100e-27
6.900000e-01 6.900000e-01 0.000000e+00 -2.593100e-15 1.903100e-15 6.900000e-16 -1.547100e-27 1.547199e-27
7.000000e-01 7.000000e-01 0.000000e+00 -2.606800e-15 1.906800e-15 7.000000e-16 -1.547100e-27 1.547001e-27
7.100000e-01 7.100000e-01 0.000000e+00 -2.620500e-15 1.910500e-15 7.100000e-16 -1.547100e-27 1.546706e-27
7.200000e-01 7.200000e-01 0.000000e+00 -2.634100e-15 1.914100e-15 7.200000e-16 -1.547100e-27 1.547297e-27
7.300000e-01 7.300000e-01 0.000000e+00 -2.647700e-15 1.917700e-15 7.300000e-16 -1.547100e-27 1.547100e-27
7.400000e-01 7.400000e-01 0.000000e+00 -2.661200e-15 1.921200e-15 7.400000e-16 -1.547100e-27 1.547199e-27
7.500000e-01 7.500000e-01 0.000000e+00 -2.674700e-15 1.924700e-15 7.500000e-16 -1.547100e-27 1.547001e-27
7.600000e-01 7.600000e-01 0.000000e+00 -2.688200e-15 1.928200e-15 7.600000e-16 -1.547100e-27 1.547199e-27
7.700000e-01 7.700000e-01 0.000000e+00 -2.701600e-15 1.931600e-15 7.700000e-16 -1.547100e-27 1.547297e-27
7.800000e-01 7.800000e-01 0.000000e+00 -2.715000e-15 1.935000e-15 7.800000e-16 -1.547100e-27 1.547100e-27
7.900000e-01 7.900000e-01 0.000000e+00 -2.728300e-15 1.938300e-15 7.900000e-16 -1.547100e-27 1.547297e-27
8.000000e-01 8.000000e-01 0.000000e+00 -2.741700e-15 1.941700e-15 8.000000e-16 -1.547100e-27 1.547001e-27
8.100000e-01 8.100000e-01 0.000000e+00 -2.754900e-15 1.944900e-15 8.100000e-16 -1.547100e-27 1.547199e-27
8.200000e-01 8.200000e-01 0.000000e+00 -2.768200e-15 1.948200e-15 8.200000e-16 -1.547100e-27 1.547396e-27
8.300000e-01 8.300000e-01 0.000000e+00 -2.781400e-15 1.951400e-15 8.300000e-16 -1.547100e-27 1.547100e-27
8.400000e-01 8.400000e-01 0.000000e+00 -2.794600e-15 1.954600e-15 8.400000e-16 -1.547100e-27 1.547297e-27
8.500000e-01 8.500000e-01 0.000000e+00 -2.807700e-15 1.957700e-15 8.500000e-16 -1.547100e-27 1.547001e-27
8.600000e-01 8.600000e-01 0.000000e+00 -2.820800e-15 1.960800e-15 8.600000e-16 -1.547100e-27 1.547199e-27
8.700000e-01 8.700000e-01 0.000000e+00 -2.833900e-15 1.963900e-15 8.700000e-16 -1.547100e-27 1.547001e-27
8.800000e-01 8.800000e-01 0.000000e+00 -2.846900e-15 1.966900e-15 8.800000e-16 -1.547100e-27 1.547494e-27
8.900000e-01 8.900000e-01 0.000000e+00 -2.860000e-15 1.970000e-15 8.900000e-16 -1.547100e-27 1.546903e-27
9.000000e-01 9.000000e-01 0.000000e+00 -2.872900e-15 1.972900e-15 9.000000e-16 -1.547100e-27 1.547100e-27
9.100000e-01 9.100000e-01 0.000000e+00 -2.885900e-15 1.975900e-15 9.100000e-16 -1.547100e-27 1.547297e-27
9.200000e-01 9.200000e-01 0.000000e+00 -2.898800e-15 1.978800e-15 9.200000e-16 -1.547100e-27 1.546903e-27
9.300000e-01 9.300000e-01 0.000000e+00 -2.911700e-15 1.981700e-15 9.300000e-16 -1.547100e-27 1.547100e-27
9.400000e-01 9.400000e-01 0.000000e+00 -2.924600e-15 1.984600e-15 9.400000e-16 -1.547100e-27 1.547297e-27
9.500000e-01 9.500000e-01 0.000000e+00 -2.937500e-15 1.987500e-15 9.500000e-16 -1.547100e-27 1.547100e-27
9.600000e-01 9.600000e-01 0.000000e+00 -2.950300e-15 1.990300e-15 9.600000e-16 -1.547100e-27 1.547297e-27
9.700000e-01 9.700000e-01 0.000000e+00 -2.963100e-15 1.993100e-15 9.700000e-16 -1.547100e-27 1.546706e-27
9.800000e-01 9.800000e-01 0.000000e+00 -2.975900e-15 1.995900e-15 9.800000e-16 -1.547100e-27 1.547100e-27
9.900000e-01 9.900000e-01 0.000000e+00 -2.988600e-15 1.998600e-15 9.900000e-16 -1.547100e-27 1.546903e-27
1.000000e+00 1.000000e+00 0.000000e+00 -3.001400e-15 2.001400e-15 1.000000e-15 -1.547100e-27 1.547100e-27
1.010000e+00 1.010000e+00 0.000000e+00 -3.014100e-15 2.004100e-15 1.010000e-15 -1.547100e-27 1.546903e-27
1.020000e+00 1.020000e+00 0.000000e+00 -3.026700e-15 2.006700e-15 1.020000e-15 -1.547100e-27 1.547100e-27
1.030000e+00 1.030000e+00 0.000000e+00 -3.039400e-15 2.009400e-15 1.030000e-15 -1.547100e-27 1.547494e-27
1.040000e+00 1.040000e+00 0.000000e+00 -3.052000e-15 2.012000e-15 1.040000e-15 -1.547100e-27 1.546903e-27
1.050000e+00 1.050000e+00 0.000000e+00 -3.064600e-15 2.014600e-15 1.050000e-15 -1.547100e-27 1.546706e-27
1.060000e+00 1.060000e+00 0.000000e+00 -3.077200e-15 2.017200e-15 1.060000e-15 -1.547100e-27 1.546903e-27
1.070000e+00 1.070000e+00 0.000000e+00 -3.089800e-15 2.019800e-15 1.070000e-15 -1.547100e-27 1.546903e-27
1.080000e+00 1.080000e+00 0.000000e+00 -3.102400e-15 2.022400e-15 1.080000e-15 -1.547100e-27 1.546706e-27
1.090000e+00 1.090000e+00 0.000000e+00 -3.114900e-15 2.024900e-15 1.090000e-15 -1.547100e-27 1.546903e-27
1.100000e+00 1.100000e+00 0.000000e+00 -3.127400e-15 2.027400e-15 1.100000e-15 -1.547100e-27 1.547100e-27
1.110000e+00 1.110000e+00 0.000000e+00 -3.139900e-15 2.029900e-15 1.110000e-15 -1.547100e-27 1.546903e-27
1.120000e+00 1.120000e+00 0.000000e+00 -3.152400e-15 2.032400e-15 1.120000e-15 -1.547100e-27 1.547297e-27
1.130000e+00 1.130000e+00 0.000000e+00 -3.164800e-15 2.034800e-15 1.130000e-15 -1.547100e-27 1.547297e-27
1.140000e+00 1.140000e+00 0.000000e+00 -3.177200e-15 2.037200e-15 1.140000e-15 -1.547100e-27 1.547494e-27
1.150000e+00 1.150000e+00 0.000000e+00 -3.189700e-15 2.039700e-15 1.150000e-15 -1.547100e-27 1.547692e-27
1.160000e+00 1.160000e+00 0.000000e+00 -3.202100e-15 2.042100e-15 1.160000e-15 -1.547100e-27 1.547494e-27
1.170000e+00 1.170000e+00 0.000000e+00 -3.214400e-15 2.044400e-15 1.170000e-15 -1.547100e-27 1.547100e-27
1.180000e+00 1.180000e+00 0.000000e+00 -3.226800e-15 2.046800e-15 1.180000e-15 -1.547100e-27 1.546903e-27
1.190000e+00 1.190000e+00 0.000000e+00 -3.239100e-15 2.049100e-15 1.190000e-15 -1.547100e-27 1.547100e-27
1.200000e+00 1.200000e+00 0.000000e+00 -3.251500e-15 2.051500e-15 1.200000e-15 -1.547100e-27 1.547692e-27
0.000000e+00 0.000000e+00 2.000000e-01 1.227700e-20 1.227700e-20 1.716999e-13 -1.716999e-13 2.455400e-20
1.000000e-02 1.000000e-02 2.000000e-01 -1.343200e-12 1.343200e-12 1.717099e-13 -1.716999e-13 1.000000e-17
2.000000e-02 2.000000e-02 2.000000e-01 -2.208800e-12 2.208700e-12 1.717199e-13 -1.716999e-13 8.000000e-17
3.000000e-02 3.000000e-02 2.000000e-01 -2.722300e-12 2.722300e-12 1.717299e-13 -1.716999e-13 3.000000e-17
4.000000e-02 4.000000e-02 2.000000e-01 -3.015800e-12 3.015700e-12 1.717399e-13 -1.716999e-13 6.000000e-17
5.000000e-02 5.000000e-02 2.000000e-01 -3.191200e-12 3.191200e-12 1.717499e-13 -1.716999e-13 5.000000e-17
6.000000e-02 6.000000e-02 2.000000e-01 -3.306600e-12 3.306500e-12 1.717599e-13 -1.716999e-13 4.000000e-17
7.000000e-02 7.000000e-02 2.000000e-01 -3.390300e-12 3.390300e-12 1.717699e-13 -1.716999e-13 7.000000e-17
8.000000e-02 8.000000e-02 2.000000e-01 -3.456300e-12 3.456200e-12 1.717799e-13 -1.716999e-13 2.000000e-17
9.000000e-02 9.000000e-02 2.000000e-01 -3.511400e-12 3.511300e-12 1.717899e-13 -1.716999e-13 1.000000e-17
1.000000e-01 1.000000e-01 2.000000e-01 -3.559400e-12 3.559300e-12 1.717999e-13 -1.716999e-13 2.524355e-29
1.100000e-01 1.100000e-01 2.000000e-01 -3.602300e-12 3.602200e-12 1.718099e-13 -1.716999e-13 1.000000e-17
1.200000e-01 1.200000e-01 2.000000e-01 -3.641500e-12 3.641300e-12 1.718199e-13 -1.716999e-13 8.000000e-17
1.300000e-01 1.300000e-01 2.000000e-01 -3.677700e-12 3.677500e-12 1.718299e-13 -1.716999e-13 7.000000e-17
1.400000e-01 1.400000e-01 2.000000e-01 -3.711500e-12 3.711400e-12 1.718399e-13 -1.716999e-13 4.000000e-17
1.500000e-01 1.500000e-01 2.000000e-01 -3.743400e-12 3.743200e-12 1.718499e-13 -1.716999e-13 5.000000e-17
1.600000e-01 1.600000e-01 2.000000e-01 -3.773500e-12 3.773300e-12 1.718599e-13 -1.716999e-13 4.000000e-17
1.700000e-01 1.700000e-01 2.000000e-01 -3.802200e-12 3.802000e-12 1.718699e-13 -1.716999e-13 3.000000e-17
1.800000e-01 1.800000e-01 2.000000e-01 -3.829500e-12 3.829400e-12 1.718799e-13 -1.716999e-13 8.000000e-17
1.900000e-01 1.900000e-01 2.000000e-01 -3.855700e-12 3.855500e-12 1.718899e-13 -1.716999e-13 1.000000e-17
2.000000e-01 2.000000e-01 2.000000e-01 -3.880900e-12 3.880700e-12 1.718999e-13 -1.716999e-13 5.048710e-29
2.100000e-01 2.100000e-01 2.000000e-01 -3.905000e-12 3.904800e-12 1.719099e-13 -1.716999e-13 1.000000e-17
2.200000e-01 2.200000e-01 2.000000e-01 -3.928400e-12 3.928100e-12 1.719199e-13 -1.716999e-13 8.000000e-17
2.300000e-01 2.300000e-01 2.000000e-01 -3.950800e-12 3.950600e-12 1.719299e-13 -1.716999e-13 3.000000e-17
2.400000e-01 2.400000e-01 2.000000e-01 -3.972600e-12 3.972300e-12 1.719399e-13 -1.716999e-13 6.000000e-17
2.500000e-01 2.500000e-01 2.000000e-01 -3.993600e-12 3.993400e-12 1.719499e-13 -1.716999e-13 5.000000e-17
2.600000e-01 2.600000e-01 2.000000e-01 -4.014000e-12 4.013800e-12 1.719599e-13 -1.716999e-13 6.000000e-17
2.700000e-01 2.700000e-01 2.000000e-01 -4.033800e-12 4.033600e-12 1.719699e-13 -1.716999e-13 7.000000e-17
2.800000e-01 2.800000e-01 2.000000e-01 -4.053100e-12 4.052800e-12 1.719799e-13 -1.716999e-13 2.000000e-17
2.900000e-01 2.900000e-01 2.000000e-01 -4.071700e-12 4.071500e-12 1.719899e-13 -1.716999e-13 9.000000e-17
3.000000e-01 3.000000e-01 2.000000e-01 -4.089900e-12 4.089600e-12 1.719999e-13 -1.716999e-13 3.281661e-28
3.100000e-01 3.100000e-01 2.000000e-01 -4.107600e-12 4.107300e-12 1.720099e-13 -1.716999e-13 1.000000e-17
3.200000e-01 3.200000e-01 2.000000e-01 -4.124900e-12 4.124600e-12 1.720199e-13 -1.716999e-13 2.000000e-17
3.300000e-01 3.300000e-01 2.000000e-01 -4.141700e-12 4.141400e-12 1.720299e-13 -1.716999e-13 3.000000e-17
3.400000e-01 3.400000e-01 2.000000e-01 -4.158200e-12 4.157800e-12 1.720399e-13 -1.716999e-13 6.000000e-17
3.500000e-01 3.500000e-01 2.000000e-01 -4.174200e-12 4.173900e-12 1.720499e-13 -1.716999e-13 5.000000e-17
3.600000e-01 3.600000e-01 2.000000e-01 -4.189900e-12 4.189500e-12 1.720599e-13 -1.716999e-13 4.000000e-17
3.700000e-01 3.700000e-01 2.000000e-01 -4.205200e-12 4.204900e-12 1.720699e-13 -1.716999e-13 7.000000e-17
3.800000e-01 3.800000e-01 2.000000e-01 -4.220200e-12 4.219800e-12 1.720799e-13 -1.716999e-13 2.000000e-17
3.900000e-01 3.900000e-01 2.000000e-01 -4.234900e-12 4.234500e-12 1.720899e-13 -1.716999e-13 1.000000e-17
4.000000e-01 4.000000e-01 2.000000e-01 -4.249300e-12 4.248900e-12 1.720999e-13 -1.716999e-13 1.009742e-28
4.100000e-01 4.100000e-01 2.000000e-01 -4.263400e-12 4.263000e-12 1.721099e-13 -1.716999e-13 1.000000e-17
4.200000e-01 4.200000e-01 2.000000e-01 -4.277200e-12 4.276800e-12 1.721199e-13 -1.716999e-13 2.000000e-17
4.300000e-01 4.300000e-01 2.000000e-01 -4.290700e-12 4.290300e-12 1.721299e-13 -1.716999e-13 3.000000e-17
4.400000e-01 4.400000e-01 2.000000e-01 -4.304000e-12 4.303500e-12 1.721399e-13 -1.716999e-13 6.000000e-17
4.500000e-01 4.500000e-01 2.000000e-01 -4.317000e-12 4.316600e-12 1.721499e-13 -1.716999e-13 5.000000e-17
4.600000e-01 4.600000e-01 2.000000e-01 -4.329800e-12 4.329300e-12 1.721599e-13 -1.716999e-13 4.000000e-17
4.700000e-01 4.700000e-01 2.000000e-01 -4.342400e-12 4.341900e-12 1.721699e-13 -1.716999e-13 3.000000e-17
4.800000e-01 4.800000e-01 2.000000e-01 -4.354700e-12 4.354200e-12 1.721799e-13 -1.716999e-13 2.000000e-17
4.900000e-01 4.900000e-01 2.000000e-01 -4.366800e-12 4.366400e-12 1.721899e-13 -1.716999e-13 9.000000e-17
5.000000e-01 5.000000e-01 2.000000e-01 -4.378800e-12 4.378300e-12 1.721999e-13 -1.716999e-13 5.553581e-28
5.100000e-01 5.100000e-01 2.000000e-01 -4.390500e-12 4.390000e-12 1.722099e-13 -1.716999e-13 1.000000e-17
5.200000e-01 5.200000e-01 2.000000e-01 -4.402000e-12 4.401500e-12 1.722199e-13 -1.716999e-13 2.000000e-17
5.300000e-01 5.300000e-01 2.000000e-01 -4.413400e-12 4.412900e-12 1.722299e-13 -1.716999e-13 3.000000e-17
5.400000e-01 5.400000e-01 2.000000e-01 -4.424600e-12 4.424000e-12 1.722399e-13 -1.716999e-13 6.000000e-17
5.500000e-01 5.500000e-01 2.000000e-01 -4.435600e-12 4.435000e-12 1.722499e-13 -1.716999e-13 5.000000e-17
5.600000e-01 5.600000e-01 2.000000e-01 -4.446400e-12 4.445800e-12 1.722599e-13 -1.716999e-13 4.000000e-17
5.700000e-01 5.700000e-01 2.000000e-01 -4.457100e-12 4.456500e-12 1.722699e-13 -1.716999e-13 3.000000e-17
5.800000e-01 5.800000e-01 2.000000e-01 -4.467600e-12 4.467000e-12 1.722799e-13 -1.716999e-13 2.000000e-17
5.900000e-01 5.900000e-01 2.000000e-01 -4.477900e-12 4.477300e-12 1.722899e-13 -1.716999e-13 1.000000e-17
6.000000e-01 6.000000e-01 2.000000e-01 -4.488100e-12 4.487500e-12 1.722999e-13 -1.716999e-13 1.767048e-28
6.100000e-01 6.100000e-01 2.000000e-01 -4.498200e-12 4.497600e-12 1.723099e-13 -1.716999e-13 1.000000e-17
6.200000e-01 6.200000e-01 2.000000e-01 -4.508100e-12 4.507500e-12 1.723199e-13 -1.716999e-13 2.000000e-17
6.300000e-01 6.300000e-01 2.000000e-01 -4.517900e-12 4.517300e-12 1.723299e-13 -1.716999e-13 3.000000e-17
6.400000e-01 6.400000e-01 2.000000e-01 -4.527600e-12 4.526900e-12 1.723399e-13 -1.716999e-13 6.000000e-17
6.500000e-01 6.500000e-01 2.000000e-01 -4.537100e-12 4.536500e-12 1.723499e-13 -1.716999e-13 5.000000e-17
6.600000e-01 6.600000e-01 2.000000e-01 -4.546500e-12 4.545900e-12 1.723599e-13 -1.716999e-13 6.000000e-17
6.700000e-01 6.700000e-01 2.000000e-01 -4.555800e-12 4.555100e-12 1.723699e-13 -1.716999e-13 3.000000e-17
6.800000e-01 6.800000e-01 2.000000e-01 -4.565000e-12 4.564300e-12 1.723799e-13 -1.716999e-13 2.000000e-17
6.900000e-01 6.900000e-01 2.000000e-01 -4.574000e-12 4.573400e-12 1.723899e-13 -1.716999e-13 9.000000e-17
7.000000e-01 7.000000e-01 2.000000e-01 -4.583000e-12 4.582300e-12 1.723999e-13 -1.716999e-13 2.019484e-28
7.100000e-01 7.100000e-01 2.000000e-01 -4.591800e-12 4.591100e-12 1.724099e-13 -1.716999e-13 1.000000e-17
7.200000e-01 7.200000e-01 2.000000e-01 -4.600500e-12 4.599800e-12 1.724199e-13 -1.716999e-13 2.000000e-17
7.300000e-01 7.300000e-01 2.000000e-01 -4.609200e-12 4.608400e-12 1.724299e-13 -1.716999e-13 7.000000e-17
7.400000e-01 7.400000e-01 2.000000e-01 -4.617700e-12 4.617000e-12 1.724399e-13 -1.716999e-13 4.000000e-17
7.500000e-01 7.500000e-01 2.000000e-01 -4.626100e-12 4.625400e-12 1.724499e-13 -1.716999e-13 5.000000e-17
7.600000e-01 7.600000e-01 2.000000e-01 -4.634500e-12 4.633700e-12 1.724599e-13 -1.716999e-13 4.000000e-17
7.700000e-01 7.700000e-01 2.000000e-01 -4.642700e-12 4.641900e-12 1.724699e-13 -1.716999e-13 3.000000e-17
7.800000e-01 7.800000e-01 2.000000e-01 -4.650800e-12 4.650100e-12 1.724799e-13 -1.716999e-13 8.000000e-17
7.900000e-01 7.900000e-01 2.000000e-01 -4.658900e-12 4.658100e-12 1.724899e-13 -1.716999e-13 1.000000e-17
8.000000e-01 8.000000e-01 2.000000e-01 -4.666900e-12 4.666100e-12 1.724999e-13 -1.716999e-13 2.271919e-28
8.100000e-01 8.100000e-01 2.000000e-01 -4.674700e-12 4.673900e-12 1.725099e-13 -1.716999e-13 1.000000e-17
8.200000e-01 8.200000e-01 2.000000e-01 -4.682500e-12 4.681700e-12 1.725199e-13 -1.716999e-13 2.000000e-17
8.300000e-01 8.300000e-01 2.000000e-01 -4.690300e-12 4.689400e-12 1.725299e-13 -1.716999e-13 7.000000e-17
8.400000e-01 8.400000e-01 2.000000e-01 -4.697900e-12 4.697000e-12 1.725399e-13 -1.716999e-13 6.000000e-17
8.500000e-01 8.500000e-01 2.000000e-01 -4.705400e-12 4.704600e-12 1.725499e-13 -1.716999e-13 5.000000e-17
8.600000e-01 8.600000e-01 2.000000e-01 -4.712900e-12 4.712100e-12 1.725599e-13 -1.716999e-13 6.000000e-17
8.700000e-01 8.700000e-01 2.000000e-01 -4.720300e-12 4.719500e-12 1.725699e-13 -1.716999e-13 7.000000e-17
8.800000e-01 8.800000e-01 2.000000e-01 -4.727700e-12 4.726800e-12 1.725799e-13 -1.716999e-13 2.000000e-17
8.900000e-01 8.900000e-01 2.000000e-01 -4.734900e-12 4.734000e-12 1.725899e-13 -1.716999e-13 1.000000e-17
9.000000e-01 9.000000e-01 2.000000e-01 -4.742100e-12 4.741200e-12 1.725999e-13 -1.716999e-13 6.563323e-28
9.100000e-01 9.100000e-01 2.000000e-01 -4.749300e-12 4.748300e-12 1.726099e-13 -1.716999e-13 9.000000e-17
9.200000e-01 9.200000e-01 2.000000e-01 -4.756300e-12 4.755400e-12 1.726199e-13 -1.716999e-13 2.000000e-17
9.300000e-01 9.300000e-01 2.000000e-01 -4.763300e-12 4.762400e-12 1.726299e-13 -1.716999e-13 3.000000e-17
9.400000e-01 9.400000e-01 2.000000e-01 -4.770200e-12 4.769300e-12 1.726399e-13 -1.716999e-13 4.000000e-17
9.500000e-01 9.500000e-01 2.000000e-01 -4.777100e-12 4.776100e-12 1.726499e-13 -1.716999e-13 5.000000e-17
9.600000e-01 9.600000e-01 2.000000e-01 -4.783900e-12 4.782900e-12 1.726599e-13 -1.716999e-13 4.000000e-17
9.700000e-01 9.700000e-01 2.000000e-01 -4.790600e-12 4.789700e-12 1.726699e-13 -1.716999e-13 7.000000e-17
9.800000e-01 9.800000e-01 2.000000e-01 -4.797300e-12 4.796300e-12 1.726799e-13 -1.716999e-13 2.000000e-17
9.900000e-01 9.900000e-01 2.000000e-01 -4.803900e-12 4.802900e-12 1.726899e-13 -1.716999e-13 1.000000e-17
1.000000e+00 1.000000e+00 2.000000e-01 -4.810500e-12 4.809500e-12 1.726999e-13 -1.716999e-13 5.048710e-28
1.010000e+00 1.010000e+00 2.000000e-01 -4.817000e-12 4.816000e-12 1.727099e-13 -1.716999e-13 1.000000e-17
1.020000e+00 1.020000e+00 2.000000e-01 -4.823500e-12 4.822400e-12 1.727199e-13 -1.716999e-13 8.000000e-17
1.030000e+00 1.030000e+00 2.000000e-01 -4.829900e-12 4.828800e-12 1.727299e-13 -1.716999e-13 7.000000e-17
1.040000e+00 1.040000e+00 2.000000e-01 -4.836200e-12 4.835200e-12 1.727399e-13 -1.716999e-13 4.000000e-17
1.050000e+00 1.050000e+00 2.000000e-01 -4.842500e-12 4.841400e-12 1.727499e-13 -1.716999e-13 5.000000e-17
1.060000e+00 1.060000e+00 2.000000e-01 -4.848700e-12 4.847700e-12 1.727599e-13 -1.716999e-13 6.000000e-17
1.070000e+00 1.070000e+00 2.000000e-01 -4.854900e-12 4.853800e-12 1.727699e-13 -1.716999e-13 3.000000e-17
1.080000e+00 1.080000e+00 2.000000e-01 -4.861100e-12 4.860000e-12 1.727799e-13 -1.716999e-13 2.000000e-17
1.090000e+00 1.090000e+00 2.000000e-01 -4.867100e-12 4.866100e-12 1.727899e-13 -1.716999e-13 9.000000e-17
1.100000e+00 1.100000e+00 2.000000e-01 -4.873200e-12 4.872100e-12 1.727999e-13 -1.716999e-13 7.573065e-29
1.110000e+00 1.110000e+00 2.000000e-01 -4.879200e-12 4.878100e-12 1.728099e-13 -1.716999e-13 1.000000e-17
1.120000e+00 1.120000e+00 2.000000e-01 -4.885100e-12 4.884000e-12 1.728199e-13 -1.716999e-13 2.000000e-17
1.130000e+00 1.130000e+00 2.000000e-01 -4.891000e-12 4.889900e-12 1.728299e-13 -1.716999e-13 3.000000e-17
1.140000e+00 1.140000e+00 2.000000e-01 -4.896900e-12 4.895700e-12 1.728399e-13 -1.716999e-13 6.000000e-17
1.150000e+00 1.150000e+00 2.000000e-01 -4.902700e-12 4.901500e-12 1.728499e-13 -1.716999e-13 5.000000e-17
1.160000e+00 1.160000e+00 2.000000e-01 -4.908500e-12 4.907300e-12 1.728599e-13 -1.716999e-13 4.000000e-17
1.170000e+00 1.170000e+00 2.000000e-01 -4.914200e-12 4.913000e-12 1.728699e-13 -1.716999e-13 3.000000e-17
1.180000e+00 1.180000e+00 2.000000e-01 -4.919900e-12 4.918700e-12 1.728799e-13 -1.716999e-13 2.000000e-17
1.190000e+00 1.190000e+00 2.000000e-01 -4.925500e-12 4.924300e-12 1.728899e-13 -1.716999e-13 1.000000e-17
1.200000e+00 1.200000e+00 2.000000e-01 -4.931100e-12 4.929900e-12 1.728999e-13 -1.716999e-13 3.534097e-28
0.000000e+00 0.000000e+00 4.000000e-01 5.764210e-14 5.764210e-14 2.566490e-14 -1.409491e-13 0.000000e+00
1.000000e-02 1.000000e-02 4.000000e-01 -2.966800e-09 2.966900e-09 2.567490e-14 -1.089584e-13 1.671650e-14
2.000000e-02 2.000000e-02 4.000000e-01 -4.935800e-09 4.935900e-09 2.568490e-14 -9.020080e-14 3.548410e-14
3.000000e-02 3.000000e-02 4.000000e-01 -6.134400e-09 6.134500e-09 2.569490e-14 -7.996410e-14 4.573080e-14
4.000000e-02 4.000000e-02 4.000000e-01 -6.832000e-09 6.832100e-09 2.570490e-14 -7.466640e-14 5.103850e-14
5.000000e-02 5.000000e-02 4.000000e-01 -7.252200e-09 7.252300e-09 2.571490e-14 -7.193380e-14 5.378110e-14
6.000000e-02 6.000000e-02 4.000000e-01 -7.528200e-09 7.528200e-09 2.572490e-14 -7.047200e-14 4.474710e-14
7.000000e-02 7.000000e-02 4.000000e-01 -7.727500e-09 7.727600e-09 2.573490e-14 -6.964710e-14 5.608780e-14
8.000000e-02 8.000000e-02 4.000000e-01 -7.883500e-09 7.883500e-09 2.574490e-14 -6.915540e-14 4.341050e-14
9.000000e-02 9.000000e-02 4.000000e-01 -8.013000e-09 8.013100e-09 2.575490e-14 -6.884720e-14 5.690770e-14
1.000000e-01 1.000000e-01 4.000000e-01 -8.125200e-09 8.125300e-09 2.576490e-14 -6.864540e-14 5.711950e-14
1.100000e-01 1.100000e-01 4.000000e-01 -8.225200e-09 8.225200e-09 2.577490e-14 -6.850810e-14 4.273320e-14
1.200000e-01 1.200000e-01 4.000000e-01 -8.316100e-09 8.316200e-09 2.578490e-14 -6.841170e-14 5.737320e-14
1.300000e-01 1.300000e-01 4.000000e-01 -8.400100e-09 8.400100e-09 2.579490e-14 -6.834200e-14 4.254710e-14
1.400000e-01 1.400000e-01 4.000000e-01 -8.478300e-09 8.478400e-09 2.580490e-14 -6.829050e-14 5.751440e-14
1.500000e-01 1.500000e-01 4.000000e-01 -8.551900e-09 8.551900e-09 2.581490e-14 -6.825150e-14 4.243660e-14
1.600000e-01 1.600000e-01 4.000000e-01 -8.621400e-09 8.621400e-09 2.582490e-14 -6.822150e-14 4.239660e-14
1.700000e-01 1.700000e-01 4.000000e-01 -8.687500e-09 8.687500e-09 2.583490e-14 -6.819800e-14 4.236310e-14
1.800000e-01 1.800000e-01 4.000000e-01 -8.750400e-09 8.750500e-09 2.584490e-14 -6.817930e-14 5.766560e-14
1.900000e-01 1.900000e-01 4.000000e-01 -8.810700e-09 8.810700e-09 2.585490e-14 -6.816430e-14 4.230940e-14
2.000000e-01 2.000000e-01 4.000000e-01 -8.868500e-09 8.868500e-09 2.586490e-14 -6.815200e-14 4.228710e-14
2.100000e-01 2.100000e-01 4.000000e-01 -8.924100e-09 8.924100e-09 2.587490e-14 -6.814190e-14 4.226700e-14
2.200000e-01 2.200000e-01 4.000000e-01 -8.977600e-09 8.977600e-09 2.588490e-14 -6.813350e-14 4.224860e-14
2.300000e-01 2.300000e-01 4.000000e-01 -9.029200e-09 9.029300e-09 2.589490e-14 -6.812640e-14 5.776850e-14
2.400000e-01 2.400000e-01 4.000000e-01 -9.079200e-09 9.079200e-09 2.590490e-14 -6.812050e-14 4.221560e-14
2.500000e-01 2.500000e-01 4.000000e-01 -9.127500e-09 9.127500e-09 2.591490e-14 -6.811540e-14 4.220050e-14
2.600000e-01 2.600000e-01 4.000000e-01 -9.174300e-09 9.174300e-09 2.592490e-14 -6.811100e-14 4.218610e-14
2.700000e-01 2.700000e-01 4.000000e-01 -9.219700e-09 9.219700e-09 2.593490e-14 -6.810720e-14 4.217230e-14
2.800000e-01 2.800000e-01 4.000000e-01 -9.263700e-09 9.263800e-09 2.594490e-14 -6.810380e-14 5.784110e-14
2.900000e-01 2.900000e-01 4.000000e-01 -9.306600e-09 9.306600e-09 2.595490e-14 -6.810090e-14 4.214600e-14
3.000000e-01 3.000000e-01 4.000000e-01 -9.348300e-09 9.348300e-09 2.596490e-14 -6.809840e-14 4.213350e-14
3.100000e-01 3.100000e-01 4.000000e-01 -9.388900e-09 9.388900e-09 2.597490e-14 -6.809610e-14 4.212120e-14
3.200000e-01 3.200000e-01 4.000000e-01 -9.428400e-09 9.428500e-09 2.598490e-14 -6.809410e-14 5.789080e-14
3.300000e-01 3.300000e-01 4.000000e-01 -9.467000e-09 9.467000e-09 2.599490e-14 -6.809220e-14 4.209730e-14
3.400000e-01 3.400000e-01 4.000000e-01 -9.504600e-09 9.504700e-09 2.600490e-14 -6.809060e-14 5.791430e-14
3.500000e-01 3.500000e-01 4.000000e-01 -9.541400e-09 9.541400e-09 2.601490e-14 -6.808910e-14 4.207420e-14
3.600000e-01 3.600000e-01 4.000000e-01 -9.577300e-09 9.577300e-09 2.602490e-14 -6.808780e-14 4.206290e-14
3.700000e-01 3.700000e-01 4.000000e-01 -9.612400e-09 9.612400e-09 2.603490e-14 -6.808660e-14 4.205170e-14
3.800000e-01 3.800000e-01 4.000000e-01 -9.646700e-09 9.646800e-09 2.604490e-14 -6.808550e-14 5.795940e-14
3.900000e-01 3.900000e-01 4.000000e-01 -9.680300e-09 9.680400e-09 2.605490e-14 -6.808440e-14 5.797050e-14
4.000000e-01 4.000000e-01 4.000000e-01 -9.713200e-09 9.713300e-09 2.606490e-14 -6.808350e-14 5.798140e-14
4.100000e-01 4.100000e-01 4.000000e-01 -9.745500e-09 9.745500e-09 2.607490e-14 -6.808260e-14 4.200770e-14
4.200000e-01 4.200000e-01 4.000000e-01 -9.777100e-09 9.777100e-09 2.608490e-14 -6.808180e-14 4.199690e-14
4.300000e-01 4.300000e-01 4.000000e-01 -9.808000e-09 9.808100e-09 2.609490e-14 -6.808110e-14 5.801380e-14
4.400000e-01 4.400000e-01 4.000000e-01 -9.838400e-09 9.838500e-09 2.610490e-14 -6.808040e-14 5.802450e-14
4.500000e-01 4.500000e-01 4.000000e-01 -9.868200e-09 9.868300e-09 2.611490e-14 -6.807970e-14 5.803520e-14
4.600000e-01 4.600000e-01 4.000000e-01 -9.897500e-09 9.897600e-09 2.612490e-14 -6.807910e-14 5.804580e-14
4.700000e-01 4.700000e-01 4.000000e-01 -9.926300e-09 9.926300e-09 2.613490e-14 -6.807860e-14 4.194370e-14
4.800000e-01 4.800000e-01 4.000000e-01 -9.954500e-09 9.954500e-09 2.614490e-14 -6.807800e-14 4.193310e-14
4.900000e-01 4.900000e-01 4.000000e-01 -9.982200e-09 9.982300e-09 2.615490e-14 -6.807750e-14 5.807740e-14
5.000000e-01 5.000000e-01 4.000000e-01 -1.000950e-08 1.000950e-08 2.616490e-14 -6.807700e-14 4.191210e-14
5.100000e-01 5.100000e-01 4.000000e-01 -1.003630e-08 1.003640e-08 2.617490e-14 -6.807660e-14 5.809830e-14
5.200000e-01 5.200000e-01 4.000000e-01 -1.006270e-08 1.006270e-08 2.618490e-14 -6.807610e-14 4.189120e-14
5.300000e-01 5.300000e-01 4.000000e-01 -1.008870e-08 1.008870e-08 2.619490e-14 -6.807570e-14 4.188080e-14
5.400000e-01 5.400000e-01 4.000000e-01 -1.011420e-08 1.011420e-08 2.620490e-14 -6.807530e-14 4.187040e-14
5.500000e-01 5.500000e-01 4.000000e-01 -1.013940e-08 1.013940e-08 2.621490e-14 -6.807500e-14 4.186010e-14
5.600000e-01 5.600000e-01 4.000000e-01 -1.016410e-08 1.016420e-08 2.622490e-14 -6.807460e-14 5.815030e-14
5.700000e-01 5.700000e-01 4.000000e-01 -1.018850e-08 1.018850e-08 2.623490e-14 -6.807430e-14 4.183940e-14
5.800000e-01 5.800000e-01 4.000000e-01 -1.021250e-08 1.021260e-08 2.624490e-14 -6.807390e-14 5.817100e-14
5.900000e-01 5.900000e-01 4.000000e-01 -1.023620e-08 1.023630e-08 2.625490e-14 -6.807360e-14 5.818130e-14
6.000000e-01 6.000000e-01 4.000000e-01 -1.025950e-08 1.025960e-08 2.626490e-14 -6.807330e-14 5.819160e-14
6.100000e-01 6.100000e-01 4.000000e-01 -1.028260e-08 1.028260e-08 2.627490e-14 -6.807300e-14 4.179810e-14
6.200000e-01 6.200000e-01 4.000000e-01 -1.030520e-08 1.030530e-08 2.628490e-14 -6.807280e-14 5.821210e-14
6.300000e-01 6.300000e-01 4.000000e-01 -1.032760e-08 1.032770e-08 2.629490e-14 -6.807250e-14 5.822240e-14
6.400000e-01 6.400000e-01 4.000000e-01 -1.034970e-08 1.034970e-08 2.630490e-14 -6.807220e-14 4.176730e-14
6.500000e-01 6.500000e-01 4.000000e-01 -1.037150e-08 1.037150e-08 2.631490e-14 -6.807200e-14 4.175710e-14
6.600000e-01 6.600000e-01 4.000000e-01 -1.039300e-08 1.039300e-08 2.632490e-14 -6.807170e-14 4.174680e-14
6.700000e-01 6.700000e-01 4.000000e-01 -1.041420e-08 1.041430e-08 2.633490e-14 -6.807150e-14 5.826340e-14
6.800000e-01 6.800000e-01 4.000000e-01 -1.043520e-08 1.043520e-08 2.634490e-14 -6.807120e-14 4.172630e-14
6.900000e-01 6.900000e-01 4.000000e-01 -1.045580e-08 1.045590e-08 2.635490e-14 -6.807100e-14 5.828390e-14
7.000000e-01 7.000000e-01 4.000000e-01 -1.047630e-08 1.047630e-08 2.636490e-14 -6.807080e-14 4.170590e-14
7.100000e-01 7.100000e-01 4.000000e-01 -1.049650e-08 1.049650e-08 2.637490e-14 -6.807060e-14 4.169570e-14
7.200000e-01 7.200000e-01 4.000000e-01 -1.051640e-08 1.051640e-08 2.638490e-14 -6.807040e-14 4.168550e-14
7.300000e-01 7.300000e-01 4.000000e-01 -1.053610e-08 1.053610e-08 2.639490e-14 -6.807020e-14 4.167530e-14
7.400000e-01 7.400000e-01 4.000000e-01 -1.055560e-08 1.055560e-08 2.640490e-14 -6.807000e-14 4.166510e-14
7.500000e-01 7.500000e-01 4.000000e-01 -1.057480e-08 1.057490e-08 2.641490e-14 -6.806980e-14 5.834510e-14
7.600000e-01 7.600000e-01 4.000000e-01 -1.059380e-08 1.059390e-08 2.642490e-14 -6.806960e-14 5.835530e-14
7.700000e-01 7.700000e-01 4.000000e-01 -1.061260e-08 1.061270e-08 2.643490e-14 -6.806940e-14 5.836550e-14
7.800000e-01 7.800000e-01 4.000000e-01 -1.063120e-08 1.063130e-08 2.644490e-14 -6.806920e-14 5.837570e-14
7.900000e-01 7.900000e-01 4.000000e-01 -1.064960e-08 1.064970e-08 2.645490e-14 -6.806910e-14 5.838580e-14
8.000000e-01 8.000000e-01 4.000000e-01 -1.066780e-08 1.066790e-08 2.646490e-14 -6.806890e-14 5.839600e-14
8.100000e-01 8.100000e-01 4.000000e-01 -1.068580e-08 1.068590e-08 2.647490e-14 -6.806870e-14 5.840620e-14
8.200000e-01 8.200000e-01 4.000000e-01 -1.070360e-08 1.070370e-08 2.648490e-14 -6.806860e-14 5.841630e-14
8.300000e-01 8.300000e-01 4.000000e-01 -1.072130e-08 1.072130e-08 2.649490e-14 -6.806840e-14 4.157350e-14
8.400000e-01 8.400000e-01 4.000000e-01 -1.073870e-08 1.073870e-08 2.650490e-14 -6.806820e-14 4.156330e-14
8.500000e-01 8.500000e-01 4.000000e-01 -1.075600e-08 1.075600e-08 2.651490e-14 -6.806810e-14 4.155320e-14
8.600000e-01 8.600000e-01 4.000000e-01 -1.077300e-08 1.077310e-08 2.652490e-14 -6.806790e-14 5.845700e-14
8.700000e-01 8.700000e-01 4.000000e-01 -1.079000e-08 1.079000e-08 2.653490e-14 -6.806780e-14 4.153290e-14
8.800000e-01 8.800000e-01 4.000000e-01 -1.080670e-08 1.080670e-08 2.654490e-14 -6.806760e-14 4.152270e-14
8.900000e-01 8.900000e-01 4.000000e-01 -1.082330e-08 1.082330e-08 2.655490e-14 -6.806750e-14 4.151260e-14
9.000000e-01 9.000000e-01 4.000000e-01 -1.083970e-08 1.083970e-08 2.656490e-14 -6.806730e-14 4.150240e-14
9.100000e-01 9.100000e-01 4.000000e-01 -1.085600e-08 1.085600e-08 2.657490e-14 -6.806720e-14 4.149230e-14
9.200000e-01 9.200000e-01 4.000000e-01 -1.087210e-08 1.087210e-08 2.658490e-14 -6.806710e-14 4.148220e-14
9.300000e-01 9.300000e-01 4.000000e-01 -1.088800e-08 1.088810e-08 2.659490e-14 -6.806690e-14 5.852800e-14
9.400000e-01 9.400000e-01 4.000000e-01 -1.090380e-08 1.090390e-08 2.660490e-14 -6.806680e-14 5.853810e-14
9.500000e-01 9.500000e-01 4.000000e-01 -1.091950e-08 1.091950e-08 2.661490e-14 -6.806670e-14 4.145180e-14
9.600000e-01 9.600000e-01 4.000000e-01 -1.093500e-08 1.093510e-08 2.662490e-14 -6.806650e-14 5.855840e-14
9.700000e-01 9.700000e-01 4.000000e-01 -1.095040e-08 1.095040e-08 2.663490e-14 -6.806640e-14 4.143150e-14
9.800000e-01 9.800000e-01 4.000000e-01 -1.096560e-08 1.096570e-08 2.664490e-14 -6.806630e-14 5.857860e-14
9.900000e-01 9.900000e-01 4.000000e-01 -1.098070e-08 1.098080e-08 2.665490e-14 -6.806610e-14 5.858880e-14
1.000000e+00 1.000000e+00 4.000000e-01 -1.099570e-08 1.099580e-08 2.666490e-14 -6.806600e-14 5.859890e-14
1.010000e+00 1.010000e+00 4.000000e-01 -1.101060e-08 1.101060e-08 2.667490e-14 -6.806590e-14 4.139100e-14
1.020000e+00 1.020000e+00 4.000000e-01 -1.102530e-08 1.102530e-08 2.668490e-14 -6.806580e-14 4.138090e-14
1.030000e+00 1.030000e+00 4.000000e-01 -1.103990e-08 1.103990e-08 2.669490e-14 -6.806570e-14 4.137080e-14
1.040000e+00 1.040000e+00 4.000000e-01 -1.105440e-08 1.105440e-08 2.670490e-14 -6.806550e-14 4.136060e-14
1.050000e+00 1.050000e+00 4.000000e-01 -1.106870e-08 1.106870e-08 2.671490e-14 -6.806540e-14 4.135050e-14
1.060000e+00 1.060000e+00 4.000000e-01 -1.108290e-08 1.108300e-08 2.672490e-14 -6.806530e-14 5.865960e-14
1.070000e+00 1.070000e+00 4.000000e-01 -1.109710e-08 1.109710e-08 2.673490e-14 -6.806520e-14 4.133030e-14
1.080000e+00 1.080000e+00 4.000000e-01 -1.111110e-08 1.111110e-08 2.674490e-14 -6.806510e-14 4.132020e-14
1.090000e+00 1.090000e+00 4.000000e-01 -1.112500e-08 1.112500e-08 2.675490e-14 -6.806500e-14 4.131010e-14
1.100000e+00 1.100000e+00 4.000000e-01 -1.113870e-08 1.113880e-08 2.676490e-14 -6.806490e-14 5.870000e-14
1.110000e+00 1.110000e+00 4.000000e-01 -1.115240e-08 1.115240e-08 2.677490e-14 -6.806480e-14 4.128990e-14
1.120000e+00 1.120000e+00 4.000000e-01 -1.116600e-08 1.116600e-08 2.678490e-14 -6.806460e-14 4.127970e-14
1.130000e+00 1.130000e+00 4.000000e-01 -1.117940e-08 1.117950e-08 2.679490e-14 -6.806450e-14 5.873040e-14
1.140000e+00 1.140000e+00 4.000000e-01 -1.119280e-08 1.119280e-08 2.680490e-14 -6.806440e-14 4.125950e-14
1.150000e+00 1.150000e+00 4.000000e-01 -1.120600e-08 1.120610e-08 2.681490e-14 -6.806430e-14 5.875060e-14
1.160000e+00 1.160000e+00 4.000000e-01 -1.121920e-08 1.121920e-08 2.682490e-14 -6.806420e-14 4.123930e-14
1.170000e+00 1.170000e+00 4.000000e-01 -1.123230e-08 1.123230e-08 2.683490e-14 -6.806410e-14 4.122920e-14
1.180000e+00 1.180000e+00 4.000000e-01 -1.124520e-08 1.124530e-08 2.684490e-14 -6.806400e-14 5.878090e-14
1.190000e+00 1.190000e+00 4.000000e-01 -1.125810e-08 1.125810e-08 2.685490e-14 -6.806390e-14 4.120900e-14
1.200000e+00 1.200000e+00 4.000000e-01 -1.127090e-08 1.127090e-08 2.686490e-14 -6.806380e-14 4.119890e-14
0.000000e+00 0.000000e+00 6.000000e-01 1.330898e-10 1.330898e-10 2.875000e-15 -2.661824e-10 7.500000e-17
1.000000e-02 1.000000e-02 6.000000e-01 -1.429785e-07 1.432222e-07 2.885000e-15 -2.436396e-10 6.328500e-14
2.000000e-02 2.000000e-02 6.000000e-01 -2.741161e-07 2.743390e-07 2.895000e-15 -2.228616e-10 4.129500e-14
3.000000e-02 3.000000e-02 6.000000e-01 -3.924578e-07 3.926618e-07 2.905000e-15 -2.039864e-10 1.650500e-14
4.000000e-02 4.000000e-02 6.000000e-01 -4.970902e-07 4.972774e-07 2.915000e-15 -1.872006e-10 2.315000e-15
5.000000e-02 5.000000e-02 6.000000e-01 -5.875195e-07 5.876922e-07 2.925000e-15 -1.726603e-10 4.262500e-14
6.000000e-02 6.000000e-02 6.000000e-01 -6.640228e-07 6.641832e-07 2.935000e-15 -1.604192e-10 1.626500e-14
7.000000e-02 7.000000e-02 6.000000e-01 -7.277007e-07 7.278511e-07 2.945000e-15 -1.503929e-10 1.004500e-14
8.000000e-02 8.000000e-02 6.000000e-01 -7.802423e-07 7.803847e-07 2.955000e-15 -1.423700e-10 3.295500e-14
9.000000e-02 9.000000e-02 6.000000e-01 -8.235626e-07 8.236986e-07 2.965000e-15 -1.360600e-10 5.703500e-14
1.000000e-01 1.000000e-01 6.000000e-01 -8.594925e-07 8.596236e-07 2.975000e-15 -1.311493e-10 4.632500e-14
1.100000e-01 1.100000e-01 6.000000e-01 -8.896070e-07 8.897344e-07 2.985000e-15 -1.273444e-10 5.858500e-14
1.200000e-01 1.200000e-01 6.000000e-01 -9.151754e-07 9.152998e-07 2.995000e-15 -1.243943e-10 8.695000e-15
1.300000e-01 1.300000e-01 6.000000e-01 -9.371839e-07 9.373060e-07 3.005000e-15 -1.220972e-10 5.805000e-15
1.400000e-01 1.400000e-01 6.000000e-01 -9.563850e-07 9.565053e-07 3.015000e-15 -1.202962e-10 6.815000e-15
1.500000e-01 1.500000e-01 6.000000e-01 -9.733497e-07 9.734685e-07 3.025000e-15 -1.188722e-10 6.917500e-14
1.600000e-01 1.600000e-01 6.000000e-01 -9.885121e-07 9.886298e-07 3.035000e-15 -1.177358e-10 3.276500e-14
1.700000e-01 1.700000e-01 6.000000e-01 -1.002200e-06 1.002300e-06 3.045000e-15 -1.168202e-10 1.681715e-11
1.800000e-01 1.800000e-01 6.000000e-01 -1.014700e-06 1.014800e-06 3.055000e-15 -1.160751e-10 1.607204e-11
1.900000e-01 1.900000e-01 6.000000e-01 -1.026100e-06 1.026300e-06 3.065000e-15 -1.154630e-10 8.454007e-11
2.000000e-01 2.000000e-01 6.000000e-01 -1.036800e-06 1.036900e-06 3.075000e-15 -1.149554e-10 1.495232e-11
2.100000e-01 2.100000e-01 6.000000e-01 -1.046600e-06 1.046700e-06 3.085000e-15 -1.145308e-10 1.452771e-11
2.200000e-01 2.200000e-01 6.000000e-01 -1.055900e-06 1.056000e-06 3.095000e-15 -1.141723e-10 1.416920e-11
2.300000e-01 2.300000e-01 6.000000e-01 -1.064600e-06 1.064700e-06 3.105000e-15 -1.138674e-10 1.386429e-11
2.400000e-01 2.400000e-01 6.000000e-01 -1.072800e-06 1.072900e-06 3.115000e-15 -1.136058e-10 1.360268e-11
2.500000e-01 2.500000e-01 6.000000e-01 -1.080600e-06 1.080700e-06 3.125000e-15 -1.133799e-10 1.337677e-11
2.600000e-01 2.600000e-01 6.000000e-01 -1.088000e-06 1.088100e-06 3.135000e-15 -1.131832e-10 1.318006e-11
2.700000e-01 2.700000e-01 6.000000e-01 -1.095000e-06 1.095100e-06 3.145000e-15 -1.130110e-10 1.300785e-11
2.800000e-01 2.800000e-01 6.000000e-01 -1.101800e-06 1.101900e-06 3.155000e-15 -1.128592e-10 1.285604e-11
2.900000e-01 2.900000e-01 6.000000e-01 -1.108200e-06 1.108400e-06 3.165000e-15 -1.127245e-10 8.727867e-11
3.000000e-01 3.000000e-01 6.000000e-01 -1.114500e-06 1.114600e-06 3.175000e-15 -1.126044e-10 1.260123e-11
3.100000e-01 3.100000e-01 6.000000e-01 -1.120500e-06 1.120600e-06 3.185000e-15 -1.124967e-10 1.249351e-11
3.200000e-01 3.200000e-01 6.000000e-01 -1.126200e-06 1.126300e-06 3.195000e-15 -1.123996e-10 1.239640e-11
3.300000e-01 3.300000e-01 6.000000e-01 -1.131800e-06 1.131900e-06 3.205000e-15 -1.123117e-10 1.230849e-11
3.400000e-01 3.400000e-01 6.000000e-01 -1.137200e-06 1.137300e-06 3.215000e-15 -1.122316e-10 1.222838e-11
3.500000e-01 3.500000e-01 6.000000e-01 -1.142400e-06 1.142500e-06 3.225000e-15 -1.121585e-10 1.215527e-11
3.600000e-01 3.600000e-01 6.000000e-01 -1.147500e-06 1.147600e-06 3.235000e-15 -1.120913e-10 1.208806e-11
3.700000e-01 3.700000e-01 6.000000e-01 -1.152400e-06 1.152500e-06 3.245000e-15 -1.120294e-10 1.202615e-11
3.800000e-01 3.800000e-01 6.000000e-01 -1.157100e-06 1.157300e-06 3.255000e-15 -1.119722e-10 8.803106e-11
3.900000e-01 3.900000e-01 6.000000e-01 -1.161800e-06 1.161900e-06 3.265000e-15 -1.119190e-10 1.191573e-11
4.000000e-01 4.000000e-01 6.000000e-01 -1.166300e-06 1.166400e-06 3.275000e-15 -1.118695e-10 1.186622e-11
4.100000e-01 4.100000e-01 6.000000e-01 -1.170700e-06 1.170800e-06 3.285000e-15 -1.118232e-10 1.181991e-11
4.200000e-01 4.200000e-01 6.000000e-01 -1.175000e-06 1.175100e-06 3.295000e-15 -1.117799e-10 1.177660e-11
4.300000e-01 4.300000e-01 6.000000e-01 -1.179200e-06 1.179300e-06 3.305000e-15 -1.117391e-10 1.173580e-11
4.400000e-01 4.400000e-01 6.000000e-01 -1.183300e-06 1.183400e-06 3.315000e-15 -1.117007e-10 1.169738e-11
4.500000e-01 4.500000e-01 6.000000e-01 -1.187300e-06 1.187400e-06 3.325000e-15 -1.116645e-10 1.166117e-11
4.600000e-01 4.600000e-01 6.000000e-01 -1.191200e-06 1.191300e-06 3.335000e-15 -1.116301e-10 1.162676e-11
4.700000e-01 4.700000e-01 6.000000e-01 -1.195000e-06 1.195100e-06 3.345000e-15 -1.115975e-10 1.159415e-11
4.800000e-01 4.800000e-01 6.000000e-01 -1.198700e-06 1.198800e-06 3.355000e-15 -1.115664e-10 1.156304e-11
4.900000e-01 4.900000e-01 6.000000e-01 -1.202400e-06 1.202500e-06 3.365000e-15 -1.115368e-10 1.153343e-11
5.000000e-01 5.000000e-01 6.000000e-01 -1.206000e-06 1.206100e-06 3.375000e-15 -1.115086e-10 1.150522e-11
5.100000e-01 5.100000e-01 6.000000e-01 -1.209500e-06 1.209600e-06 3.385000e-15 -1.114815e-10 1.147811e-11
5.200000e-01 5.200000e-01 6.000000e-01 -1.212900e-06 1.213000e-06 3.395000e-15 -1.114556e-10 1.145220e-11
5.300000e-01 5.300000e-01 6.000000e-01 -1.216300e-06 1.216400e-06 3.405000e-15 -1.114307e-10 1.142729e-11
5.400000e-01 5.400000e-01 6.000000e-01 -1.219600e-06 1.219700e-06 3.415000e-15 -1.114068e-10 1.140338e-11
5.500000e-01 5.500000e-01 6.000000e-01 -1.222900e-06 1.223000e-06 3.425000e-15 -1.113837e-10 1.138027e-11
5.600000e-01 5.600000e-01 6.000000e-01 -1.226100e-06 1.226200e-06 3.435000e-15 -1.113615e-10 1.135807e-11
5.700000e-01 5.700000e-01 6.000000e-01 -1.229200e-06 1.229300e-06 3.445000e-15 -1.113400e-10 1.133655e-11
5.800000e-01 5.800000e-01 6.000000e-01 -1.232300e-06 1.232400e-06 3.455000e-15 -1.113193e-10 1.131584e-11
5.900000e-01 5.900000e-01 6.000000e-01 -1.235300e-06 1.235400e-06 3.465000e-15 -1.112992e-10 1.129573e-11
6.000000e-01 6.000000e-01 6.000000e-01 -1.238300e-06 1.238400e-06 3.475000e-15 -1.112797e-10 1.127622e-11
6.100000e-01 6.100000e-01 6.000000e-01 -1.241200e-06 1.241300e-06 3.485000e-15 -1.112608e-10 1.125731e-11
6.200000e-01 6.200000e-01 6.000000e-01 -1.244100e-06 1.244200e-06 3.495000e-15 -1.112424e-10 1.123890e-11
6.300000e-01 6.300000e-01 6.000000e-01 -1.247000e-06 1.247100e-06 3.505000e-15 -1.112246e-10 1.122109e-11
6.400000e-01 6.400000e-01 6.000000e-01 -1.249800e-06 1.249900e-06 3.515000e-15 -1.112073e-10 1.120378e-11
6.500000e-01 6.500000e-01 6.000000e-01 -1.252500e-06 1.252600e-06 3.525000e-15 -1.111904e-10 1.118687e-11
6.600000e-01 6.600000e-01 6.000000e-01 -1.255200e-06 1.255300e-06 3.535000e-15 -1.111739e-10 1.117036e-11
6.700000e-01 6.700000e-01 6.000000e-01 -1.257900e-06 1.258000e-06 3.545000e-15 -1.111578e-10 1.115426e-11
6.800000e-01 6.800000e-01 6.000000e-01 -1.260500e-06 1.260700e-06 3.555000e-15 -1.111422e-10 8.886136e-11
6.900000e-01 6.900000e-01 6.000000e-01 -1.263100e-06 1.263200e-06 3.565000e-15 -1.111269e-10 1.112333e-11
7.000000e-01 7.000000e-01 6.000000e-01 -1.265700e-06 1.265800e-06 3.575000e-15 -1.111119e-10 1.110832e-11
7.100000e-01 7.100000e-01 6.000000e-01 -1.268200e-06 1.268300e-06 3.585000e-15 -1.110973e-10 1.109371e-11
7.200000e-01 7.200000e-01 6.000000e-01 -1.270700e-06 1.270800e-06 3.595000e-15 -1.110830e-10 1.107940e-11
7.300000e-01 7.300000e-01 6.000000e-01 -1.273200e-06 1.273300e-06 3.605000e-15 -1.110689e-10 1.106530e-11
7.400000e-01 7.400000e-01 6.000000e-01 -1.275600e-06 1.275700e-06 3.615000e-15 -1.110552e-10 1.105158e-11
7.500000e-01 7.500000e-01 6.000000e-01 -1.278000e-06 1.278100e-06 3.625000e-15 -1.110418e-10 1.103817e-11
7.600000e-01 7.600000e-01 6.000000e-01 -1.280400e-06 1.280500e-06 3.635000e-15 -1.110286e-10 1.102496e-11
7.700000e-01 7.700000e-01 6.000000e-01 -1.282700e-06 1.282800e-06 3.645000e-15 -1.110156e-10 1.101195e-11
7.800000e-01 7.800000e-01 6.000000e-01 -1.285000e-06 1.285100e-06 3.655000e-15 -1.110029e-10 1.099924e-11
7.900000e-01 7.900000e-01 6.000000e-01 -1.287300e-06 1.287400e-06 3.665000e-15 -1.109904e-10 1.098674e-11
8.000000e-01 8.000000e-01 6.000000e-01 -1.289500e-06 1.289600e-06 3.675000e-15 -1.109781e-10 1.097442e-11
8.100000e-01 8.100000e-01 6.000000e-01 -1.291700e-06 1.291800e-06 3.685000e-15 -1.109661e-10 1.096241e-11
8.200000e-01 8.200000e-01 6.000000e-01 -1.293900e-06 1.294000e-06 3.695000e-15 -1.109542e-10 1.095050e-11
8.300000e-01 8.300000e-01 6.000000e-01 -1.296100e-06 1.296200e-06 3.705000e-15 -1.109426e-10 1.093889e-11
8.400000e-01 8.400000e-01 6.000000e-01 -1.298200e-06 1.298300e-06 3.715000e-15 -1.109311e-10 1.092738e-11
8.500000e-01 8.500000e-01 6.000000e-01 -1.300400e-06 1.300500e-06 3.725000e-15 -1.109198e-10 1.091607e-11
8.600000e-01 8.600000e-01 6.000000e-01 -1.302400e-06 1.302600e-06 3.735000e-15 -1.109087e-10 8.909503e-11
8.700000e-01 8.700000e-01 6.000000e-01 -1.304500e-06 1.304600e-06 3.745000e-15 -1.108978e-10 1.089405e-11
8.800000e-01 8.800000e-01 6.000000e-01 -1.306600e-06 1.306700e-06 3.755000e-15 -1.108870e-10 1.088324e-11
8.900000e-01 8.900000e-01 6.000000e-01 -1.308600e-06 1.308700e-06 3.765000e-15 -1.108764e-10 1.087263e-11
9.000000e-01 9.000000e-01 6.000000e-01 -1.310600e-06 1.310700e-06 3.775000e-15 -1.108659e-10 1.086212e-11
9.100000e-01 9.100000e-01 6.000000e-01 -1.312600e-06 1.312700e-06 3.785000e-15 -1.108556e-10 1.085181e-11
9.200000e-01 9.200000e-01 6.000000e-01 -1.314500e-06 1.314600e-06 3.795000e-15 -1.108454e-10 1.084160e-11
9.300000e-01 9.300000e-01 6.000000e-01 -1.316500e-06 1.316600e-06 3.805000e-15 -1.108353e-10 1.083149e-11
9.400000e-01 9.400000e-01 6.000000e-01 -1.318400e-06 1.318500e-06 3.815000e-15 -1.108254e-10 1.082158e-11
9.500000e-01 9.500000e-01 6.000000e-01 -1.320300e-06 1.320400e-06 3.825000e-15 -1.108156e-10 1.081177e-11
9.600000e-01 9.600000e-01 6.000000e-01 -1.322200e-06 1.322300e-06 3.835000e-15 -1.108060e-10 1.080216e-11
9.700000e-01 9.700000e-01 6.000000e-01 -1.324000e-06 1.324200e-06 3.845000e-15 -1.107964e-10 8.920745e-11
9.800000e-01 9.800000e-01 6.000000e-01 -1.325900e-06 1.326000e-06 3.855000e-15 -1.107870e-10 1.078314e-11
9.900000e-01 9.900000e-01 6.000000e-01 -1.327700e-06 1.327800e-06 3.865000e-15 -1.107777e-10 1.077383e-11
1.000000e+00 1.000000e+00 6.000000e-01 -1.329500e-06 1.329600e-06 3.875000e-15 -1.107685e-10 1.076463e-11
1.010000e+00 1.010000e+00 6.000000e-01 -1.331300e-06 1.331400e-06 3.885000e-15 -1.107594e-10 1.075551e-11
1.020000e+00 1.020000e+00 6.000000e-01 -1.333100e-06 1.333200e-06 3.895000e-15 -1.107504e-10 1.074651e-11
1.030000e+00 1.030000e+00 6.000000e-01 -1.334800e-06 1.335000e-06 3.905000e-15 -1.107416e-10 8.926231e-11
1.040000e+00 1.040000e+00 6.000000e-01 -1.336600e-06 1.336700e-06 3.915000e-15 -1.107328e-10 1.072889e-11
1.050000e+00 1.050000e+00 6.000000e-01 -1.338300e-06 1.338400e-06 3.925000e-15 -1.107241e-10 1.072017e-11
1.060000e+00 1.060000e+00 6.000000e-01 -1.340000e-06 1.340100e-06 3.935000e-15 -1.107155e-10 1.071156e-11
1.070000e+00 1.070000e+00 6.000000e-01 -1.341700e-06 1.341800e-06 3.945000e-15 -1.107070e-10 1.070305e-11
1.080000e+00 1.080000e+00 6.000000e-01 -1.343400e-06 1.343500e-06 3.955000e-15 -1.106986e-10 1.069464e-11
1.090000e+00 1.090000e+00 6.000000e-01 -1.345100e-06 1.345200e-06 3.965000e-15 -1.106903e-10 1.068633e-11
1.100000e+00 1.100000e+00 6.000000e-01 -1.346700e-06 1.346800e-06 3.975000e-15 -1.106821e-10 1.067812e-11
1.110000e+00 1.110000e+00 6.000000e-01 -1.348400e-06 1.348500e-06 3.985000e-15 -1.106740e-10 1.067002e-11
1.120000e+00 1.120000e+00 6.000000e-01 -1.350000e-06 1.350100e-06 3.995000e-15 -1.106659e-10 1.066190e-11
1.130000e+00 1.130000e+00 6.000000e-01 -1.351600e-06 1.351700e-06 4.005000e-15 -1.106579e-10 1.065389e-11
1.140000e+00 1.140000e+00 6.000000e-01 -1.353200e-06 1.353300e-06 4.015000e-15 -1.106500e-10 1.064598e-11
1.150000e+00 1.150000e+00 6.000000e-01 -1.354800e-06 1.354900e-06 4.025000e-15 -1.106422e-10 1.063817e-11
1.160000e+00 1.160000e+00 6.000000e-01 -1.356300e-06 1.356400e-06 4.035000e-15 -1.106345e-10 1.063046e-11
1.170000e+00 1.170000e+00 6.000000e-01 -1.357900e-06 1.358000e-06 4.045000e-15 -1.106268e-10 1.062275e-11
1.180000e+00 1.180000e+00 6.000000e-01 -1.359400e-06 1.359500e-06 4.055000e-15 -1.106192e-10 1.061514e-11
1.190000e+00 1.190000e+00 6.000000e-01 -1.361000e-06 1.361100e-06 4.065000e-15 -1.106117e-10 1.060763e-11
1.200000e+00 1.200000e+00 6.000000e-01 -1.362500e-06 1.362600e-06 4.075000e-15 -1.106042e-10 1.060013e-11
0.000000e+00 0.000000e+00 8.000000e-01 1.386900e-09 1.386900e-09 2.863696e-16 -2.773900e-09 9.971363e-14
1.000000e-02 1.000000e-02 8.000000e-01 -3.684635e-07 3.711269e-07 2.963381e-16 -2.663400e-09 2.963380e-16
2.000000e-02 2.000000e-02 8.000000e-01 -7.284401e-07 7.309962e-07 3.063141e-16 -2.556100e-09 3.063141e-16
3.000000e-02 3.000000e-02 8.000000e-01 -1.078100e-06 1.080600e-06 3.162959e-16 -2.452200e-09 4.780032e-11
4.000000e-02 4.000000e-02 8.000000e-01 -1.417000e-06 1.419300e-06 3.262822e-16 -2.351600e-09 5.159967e-11
5.000000e-02 5.000000e-02 8.000000e-01 -1.744300e-06 1.746600e-06 3.362717e-16 -2.254500e-09 4.550034e-11
6.000000e-02 6.000000e-02 8.000000e-01 -2.059400e-06 2.061600e-06 3.462636e-16 -2.161100e-09 3.890035e-11
7.000000e-02 7.000000e-02 8.000000e-01 -2.361600e-06 2.363700e-06 3.562575e-16 -2.071600e-09 2.840036e-11
8.000000e-02 8.000000e-02 8.000000e-01 -2.650300e-06 2.652300e-06 3.662528e-16 -1.986200e-09 1.380037e-11
9.000000e-02 9.000000e-02 8.000000e-01 -2.924700e-06 2.926600e-06 3.762493e-16 -1.905200e-09 5.199624e-12
1.000000e-01 1.000000e-01 8.000000e-01 -3.184600e-06 3.186400e-06 3.862465e-16 -1.828700e-09 2.869961e-11
1.100000e-01 1.100000e-01 8.000000e-01 -3.429600e-06 3.431300e-06 3.962443e-16 -1.756900e-09 5.689960e-11
1.200000e-01 1.200000e-01 8.000000e-01 -3.659700e-06 3.661400e-06 4.062427e-16 -1.690000e-09 1.000041e-11
1.300000e-01 1.300000e-01 8.000000e-01 -3.875100e-06 3.876700e-06 4.162413e-16 -1.628000e-09 2.799958e-11
1.400000e-01 1.400000e-01 8.000000e-01 -4.076200e-06 4.077700e-06 4.262403e-16 -1.570900e-09 7.089957e-11
1.500000e-01 1.500000e-01 8.000000e-01 -4.263400e-06 4.264900e-06 4.362395e-16 -1.518600e-09 1.859956e-11
1.600000e-01 1.600000e-01 8.000000e-01 -4.437600e-06 4.439100e-06 4.462388e-16 -1.471000e-09 2.900045e-11
1.700000e-01 1.700000e-01 8.000000e-01 -4.599400e-06 4.600900e-06 4.562383e-16 -1.427900e-09 7.210046e-11
1.800000e-01 1.800000e-01 8.000000e-01 -4.749800e-06 4.751200e-06 4.662379e-16 -1.389000e-09 1.100047e-11
1.900000e-01 1.900000e-01 8.000000e-01 -4.889500e-06 4.890800e-06 4.762375e-16 -1.354100e-09 5.409952e-11
2.000000e-01 2.000000e-01 8.000000e-01 -5.019300e-06 5.020600e-06 4.862372e-16 -1.322900e-09 2.289951e-11
2.100000e-01 2.100000e-01 8.000000e-01 -5.140100e-06 5.141400e-06 4.962370e-16 -1.295000e-09 5.000496e-12
2.200000e-01 2.200000e-01 8.000000e-01 -5.252600e-06 5.253800e-06 5.062368e-16 -1.270100e-09 7.009949e-11
2.300000e-01 2.300000e-01 8.000000e-01 -5.357400e-06 5.358700e-06 5.162366e-16 -1.247900e-09 5.210052e-11
2.400000e-01 2.400000e-01 8.000000e-01 -5.455300e-06 5.456500e-06 5.262365e-16 -1.228200e-09 2.819947e-11
2.500000e-01 2.500000e-01 8.000000e-01 -5.546900e-06 5.548100e-06 5.362364e-16 -1.210600e-09 1.059946e-11
2.600000e-01 2.600000e-01 8.000000e-01 -5.632600e-06 5.633800e-06 5.462362e-16 -1.195000e-09 5.000546e-12
2.700000e-01 2.700000e-01 8.000000e-01 -5.712900e-06 5.714100e-06 5.562362e-16 -1.181000e-09 1.900056e-11
2.800000e-01 2.800000e-01 8.000000e-01 -5.788500e-06 5.789600e-06 5.662361e-16 -1.168600e-09 6.859943e-11
2.900000e-01 2.900000e-01 8.000000e-01 -5.859500e-06 5.860700e-06 5.762360e-16 -1.157400e-09 4.260058e-11
3.000000e-01 3.000000e-01 8.000000e-01 -5.926500e-06 5.927600e-06 5.862359e-16 -1.147500e-09 4.749941e-11
3.100000e-01 3.100000e-01 8.000000e-01 -5.989700e-06 5.990900e-06 5.962359e-16 -1.138500e-09 6.150060e-11
3.200000e-01 3.200000e-01 8.000000e-01 -6.049500e-06 6.050700e-06 6.062358e-16 -1.130500e-09 6.950061e-11
3.300000e-01 3.300000e-01 8.000000e-01 -6.106200e-06 6.107300e-06 6.162358e-16 -1.123200e-09 2.319938e-11
3.400000e-01 3.400000e-01 8.000000e-01 -6.160000e-06 6.161100e-06 6.262358e-16 -1.116700e-09 1.669937e-11
3.500000e-01 3.500000e-01 8.000000e-01 -6.211100e-06 6.212200e-06 6.362357e-16 -1.110700e-09 1.069936e-11
3.600000e-01 3.600000e-01 8.000000e-01 -6.259800e-06 6.260900e-06 6.462357e-16 -1.105400e-09 5.399354e-12
3.700000e-01 3.700000e-01 8.000000e-01 -6.306200e-06 6.307300e-06 6.562357e-16 -1.100500e-09 4.993438e-13
3.800000e-01 3.800000e-01 8.000000e-01 -6.350600e-06 6.351700e-06 6.662356e-16 -1.096000e-09 4.000666e-12
3.900000e-01 3.900000e-01 8.000000e-01 -6.393000e-06 6.394100e-06 6.762356e-16 -1.091900e-09 8.100676e-12
4.000000e-01 4.000000e-01 8.000000e-01 -6.433600e-06 6.434700e-06 6.862356e-16 -1.088200e-09 1.180069e-11
4.100000e-01 4.100000e-01 8.000000e-01 -6.472600e-06 6.473700e-06 6.962356e-16 -1.084800e-09 1.520070e-11
4.200000e-01 4.200000e-01 8.000000e-01 -6.510100e-06 6.511200e-06 7.062356e-16 -1.081600e-09 1.840071e-11
4.300000e-01 4.300000e-01 8.000000e-01 -6.546100e-06 6.547200e-06 7.162356e-16 -1.078700e-09 2.130072e-11
4.400000e-01 4.400000e-01 8.000000e-01 -6.580800e-06 6.581900e-06 7.262355e-16 -1.076000e-09 2.400073e-11
4.500000e-01 4.500000e-01 8.000000e-01 -6.614200e-06 6.615300e-06 7.362355e-16 -1.073500e-09 2.650074e-11
4.600000e-01 4.600000e-01 8.000000e-01 -6.646500e-06 6.647600e-06 7.462355e-16 -1.071200e-09 2.880075e-11
4.700000e-01 4.700000e-01 8.000000e-01 -6.677700e-06 6.678800e-06 7.562355e-16 -1.069100e-09 3.090076e-11
4.800000e-01 4.800000e-01 8.000000e-01 -6.707900e-06 6.709000e-06 7.662355e-16 -1.067100e-09 3.290077e-11
4.900000e-01 4.900000e-01 8.000000e-01 -6.737100e-06 6.738200e-06 7.762355e-16 -1.065200e-09 3.480078e-11
5.000000e-01 5.000000e-01 8.000000e-01 -6.765400e-06 6.766500e-06 7.862355e-16 -1.063400e-09 3.660079e-11
5.100000e-01 5.100000e-01 8.000000e-01 -6.792900e-06 6.794000e-06 7.962355e-16 -1.061800e-09 3.820080e-11
5.200000e-01 5.200000e-01 8.000000e-01 -6.819600e-06 6.820600e-06 8.062355e-16 -1.060200e-09 6.019919e-11
5.300000e-01 5.300000e-01 8.000000e-01 -6.845500e-06 6.846500e-06 8.162355e-16 -1.058800e-09 5.879918e-11
5.400000e-01 5.400000e-01 8.000000e-01 -6.870700e-06 6.871700e-06 8.262355e-16 -1.057400e-09 5.739917e-11
5.500000e-01 5.500000e-01 8.000000e-01 -6.895200e-06 6.896300e-06 8.362354e-16 -1.056100e-09 4.390084e-11
5.600000e-01 5.600000e-01 8.000000e-01 -6.919100e-06 6.920100e-06 8.462354e-16 -1.054900e-09 5.489915e-11
5.700000e-01 5.700000e-01 8.000000e-01 -6.942300e-06 6.943400e-06 8.562354e-16 -1.053800e-09 4.620086e-11
5.800000e-01 5.800000e-01 8.000000e-01 -6.965000e-06 6.966100e-06 8.662354e-16 -1.052700e-09 4.730087e-11
5.900000e-01 5.900000e-01 8.000000e-01 -6.987200e-06 6.988200e-06 8.762354e-16 -1.051600e-09 5.159912e-11
6.000000e-01 6.000000e-01 8.000000e-01 -7.008800e-06 7.009800e-06 8.862354e-16 -1.050600e-09 5.059911e-11
6.100000e-01 6.100000e-01 8.000000e-01 -7.029900e-06 7.031000e-06 8.962354e-16 -1.049700e-09 5.030090e-11
6.200000e-01 6.200000e-01 8.000000e-01 -7.050500e-06 7.051600e-06 9.062354e-16 -1.048800e-09 5.120091e-11
6.300000e-01 6.300000e-01 8.000000e-01 -7.070700e-06 7.071800e-06 9.162354e-16 -1.047900e-09 5.210092e-11
6.400000e-01 6.400000e-01 8.000000e-01 -7.090500e-06 7.091500e-06 9.262354e-16 -1.047100e-09 4.709907e-11
6.500000e-01 6.500000e-01 8.000000e-01 -7.109800e-06 7.110900e-06 9.362354e-16 -1.046300e-09 5.370094e-11
6.600000e-01 6.600000e-01 8.000000e-01 -7.128700e-06 7.129800e-06 9.462354e-16 -1.045500e-09 5.450095e-11
6.700000e-01 6.700000e-01 8.000000e-01 -7.147300e-06 7.148300e-06 9.562354e-16 -1.044800e-09 4.479904e-11
6.800000e-01 6.800000e-01 8.000000e-01 -7.165500e-06 7.166500e-06 9.662354e-16 -1.044100e-09 4.409903e-11
6.900000e-01 6.900000e-01 8.000000e-01 -7.183300e-06 7.184300e-06 9.762354e-16 -1.043500e-09 4.349902e-11
7.000000e-01 7.000000e-01 8.000000e-01 -7.200800e-06 7.201800e-06 9.862354e-16 -1.042800e-09 4.279901e-11
7.100000e-01 7.100000e-01 8.000000e-01 -7.217900e-06 7.219000e-06 9.962354e-16 -1.042200e-09 5.780100e-11
7.200000e-01 7.200000e-01 8.000000e-01 -7.234800e-06 7.235800e-06 1.006200e-15 -1.041600e-09 4.159899e-11
7.300000e-01 7.300000e-01 8.000000e-01 -7.251300e-06 7.252400e-06 1.016200e-15 -1.041000e-09 5.900102e-11
7.400000e-01 7.400000e-01 8.000000e-01 -7.267600e-06 7.268600e-06 1.026200e-15 -1.040500e-09 4.049897e-11
7.500000e-01 7.500000e-01 8.000000e-01 -7.283600e-06 7.284600e-06 1.036200e-15 -1.039900e-09 3.989896e-11
7.600000e-01 7.600000e-01 8.000000e-01 -7.299300e-06 7.300300e-06 1.046200e-15 -1.039400e-09 3.939895e-11
7.700000e-01 7.700000e-01 8.000000e-01 -7.314700e-06 7.315700e-06 1.056200e-15 -1.038900e-09 3.889894e-11
7.800000e-01 7.800000e-01 8.000000e-01 -7.329900e-06 7.330900e-06 1.066200e-15 -1.038400e-09 3.839893e-11
7.900000e-01 7.900000e-01 8.000000e-01 -7.344800e-06 7.345900e-06 1.076200e-15 -1.037900e-09 6.210108e-11
8.000000e-01 8.000000e-01 8.000000e-01 -7.359500e-06 7.360600e-06 1.086200e-15 -1.037500e-09 6.250109e-11
8.100000e-01 8.100000e-01 8.000000e-01 -7.374000e-06 7.375000e-06 1.096200e-15 -1.037000e-09 3.699890e-11
8.200000e-01 8.200000e-01 8.000000e-01 -7.388300e-06 7.389300e-06 1.106200e-15 -1.036600e-09 3.659889e-11
8.300000e-01 8.300000e-01 8.000000e-01 -7.402300e-06 7.403300e-06 1.116200e-15 -1.036100e-09 3.609888e-11
8.400000e-01 8.400000e-01 8.000000e-01 -7.416100e-06 7.417200e-06 1.126200e-15 -1.035700e-09 6.430113e-11
8.500000e-01 8.500000e-01 8.000000e-01 -7.429800e-06 7.430800e-06 1.136200e-15 -1.035300e-09 3.529886e-11
8.600000e-01 8.600000e-01 8.000000e-01 -7.443200e-06 7.444200e-06 1.146200e-15 -1.034900e-09 3.489885e-11
8.700000e-01 8.700000e-01 8.000000e-01 -7.456400e-06 7.457500e-06 1.156200e-15 -1.034500e-09 6.550116e-11
8.800000e-01 8.800000e-01 8.000000e-01 -7.469500e-06 7.470500e-06 1.166200e-15 -1.034200e-09 3.419883e-11
8.900000e-01 8.900000e-01 8.000000e-01 -7.482400e-06 7.483400e-06 1.176200e-15 -1.033800e-09 3.379882e-11
9.000000e-01 9.000000e-01 8.000000e-01 -7.495100e-06 7.496100e-06 1.186200e-15 -1.033400e-09 3.339881e-11
9.100000e-01 9.100000e-01 8.000000e-01 -7.507600e-06 7.508600e-06 1.196200e-15 -1.033100e-09 3.309880e-11
9.200000e-01 9.200000e-01 8.000000e-01 -7.520000e-06 7.521000e-06 1.206200e-15 -1.032700e-09 3.269879e-11
9.300000e-01 9.300000e-01 8.000000e-01 -7.532200e-06 7.533200e-06 1.216200e-15 -1.032400e-09 3.239878e-11
9.400000e-01 9.400000e-01 8.000000e-01 -7.544200e-06 7.545300e-06 1.226200e-15 -1.032100e-09 6.790123e-11
9.500000e-01 9.500000e-01 8.000000e-01 -7.556100e-06 7.557200e-06 1.236200e-15 -1.031800e-09 6.820124e-11
9.600000e-01 9.600000e-01 8.000000e-01 -7.567900e-06 7.568900e-06 1.246200e-15 -1.031400e-09 3.139875e-11
9.700000e-01 9.700000e-01 8.000000e-01 -7.579500e-06 7.580500e-06 1.256200e-15 -1.031100e-09 3.109874e-11
9.800000e-01 9.800000e-01 8.000000e-01 -7.590900e-06 7.592000e-06 1.266200e-15 -1.030800e-09 6.920127e-11
9.900000e-01 9.900000e-01 8.000000e-01 -7.602300e-06 7.603300e-06 1.276200e-15 -1.030500e-09 3.049872e-11
1.000000e+00 1.000000e+00 8.000000e-01 -7.613500e-06 7.614500e-06 1.286200e-15 -1.030300e-09 3.029871e-11
1.010000e+00 1.010000e+00 8.000000e-01 -7.624500e-06 7.625500e-06 1.296200e-15 -1.030000e-09 2.999870e-11
1.020000e+00 1.020000e+00 8.000000e-01 -7.635400e-06 7.636500e-06 1.306200e-15 -1.029700e-09 7.030131e-11
1.030000e+00 1.030000e+00 8.000000e-01 -7.646300e-06 7.647300e-06 1.316200e-15 -1.029400e-09 2.939868e-11
1.040000e+00 1.040000e+00 8.000000e-01 -7.656900e-06 7.658000e-06 1.326200e-15 -1.029100e-09 7.090133e-11
1.050000e+00 1.050000e+00 8.000000e-01 -7.667500e-06 7.668500e-06 1.336200e-15 -1.028900e-09 2.889866e-11
1.060000e+00 1.060000e+00 8.000000e-01 -7.678000e-06 7.679000e-06 1.346200e-15 -1.028600e-09 2.859865e-11
1.070000e+00 1.070000e+00 8.000000e-01 -7.688300e-06 7.689300e-06 1.356200e-15 -1.028400e-09 2.839864e-11
1.080000e+00 1.080000e+00 8.000000e-01 -7.698500e-06 7.699500e-06 1.366200e-15 -1.028100e-09 2.809863e-11
1.090000e+00 1.090000e+00 8.000000e-01 -7.708600e-06 7.709700e-06 1.376200e-15 -1.027900e-09 7.210138e-11
1.100000e+00 1.100000e+00 8.000000e-01 -7.718600e-06 7.719700e-06 1.386200e-15 -1.027600e-09 7.240139e-11
1.110000e+00 1.110000e+00 8.000000e-01 -7.728500e-06 7.729600e-06 1.396200e-15 -1.027400e-09 7.260140e-11
1.120000e+00 1.120000e+00 8.000000e-01 -7.738300e-06 7.739400e-06 1.406200e-15 -1.027100e-09 7.290141e-11
1.130000e+00 1.130000e+00 8.000000e-01 -7.748000e-06 7.749100e-06 1.416200e-15 -1.026900e-09 7.310142e-11
1.140000e+00 1.140000e+00 8.000000e-01 -7.757600e-06 7.758700e-06 1.426200e-15 -1.026700e-09 7.330143e-11
1.150000e+00 1.150000e+00 8.000000e-01 -7.767100e-06 7.768200e-06 1.436200e-15 -1.026400e-09 7.360144e-11
1.160000e+00 1.160000e+00 8.000000e-01 -7.776600e-06 7.777600e-06 1.446200e-15 -1.026200e-09 2.619855e-11
1.170000e+00 1.170000e+00 8.000000e-01 -7.785900e-06 7.786900e-06 1.456200e-15 -1.026000e-09 2.599854e-11
1.180000e+00 1.180000e+00 8.000000e-01 -7.795100e-06 7.796100e-06 1.466200e-15 -1.025800e-09 2.579853e-11
1.190000e+00 1.190000e+00 8.000000e-01 -7.804300e-06 7.805300e-06 1.476200e-15 -1.025600e-09 2.559852e-11
1.200000e+00 1.200000e+00 8.000000e-01 -7.813300e-06 7.814300e-06 1.486200e-15 -1.025300e-09 2.529851e-11
0.000000e+00 0.000000e+00 1.000000e+00 5.012800e-09 5.012800e-09 1.710010e-14 -1.002560e-08 1.710010e-14
1.000000e-02 1.000000e-02 1.000000e+00 -5.120915e-07 5.218583e-07 1.269330e-14 -9.766800e-09 1.269330e-14
2.000000e-02 2.000000e-02 1.000000e+00 -1.024000e-06 1.033500e-06 9.435300e-15 -9.512800e-09 1.279056e-11
3.000000e-02 3.000000e-02 1.000000e+00 -1.530400e-06 1.539600e-06 7.026300e-15 -9.263500e-09 6.349297e-11
4.000000e-02 4.000000e-02 1.000000e+00 -2.031100e-06 2.040100e-06 5.244800e-15 -9.018900e-09 1.889476e-11
5.000000e-02 5.000000e-02 1.000000e+00 -2.525800e-06 2.534600e-06 3.927600e-15 -8.779100e-09 2.090393e-11
6.000000e-02 6.000000e-02 1.000000e+00 -3.014100e-06 3.022700e-06 2.953700e-15 -8.544200e-09 5.580295e-11
7.000000e-02 7.000000e-02 1.000000e+00 -3.495700e-06 3.504000e-06 2.234100e-15 -8.314100e-09 1.409777e-11
8.000000e-02 8.000000e-02 1.000000e+00 -3.970200e-06 3.978300e-06 1.702600e-15 -8.089000e-09 1.100170e-11
9.000000e-02 9.000000e-02 1.000000e+00 -4.437200e-06 4.445000e-06 1.310500e-15 -7.869100e-09 6.909869e-11
1.000000e-01 1.000000e-01 1.000000e+00 -4.896200e-06 4.903800e-06 1.021600e-15 -7.654400e-09 5.439898e-11
1.100000e-01 1.100000e-01 1.000000e+00 -5.346800e-06 5.354300e-06 8.091782e-16 -7.445100e-09 5.490081e-11
1.200000e-01 1.200000e-01 1.000000e+00 -5.788700e-06 5.795900e-06 6.535012e-16 -7.241200e-09 4.119935e-11
1.300000e-01 1.300000e-01 1.000000e+00 -6.221300e-06 6.228300e-06 5.398823e-16 -7.043100e-09 4.309946e-11
1.400000e-01 1.400000e-01 1.000000e+00 -6.644300e-06 6.651200e-06 4.574921e-16 -6.850900e-09 4.910046e-11
1.500000e-01 1.500000e-01 1.000000e+00 -7.057400e-06 7.064100e-06 3.982943e-16 -6.664600e-09 3.540040e-11
1.600000e-01 1.600000e-01 1.000000e+00 -7.460300e-06 7.466800e-06 3.563463e-16 -6.484500e-09 1.550036e-11
1.700000e-01 1.700000e-01 1.000000e+00 -7.852600e-06 7.858900e-06 3.272410e-16 -6.310600e-09 1.059967e-11
1.800000e-01 1.800000e-01 1.000000e+00 -8.234200e-06 8.240300e-06 3.077160e-16 -6.143200e-09 4.319969e-11
1.900000e-01 1.900000e-01 1.000000e+00 -8.604900e-06 8.610800e-06 2.953441e-16 -5.982400e-09 8.239970e-11
2.000000e-01 2.000000e-01 1.000000e+00 -8.964500e-06 8.970400e-06 2.883275e-16 -5.828100e-09 7.190029e-11
2.100000e-01 2.100000e-01 1.000000e+00 -9.313100e-06 9.318800e-06 2.853324e-16 -5.680500e-09 1.950029e-11
2.200000e-01 2.200000e-01 1.000000e+00 -9.650700e-06 9.656200e-06 2.853609e-16 -5.539700e-09 3.969971e-11
2.300000e-01 2.300000e-01 1.000000e+00 -9.977300e-06 9.982700e-06 2.876728e-16 -5.405500e-09 5.499712e-12
2.400000e-01 2.400000e-01 1.000000e+00 -1.029290e-05 1.029820e-05 2.917131e-16 -5.278100e-09 2.190029e-11
2.500000e-01 2.500000e-01 1.000000e+00 -1.059780e-05 1.060300e-05 2.970679e-16 -5.157200e-09 4.280030e-11
2.600000e-01 2.600000e-01 1.000000e+00 -1.089210e-05 1.089710e-05 3.034272e-16 -5.042800e-09 4.279970e-11
2.700000e-01 2.700000e-01 1.000000e+00 -1.117590e-05 1.118090e-05 3.105560e-16 -4.934800e-09 6.520031e-11
2.800000e-01 2.800000e-01 1.000000e+00 -1.144960e-05 1.145440e-05 3.182767e-16 -4.833000e-09 3.299968e-11
2.900000e-01 2.900000e-01 1.000000e+00 -1.171320e-05 1.171800e-05 3.264564e-16 -4.737200e-09 6.280033e-11
3.000000e-01 3.000000e-01 1.000000e+00 -1.196720e-05 1.197180e-05 3.349933e-16 -4.647200e-09 4.719967e-11
3.100000e-01 3.100000e-01 1.000000e+00 -1.221160e-05 1.221610e-05 3.438098e-16 -4.562900e-09 6.289966e-11
3.200000e-01 3.200000e-01 1.000000e+00 -1.244670e-05 1.245120e-05 3.528464e-16 -4.483800e-09 1.620035e-11
3.300000e-01 3.300000e-01 1.000000e+00 -1.267290e-05 1.267730e-05 3.620561e-16 -4.409900e-09 9.899638e-12
3.400000e-01 3.400000e-01 1.000000e+00 -1.289030e-05 1.289460e-05 3.714044e-16 -4.340800e-09 4.079963e-11
3.500000e-01 3.500000e-01 1.000000e+00 -1.309930e-05 1.310350e-05 3.808639e-16 -4.276200e-09 7.619962e-11
3.600000e-01 3.600000e-01 1.000000e+00 -1.330010e-05 1.330430e-05 3.904118e-16 -4.216000e-09 1.599961e-11
3.700000e-01 3.700000e-01 1.000000e+00 -1.349290e-05 1.349710e-05 4.000325e-16 -4.159800e-09 4.020040e-11
3.800000e-01 3.800000e-01 1.000000e+00 -1.367820e-05 1.368230e-05 4.097115e-16 -4.107500e-09 7.499590e-12
3.900000e-01 3.900000e-01 1.000000e+00 -1.385610e-05 1.386010e-05 4.194386e-16 -4.058700e-09 5.869958e-11
4.000000e-01 4.000000e-01 1.000000e+00 -1.402690e-05 1.403090e-05 4.292053e-16 -4.013300e-09 1.329957e-11
4.100000e-01 4.100000e-01 1.000000e+00 -1.419100e-05 1.419490e-05 4.390048e-16 -3.970900e-09 7.089956e-11
4.200000e-01 4.200000e-01 1.000000e+00 -1.434850e-05 1.435250e-05 4.488313e-16 -3.931500e-09 6.850045e-11
4.300000e-01 4.300000e-01 1.000000e+00 -1.449990e-05 1.450380e-05 4.586810e-16 -3.894700e-09 5.300459e-12
4.400000e-01 4.400000e-01 1.000000e+00 -1.464530e-05 1.464910e-05 4.685498e-16 -3.860400e-09 6.039953e-11
4.500000e-01 4.500000e-01 1.000000e+00 -1.478500e-05 1.478880e-05 4.784349e-16 -3.828500e-09 2.849952e-11
4.600000e-01 4.600000e-01 1.000000e+00 -1.491930e-05 1.492310e-05 4.883339e-16 -3.798600e-09 1.400488e-12
4.700000e-01 4.700000e-01 1.000000e+00 -1.504840e-05 1.505220e-05 4.982444e-16 -3.770800e-09 2.920050e-11
4.800000e-01 4.800000e-01 1.000000e+00 -1.517260e-05 1.517640e-05 5.081650e-16 -3.744800e-09 5.520051e-11
4.900000e-01 4.900000e-01 1.000000e+00 -1.529220e-05 1.529590e-05 5.180942e-16 -3.720500e-09 2.049948e-11
5.000000e-01 5.000000e-01 1.000000e+00 -1.540730e-05 1.541100e-05 5.280310e-16 -3.697800e-09 2.200528e-12
5.100000e-01 5.100000e-01 1.000000e+00 -1.551820e-05 1.552190e-05 5.379744e-16 -3.676500e-09 2.350054e-11
5.200000e-01 5.200000e-01 1.000000e+00 -1.562500e-05 1.562870e-05 5.479232e-16 -3.656500e-09 4.350055e-11
5.300000e-01 5.300000e-01 1.000000e+00 -1.572810e-05 1.573170e-05 5.578772e-16 -3.637800e-09 3.779944e-11
5.400000e-01 5.400000e-01 1.000000e+00 -1.582750e-05 1.583110e-05 5.678354e-16 -3.620300e-09 2.029943e-11
5.500000e-01 5.500000e-01 1.000000e+00 -1.592350e-05 1.592710e-05 5.777973e-16 -3.603800e-09 3.799422e-12
5.600000e-01 5.600000e-01 1.000000e+00 -1.601620e-05 1.601980e-05 5.877628e-16 -3.588300e-09 1.170059e-11
5.700000e-01 5.700000e-01 1.000000e+00 -1.610590e-05 1.610940e-05 5.977312e-16 -3.573800e-09 7.379940e-11
5.800000e-01 5.800000e-01 1.000000e+00 -1.619250e-05 1.619610e-05 6.077021e-16 -3.560000e-09 4.000061e-11
5.900000e-01 5.900000e-01 1.000000e+00 -1.627640e-05 1.628000e-05 6.176754e-16 -3.547100e-09 5.290062e-11
6.000000e-01 6.000000e-01 1.000000e+00 -1.635760e-05 1.636120e-05 6.276509e-16 -3.534900e-09 6.510063e-11
6.100000e-01 6.100000e-01 1.000000e+00 -1.643630e-05 1.643990e-05 6.376286e-16 -3.523400e-09 7.660064e-11
6.200000e-01 6.200000e-01 1.000000e+00 -1.651260e-05 1.651610e-05 6.476075e-16 -3.512500e-09 1.249935e-11
6.300000e-01 6.300000e-01 1.000000e+00 -1.658660e-05 1.659010e-05 6.575881e-16 -3.502100e-09 2.099342e-12
6.400000e-01 6.400000e-01 1.000000e+00 -1.665840e-05 1.666190e-05 6.675701e-16 -3.492400e-09 7.600668e-12
6.500000e-01 6.500000e-01 1.000000e+00 -1.672820e-05 1.673170e-05 6.775535e-16 -3.483100e-09 1.690068e-11
6.600000e-01 6.600000e-01 1.000000e+00 -1.679600e-05 1.679950e-05 6.875379e-16 -3.474300e-09 2.570069e-11
6.700000e-01 6.700000e-01 1.000000e+00 -1.686190e-05 1.686530e-05 6.975232e-16 -3.466000e-09 6.599930e-11
6.800000e-01 6.800000e-01 1.000000e+00 -1.692600e-05 1.692940e-05 7.075097e-16 -3.458000e-09 5.799929e-11
6.900000e-01 6.900000e-01 1.000000e+00 -1.698840e-05 1.699180e-05 7.174970e-16 -3.450400e-09 5.039928e-11
7.000000e-01 7.000000e-01 1.000000e+00 -1.704910e-05 1.705260e-05 7.274849e-16 -3.443200e-09 5.680073e-11
7.100000e-01 7.100000e-01 1.000000e+00 -1.710830e-05 1.711180e-05 7.374736e-16 -3.436400e-09 6.360074e-11
7.200000e-01 7.200000e-01 1.000000e+00 -1.716610e-05 1.716950e-05 7.474630e-16 -3.429800e-09 2.979925e-11
7.300000e-01 7.300000e-01 1.000000e+00 -1.722230e-05 1.722580e-05 7.574529e-16 -3.423600e-09 7.640076e-11
7.400000e-01 7.400000e-01 1.000000e+00 -1.727730e-05 1.728070e-05 7.674435e-16 -3.417600e-09 1.759923e-11
7.500000e-01 7.500000e-01 1.000000e+00 -1.733090e-05 1.733430e-05 7.774347e-16 -3.411900e-09 1.189922e-11
7.600000e-01 7.600000e-01 1.000000e+00 -1.738320e-05 1.738670e-05 7.874261e-16 -3.406400e-09 9.360079e-11
7.700000e-01 7.700000e-01 1.000000e+00 -1.743440e-05 1.743780e-05 7.974180e-16 -3.401100e-09 1.099203e-12
7.800000e-01 7.800000e-01 1.000000e+00 -1.748440e-05 1.748780e-05 8.074104e-16 -3.396100e-09 3.900807e-12
7.900000e-01 7.900000e-01 1.000000e+00 -1.753330e-05 1.753670e-05 8.174032e-16 -3.391300e-09 8.700817e-12
8.000000e-01 8.000000e-01 1.000000e+00 -1.758120e-05 1.758460e-05 8.273965e-16 -3.386600e-09 1.340083e-11
8.100000e-01 8.100000e-01 1.000000e+00 -1.762800e-05 1.763140e-05 8.373899e-16 -3.382100e-09 1.790084e-11
8.200000e-01 8.200000e-01 1.000000e+00 -1.767390e-05 1.767730e-05 8.473835e-16 -3.377800e-09 2.220085e-11
8.300000e-01 8.300000e-01 1.000000e+00 -1.771880e-05 1.772220e-05 8.573775e-16 -3.373700e-09 2.630086e-11
8.400000e-01 8.400000e-01 1.000000e+00 -1.776290e-05 1.776620e-05 8.673719e-16 -3.369700e-09 6.969913e-11
8.500000e-01 8.500000e-01 1.000000e+00 -1.780600e-05 1.780940e-05 8.773664e-16 -3.365900e-09 3.410088e-11
8.600000e-01 8.600000e-01 1.000000e+00 -1.784830e-05 1.785170e-05 8.873613e-16 -3.362200e-09 3.780089e-11
8.700000e-01 8.700000e-01 1.000000e+00 -1.788980e-05 1.789320e-05 8.973563e-16 -3.358600e-09 4.140090e-11
8.800000e-01 8.800000e-01 1.000000e+00 -1.793050e-05 1.793390e-05 9.073514e-16 -3.355100e-09 4.490091e-11
8.900000e-01 8.900000e-01 1.000000e+00 -1.797050e-05 1.797390e-05 9.173468e-16 -3.351800e-09 4.820092e-11
9.000000e-01 9.000000e-01 1.000000e+00 -1.800980e-05 1.801310e-05 9.273423e-16 -3.348600e-09 4.859907e-11
9.100000e-01 9.100000e-01 1.000000e+00 -1.804830e-05 1.805160e-05 9.373382e-16 -3.345400e-09 4.539906e-11
9.200000e-01 9.200000e-01 1.000000e+00 -1.808620e-05 1.808950e-05 9.473339e-16 -3.342400e-09 4.239905e-11
9.300000e-01 9.300000e-01 1.000000e+00 -1.812340e-05 1.812670e-05 9.573301e-16 -3.339500e-09 3.949904e-11
9.400000e-01 9.400000e-01 1.000000e+00 -1.816000e-05 1.816330e-05 9.673262e-16 -3.336600e-09 3.659903e-11
9.500000e-01 9.500000e-01 1.000000e+00 -1.819590e-05 1.819930e-05 9.773226e-16 -3.333800e-09 6.620098e-11
9.600000e-01 9.600000e-01 1.000000e+00 -1.823130e-05 1.823460e-05 9.873191e-16 -3.331200e-09 3.119901e-11
9.700000e-01 9.700000e-01 1.000000e+00 -1.826610e-05 1.826950e-05 9.973156e-16 -3.328600e-09 7.140100e-11
9.800000e-01 9.800000e-01 1.000000e+00 -1.830040e-05 1.830370e-05 1.007300e-15 -3.326000e-09 2.599899e-11
9.900000e-01 9.900000e-01 1.000000e+00 -1.833410e-05 1.833740e-05 1.017300e-15 -3.323600e-09 2.359898e-11
1.000000e+00 1.000000e+00 1.000000e+00 -1.836730e-05 1.837060e-05 1.027300e-15 -3.321200e-09 2.119897e-11
1.010000e+00 1.010000e+00 1.000000e+00 -1.840000e-05 1.840330e-05 1.037300e-15 -3.318800e-09 1.879896e-11
1.020000e+00 1.020000e+00 1.000000e+00 -1.843210e-05 1.843550e-05 1.047300e-15 -3.316600e-09 8.340105e-11
1.030000e+00 1.030000e+00 1.000000e+00 -1.846390e-05 1.846720e-05 1.057300e-15 -3.314300e-09 1.429894e-11
1.040000e+00 1.040000e+00 1.000000e+00 -1.849510e-05 1.849840e-05 1.067300e-15 -3.312200e-09 1.219893e-11
1.050000e+00 1.050000e+00 1.000000e+00 -1.852590e-05 1.852920e-05 1.077300e-15 -3.310100e-09 1.009892e-11
1.060000e+00 1.060000e+00 1.000000e+00 -1.855630e-05 1.855960e-05 1.087300e-15 -3.308000e-09 7.998913e-12
1.070000e+00 1.070000e+00 1.000000e+00 -1.858620e-05 1.858950e-05 1.097300e-15 -3.306000e-09 5.998903e-12
1.080000e+00 1.080000e+00 1.000000e+00 -1.861570e-05 1.861910e-05 1.107300e-15 -3.304100e-09 9.590111e-11
1.090000e+00 1.090000e+00 1.000000e+00 -1.864490e-05 1.864820e-05 1.117300e-15 -3.302100e-09 2.098883e-12
1.100000e+00 1.100000e+00 1.000000e+00 -1.867360e-05 1.867690e-05 1.127300e-15 -3.300300e-09 2.988727e-13
1.110000e+00 1.110000e+00 1.000000e+00 -1.870200e-05 1.870530e-05 1.137300e-15 -3.298400e-09 1.601137e-12
1.120000e+00 1.120000e+00 1.000000e+00 -1.872990e-05 1.873320e-05 1.147300e-15 -3.296700e-09 3.301147e-12
1.130000e+00 1.130000e+00 1.000000e+00 -1.875760e-05 1.876090e-05 1.157300e-15 -3.294900e-09 5.101157e-12
1.140000e+00 1.140000e+00 1.000000e+00 -1.878480e-05 1.878810e-05 1.167300e-15 -3.293200e-09 6.801167e-12
1.150000e+00 1.150000e+00 1.000000e+00 -1.881180e-05 1.881500e-05 1.177300e-15 -3.291500e-09 9.149882e-11
1.160000e+00 1.160000e+00 1.000000e+00 -1.883830e-05 1.884160e-05 1.187300e-15 -3.289900e-09 1.010119e-11
1.170000e+00 1.170000e+00 1.000000e+00 -1.886460e-05 1.886790e-05 1.197300e-15 -3.288300e-09 1.170120e-11
1.180000e+00 1.180000e+00 1.000000e+00 -1.889060e-05 1.889380e-05 1.207300e-15 -3.286700e-09 8.669879e-11
1.190000e+00 1.190000e+00 1.000000e+00 -1.891620e-05 1.891950e-05 1.217300e-15 -3.285200e-09 1.480122e-11
1.200000e+00 1.200000e+00 1.000000e+00 -1.894150e-05 1.894480e-05 1.227300e-15 -3.283600e-09 1.640123e-11
0.000000e+00 0.000000e+00 1.200000e+00 1.232030e-08 1.232030e-08 4.276300e-09 -2.891690e-08 0.000000e+00
1.000000e-02 1.000000e-02 1.200000e+00 -5.743304e-07 5.984906e-07 3.132100e-09 -2.729220e-08 1.000000e-13
2.000000e-02 2.000000e-02 1.200000e+00 -1.158900e-06 1.182600e-06 2.294900e-09 -2.598130e-08 1.360000e-11
3.000000e-02 3.000000e-02 1.200000e+00 -1.741200e-06 1.764400e-06 1.682000e-09 -2.490150e-08 1.950000e-11
4.000000e-02 4.000000e-02 1.200000e+00 -2.321100e-06 2.343900e-06 1.233300e-09 -2.399270e-08 4.060000e-11
5.000000e-02 5.000000e-02 1.200000e+00 -2.898500e-06 2.920800e-06 9.047315e-10 -2.321060e-08 5.868500e-12
6.000000e-02 6.000000e-02 1.200000e+00 -3.473300e-06 3.495200e-06 6.639978e-10 -2.252320e-08 4.079780e-11
7.000000e-02 7.000000e-02 1.200000e+00 -4.045200e-06 4.066600e-06 4.875864e-10 -2.190680e-08 1.921360e-11
8.000000e-02 8.000000e-02 1.200000e+00 -4.614100e-06 4.635000e-06 3.582667e-10 -2.134430e-08 8.603330e-11
9.000000e-02 9.000000e-02 1.200000e+00 -5.179700e-06 5.200200e-06 2.634317e-10 -2.082310e-08 5.966830e-11
1.000000e-01 1.000000e-01 1.200000e+00 -5.741800e-06 5.762000e-06 1.938556e-10 -2.033390e-08 5.995560e-11
1.100000e-01 1.100000e-01 1.200000e+00 -6.300300e-06 6.320000e-06 1.427856e-10 -1.987020e-08 2.741440e-11
1.200000e-01 1.200000e-01 1.200000e+00 -6.854900e-06 6.874200e-06 1.052783e-10 -1.942690e-08 2.162170e-11
1.300000e-01 1.300000e-01 1.200000e+00 -7.405300e-06 7.424200e-06 7.771400e-11 -1.900070e-08 2.298600e-11
1.400000e-01 1.400000e-01 1.200000e+00 -7.951300e-06 7.969800e-06 5.744190e-11 -1.858880e-08 3.135810e-11
1.500000e-01 1.500000e-01 1.200000e+00 -8.492700e-06 8.510800e-06 4.252020e-11 -1.818950e-08 4.697980e-11
1.600000e-01 1.600000e-01 1.200000e+00 -9.029100e-06 9.046900e-06 3.152630e-11 -1.780130e-08 3.022630e-11
1.700000e-01 1.700000e-01 1.200000e+00 -9.560500e-06 9.577900e-06 2.341750e-11 -1.742350e-08 8.250000e-14
1.800000e-01 1.800000e-01 1.200000e+00 -1.008650e-05 1.010350e-05 1.742930e-11 -1.705520e-08 3.777070e-11
1.900000e-01 1.900000e-01 1.200000e+00 -1.060690e-05 1.062360e-05 1.300120e-11 -1.669600e-08 1.700120e-11
2.000000e-01 2.000000e-01 1.200000e+00 -1.112150e-05 1.113780e-05 9.721600e-12 -1.634570e-08 3.597840e-11
2.100000e-01 2.100000e-01 1.200000e+00 -1.163000e-05 1.164600e-05 7.288500e-12 -1.600400e-08 3.288500e-12
2.200000e-01 2.200000e-01 1.200000e+00 -1.213230e-05 1.214790e-05 5.480200e-12 -1.567090e-08 6.541980e-11
2.300000e-01 2.300000e-01 1.200000e+00 -1.262810e-05 1.264350e-05 4.133300e-12 -1.534610e-08 5.803330e-11
2.400000e-01 2.400000e-01 1.200000e+00 -1.311740e-05 1.313240e-05 3.127900e-12 -1.502980e-08 2.667210e-11
2.500000e-01 2.500000e-01 1.200000e+00 -1.359980e-05 1.361450e-05 2.375600e-12 -1.472190e-08 1.952440e-11
2.600000e-01 2.600000e-01 1.200000e+00 -1.407530e-05 1.408970e-05 1.811200e-12 -1.442240e-08 2.058880e-11
2.700000e-01 2.700000e-01 1.200000e+00 -1.454380e-05 1.455790e-05 1.386500e-12 -1.413130e-08 2.991350e-11
2.800000e-01 2.800000e-01 1.200000e+00 -1.500500e-05 1.501890e-05 1.066000e-12 -1.384870e-08 5.236600e-11
2.900000e-01 2.900000e-01 1.200000e+00 -1.545900e-05 1.547260e-05 8.233108e-13 -1.357450e-08 2.632331e-11
3.000000e-01 3.000000e-01 1.200000e+00 -1.590560e-05 1.591890e-05 6.389281e-13 -1.330880e-08 8.161072e-12
3.100000e-01 3.100000e-01 1.200000e+00 -1.634470e-05 1.635780e-05 4.983248e-13 -1.305160e-08 4.889832e-11
3.200000e-01 3.200000e-01 1.200000e+00 -1.677630e-05 1.678910e-05 3.906936e-13 -1.280280e-08 2.409306e-12
3.300000e-01 3.300000e-01 1.200000e+00 -1.720030e-05 1.721280e-05 3.079704e-13 -1.256240e-08 6.209203e-11
3.400000e-01 3.400000e-01 1.200000e+00 -1.761660e-05 1.762890e-05 2.441238e-13 -1.233040e-08 3.015588e-11
3.500000e-01 3.500000e-01 1.200000e+00 -1.802520e-05 1.803730e-05 1.946315e-13 -1.210660e-08 6.405369e-12
3.600000e-01 3.600000e-01 1.200000e+00 -1.842610e-05 1.843800e-05 1.560930e-13 -1.189110e-08 9.056093e-12
3.700000e-01 3.700000e-01 1.200000e+00 -1.881910e-05 1.883080e-05 1.259450e-13 -1.168360e-08 1.652595e-11
3.800000e-01 3.800000e-01 1.200000e+00 -1.920440e-05 1.921590e-05 1.022483e-13 -1.148420e-08 1.590225e-11
3.900000e-01 3.900000e-01 1.200000e+00 -1.958180e-05 1.959310e-05 8.353200e-14 -1.129260e-08 7.483532e-12
4.000000e-01 4.000000e-01 1.200000e+00 -1.995130e-05 1.996240e-05 6.867640e-14 -1.110870e-08 8.631324e-12
4.100000e-01 4.100000e-01 1.200000e+00 -2.031290e-05 2.032390e-05 5.682600e-14 -1.093240e-08 6.765683e-11
4.200000e-01 4.200000e-01 1.200000e+00 -2.066660e-05 2.067740e-05 4.732530e-14 -1.076340e-08 3.664733e-11
4.300000e-01 4.300000e-01 1.200000e+00 -2.101240e-05 2.102300e-05 3.966950e-14 -1.060170e-08 1.660331e-12
4.400000e-01 4.400000e-01 1.200000e+00 -2.135030e-05 2.136080e-05 3.346890e-14 -1.044700e-08 5.303347e-11
4.500000e-01 4.500000e-01 1.200000e+00 -2.168030e-05 2.169060e-05 2.842160e-14 -1.029900e-08 1.028422e-12
4.600000e-01 4.600000e-01 1.200000e+00 -2.200240e-05 2.201250e-05 2.429200e-14 -1.015770e-08 5.767571e-11
4.700000e-01 4.700000e-01 1.200000e+00 -2.231660e-05 2.232660e-05 2.089640e-14 -1.002280e-08 2.277910e-11
4.800000e-01 4.800000e-01 1.200000e+00 -2.262300e-05 2.263290e-05 1.809040e-14 -9.894100e-09 5.918090e-12
4.900000e-01 4.900000e-01 1.200000e+00 -2.292160e-05 2.293140e-05 1.576020e-14 -9.771300e-09 2.871576e-11
5.000000e-01 5.000000e-01 1.200000e+00 -2.321250e-05 2.322220e-05 1.381580e-14 -9.654300e-09 4.571382e-11
5.100000e-01 5.100000e-01 1.200000e+00 -2.349580e-05 2.350530e-05 1.218560e-14 -9.542800e-09 4.278781e-11
5.200000e-01 5.200000e-01 1.200000e+00 -2.377150e-05 2.378100e-05 1.081250e-14 -9.436500e-09 6.351081e-11
5.300000e-01 5.300000e-01 1.200000e+00 -2.403980e-05 2.404920e-05 9.650700e-15 -9.335400e-09 6.460965e-11
5.400000e-01 5.400000e-01 1.200000e+00 -2.430080e-05 2.431000e-05 8.663300e-15 -9.239100e-09 3.909134e-11
5.500000e-01 5.500000e-01 1.200000e+00 -2.455460e-05 2.456370e-05 7.820500e-15 -9.147500e-09 4.749218e-11
5.600000e-01 5.600000e-01 1.200000e+00 -2.480120e-05 2.481030e-05 7.098200e-15 -9.060200e-09 3.980710e-11
5.700000e-01 5.700000e-01 1.200000e+00 -2.504100e-05 2.504990e-05 6.476600e-15 -8.977300e-09 7.729352e-11
5.800000e-01 5.800000e-01 1.200000e+00 -2.527390e-05 2.528280e-05 5.939500e-15 -8.898300e-09 1.705940e-12
5.900000e-01 5.900000e-01 1.200000e+00 -2.550020e-05 2.550900e-05 5.473900e-15 -8.823200e-09 2.319453e-11
6.000000e-01 6.000000e-01 1.200000e+00 -2.572000e-05 2.572870e-05 5.068600e-15 -8.751800e-09 5.179493e-11
6.100000e-01 6.100000e-01 1.200000e+00 -2.593350e-05 2.594220e-05 4.714700e-15 -8.683800e-09 1.620471e-11
6.200000e-01 6.200000e-01 1.200000e+00 -2.614080e-05 2.614950e-05 4.404600e-15 -8.619200e-09 8.080440e-11
6.300000e-01 6.300000e-01 1.200000e+00 -2.634220e-05 2.635080e-05 4.131900e-15 -8.557600e-09 4.240413e-11
6.400000e-01 6.400000e-01 1.200000e+00 -2.653780e-05 2.654630e-05 3.891600e-15 -8.499100e-09 9.038916e-13
6.500000e-01 6.500000e-01 1.200000e+00 -2.672770e-05 2.673610e-05 3.679100e-15 -8.443300e-09 4.329632e-11
6.600000e-01 6.600000e-01 1.200000e+00 -2.691220e-05 2.692060e-05 3.490600e-15 -8.390300e-09 9.703491e-12
6.700000e-01 6.700000e-01 1.200000e+00 -2.709140e-05 2.709970e-05 3.323100e-15 -8.339700e-09 3.969668e-11
6.800000e-01 6.800000e-01 1.200000e+00 -2.726540e-05 2.727370e-05 3.173800e-15 -8.291600e-09 8.403174e-12
6.900000e-01 6.900000e-01 1.200000e+00 -2.743460e-05 2.744280e-05 3.040500e-15 -8.245700e-09 4.569696e-11
7.000000e-01 7.000000e-01 1.200000e+00 -2.759890e-05 2.760710e-05 2.921200e-15 -8.202000e-09 1.997079e-12
7.100000e-01 7.100000e-01 1.200000e+00 -2.775870e-05 2.776680e-05 2.814100e-15 -8.160300e-09 6.029719e-11
7.200000e-01 7.200000e-01 1.200000e+00 -2.791400e-05 2.792210e-05 2.717900e-15 -8.120500e-09 2.049728e-11
7.300000e-01 7.300000e-01 1.200000e+00 -2.806500e-05 2.807300e-05 2.631300e-15 -8.082600e-09 8.259737e-11
7.400000e-01 7.400000e-01 1.200000e+00 -2.821180e-05 2.821990e-05 2.553200e-15 -8.046300e-09 5.370255e-11
7.500000e-01 7.500000e-01 1.200000e+00 -2.835470e-05 2.836270e-05 2.482600e-15 -8.011700e-09 1.169752e-11
7.600000e-01 7.600000e-01 1.200000e+00 -2.849370e-05 2.850160e-05 2.418800e-15 -7.978700e-09 7.869758e-11
7.700000e-01 7.700000e-01 1.200000e+00 -2.862900e-05 2.863690e-05 2.361100e-15 -7.947100e-09 4.709764e-11
7.800000e-01 7.800000e-01 1.200000e+00 -2.876070e-05 2.876860e-05 2.308800e-15 -7.916900e-09 1.689769e-11
7.900000e-01 7.900000e-01 1.200000e+00 -2.888900e-05 2.889690e-05 2.261300e-15 -7.888000e-09 1.200226e-11
8.000000e-01 8.000000e-01 1.200000e+00 -2.901390e-05 2.902180e-05 2.218200e-15 -7.860300e-09 3.970222e-11
8.100000e-01 8.100000e-01 1.200000e+00 -2.913570e-05 2.914350e-05 2.179100e-15 -7.833800e-09 3.379782e-11
8.200000e-01 8.200000e-01 1.200000e+00 -2.925440e-05 2.926220e-05 2.143500e-15 -7.808400e-09 8.397856e-12
8.300000e-01 8.300000e-01 1.200000e+00 -2.937010e-05 2.937790e-05 2.111200e-15 -7.784100e-09 1.590211e-11
8.400000e-01 8.400000e-01 1.200000e+00 -2.948300e-05 2.949080e-05 2.081800e-15 -7.760800e-09 3.920208e-11
8.500000e-01 8.500000e-01 1.200000e+00 -2.959320e-05 2.960090e-05 2.055100e-15 -7.738400e-09 3.839794e-11
8.600000e-01 8.600000e-01 1.200000e+00 -2.970070e-05 2.970840e-05 2.030800e-15 -7.716900e-09 1.689797e-11
8.700000e-01 8.700000e-01 1.200000e+00 -2.980560e-05 2.981330e-05 2.008700e-15 -7.696200e-09 3.802009e-12
8.800000e-01 8.800000e-01 1.200000e+00 -2.990810e-05 2.991580e-05 1.988700e-15 -7.676400e-09 2.360199e-11
8.900000e-01 8.900000e-01 1.200000e+00 -3.000820e-05 3.001590e-05 1.970500e-15 -7.657300e-09 4.270197e-11
9.000000e-01 9.000000e-01 1.200000e+00 -3.010600e-05 3.011370e-05 1.954100e-15 -7.639000e-09 6.100195e-11
9.100000e-01 9.100000e-01 1.200000e+00 -3.020170e-05 3.020930e-05 1.939200e-15 -7.621300e-09 2.129806e-11
9.200000e-01 9.200000e-01 1.200000e+00 -3.029520e-05 3.030280e-05 1.925700e-15 -7.604300e-09 4.298074e-12
9.300000e-01 9.300000e-01 1.200000e+00 -3.038670e-05 3.039420e-05 1.913700e-15 -7.588000e-09 8.799809e-11
9.400000e-01 9.400000e-01 1.200000e+00 -3.047620e-05 3.048370e-05 1.902800e-15 -7.572200e-09 7.219810e-11
9.500000e-01 9.500000e-01 1.200000e+00 -3.056370e-05 3.057130e-05 1.893100e-15 -7.557000e-09 4.300189e-11
9.600000e-01 9.600000e-01 1.200000e+00 -3.064950e-05 3.065700e-05 1.884400e-15 -7.542300e-09 4.229812e-11
9.700000e-01 9.700000e-01 1.200000e+00 -3.073350e-05 3.074100e-05 1.876700e-15 -7.528100e-09 2.809812e-11
9.800000e-01 9.800000e-01 1.200000e+00 -3.081570e-05 3.082330e-05 1.869900e-15 -7.514400e-09 8.560187e-11
9.900000e-01 9.900000e-01 1.200000e+00 -3.089640e-05 3.090390e-05 1.864000e-15 -7.501200e-09 1.198136e-12
1.000000e+00 1.000000e+00 1.200000e+00 -3.097540e-05 3.098290e-05 1.858900e-15 -7.488400e-09 1.160186e-11
1.010000e+00 1.010000e+00 1.200000e+00 -3.105280e-05 3.106030e-05 1.854500e-15 -7.476000e-09 2.400185e-11
1.020000e+00 1.020000e+00 1.200000e+00 -3.112880e-05 3.113630e-05 1.850800e-15 -7.464100e-09 3.590185e-11
1.030000e+00 1.030000e+00 1.200000e+00 -3.120330e-05 3.121080e-05 1.847700e-15 -7.452500e-09 4.750185e-11
1.040000e+00 1.040000e+00 1.200000e+00 -3.127650e-05 3.128390e-05 1.845200e-15 -7.441300e-09 4.129815e-11
1.050000e+00 1.050000e+00 1.200000e+00 -3.134820e-05 3.135570e-05 1.843300e-15 -7.430400e-09 6.960184e-11
1.060000e+00 1.060000e+00 1.200000e+00 -3.141870e-05 3.142610e-05 1.841900e-15 -7.419900e-09 1.989816e-11
1.070000e+00 1.070000e+00 1.200000e+00 -3.148790e-05 3.149530e-05 1.841000e-15 -7.409700e-09 9.698159e-12
1.080000e+00 1.080000e+00 1.200000e+00 -3.155590e-05 3.156330e-05 1.840500e-15 -7.399800e-09 2.018405e-13
1.090000e+00 1.090000e+00 1.200000e+00 -3.162270e-05 3.163010e-05 1.840500e-15 -7.390200e-09 9.801841e-12
1.100000e+00 1.100000e+00 1.200000e+00 -3.168830e-05 3.169570e-05 1.840900e-15 -7.380900e-09 1.910184e-11
1.110000e+00 1.110000e+00 1.200000e+00 -3.175280e-05 3.176020e-05 1.841700e-15 -7.371800e-09 2.820184e-11
1.120000e+00 1.120000e+00 1.200000e+00 -3.181630e-05 3.182360e-05 1.842900e-15 -7.363000e-09 6.299816e-11
1.130000e+00 1.130000e+00 1.200000e+00 -3.187870e-05 3.188600e-05 1.844400e-15 -7.354400e-09 5.439816e-11
1.140000e+00 1.140000e+00 1.200000e+00 -3.194000e-05 3.194740e-05 1.846200e-15 -7.346100e-09 5.390185e-11
1.150000e+00 1.150000e+00 1.200000e+00 -3.200040e-05 3.200770e-05 1.848300e-15 -7.338000e-09 3.799815e-11
1.160000e+00 1.160000e+00 1.200000e+00 -3.205980e-05 3.206710e-05 1.850700e-15 -7.330100e-09 3.009815e-11
1.170000e+00 1.170000e+00 1.200000e+00 -3.211830e-05 3.212560e-05 1.853400e-15 -7.322400e-09 2.239815e-11
1.180000e+00 1.180000e+00 1.200000e+00 -3.217590e-05 3.218320e-05 1.856400e-15 -7.314900e-09 1.489814e-11
1.190000e+00 1.190000e+00 1.200000e+00 -3.223260e-05 3.223990e-05 1.859600e-15 -7.307600e-09 7.598140e-12
1.200000e+00 1.200000e+00 1.200000e+00 -3.228840e-05 3.229570e-05 1.863000e-15 -7.300500e-09 4.981370e-13